    0.10000000000000000000E+01   -0.33050300000000001147E-08    0.14060904646766883563E+00
    0.99961500000000003130E+00   -0.54681000000000000438E-04    0.14036650252237550807E+00
    0.99845899999999998542E+00   -0.21847100000000000265E-03    0.14010513689151748995E+00
    0.99653400000000003089E+00   -0.49064499999999994836E-03    0.13979061185766311626E+00
    0.99384399999999994968E+00   -0.87000200000000003659E-03    0.13935711712082152203E+00
    0.99039299999999996782E+00   -0.13548699999999999893E-02    0.13876045682244561585E+00
    0.98618499999999997829E+00   -0.19431500000000000421E-02    0.13804686302476867898E+00
    0.98122799999999998910E+00   -0.26323000000000001779E-02    0.13721282869678594341E+00
    0.97552799999999995073E+00   -0.34193900000000000163E-02    0.13627283718361105080E+00
    0.96909599999999995745E+00   -0.43011300000000002308E-02    0.13522637670253234710E+00
    0.96194000000000001727E+00   -0.52738799999999998874E-02    0.13406686263307679430E+00
    0.95407200000000003115E+00   -0.63337000000000002672E-02    0.13281006750325285992E+00
    0.94550299999999998235E+00   -0.74763900000000002924E-02    0.13146895884956646960E+00
    0.93624799999999996913E+00   -0.86975200000000002509E-02    0.13004657339925981829E+00
    0.92632000000000003226E+00   -0.99924400000000000027E-02    0.12854392066912434522E+00
    0.91573499999999996568E+00   -0.11356399999999999134E-01    0.12696073505246974200E+00
    0.90450799999999997869E+00   -0.12784300000000000178E-01    0.12531194563675995823E+00
    0.89265799999999995151E+00   -0.14271199999999999511E-01    0.12361563743041628638E+00
    0.88020299999999995766E+00   -0.15811999999999999666E-01    0.12184871307927289119E+00
    0.86716099999999995962E+00   -0.17401300000000001489E-01    0.12002653447902668360E+00
    0.85355300000000000615E+00   -0.19033999999999998837E-01    0.11816065709095549541E+00
    0.83940000000000003499E+00   -0.20704699999999999493E-01    0.11624154724163376917E+00
    0.82472400000000001263E+00   -0.22408000000000000834E-01    0.11427346203834422289E+00
    0.80954700000000001658E+00   -0.24138599999999999640E-01    0.11225983361103865354E+00
    0.79389299999999995983E+00   -0.25891100000000000225E-01    0.11019007491550641964E+00
    0.77778499999999994863E+00   -0.27659900000000001152E-01    0.10806336838556147850E+00
    0.76124899999999995348E+00   -0.29439500000000000390E-01    0.10588992387536884376E+00
    0.74431099999999994488E+00   -0.31224499999999998784E-01    0.10364558072098142838E+00
    0.72699499999999994682E+00   -0.33008999999999996677E-01    0.10132820498595720982E+00
    0.70933000000000001606E+00   -0.34787400000000003042E-01    0.98939966023101122428E-01
    0.69134200000000001207E+00   -0.36553900000000000281E-01    0.96460216947605523230E-01
    0.67305899999999996286E+00   -0.38302500000000003211E-01    0.93876899000591859656E-01
    0.65450799999999997869E+00   -0.40027100000000002955E-01    0.91184990130072696157E-01
    0.63571999999999995179E+00   -0.41721500000000001640E-01    0.88375882444640702085E-01
    0.61672300000000002118E+00   -0.43379500000000001392E-01    0.85423349083838723272E-01
    0.59754499999999999282E+00   -0.44994499999999999773E-01    0.82314625566324878259E-01
    0.57821699999999998099E+00   -0.46559900000000001286E-01    0.79040671928341132979E-01
    0.55876899999999996016E+00   -0.48069000000000000616E-01    0.75582802870995696720E-01
    0.53922999999999998710E+00   -0.49515099999999999392E-01    0.71917840008360670034E-01
    0.51963000000000003631E+00   -0.50891100000000001613E-01    0.68032172703329146790E-01
    0.50000000000000000000E+00   -0.52190199999999999092E-01    0.63908821344540345244E-01
    0.48037000000000001920E+00   -0.53405300000000002769E-01    0.59522114919589766413E-01
    0.46077000000000001290E+00   -0.54529399999999998705E-01    0.54859900109810844082E-01
    0.44123099999999998433E+00   -0.55555699999999999528E-01    0.49900563991338103831E-01
    0.42178300000000001901E+00   -0.56477300000000001112E-01    0.44619741662341734501E-01
    0.40245500000000000718E+00   -0.57287600000000001021E-01    0.39003177352493992314E-01
    0.38327699999999997882E+00   -0.57980299999999998506E-01    0.33024543759195383597E-01
    0.36427999999999999270E+00   -0.58548999999999996879E-01    0.26664416247496078999E-01
    0.34549099999999999255E+00   -0.58988199999999997580E-01    0.19902856692548175077E-01
    0.32694099999999998163E+00   -0.59292299999999999172E-01    0.12713114717193453249E-01
    0.30865799999999998793E+00   -0.59456500000000002404E-01    0.50728579985953202100E-02
    0.29066999999999998394E+00   -0.59476300000000002777E-01   -0.30432080773940667871E-02
    0.27300499999999999767E+00   -0.59347999999999997978E-01   -0.11662681208578013631E-01
    0.25568899999999999961E+00   -0.59068299999999997196E-01   -0.20819331909708697209E-01
    0.23875099999999999101E+00   -0.58634699999999997932E-01   -0.30543787572922469209E-01
    0.22221499999999999586E+00   -0.58045399999999996998E-01   -0.40876846556114065923E-01
    0.20610700000000001242E+00   -0.57299200000000001520E-01   -0.51866371588129595027E-01
    0.19045300000000001117E+00   -0.56395800000000002872E-01   -0.63566812028966884762E-01
    0.17527599999999998737E+00   -0.55335399999999999865E-01   -0.76036232820260701848E-01
    0.16059999999999999276E+00   -0.54119300000000002127E-01   -0.89346049678221461932E-01
    0.14644699999999999385E+00   -0.52749299999999998967E-01   -0.10359294066850163740E+00
    0.13283900000000001262E+00   -0.51227899999999999825E-01   -0.11889179065823295145E+00
    0.11979700000000000071E+00   -0.49558199999999996699E-01   -0.13537400638470598047E+00
    0.10734200000000000685E+00   -0.47744200000000000528E-01   -0.15320063262743277566E+00
    0.95491500000000006931E-01   -0.45790100000000000247E-01   -0.17258160514598719359E+00
    0.84265199999999998437E-01   -0.43700900000000000856E-01   -0.19377498132558371169E+00
    0.73679900000000006499E-01   -0.41481900000000002104E-01   -0.21710327690304251358E+00
    0.63752000000000003110E-01   -0.39138600000000002554E-01   -0.24296869112632485388E+00
    0.54496700000000002084E-01   -0.36677000000000001267E-01   -0.27187678892410499509E+00
    0.45928400000000001169E-01   -0.34103099999999997305E-01   -0.30447712317726122189E+00
    0.38060200000000002363E-01   -0.31422999999999999543E-01   -0.34157127800295350450E+00
    0.30904299999999999132E-01   -0.28642899999999998917E-01   -0.38418259129095816418E+00
    0.24471699999999999009E-01   -0.25768599999999999145E-01   -0.43354514667512245030E+00
    0.18772400000000001585E-01   -0.22806099999999999289E-01   -0.49109968401260284399E+00
    0.13814999999999999156E-01   -0.19760699999999999099E-01   -0.55836492774177581833E+00
    0.96073500000000006116E-02   -0.16637499999999999512E-01   -0.63641749991800211639E+00
    0.61558200000000002153E-02   -0.13441299999999999776E-01   -0.72481203655252612883E+00
    0.34657699999999999618E-02   -0.10176199999999999829E-01   -0.81937412642494089621E+00
    0.15413300000000000438E-02   -0.68456899999999997614E-02   -0.90912859824928027308E+00
    0.38548000000000000233E-03   -0.34528499999999999297E-02   -0.97557776068967227978E+00
    0.18873799999999999150E-14    0.77047799999999995263E-08   -0.99999999999983224530E+00
    0.38548400000000001111E-03    0.34528699999999998109E-02   -0.97557741810952258721E+00
    0.15413399999999999844E-02    0.68456999999999997020E-02   -0.90912782185563356663E+00
    0.34657799999999999024E-02    0.10176199999999999829E-01   -0.81937313464413219499E+00
    0.61558400000000000965E-02    0.13441299999999999776E-01   -0.72481147638704601643E+00
    0.96073700000000004928E-02    0.16637499999999999512E-01   -0.63641354493036150775E+00
    0.13815100000000000297E-01    0.19760699999999999099E-01   -0.55836576632566370382E+00
    0.18772400000000001585E-01    0.22806099999999999289E-01   -0.49109968401260289950E+00
    0.24471799999999998415E-01    0.25768599999999999145E-01   -0.43354514667512245030E+00
    0.30904299999999999132E-01    0.28642899999999998917E-01   -0.38418259129095821969E+00
    0.38060299999999998299E-01    0.31422999999999999543E-01   -0.34157127800295350450E+00
    0.45928400000000001169E-01    0.34103099999999997305E-01   -0.30447712317726122189E+00
    0.54496799999999998021E-01    0.36677000000000001267E-01   -0.27187678892410499509E+00
    0.63752000000000003110E-01    0.39138600000000002554E-01   -0.24296988293173765738E+00
    0.73679900000000006499E-01    0.41481900000000002104E-01   -0.21710327690304251358E+00
    0.84265199999999998437E-01    0.43700900000000000856E-01   -0.19377498132558371169E+00
    0.95491500000000006931E-01    0.45790100000000000247E-01   -0.17258160514598719359E+00
    0.10734200000000000685E+00    0.47744200000000000528E-01   -0.15320063262743277566E+00
    0.11979700000000000071E+00    0.49558199999999996699E-01   -0.13537400638470598047E+00
    0.13283900000000001262E+00    0.51227899999999999825E-01   -0.11889179065823295145E+00
    0.14644699999999999385E+00    0.52749299999999998967E-01   -0.10359294066850163740E+00
    0.16059999999999999276E+00    0.54119300000000002127E-01   -0.89346049678221461932E-01
    0.17527599999999998737E+00    0.55335399999999999865E-01   -0.76036232820260701848E-01
    0.19045300000000001117E+00    0.56395800000000002872E-01   -0.63566812028966884762E-01
    0.20610700000000001242E+00    0.57299200000000001520E-01   -0.51866371588129595027E-01
    0.22221499999999999586E+00    0.58045399999999996998E-01   -0.40876846556114065923E-01
    0.23875099999999999101E+00    0.58634699999999997932E-01   -0.30543787572922469209E-01
    0.25568899999999999961E+00    0.59068299999999997196E-01   -0.20819331909708697209E-01
    0.27300499999999999767E+00    0.59347999999999997978E-01   -0.11662681208578013631E-01
    0.29066999999999998394E+00    0.59476300000000002777E-01   -0.30432080773940667871E-02
    0.30865799999999998793E+00    0.59456500000000002404E-01    0.50727181461620446390E-02
    0.32694200000000001038E+00    0.59292299999999999172E-01    0.12712769626786064522E-01
    0.34549200000000002131E+00    0.58988199999999997580E-01    0.19903389526989848091E-01
    0.36427999999999999270E+00    0.58548999999999996879E-01    0.26665121433610508572E-01
    0.38327699999999997882E+00    0.57980299999999998506E-01    0.33024543759195383597E-01
    0.40245500000000000718E+00    0.57287600000000001021E-01    0.39003177352493992314E-01
    0.42178300000000001901E+00    0.56477300000000001112E-01    0.44619741662341734501E-01
    0.44123099999999998433E+00    0.55555699999999999528E-01    0.49899287282785559361E-01
    0.46077099999999998614E+00    0.54529399999999998705E-01    0.54859900109810844082E-01
    0.48037000000000001920E+00    0.53405300000000002769E-01    0.59523626842581521534E-01
    0.50000000000000000000E+00    0.52190199999999999092E-01    0.63908821344540345244E-01
    0.51963000000000003631E+00    0.50891100000000001613E-01    0.68032172703329146790E-01
    0.53922999999999998710E+00    0.49515099999999999392E-01    0.71917840008360670034E-01
    0.55876899999999996016E+00    0.48069000000000000616E-01    0.75582802870995696720E-01
    0.57821699999999998099E+00    0.46559900000000001286E-01    0.79043226712764508290E-01
    0.59754499999999999282E+00    0.44994399999999996898E-01    0.82314625566324878259E-01
    0.61672300000000002118E+00    0.43379500000000001392E-01    0.85420758187701381625E-01
    0.63571999999999995179E+00    0.41721500000000001640E-01    0.88373561858503521527E-01
    0.65450900000000000745E+00    0.40027100000000002955E-01    0.91184990130072696157E-01
    0.67305899999999996286E+00    0.38302500000000003211E-01    0.93879425255322584976E-01
    0.69134200000000001207E+00    0.36553900000000000281E-01    0.96460216947605523230E-01
    0.70933000000000001606E+00    0.34787400000000003042E-01    0.98939966023101122428E-01
    0.72699499999999994682E+00    0.33008999999999996677E-01    0.10132820498595720982E+00
    0.74431099999999994488E+00    0.31224499999999998784E-01    0.10364558072098142838E+00
    0.76124899999999995348E+00    0.29439500000000000390E-01    0.10588992387536884376E+00
    0.77778499999999994863E+00    0.27659900000000001152E-01    0.10806336838556147850E+00
    0.79389299999999995983E+00    0.25891100000000000225E-01    0.11019007491550641964E+00
    0.80954700000000001658E+00    0.24138599999999999640E-01    0.11225983361103865354E+00
    0.82472400000000001263E+00    0.22408000000000000834E-01    0.11427346203834422289E+00
    0.83940000000000003499E+00    0.20704699999999999493E-01    0.11624154724163376917E+00
    0.85355300000000000615E+00    0.19033999999999998837E-01    0.11816065709095549541E+00
    0.86716099999999995962E+00    0.17401300000000001489E-01    0.12002653447902668360E+00
    0.88020299999999995766E+00    0.15811999999999999666E-01    0.12184400527015776250E+00
    0.89265899999999998027E+00    0.14271199999999999511E-01    0.12361062933351839310E+00
    0.90450900000000000745E+00    0.12784300000000000178E-01    0.12532152258104284348E+00
    0.91573499999999996568E+00    0.11356299999999999728E-01    0.12696646216782009331E+00
    0.92632000000000003226E+00    0.99924400000000000027E-02    0.12853916603416695730E+00
    0.93624799999999996913E+00    0.86975200000000002509E-02    0.13004657339925981829E+00
    0.94550299999999998235E+00    0.74763900000000002924E-02    0.13146950540820348530E+00
    0.95407200000000003115E+00    0.63336900000000003266E-02    0.13281065986142420732E+00
    0.96194000000000001727E+00    0.52738699999999999468E-02    0.13406686263307679430E+00
    0.96909599999999995745E+00    0.43011200000000002902E-02    0.13522566085276543912E+00
    0.97552799999999995073E+00    0.34193900000000000163E-02    0.13627203577044180727E+00
    0.98122799999999998910E+00    0.26323000000000001779E-02    0.13721282869678594341E+00
    0.98618499999999997829E+00    0.19431500000000000421E-02    0.13804686302476867898E+00
    0.99039299999999996782E+00    0.13548699999999999893E-02    0.13876071044765153628E+00
    0.99384399999999994968E+00    0.87000000000000000510E-03    0.13935727524022409329E+00
    0.99653400000000003089E+00    0.49064400000000004103E-03    0.13979040149328805787E+00
    0.99845899999999998542E+00    0.21846999999999998691E-03    0.14010497936136037667E+00
    0.99961500000000003130E+00    0.54680499999999999342E-04    0.14037003599076877669E+00
