                     1  0.000000000000000E+000
                     2  0.000000000000000E+000
                     3 -2.765201705868126E-003
                     4 -5.648731451686160E-003
                     5 -8.761582739556144E-003
                     6 -1.208542986701884E-002
                     7 -1.558241766954911E-002
                     8 -1.922472296368498E-002
                     9 -2.297555414678670E-002
                    10 -2.680706588055111E-002
                    11 -3.071827665680299E-002
                    12 -3.468665031879653E-002
                    13 -3.869256758906549E-002
                    14 -4.272162056215444E-002
                    15 -4.676650059288794E-002
                    16 -5.082026853763578E-002
                    17 -5.487568414371437E-002
                    18 -5.892510912790277E-002
                    19 -6.296670492623826E-002
                    20 -6.700015860347425E-002
                    21 -7.102728013857749E-002
                    22 -7.505226328056377E-002
                    23 -7.907930209964729E-002
                    24 -8.316712694430500E-002
                    25 -8.736636001437996E-002
                    26 -9.156305410208894E-002
                    27 -9.579380896461986E-002
                    28 -0.100013074138138     
                    29 -0.104190275130591     
                    30 -0.108323508888440     
                    31 -0.112411550133438     
                    32 -0.116455576868062     
                    33 -0.120455371578873     
                    34 -0.124411810743846     
                    35 -0.128325475044013     
                    36 -0.132196720789883     
                    37 -0.136025217672999     
                    38 -0.139811039040034     
                    39 -0.143556382457960     
                    40 -0.147261894326570     
                    41 -0.150927807168627     
                    42 -0.154552065347236     
                    43 -0.158134590409168     
                    44 -0.161663919467532     
                    45 -0.165142248294090     
                    46 -0.168579723590642     
                    47 -0.171990770144174     
                    48 -0.175355607480369     
                    49 -0.178675266006287     
                    50 -0.181949992946429     
                    51 -0.185179907541151     
                    52 -0.188365097971655     
                    53 -0.191505634114724     
                    54 -0.194601506396054     
                    55 -0.197652490795338     
                    56 -0.200658551437579     
                    57 -0.203619534982166     
                    58 -0.206535269702426     
                    59 -0.209405696417882     
                    60 -0.212230749184437     
                    61 -0.215009653051957     
                    62 -0.217741760737916     
                    63 -0.220428660529225     
                    64 -0.223069285671369     
                    65 -0.225663414907362     
                    66 -0.228210957147245     
                    67 -0.230711557398553     
                    68 -0.233165246507883     
                    69 -0.235572108892748     
                    70 -0.237931903254933     
                    71 -0.240244679585825     
                    72 -0.242510438065137     
                    73 -0.244729210379616     
                    74 -0.246900926203116     
                    75 -0.249025420371885     
                    76 -0.251102798628813     
                    77 -0.253132138391952     
                    78 -0.255114079012592     
                    79 -0.257050541572563     
                    80 -0.258940852762903     
                    81 -0.260784839785184     
                    82 -0.262582290521992     
                    83 -0.264333801123277     
                    84 -0.266039251021178     
                    85 -0.267698999235208     
                    86 -0.269313352686902     
                    87 -0.270882319070650     
                    88 -0.272406344370015     
                    89 -0.273886336476898     
                    90 -0.275322490435939     
                    91 -0.276713759823292     
                    92 -0.278060088905517     
                    93 -0.279363903015880     
                    94 -0.280629846760125     
                    95 -0.281861293406307     
                    96 -0.283045891288466     
                    97 -0.284192844507788     
                    98 -0.285312339428363     
                    99 -0.286398113769877     
                   100 -0.287450769947797     
                   101 -0.288468014122961     
                   102 -0.289447517790633     
                   103 -0.290391585303952     
                   104 -0.291298581755575     
                   105 -0.292168052430695     
                   106 -0.293001331258871     
                   107 -0.293794372089730     
                   108 -0.294549274780701     
                   109 -0.295266418715903     
                   110 -0.295947590186334     
                   111 -0.296593550784473     
                   112 -0.297202027085483     
                   113 -0.297774973017143     
                   114 -0.298314334769015     
                   115 -0.298817142608582     
                   116 -0.299282232992579     
                   117 -0.299708995556110     
                   118 -0.300099750353626     
                   119 -0.300465850800425     
                   120 -0.300816272701205     
                   121 -0.301150740382013     
                   122 -0.301468749464097     
                   123 -0.301764057078418     
                   124 -0.302017894663325     
                   125 -0.302226179693895     
                   126 -0.302403725910323     
                   127 -0.302567603180968     
                   128 -0.302719319584976     
                   129 -0.302844852523175     
                   130 -0.302943504551896     
                   131 -0.303015137434401     
                   132 -0.303061935725668     
                   133 -0.303085732283247     
                   134 -0.303087034400202     
                   135 -0.303066566429724     
                   136 -0.303024757635866     
                   137 -0.302961865691798     
                   138 -0.302878779322252     
                   139 -0.302775992120628     
                   140 -0.302654260456119     
                   141 -0.302513853849247     
                   142 -0.302355415359595     
                   143 -0.302180312373434     
                   144 -0.301988270186707     
                   145 -0.301780045444487     
                   146 -0.301555922049448     
                   147 -0.301316092180152     
                   148 -0.301061745121669     
                   149 -0.300793776082550     
                   150 -0.300512717039389     
                   151 -0.300219162248456     
                   152 -0.299913676123316     
                   153 -0.299596712639867     
                   154 -0.299268936522365     
                   155 -0.298931036022039     
                   156 -0.298583525726812     
                   157 -0.298227223214338     
                   158 -0.297862913960144     
                   159 -0.297490990414092     
                   160 -0.297112014505402     
                   161 -0.296726370307913     
                   162 -0.296333617503240     
                   163 -0.295934105283949     
                   164 -0.295528572448494     
                   165 -0.295117987527981     
                   166 -0.294702220608752     
                   167 -0.294281389249119     
                   168 -0.293856039663194     
                   169 -0.293425952655110     
                   170 -0.292992909898723     
                   171 -0.292556737474268     
                   172 -0.292119457690579     
                   173 -0.291673312030273     
                   174 -0.291224081655506     
                   175 -0.290782092956082     
                   176 -0.290349232317085     
                   177 -0.289916941405501     
                   178 -0.289482447807876     
                   179 -0.289044670290643     
                   180 -0.288604509464046     
                   181 -0.288163163332349     
                   182 -0.287714857646498     
                   183 -0.287245752512733     
                   184 -0.286779226449648     
                   185 -0.286341972919303     
                   186 -0.285940559272009     
                   187 -0.285541491632429     
                   188 -0.285125170311785     
                   189 -0.284688980520498     
                   190 -0.284241944917098     
                   191 -0.283796839441334     
                   192 -0.283354067112199     
                   193 -0.282913045289873     
                   194 -0.282473416354807     
                   195 -0.282035072918069     
                   196 -0.281598194708919     
                   197 -0.281163211794576     
                   198 -0.280730429330371     
                   199 -0.280299832751582     
                   200 -0.279871604162180     
                   201 -0.279445762780914     
                   202 -0.279022542787362     
                   203 -0.278602194041707     
                   204 -0.278184907453238     
                   205 -0.277770517296468     
                   206 -0.277358974685638     
                   207 -0.276950334027525     
                   208 -0.276544743289409     
                   209 -0.276142425304749     
                   210 -0.275743577989043     
                   211 -0.275347995503234     
                   212 -0.274955673665594     
                   213 -0.274566473778032     
                   214 -0.274180422523598     
                   215 -0.273797576477997     
                   216 -0.273417864402263     
                   217 -0.273041599282380     
                   218 -0.272669166773961     
                   219 -0.272300581730493     
                   220 -0.271935974663324     
                   221 -0.271574941638704     
                   222 -0.271217772666218     
                   223 -0.270864472155921     
                   224 -0.270514881678656     
                   225 -0.270169343867940     
                   226 -0.269827421964115     
                   227 -0.269488724904697     
                   228 -0.269154341181602     
                   229 -0.268823739735116     
                   230 -0.268496624570067     
                   231 -0.268174964196681     
                   232 -0.267858696873701     
                   233 -0.267546299754089     
                   234 -0.267239026846758     
                   235 -0.266938646145012     
                   236 -0.266642537024680     
                   237 -0.266346822825519     
                   238 -0.266061851750308     
                   239 -0.265791787599388     
                   240 -0.265530697769392     
                   241 -0.265275120418816     
                   242 -0.265022731666677     
                   243 -0.264776203312723     
                   244 -0.264533113431726     
                   245 -0.264294589995571     
                   246 -0.264054513653302     
                   247 -0.263798460939480     
                   248 -0.263543208146174     
                   249 -0.263311875256294     
                   250 -0.263107136544648     
                   251 -0.262917137542199     
                   252 -0.262725772286142     
                   253 -0.262518729041812     
                   254 -0.262293511129375     
                   255 -0.262056522139563     
                   256 -0.261817982937820     
                   257 -0.261579191432500     
                   258 -0.261339737720894     
                   259 -0.261099796051614     
                   260 -0.260859363613270     
                   261 -0.260618689707633     
                   262 -0.260377984135271     
                   263 -0.260137075790695     
                   264 -0.259895896308356     
                   265 -0.259654520747611     
                   266 -0.259413007445416     
                   267 -0.259171280886080     
                   268 -0.258929312368382     
                   269 -0.258687269590593     
                   270 -0.258445044986101     
                   271 -0.258202793199272     
                   272 -0.257960574750421     
                   273 -0.257718417312799     
                   274 -0.257476447339701     
                   275 -0.257234991645174     
                   276 -0.256993795060314     
                   277 -0.256752931031130     
                   278 -0.256512261812538     
                   279 -0.256272117057154     
                   280 -0.256032200950321     
                   281 -0.255793091486436     
                   282 -0.255554729010234     
                   283 -0.255316596690435     
                   284 -0.255078272489192     
                   285 -0.254840621055897     
                   286 -0.254604667974175     
                   287 -0.254369391204738     
                   288 -0.254135021230219     
                   289 -0.253903551519621     
                   290 -0.253673676517036     
                   291 -0.253444620627315     
                   292 -0.253217218873208     
                   293 -0.252992577983108     
                   294 -0.252769698065358     
                   295 -0.252548999527167     
                   296 -0.252328474295455     
                   297 -0.252106229641396     
                   298 -0.251888005629386     
                   299 -0.251680510140980     
                   300 -0.251479906770882     
                   301 -0.251278781160733     
                   302 -0.251075895900757     
                   303 -0.250874593592511     
                   304 -0.250674812225181     
                   305 -0.250472928516368     
                   306 -0.250270890395618     
                   307 -0.250070185379003     
                   308 -0.249865948027726     
                   309 -0.249654987472274     
                   310 -0.249433200104757     
                   311 -0.249218023100495     
                   312 -0.249038812004717     
                   313 -0.248879126651014     
                   314 -0.248718012628441     
                   315 -0.248543624711616     
                   316 -0.248350234127731     
                   317 -0.248146167774400     
                   318 -0.247940633135994     
                   319 -0.247734982069168     
                   320 -0.247529488300402     
                   321 -0.247327175948059     
                   322 -0.247134675213878     
                   323 -0.246947505764059     
                   324 -0.246763443117706     
                   325 -0.246581658925572     
                   326 -0.246401542209761     
                   327 -0.246222974827365     
                   328 -0.246045299156473     
                   329 -0.245868780459497     
                   330 -0.245692919935958     
                   331 -0.245517622349915     
                   332 -0.245342904450018     
                   333 -0.245168574335897     
                   334 -0.244994621450168     
                   335 -0.244820137645236     
                   336 -0.244644868109428     
                   337 -0.244469180829655     
                   338 -0.244293215059450     
                   339 -0.244115504395179     
                   340 -0.243935958422232     
                   341 -0.243754522109820     
                   342 -0.243571721821316     
                   343 -0.243388187165765     
                   344 -0.243203148367825     
                   345 -0.243016469580347     
                   346 -0.242827881934567     
                   347 -0.242636987334777     
                   348 -0.242444130916483     
                   349 -0.242248706065719     
                   350 -0.242051292791183     
                   351 -0.241854160038719     
                   352 -0.241654387304221     
                   353 -0.241452107194814     
                   354 -0.241248991091950     
                   355 -0.241043684906950     
                   356 -0.240839231404691     
                   357 -0.240635030770493     
                   358 -0.240433226227011     
                   359 -0.240241477514481     
                   360 -0.240057736808063     
                   361 -0.239878414730544     
                   362 -0.239701434736885     
                   363 -0.239534213333434     
                   364 -0.239382781943306     
                   365 -0.239242413343594     
                   366 -0.239110293472938     
                   367 -0.238985855081265     
                   368 -0.238859497352309     
                   369 -0.238734367622576     
                   370 -0.238606791651623     
                   371 -0.238483499645164     
                   372 -0.238372805711717     
                   373 -0.238284483921819     
                   374 -0.238207383504157     
                   375 -0.238123965323584     
                   376 -0.238026244850386     
                   377 -0.237916212155511     
                   378 -0.237802356016504     
                   379 -0.237689085356439     
                   380 -0.237576553280061     
                   381 -0.237464113576352     
                   382 -0.237351083362621     
                   383 -0.237237025125970     
                   384 -0.237122027933913     
                   385 -0.237005938443189     
                   386 -0.236889104408095     
                   387 -0.236772275805803     
                   388 -0.236650127025034     
                   389 -0.236522512717494     
                   390 -0.236390035968946     
                   391 -0.236250002126454     
                   392 -0.236103068358312     
                   393 -0.235949536464044     
                   394 -0.235789457165889     
                   395 -0.235623799356888     
                   396 -0.235453105373623     
                   397 -0.235277875410959     
                   398 -0.235099434552641     
                   399 -0.234918021810281     
                   400 -0.234733581982054     
                   401 -0.234546918723298     
                   402 -0.234358514551134     
                   403 -0.234167897594322     
                   404 -0.233975970111246     
                   405 -0.233783013522731     
                   406 -0.233589884665967     
                   407 -0.233398092509971     
                   408 -0.233208040602311     
                   409 -0.233023434357970     
                   410 -0.232850282978610     
                   411 -0.232685342785741     
                   412 -0.232525727355238     
                   413 -0.232371470722492     
                   414 -0.232223595547231     
                   415 -0.232094644598975     
                   416 -0.231986146341165     
                   417 -0.231894345276367     
                   418 -0.231819601282635     
                   419 -0.231757672207007     
                   420 -0.231697922819522     
                   421 -0.231639419859836     
                   422 -0.231580957741411     
                   423 -0.231521612780574     
                   424 -0.231461071967877     
                   425 -0.231405084113912     
                   426 -0.231348134270521     
                   427 -0.231286602589533     
                   428 -0.231232080091547     
                   429 -0.231189824116860     
                   430 -0.231148240421146     
                   431 -0.231102343613735     
                   432 -0.231072109752315     
                   433 -0.231055358767796     
                   434 -0.231033866455569     
                   435 -0.230999369160146     
                   436 -0.230947638439522     
                   437 -0.230890715563069     
                   438 -0.230826784420398     
                   439 -0.230755107511521     
                   440 -0.230677578159659     
                   441 -0.230589960440204     
                   442 -0.230493814745038     
                   443 -0.230389919888872     
                   444 -0.230278441729409     
                   445 -0.230159906118352     
                   446 -0.230034940912005     
                   447 -0.229904471433031     
                   448 -0.229768690129457     
                   449 -0.229626135197776     
                   450 -0.229479911049471     
                   451 -0.229330370673305     
                   452 -0.229179030266192     
                   453 -0.229028083018106     
                   454 -0.228877836965369     
                   455 -0.228727793975804     
                   456 -0.228577548772487     
                   457 -0.228427568483527     
                   458 -0.228277546063426     
                   459 -0.228127132674113     
                   460 -0.227976922740021     
                   461 -0.227827341937375     
                   462 -0.227680821560432     
                   463 -0.227546555803849     
                   464 -0.227424154525281     
                   465 -0.227308650651645     
                   466 -0.227197808493215     
                   467 -0.227091216443290     
                   468 -0.226989848154764     
                   469 -0.226900647405954     
                   470 -0.226829902371164     
                   471 -0.226773933695693     
                   472 -0.226730284620660     
                   473 -0.226698706134079     
                   474 -0.226672690182137     
                   475 -0.226646420522491     
                   476 -0.226619934390017     
                   477 -0.226601474909459     
                   478 -0.226591871079781     
                   479 -0.226585475807152     
                   480 -0.226580354458566     
                   481 -0.226575726048396     
                   482 -0.226572260574363     
                   483 -0.226571716591908     
                   484 -0.226564354337827     
                   485 -0.226556447420749     
                   486 -0.226556055520245     
                   487 -0.226567670066274     
                   488 -0.226568311668131     
                   489 -0.226556413811745     
                   490 -0.226546256293211     
                   491 -0.226555732931121     
                   492 -0.226566386513858     
                   493 -0.226564909884497     
                   494 -0.226538600942733     
                   495 -0.226490054254526     
                   496 -0.226430290134952     
                   497 -0.226360953142293     
                   498 -0.226282541958666     
                   499 -0.226194769175122     
                   500 -0.226095434078548     
