                     1  0.000000000000000E+000
                     2  0.000000000000000E+000
                     3 -2.764252800779952E-003
                     4 -5.647033037007489E-003
                     5 -8.759309531486665E-003
                     6 -1.208262047639869E-002
                     7 -1.557923143369985E-002
                     8 -1.922113729881189E-002
                     9 -2.297160655360814E-002
                    10 -2.680268989558493E-002
                    11 -3.071350020766830E-002
                    12 -3.468148865023094E-002
                    13 -3.868703243290773E-002
                    14 -4.271569210137868E-002
                    15 -4.676032045907696E-002
                    16 -5.081385871859206E-002
                    17 -5.486881069585359E-002
                    18 -5.891758716938517E-002
                    19 -6.295856478806562E-002
                    20 -6.699194945132284E-002
                    21 -7.101881033765796E-002
                    22 -7.504343968096236E-002
                    23 -7.907012653636049E-002
                    24 -8.315760320647909E-002
                    25 -8.735654312835220E-002
                    26 -9.155296029521909E-002
                    27 -9.578335186533489E-002
                    28 -0.100002286305329     
                    29 -0.104179092744949     
                    30 -0.108311961503962     
                    31 -0.112399698293504     
                    32 -0.116443463780171     
                    33 -0.120443033020285     
                    34 -0.124399273966538     
                    35 -0.128312720239876     
                    36 -0.132183724460408     
                    37 -0.136012025606215     
                    38 -0.139797677431275     
                    39 -0.143542870426915     
                    40 -0.147248237175660     
                    41 -0.150913988637364     
                    42 -0.154538101314014     
                    43 -0.158120495499663     
                    44 -0.161649711066740     
                    45 -0.165127942390690     
                    46 -0.168565335508673     
                    47 -0.171976315324873     
                    48 -0.175341100484220     
                    49 -0.178660719166600     
                    50 -0.181935424249079     
                    51 -0.185165335275322     
                    52 -0.188350507100193     
                    53 -0.191490996390598     
                    54 -0.194586809413433     
                    55 -0.197637727440662     
                    56 -0.200643704096644     
                    57 -0.203604632166826     
                    58 -0.206520332990911     
                    59 -0.209390730959388     
                    60 -0.212215733948978     
                    61 -0.214994584804950     
                    62 -0.217726650824145     
                    63 -0.220413505000240     
                    64 -0.223054130255784     
                    65 -0.225648366721176     
                    66 -0.228196025968180     
                    67 -0.230696722838766     
                    68 -0.233150524980099     
                    69 -0.235557526343859     
                    70 -0.237917428867505     
                    71 -0.240230319262442     
                    72 -0.242496179171635     
                    73 -0.244715090499392     
                    74 -0.246887006985343     
                    75 -0.249011748896649     
                    76 -0.251089363472760     
                    77 -0.253118921310584     
                    78 -0.255101043789817     
                    79 -0.257037678916668     
                    80 -0.258928173244039     
                    81 -0.260772331612848     
                    82 -0.262569949622813     
                    83 -0.264321619712245     
                    84 -0.266027256165676     
                    85 -0.267687191433751     
                    86 -0.269301718863758     
                    87 -0.270870846010342     
                    88 -0.272395024537677     
                    89 -0.273875168781482     
                    90 -0.275311467284004     
                    91 -0.276702875125374     
                    92 -0.278049338217705     
                    93 -0.279353272225314     
                    94 -0.280619275707306     
                    95 -0.281850770107763     
                    96 -0.283035425718418     
                    97 -0.284182422328145     
                    98 -0.285301944224849     
                    99 -0.286387726735143     
                   100 -0.287440388847326     
                   101 -0.288457649466600     
                   102 -0.289437251415779     
                   103 -0.290381449961028     
                   104 -0.291288478679630     
                   105 -0.292157782768524     
                   106 -0.292990906618417     
                   107 -0.293783976073446     
                   108 -0.294538864301633     
                   109 -0.295255828134107     
                   110 -0.295936754728824     
                   111 -0.296582630881476     
                   112 -0.297191028185891     
                   113 -0.297763846225016     
                   114 -0.298303102889890     
                   115 -0.298805749431286     
                   116 -0.299270727486636     
                   117 -0.299697539513417     
                   118 -0.300088366581605     
                   119 -0.300454393586906     
                   120 -0.300804748555391     
                   121 -0.301139079287807     
                   122 -0.301456976648596     
                   123 -0.301752178234774     
                   124 -0.302005940631199     
                   125 -0.302214263543108     
                   126 -0.302391883261076     
                   127 -0.302555714801457     
                   128 -0.302707314544078     
                   129 -0.302832754471734     
                   130 -0.302931329669808     
                   131 -0.303002927018223     
                   132 -0.303049694930041     
                   133 -0.303073442385486     
                   134 -0.303074694925279     
                   135 -0.303054177567694     
                   136 -0.303012321087087     
                   137 -0.302949361480991     
                   138 -0.302866192429566     
                   139 -0.302763329852368     
                   140 -0.302641523121155     
                   141 -0.302501039534149     
                   142 -0.302342518263096     
                   143 -0.302167338489798     
                   144 -0.301975217695018     
                   145 -0.301766915132438     
                   146 -0.301542711387685     
                   147 -0.301302801600396     
                   148 -0.301048365611199     
                   149 -0.300780314362678     
                   150 -0.300499166903857     
                   151 -0.300205518767172     
                   152 -0.299899948821755     
                   153 -0.299582992806469     
                   154 -0.299255229883671     
                   155 -0.298917252972777     
                   156 -0.298569586949403     
                   157 -0.298213178227664     
                   158 -0.297848795993676     
                   159 -0.297476764560464     
                   160 -0.297097663832322     
                   161 -0.296711861652038     
                   162 -0.296318983633774     
                   163 -0.295919530757553     
                   164 -0.295514016396992     
                   165 -0.295103191163023     
                   166 -0.294687320240873     
                   167 -0.294266574454506     
                   168 -0.293841135107067     
                   169 -0.293410938763520     
                   170 -0.292977795973062     
                   171 -0.292541558873499     
                   172 -0.292104429251553     
                   173 -0.291658365944845     
                   174 -0.291208967559660     
                   175 -0.290766898854467     
                   176 -0.290333992903385     
                   177 -0.289901664000915     
                   178 -0.289467136277465     
                   179 -0.289029325752865     
                   180 -0.288589137184525     
                   181 -0.288147755621820     
                   182 -0.287699422340105     
                   183 -0.287230274567972     
                   184 -0.286763706248637     
                   185 -0.286326419780343     
                   186 -0.285924975348282     
                   187 -0.285525870854261     
                   188 -0.285109511949434     
                   189 -0.284673280573250     
                   190 -0.284226205924599     
                   191 -0.283781068327331     
                   192 -0.283338264695693     
                   193 -0.282897207200637     
                   194 -0.282457544826976     
                   195 -0.282019166377698     
                   196 -0.281582267249884     
                   197 -0.281147278083805     
                   198 -0.280714478795838     
                   199 -0.280283860800686     
                   200 -0.279855599810862     
                   201 -0.279429741885813     
                   202 -0.279006497347881     
                   203 -0.278586095430864     
                   204 -0.278168745636109     
                   205 -0.277754294481072     
                   206 -0.277342708701913     
                   207 -0.276934016999313     
                   208 -0.276528384115700     
                   209 -0.276126058245904     
                   210 -0.275727079543366     
                   211 -0.275331379741065     
                   212 -0.274939049776766     
                   213 -0.274549922577995     
                   214 -0.274163978858955     
                   215 -0.273781235953752     
                   216 -0.273401517702593     
                   217 -0.273025082516850     
                   218 -0.272652393032826     
                   219 -0.272283757224237     
                   220 -0.271919218408083     
                   221 -0.271558263641464     
                   222 -0.271201261579846     
                   223 -0.270848031366502     
                   224 -0.270498390669859     
                   225 -0.270152784970430     
                   226 -0.269810849168156     
                   227 -0.269472157223842     
                   228 -0.269137780007955     
                   229 -0.268807185020286     
                   230 -0.268480073626086     
                   231 -0.268158408589001     
                   232 -0.267842127480300     
                   233 -0.267529704840765     
                   234 -0.267222413243190     
                   235 -0.266922013243755     
                   236 -0.266625884695086     
                   237 -0.266330164809109     
                   238 -0.266045180455771     
                   239 -0.265775099888792     
                   240 -0.265513997955223     
                   241 -0.265258406004962     
                   242 -0.265005993680298     
                   243 -0.264759445519505     
                   244 -0.264516341357236     
                   245 -0.264277807274710     
                   246 -0.264037734613571     
                   247 -0.263781681536736     
                   248 -0.263526432235172     
                   249 -0.263295104246337     
                   250 -0.263090345357387     
                   251 -0.262900309300280     
                   252 -0.262708898062294     
                   253 -0.262501832130116     
                   254 -0.262276588696173     
                   255 -0.262039581947342     
                   256 -0.261801029585912     
                   257 -0.261562182233257     
                   258 -0.261322676110819     
                   259 -0.261082666733888     
                   260 -0.260842171819143     
                   261 -0.260601452484738     
                   262 -0.260360698765554     
                   263 -0.260119713432480     
                   264 -0.259878469000834     
                   265 -0.259637184981261     
                   266 -0.259395820674114     
                   267 -0.259154209381238     
                   268 -0.258912259303904     
                   269 -0.258670205770774     
                   270 -0.258427933729464     
                   271 -0.258185615100750     
                   272 -0.257943297529935     
                   273 -0.257701002861138     
                   274 -0.257459081517801     
                   275 -0.257217827579320     
                   276 -0.256976729443930     
                   277 -0.256735816917872     
                   278 -0.256495082947672     
                   279 -0.256254936634902     
                   280 -0.256015030594724     
                   281 -0.255775922375224     
                   282 -0.255537555361149     
                   283 -0.255299411274588     
                   284 -0.255061080432048     
                   285 -0.254823422860641     
                   286 -0.254587462769223     
                   287 -0.254352177147424     
                   288 -0.254117795902923     
                   289 -0.253886314458123     
                   290 -0.253656425743987     
                   291 -0.253427354030951     
                   292 -0.253199941506623     
                   293 -0.252975297199808     
                   294 -0.252752413001884     
                   295 -0.252531709093008     
                   296 -0.252311174989181     
                   297 -0.252088918177083     
                   298 -0.251870686367582     
                   299 -0.251663189735685     
                   300 -0.251462579336034     
                   301 -0.251261454327660     
                   302 -0.251058550242046     
                   303 -0.250857207325577     
                   304 -0.250657397657557     
                   305 -0.250455472292720     
                   306 -0.250253400778037     
                   307 -0.250052661243546     
                   308 -0.249848402341723     
                   309 -0.249637411684455     
                   310 -0.249415573561453     
                   311 -0.249200336021946     
                   312 -0.249021052926146     
                   313 -0.248861329185488     
                   314 -0.248700195547868     
                   315 -0.248525766943659     
                   316 -0.248332290505719     
                   317 -0.248128175836430     
                   318 -0.247922658291796     
                   319 -0.247717186348205     
                   320 -0.247511855555687     
                   321 -0.247309628472550     
                   322 -0.247117065460556     
                   323 -0.246929790176420     
                   324 -0.246745681355268     
                   325 -0.246563854907444     
                   326 -0.246383683762161     
                   327 -0.246205027934932     
                   328 -0.246027351623203     
                   329 -0.245850970649072     
                   330 -0.245675277297794     
                   331 -0.245499980871750     
                   332 -0.245325242608420     
                   333 -0.245150906638038     
                   334 -0.244976893503067     
                   335 -0.244802375476558     
                   336 -0.244627098646543     
                   337 -0.244451401796045     
                   338 -0.244275423369896     
                   339 -0.244097698588910     
                   340 -0.243918135476759     
                   341 -0.243736675841370     
                   342 -0.243553852344076     
                   343 -0.243370296511068     
                   344 -0.243185240489776     
                   345 -0.242998555266761     
                   346 -0.242809969235917     
                   347 -0.242619065055798     
                   348 -0.242426193283657     
                   349 -0.242230748759519     
                   350 -0.242033315504648     
                   351 -0.241836163506121     
                   352 -0.241636387860837     
                   353 -0.241434106930832     
                   354 -0.241230992798671     
                   355 -0.241025675073375     
                   356 -0.240821192943053     
                   357 -0.240616951748428     
                   358 -0.240415102254172     
                   359 -0.240223315018931     
                   360 -0.240039531370733     
                   361 -0.239860186158803     
                   362 -0.239683201150302     
                   363 -0.239515933295877     
                   364 -0.239364437875919     
                   365 -0.239224000174739     
                   366 -0.239091805743160     
                   367 -0.238967314691974     
                   368 -0.238840928823344     
                   369 -0.238715784886378     
                   370 -0.238588228273852     
                   371 -0.238464972919986     
                   372 -0.238354431569638     
                   373 -0.238266192657799     
                   374 -0.238189115678836     
                   375 -0.238105599337756     
                   376 -0.238007740307963     
                   377 -0.237897641079264     
                   378 -0.237783801761134     
                   379 -0.237670531839207     
                   380 -0.237557884902679     
                   381 -0.237445341721851     
                   382 -0.237332309425033     
                   383 -0.237218365458914     
                   384 -0.237103496325549     
                   385 -0.236987373340612     
                   386 -0.236870435987674     
                   387 -0.236753553429512     
                   388 -0.236631398915077     
                   389 -0.236503779564355     
                   390 -0.236371295696088     
                   391 -0.236231254578846     
                   392 -0.236084314204470     
                   393 -0.235930776925938     
                   394 -0.235770691513915     
                   395 -0.235605025496549     
                   396 -0.235434321261509     
                   397 -0.235259080740577     
                   398 -0.235080631484191     
                   399 -0.234899200809689     
                   400 -0.234714752587112     
                   401 -0.234528087144687     
                   402 -0.234339669044452     
                   403 -0.234149037756244     
                   404 -0.233957094304831     
                   405 -0.233764120485088     
                   406 -0.233570990338157     
                   407 -0.233379196381712     
                   408 -0.233189141382499     
                   409 -0.233004520216029     
                   410 -0.232831339621876     
                   411 -0.232666352496082     
                   412 -0.232506692310956     
                   413 -0.232352395087789     
                   414 -0.232204494441869     
                   415 -0.232075534109838     
                   416 -0.231966913862569     
                   417 -0.231874955071413     
                   418 -0.231800097927870     
                   419 -0.231738095002864     
                   420 -0.231678393678927     
                   421 -0.231619908774067     
                   422 -0.231561479908266     
                   423 -0.231502116702801     
                   424 -0.231441578858969     
                   425 -0.231385669767321     
                   426 -0.231328776198539     
                   427 -0.231267233151509     
                   428 -0.231212664708702     
                   429 -0.231170255681537     
                   430 -0.231128553765760     
                   431 -0.231082679034081     
                   432 -0.231052466759425     
                   433 -0.231035611300261     
                   434 -0.231013982751852     
                   435 -0.230979434171349     
                   436 -0.230927756850642     
                   437 -0.230870958538855     
                   438 -0.230807127305595     
                   439 -0.230735445315382     
                   440 -0.230657821972904     
                   441 -0.230570118531220     
                   442 -0.230473957526287     
                   443 -0.230370050564566     
                   444 -0.230258565665843     
                   445 -0.230140026163578     
                   446 -0.230015053558495     
                   447 -0.229884574755810     
                   448 -0.229748801045804     
                   449 -0.229606247450718     
                   450 -0.229460011365198     
                   451 -0.229310460572336     
                   452 -0.229159107784108     
                   453 -0.229008142266310     
                   454 -0.228857881078930     
                   455 -0.228707818429040     
                   456 -0.228557549971582     
                   457 -0.228407551640510     
                   458 -0.228257513375789     
                   459 -0.228107092871155     
                   460 -0.227956882538175     
                   461 -0.227807314247670     
                   462 -0.227660789831441     
                   463 -0.227526500042311     
                   464 -0.227404061056155     
                   465 -0.227288502684783     
                   466 -0.227177605216142     
                   467 -0.227070869502357     
                   468 -0.226969384046984     
                   469 -0.226880116263528     
                   470 -0.226809318453221     
                   471 -0.226753371182012     
                   472 -0.226709708019122     
                   473 -0.226678070440053     
                   474 -0.226652001517302     
                   475 -0.226625694615195     
                   476 -0.226599169483228     
                   477 -0.226580720507632     
                   478 -0.226571233495875     
                   479 -0.226565025749278     
                   480 -0.226559970561532     
                   481 -0.226555213652487     
                   482 -0.226551532240785     
                   483 -0.226550827219151     
                   484 -0.226543485185278     
                   485 -0.226535591436650     
                   486 -0.226535120297212     
                   487 -0.226546611184434     
                   488 -0.226547181609047     
                   489 -0.226535253820974     
                   490 -0.226525182149800     
                   491 -0.226534781882706     
                   492 -0.226545486888541     
                   493 -0.226543993504269     
                   494 -0.226517582806521     
                   495 -0.226468954844194     
                   496 -0.226409182442651     
                   497 -0.226339830083073     
                   498 -0.226261403386129     
                   499 -0.226173622589962     
                   500 -0.226074277330398     
