690 600 90
1 2996 0.326941000 -0.059292300 0.01271311471719345325 -0.99991918509156896278 1 1 8 602 2 23 24 25 46 47 48 
2 2997 0.308658000 -0.059456500 0.00507285799859532021 -0.99998713297308283732 1 1 8 1 3 24 25 26 47 48 49 
3 2998 0.290670000 -0.059476300 -0.00304320807739406679 -0.99999536943157796287 1 1 8 2 4 25 26 27 48 49 50 
4 2999 0.273005000 -0.059348000 -0.01166268120857801363 -0.99993198862073962019 1 1 8 3 5 26 27 28 49 50 51 
5 3000 0.255689000 -0.059068300 -0.02081933190970869721 -0.99978325422005009937 1 1 8 4 6 27 28 29 50 51 52 
6 3001 0.238751000 -0.058634700 -0.03054378757292246921 -0.99953342967641667371 1 1 8 5 7 28 29 30 51 52 53 
7 3002 0.222215000 -0.058045400 -0.04087684655611406592 -0.99916419242065912520 1 1 8 6 8 29 30 31 52 53 54 
8 3003 0.206107000 -0.057299200 -0.05186637158812959503 -0.99865403393681939637 1 1 8 7 9 30 31 32 53 54 55 
9 3004 0.190453000 -0.056395800 -0.06356681202896688476 -0.99797758512327017222 1 1 8 8 10 31 32 33 54 55 56 
10 3005 0.175276000 -0.055335400 -0.07603623282026070185 -0.99710505529683435277 1 1 8 9 11 32 33 34 55 56 57 
11 3006 0.160600000 -0.054119300 -0.08934604967822146193 -0.99600064428036227948 1 1 8 10 12 33 34 35 56 57 58 
12 3007 0.146447000 -0.052749300 -0.10359294066850163740 -0.99461977792704903134 1 1 8 11 13 34 35 36 57 58 59 
13 3008 0.132839000 -0.051227900 -0.11889179065823295145 -0.99290721727363773219 1 1 8 12 14 35 36 37 58 59 60 
14 3009 0.119797000 -0.049558200 -0.13537400638470598047 -0.99079456921975184169 1 1 8 13 15 36 37 38 59 60 61 
15 3010 0.107342000 -0.047744200 -0.15320063262743277566 -0.98819510531197951586 1 1 8 14 16 37 38 39 60 61 62 
16 3011 0.095491500 -0.045790100 -0.17258160514598719359 -0.98499522311797771401 1 1 8 15 17 38 39 40 61 62 63 
17 3012 0.084265200 -0.043700900 -0.19377498132558371169 -0.98104600127224916850 1 1 8 16 18 39 40 41 62 63 64 
18 3013 0.073679900 -0.041481900 -0.21710327690304251358 -0.97614863988941802386 1 1 8 17 19 40 41 42 63 64 65 
19 3014 0.063752000 -0.039138600 -0.24296869112632485388 -0.97003413091105228361 1 1 8 18 20 41 42 43 64 65 66 
20 3015 0.054496700 -0.036677000 -0.27187678892410499509 -0.96233206932135306744 1 1 8 19 21 42 43 44 65 66 67 
21 3016 0.045928400 -0.034103100 -0.30447712317726122189 -0.95251964885859385923 1 1 8 20 22 43 44 45 66 67 68 
22 3017 0.038060200 -0.031423000 -0.34157127800295350450 -0.93985587301640516333 1 1 8 21 603 44 45 605 67 68 607 
23 3018 0.344260000 -0.087416000 0.00000000000000000000 1.00000000000000000000 2 0 8 601 602 1 604 24 606 46 47 
24 3019 0.325518000 -0.087278000 0.00000000000000000000 1.00000000000000000000 2 0 8 602 1 2 23 25 46 47 48 
25 3020 0.307040000 -0.086959300 0.00000000000000000000 1.00000000000000000000 2 0 8 1 2 3 24 26 47 48 49 
26 3021 0.288856000 -0.086456700 0.00000000000000000000 1.00000000000000000000 2 0 8 2 3 4 25 27 48 49 50 
27 3022 0.270994000 -0.085767300 0.00000000000000000000 1.00000000000000000000 2 0 8 3 4 5 26 28 49 50 51 
28 3023 0.253481000 -0.084889300 0.00000000000000000000 1.00000000000000000000 2 0 8 4 5 6 27 29 50 51 52 
29 3024 0.236345000 -0.083821100 0.00000000000000000000 1.00000000000000000000 2 0 8 5 6 7 28 30 51 52 53 
30 3025 0.219612000 -0.082562000 0.00000000000000000000 1.00000000000000000000 2 0 8 6 7 8 29 31 52 53 54 
31 3026 0.203309000 -0.081112200 0.00000000000000000000 1.00000000000000000000 2 0 8 7 8 9 30 32 53 54 55 
32 3027 0.187462000 -0.079472300 0.00000000000000000000 1.00000000000000000000 2 0 8 8 9 10 31 33 54 55 56 
33 3028 0.172094000 -0.077644000 0.00000000000000000000 1.00000000000000000000 2 0 8 9 10 11 32 34 55 56 57 
34 3029 0.157229000 -0.075629400 0.00000000000000000000 1.00000000000000000000 2 0 8 10 11 12 33 35 56 57 58 
35 3030 0.142892000 -0.073431400 0.00000000000000000000 1.00000000000000000000 2 0 8 11 12 13 34 36 57 58 59 
36 3031 0.129104000 -0.071053900 0.00000000000000000000 1.00000000000000000000 2 0 8 12 13 14 35 37 58 59 60 
37 3032 0.115887000 -0.068501000 0.00000000000000000000 1.00000000000000000000 2 0 8 13 14 15 36 38 59 60 61 
38 3033 0.103262000 -0.065777600 0.00000000000000000000 1.00000000000000000000 2 0 8 14 15 16 37 39 60 61 62 
39 3034 0.091247300 -0.062889400 0.00000000000000000000 1.00000000000000000000 2 0 8 15 16 17 38 40 61 62 63 
40 3035 0.079863000 -0.059842200 0.00000000000000000000 1.00000000000000000000 2 0 8 16 17 18 39 41 62 63 64 
41 3036 0.069126500 -0.056642500 0.00000000000000000000 1.00000000000000000000 2 0 8 17 18 19 40 42 63 64 65 
42 3037 0.059054500 -0.053297200 0.00000000000000000000 1.00000000000000000000 2 0 8 18 19 20 41 43 64 65 66 
43 3038 0.049662700 -0.049813400 0.00000000000000000000 1.00000000000000000000 2 0 8 19 20 21 42 44 65 66 67 
44 3039 0.040965800 -0.046198400 0.00000000000000000000 1.00000000000000000000 2 0 8 20 21 22 43 45 66 67 68 
45 3040 0.032977400 -0.042459800 0.00000000000000000000 1.00000000000000000000 2 0 8 21 22 603 44 605 67 68 607 
46 3041 0.342451000 -0.116187000 0.00000000000000000000 1.00000000000000000000 2 0 8 604 23 24 606 47 608 69 70 
47 3042 0.323452000 -0.115609000 0.00000000000000000000 1.00000000000000000000 2 0 8 23 24 25 46 48 69 70 71 
48 3043 0.304717000 -0.114810000 0.00000000000000000000 1.00000000000000000000 2 0 8 24 25 26 47 49 70 71 72 
49 3044 0.286275000 -0.113785000 0.00000000000000000000 1.00000000000000000000 2 0 8 25 26 27 48 50 71 72 73 
50 3045 0.268156000 -0.112534000 0.00000000000000000000 1.00000000000000000000 2 0 8 26 27 28 49 51 72 73 74 
51 3046 0.250387000 -0.111057000 0.00000000000000000000 1.00000000000000000000 2 0 8 27 28 29 50 52 73 74 75 
52 3047 0.232997000 -0.109352000 0.00000000000000000000 1.00000000000000000000 2 0 8 28 29 30 51 53 74 75 76 
53 3048 0.216013000 -0.107419000 0.00000000000000000000 1.00000000000000000000 2 0 8 29 30 31 52 54 75 76 77 
54 3049 0.199461000 -0.105261000 0.00000000000000000000 1.00000000000000000000 2 0 8 30 31 32 53 55 76 77 78 
55 3050 0.183369000 -0.102880000 0.00000000000000000000 1.00000000000000000000 2 0 8 31 32 33 54 56 77 78 79 
56 3051 0.167760000 -0.100276000 0.00000000000000000000 1.00000000000000000000 2 0 8 32 33 34 55 57 78 79 80 
57 3052 0.152660000 -0.097455500 0.00000000000000000000 1.00000000000000000000 2 0 8 33 34 35 56 58 79 80 81 
58 3053 0.138093000 -0.094420900 0.00000000000000000000 1.00000000000000000000 2 0 8 34 35 36 57 59 80 81 82 
59 3054 0.124081000 -0.091177300 0.00000000000000000000 1.00000000000000000000 2 0 8 35 36 37 58 60 81 82 83 
60 3055 0.110647000 -0.087730300 0.00000000000000000000 1.00000000000000000000 2 0 8 36 37 38 59 61 82 83 84 
61 3056 0.097812500 -0.084086000 0.00000000000000000000 1.00000000000000000000 2 0 8 37 38 39 60 62 83 84 85 
62 3057 0.085596700 -0.080251000 0.00000000000000000000 1.00000000000000000000 2 0 8 38 39 40 61 63 84 85 86 
63 3058 0.074019400 -0.076232600 0.00000000000000000000 1.00000000000000000000 2 0 8 39 40 41 62 64 85 86 87 
64 3059 0.063098900 -0.072038600 0.00000000000000000000 1.00000000000000000000 2 0 8 40 41 42 63 65 86 87 88 
65 3060 0.052852500 -0.067677000 0.00000000000000000000 1.00000000000000000000 2 0 8 41 42 43 64 66 87 88 89 
66 3061 0.043296300 -0.063156400 0.00000000000000000000 1.00000000000000000000 2 0 8 42 43 44 65 67 88 89 90 
67 3062 0.034445400 -0.058485500 0.00000000000000000000 1.00000000000000000000 2 0 8 43 44 45 66 68 89 90 91 
68 3063 0.026314000 -0.053673600 0.00000000000000000000 1.00000000000000000000 2 0 8 44 45 605 67 607 90 91 609 
69 3064 0.340058000 -0.145404000 0.00000000000000000000 1.00000000000000000000 2 0 8 606 46 47 608 70 610 92 93 
70 3065 0.320736000 -0.144387000 0.00000000000000000000 1.00000000000000000000 2 0 8 46 47 48 69 71 92 93 94 
71 3066 0.301679000 -0.143105000 0.00000000000000000000 1.00000000000000000000 2 0 8 47 48 49 70 72 93 94 95 
72 3067 0.282917000 -0.141557000 0.00000000000000000000 1.00000000000000000000 2 0 8 48 49 50 71 73 94 95 96 
73 3068 0.264479000 -0.139742000 0.00000000000000000000 1.00000000000000000000 2 0 8 49 50 51 72 74 95 96 97 
74 3069 0.246395000 -0.137661000 0.00000000000000000000 1.00000000000000000000 2 0 8 50 51 52 73 75 96 97 98 
75 3070 0.228692000 -0.135314000 0.00000000000000000000 1.00000000000000000000 2 0 8 51 52 53 74 76 97 98 99 
76 3071 0.211400000 -0.132702000 0.00000000000000000000 1.00000000000000000000 2 0 8 52 53 54 75 77 98 99 100 
77 3072 0.194546000 -0.129829000 0.00000000000000000000 1.00000000000000000000 2 0 8 53 54 55 76 78 99 100 101 
78 3073 0.178155000 -0.126696000 0.00000000000000000000 1.00000000000000000000 2 0 8 54 55 56 77 79 100 101 102 
79 3074 0.162255000 -0.123309000 0.00000000000000000000 1.00000000000000000000 2 0 8 55 56 57 78 80 101 102 103 
80 3075 0.146871000 -0.119671000 0.00000000000000000000 1.00000000000000000000 2 0 8 56 57 58 79 81 102 103 104 
81 3076 0.132027000 -0.115788000 0.00000000000000000000 1.00000000000000000000 2 0 8 57 58 59 80 82 103 104 105 
82 3077 0.117747000 -0.111665000 0.00000000000000000000 1.00000000000000000000 2 0 8 58 59 60 81 83 104 105 106 
83 3078 0.104054000 -0.107310000 0.00000000000000000000 1.00000000000000000000 2 0 8 59 60 61 82 84 105 106 107 
84 3079 0.090968600 -0.102730000 0.00000000000000000000 1.00000000000000000000 2 0 8 60 61 62 83 85 106 107 108 
85 3080 0.078513100 -0.097933200 0.00000000000000000000 1.00000000000000000000 2 0 8 61 62 63 84 86 107 108 109 
86 3081 0.066706800 -0.092927500 0.00000000000000000000 1.00000000000000000000 2 0 8 62 63 64 85 87 108 109 110 
87 3082 0.055568800 -0.087722300 0.00000000000000000000 1.00000000000000000000 2 0 8 63 64 65 86 88 109 110 111 
88 3083 0.045116700 -0.082327100 0.00000000000000000000 1.00000000000000000000 2 0 8 64 65 66 87 89 110 111 112 
89 3084 0.035367400 -0.076752000 0.00000000000000000000 1.00000000000000000000 2 0 8 65 66 67 88 90 111 112 113 
90 3085 0.026336500 -0.071007300 0.00000000000000000000 1.00000000000000000000 2 0 8 66 67 68 89 91 112 113 114 
91 3086 0.018038600 -0.065103800 0.00000000000000000000 1.00000000000000000000 2 0 8 67 68 607 90 609 113 114 611 
92 3087 0.337073000 -0.175172000 0.00000000000000000000 1.00000000000000000000 2 0 8 608 69 70 610 93 612 115 116 
93 3088 0.317361000 -0.173713000 0.00000000000000000000 1.00000000000000000000 2 0 8 69 70 71 92 94 115 116 117 
94 3089 0.297916000 -0.171946000 0.00000000000000000000 1.00000000000000000000 2 0 8 70 71 72 93 95 116 117 118 
95 3090 0.278769000 -0.169870000 0.00000000000000000000 1.00000000000000000000 2 0 8 71 72 73 94 96 117 118 119 
96 3091 0.259950000 -0.167485000 0.00000000000000000000 1.00000000000000000000 2 0 8 72 73 74 95 97 118 119 120 
97 3092 0.241488000 -0.164794000 0.00000000000000000000 1.00000000000000000000 2 0 8 73 74 75 96 98 119 120 121 
98 3093 0.223414000 -0.161797000 0.00000000000000000000 1.00000000000000000000 2 0 8 74 75 76 97 99 120 121 122 
99 3094 0.205756000 -0.158497000 0.00000000000000000000 1.00000000000000000000 2 0 8 75 76 77 98 100 121 122 123 
100 3095 0.188542000 -0.154898000 0.00000000000000000000 1.00000000000000000000 2 0 8 76 77 78 99 101 122 123 124 
101 3096 0.171799000 -0.151003000 0.00000000000000000000 1.00000000000000000000 2 0 8 77 78 79 100 102 123 124 125 
102 3097 0.155556000 -0.146819000 0.00000000000000000000 1.00000000000000000000 2 0 8 78 79 80 101 103 124 125 126 
103 3098 0.139837000 -0.142350000 0.00000000000000000000 1.00000000000000000000 2 0 8 79 80 81 102 104 125 126 127 
104 3099 0.124668000 -0.137604000 0.00000000000000000000 1.00000000000000000000 2 0 8 80 81 82 103 105 126 127 128 
105 3100 0.110073000 -0.132587000 0.00000000000000000000 1.00000000000000000000 2 0 8 81 82 83 104 106 127 128 129 
106 3101 0.096076200 -0.127307000 0.00000000000000000000 1.00000000000000000000 2 0 8 82 83 84 105 107 128 129 130 
107 3102 0.082699600 -0.121774000 0.00000000000000000000 1.00000000000000000000 2 0 8 83 84 85 106 108 129 130 131 
108 3103 0.069964800 -0.115996000 0.00000000000000000000 1.00000000000000000000 2 0 8 84 85 86 107 109 130 131 132 
109 3104 0.057892500 -0.109984000 0.00000000000000000000 1.00000000000000000000 2 0 8 85 86 87 108 110 131 132 133 
110 3105 0.046502200 -0.103747000 0.00000000000000000000 1.00000000000000000000 2 0 8 86 87 88 109 111 132 133 134 
111 3106 0.035812200 -0.097297900 0.00000000000000000000 1.00000000000000000000 2 0 8 87 88 89 110 112 133 134 135 
112 3107 0.025840100 -0.090647200 0.00000000000000000000 1.00000000000000000000 2 0 8 88 89 90 111 113 134 135 136 
113 3108 0.016602000 -0.083807100 0.00000000000000000000 1.00000000000000000000 2 0 8 89 90 91 112 114 135 136 137 
114 3109 0.008113130 -0.076790200 0.00000000000000000000 1.00000000000000000000 2 0 8 90 91 609 113 611 136 137 613 
115 3110 0.333485000 -0.205597000 0.00000000000000000000 1.00000000000000000000 2 0 8 610 92 93 612 116 614 138 139 
116 3111 0.313314000 -0.203692000 0.00000000000000000000 1.00000000000000000000 2 0 8 92 93 94 115 117 138 139 140 
117 3112 0.293414000 -0.201434000 0.00000000000000000000 1.00000000000000000000 2 0 8 93 94 95 116 118 139 140 141 
118 3113 0.273815000 -0.198823000 0.00000000000000000000 1.00000000000000000000 2 0 8 94 95 96 117 119 140 141 142 
119 3114 0.254549000 -0.195862000 0.00000000000000000000 1.00000000000000000000 2 0 8 95 96 97 118 120 141 142 143 
120 3115 0.235648000 -0.192550000 0.00000000000000000000 1.00000000000000000000 2 0 8 96 97 98 119 121 142 143 144 
121 3116 0.217140000 -0.188893000 0.00000000000000000000 1.00000000000000000000 2 0 8 97 98 99 120 122 143 144 145 
122 3117 0.199056000 -0.184893000 0.00000000000000000000 1.00000000000000000000 2 0 8 98 99 100 121 123 144 145 146 
123 3118 0.181425000 -0.180556000 0.00000000000000000000 1.00000000000000000000 2 0 8 99 100 101 122 124 145 146 147 
124 3119 0.164275000 -0.175885000 0.00000000000000000000 1.00000000000000000000 2 0 8 100 101 102 123 125 146 147 148 
125 3120 0.147634000 -0.170888000 0.00000000000000000000 1.00000000000000000000 2 0 8 101 102 103 124 126 147 148 149 
126 3121 0.131528000 -0.165572000 0.00000000000000000000 1.00000000000000000000 2 0 8 102 103 104 125 127 148 149 150 
127 3122 0.115984000 -0.159945000 0.00000000000000000000 1.00000000000000000000 2 0 8 103 104 105 126 128 149 150 151 
128 3123 0.101027000 -0.154014000 0.00000000000000000000 1.00000000000000000000 2 0 8 104 105 106 127 129 150 151 152 
129 3124 0.086681500 -0.147790000 0.00000000000000000000 1.00000000000000000000 2 0 8 105 106 107 128 130 151 152 153 
130 3125 0.072970000 -0.141282000 0.00000000000000000000 1.00000000000000000000 2 0 8 106 107 108 129 131 152 153 154 
131 3126 0.059915200 -0.134502000 0.00000000000000000000 1.00000000000000000000 2 0 8 107 108 109 130 132 153 154 155 
132 3127 0.047538400 -0.127460000 0.00000000000000000000 1.00000000000000000000 2 0 8 108 109 110 131 133 154 155 156 
133 3128 0.035859800 -0.120169000 0.00000000000000000000 1.00000000000000000000 2 0 8 109 110 111 132 134 155 156 157 
134 3129 0.024898600 -0.112641000 0.00000000000000000000 1.00000000000000000000 2 0 8 110 111 112 133 135 156 157 158 
135 3130 0.014672700 -0.104890000 0.00000000000000000000 1.00000000000000000000 2 0 8 111 112 113 134 136 157 158 159 
136 3131 0.005198980 -0.096929300 0.00000000000000000000 1.00000000000000000000 2 0 8 112 113 114 135 137 158 159 160 
137 3132 -0.003506750 -0.088773100 0.00000000000000000000 1.00000000000000000000 2 0 8 113 114 611 136 613 159 160 615 
138 3133 0.329282000 -0.236790000 0.00000000000000000000 1.00000000000000000000 2 0 8 612 115 116 614 139 616 161 162 
139 3134 0.308580000 -0.234433000 0.00000000000000000000 1.00000000000000000000 2 0 8 115 116 117 138 140 161 162 163 
140 3135 0.288155000 -0.231676000 0.00000000000000000000 1.00000000000000000000 2 0 8 116 117 118 139 141 162 163 164 
141 3136 0.268036000 -0.228522000 0.00000000000000000000 1.00000000000000000000 2 0 8 117 118 119 140 142 163 164 165 
142 3137 0.248258000 -0.224972000 0.00000000000000000000 1.00000000000000000000 2 0 8 118 119 120 141 143 164 165 166 
143 3138 0.228851000 -0.221030000 0.00000000000000000000 1.00000000000000000000 2 0 8 119 120 121 142 144 165 166 167 
144 3139 0.209846000 -0.216699000 0.00000000000000000000 1.00000000000000000000 2 0 8 120 121 122 143 145 166 167 168 
145 3140 0.191275000 -0.211984000 0.00000000000000000000 1.00000000000000000000 2 0 8 121 122 123 144 146 167 168 169 
146 3141 0.173167000 -0.206892000 0.00000000000000000000 1.00000000000000000000 2 0 8 122 123 124 145 147 168 169 170 
147 3142 0.155552000 -0.201428000 0.00000000000000000000 1.00000000000000000000 2 0 8 123 124 125 146 148 169 170 171 
148 3143 0.138457000 -0.195601000 0.00000000000000000000 1.00000000000000000000 2 0 8 124 125 126 147 149 170 171 172 
149 3144 0.121911000 -0.189417000 0.00000000000000000000 1.00000000000000000000 2 0 8 125 126 127 148 150 171 172 173 
150 3145 0.105941000 -0.182888000 0.00000000000000000000 1.00000000000000000000 2 0 8 126 127 128 149 151 172 173 174 
151 3146 0.090572200 -0.176021000 0.00000000000000000000 1.00000000000000000000 2 0 8 127 128 129 150 152 173 174 175 
152 3147 0.075830400 -0.168829000 0.00000000000000000000 1.00000000000000000000 2 0 8 128 129 130 151 153 174 175 176 
153 3148 0.061739300 -0.161323000 0.00000000000000000000 1.00000000000000000000 2 0 8 129 130 131 152 154 175 176 177 
154 3149 0.048322200 -0.153514000 0.00000000000000000000 1.00000000000000000000 2 0 8 130 131 132 153 155 176 177 178 
155 3150 0.035601000 -0.145417000 0.00000000000000000000 1.00000000000000000000 2 0 8 131 132 133 154 156 177 178 179 
156 3151 0.023596800 -0.137044000 0.00000000000000000000 1.00000000000000000000 2 0 8 132 133 134 155 157 178 179 180 
157 3152 0.012329300 -0.128410000 0.00000000000000000000 1.00000000000000000000 2 0 8 133 134 135 156 158 179 180 181 
158 3153 0.001817330 -0.119530000 0.00000000000000000000 1.00000000000000000000 2 0 8 134 135 136 157 159 180 181 182 
159 3154 -0.007921720 -0.110419000 0.00000000000000000000 1.00000000000000000000 2 0 8 135 136 137 158 160 181 182 183 
160 3155 -0.016871500 -0.101094000 0.00000000000000000000 1.00000000000000000000 2 0 8 136 137 613 159 615 182 183 617 
161 3156 0.324446000 -0.268863000 0.00000000000000000000 1.00000000000000000000 2 0 8 614 138 139 616 162 619 184 185 
162 3157 0.303142000 -0.266045000 0.00000000000000000000 1.00000000000000000000 2 0 8 138 139 140 161 163 184 185 186 
163 3158 0.282119000 -0.262780000 0.00000000000000000000 1.00000000000000000000 2 0 8 139 140 141 162 164 185 186 187 
164 3159 0.261411000 -0.259071000 0.00000000000000000000 1.00000000000000000000 2 0 8 140 141 142 163 165 186 187 188 
165 3160 0.241051000 -0.254920000 0.00000000000000000000 1.00000000000000000000 2 0 8 141 142 143 164 166 187 188 189 
166 3161 0.221071000 -0.250332000 0.00000000000000000000 1.00000000000000000000 2 0 8 142 143 144 165 167 188 189 190 
167 3162 0.201505000 -0.245312000 0.00000000000000000000 1.00000000000000000000 2 0 8 143 144 145 166 168 189 190 191 
168 3163 0.182382000 -0.239866000 0.00000000000000000000 1.00000000000000000000 2 0 8 144 145 146 167 169 190 191 192 
169 3164 0.163736000 -0.234000000 0.00000000000000000000 1.00000000000000000000 2 0 8 145 146 147 168 170 191 192 193 
170 3165 0.145595000 -0.227723000 0.00000000000000000000 1.00000000000000000000 2 0 8 146 147 148 169 171 192 193 194 
171 3166 0.127989000 -0.221043000 0.00000000000000000000 1.00000000000000000000 2 0 8 147 148 149 170 172 193 194 195 
172 3167 0.110947000 -0.213969000 0.00000000000000000000 1.00000000000000000000 2 0 8 148 149 150 171 173 194 195 196 
173 3168 0.094497100 -0.206513000 0.00000000000000000000 1.00000000000000000000 2 0 8 149 150 151 172 174 195 196 197 
174 3169 0.078665700 -0.198685000 0.00000000000000000000 1.00000000000000000000 2 0 8 150 151 152 173 175 196 197 198 
175 3170 0.063478900 -0.190499000 0.00000000000000000000 1.00000000000000000000 2 0 8 151 152 153 174 176 197 198 199 
176 3171 0.048961800 -0.181966000 0.00000000000000000000 1.00000000000000000000 2 0 8 152 153 154 175 177 198 199 200 
177 3172 0.035138300 -0.173100000 0.00000000000000000000 1.00000000000000000000 2 0 8 153 154 155 176 178 199 200 201 
178 3173 0.022031300 -0.163917000 0.00000000000000000000 1.00000000000000000000 2 0 8 154 155 156 177 179 200 201 202 
179 3174 0.009662430 -0.154432000 0.00000000000000000000 1.00000000000000000000 2 0 8 155 156 157 178 180 201 202 203 
180 3175 -0.001947670 -0.144660000 0.00000000000000000000 1.00000000000000000000 2 0 8 156 157 158 179 181 202 203 204 
181 3176 -0.012779600 -0.134618000 0.00000000000000000000 1.00000000000000000000 2 0 8 157 158 159 180 182 203 204 205 
182 3177 -0.022815200 -0.124324000 0.00000000000000000000 1.00000000000000000000 2 0 8 158 159 160 181 183 204 205 206 
183 3178 -0.032037500 -0.113795000 0.00000000000000000000 1.00000000000000000000 2 0 8 159 160 615 182 617 205 206 207 
184 3179 0.318962000 -0.301932000 0.00000000000000000000 1.00000000000000000000 2 0 8 616 161 162 619 185 621 208 209 
185 3180 0.296979000 -0.298643000 0.00000000000000000000 1.00000000000000000000 2 0 8 161 162 163 184 186 208 209 210 
186 3181 0.275284000 -0.294858000 0.00000000000000000000 1.00000000000000000000 2 0 8 162 163 164 185 187 209 210 211 
187 3182 0.253914000 -0.290580000 0.00000000000000000000 1.00000000000000000000 2 0 8 163 164 165 186 188 210 211 212 
188 3183 0.232900000 -0.285814000 0.00000000000000000000 1.00000000000000000000 2 0 8 164 165 166 187 189 211 212 213 
189 3184 0.212279000 -0.280563000 0.00000000000000000000 1.00000000000000000000 2 0 8 165 166 167 188 190 212 213 214 
190 3185 0.192082000 -0.274835000 0.00000000000000000000 1.00000000000000000000 2 0 8 166 167 168 189 191 213 214 215 
191 3186 0.172343000 -0.268637000 0.00000000000000000000 1.00000000000000000000 2 0 8 167 168 169 190 192 214 215 216 
192 3187 0.153094000 -0.261976000 0.00000000000000000000 1.00000000000000000000 2 0 8 168 169 170 191 193 215 216 217 
193 3188 0.134366000 -0.254862000 0.00000000000000000000 1.00000000000000000000 2 0 8 169 170 171 192 194 216 217 218 
194 3189 0.116189000 -0.247305000 0.00000000000000000000 1.00000000000000000000 2 0 8 170 171 172 193 195 217 218 219 
195 3190 0.098593100 -0.239315000 0.00000000000000000000 1.00000000000000000000 2 0 8 171 172 173 194 196 218 219 220 
196 3191 0.081607600 -0.230904000 0.00000000000000000000 1.00000000000000000000 2 0 8 172 173 174 195 197 219 220 221 
197 3192 0.065260200 -0.222087000 0.00000000000000000000 1.00000000000000000000 2 0 8 173 174 175 196 198 220 221 222 
198 3193 0.049577800 -0.212875000 0.00000000000000000000 1.00000000000000000000 2 0 8 174 175 176 197 199 221 222 223 
199 3194 0.034586300 -0.203284000 0.00000000000000000000 1.00000000000000000000 2 0 8 175 176 177 198 200 222 223 224 
200 3195 0.020310600 -0.193329000 0.00000000000000000000 1.00000000000000000000 2 0 8 176 177 178 199 201 223 224 225 
201 3196 0.006774350 -0.183026000 0.00000000000000000000 1.00000000000000000000 2 0 8 177 178 179 200 202 224 225 226 
202 3197 -0.005999860 -0.172393000 0.00000000000000000000 1.00000000000000000000 2 0 8 178 179 180 201 203 225 226 227 
203 3198 -0.017990600 -0.161447000 0.00000000000000000000 1.00000000000000000000 2 0 8 179 180 181 202 204 226 227 228 
204 3199 -0.029177900 -0.150207000 0.00000000000000000000 1.00000000000000000000 2 0 8 180 181 182 203 205 227 228 229 
205 3200 -0.039542700 -0.138692000 0.00000000000000000000 1.00000000000000000000 2 0 8 181 182 183 204 206 228 229 230 
206 3201 -0.049067500 -0.126921000 0.00000000000000000000 1.00000000000000000000 2 0 8 182 183 617 205 207 229 230 231 
207 3202 -0.057736000 -0.114916000 0.00000000000000000000 1.00000000000000000000 2 0 8 183 617 618 206 620 230 231 622 
208 3203 0.312807000 -0.336119000 0.00000000000000000000 1.00000000000000000000 2 0 8 619 184 185 621 209 623 232 233 
209 3204 0.290067000 -0.332346000 0.00000000000000000000 1.00000000000000000000 2 0 8 184 185 186 208 210 232 233 234 
210 3205 0.267625000 -0.328027000 0.00000000000000000000 1.00000000000000000000 2 0 8 185 186 187 209 211 233 234 235 
211 3206 0.245516000 -0.323164000 0.00000000000000000000 1.00000000000000000000 2 0 8 186 187 188 210 212 234 235 236 
212 3207 0.223776000 -0.317764000 0.00000000000000000000 1.00000000000000000000 2 0 8 187 188 189 211 213 235 236 237 
213 3208 0.202441000 -0.311831000 0.00000000000000000000 1.00000000000000000000 2 0 8 188 189 190 212 214 236 237 238 
214 3209 0.181544000 -0.305374000 0.00000000000000000000 1.00000000000000000000 2 0 8 189 190 191 213 215 237 238 239 
215 3210 0.161119000 -0.298401000 0.00000000000000000000 1.00000000000000000000 2 0 8 190 191 192 214 216 238 239 240 
216 3211 0.141201000 -0.290920000 0.00000000000000000000 1.00000000000000000000 2 0 8 191 192 193 215 217 239 240 241 
217 3212 0.121820000 -0.282943000 0.00000000000000000000 1.00000000000000000000 2 0 8 192 193 194 216 218 240 241 242 
218 3213 0.103010000 -0.274480000 0.00000000000000000000 1.00000000000000000000 2 0 8 193 194 195 217 219 241 242 243 
219 3214 0.084800600 -0.265544000 0.00000000000000000000 1.00000000000000000000 2 0 8 194 195 196 218 220 242 243 244 
220 3215 0.067222000 -0.256149000 0.00000000000000000000 1.00000000000000000000 2 0 8 195 196 197 219 221 243 244 245 
221 3216 0.050303200 -0.246308000 0.00000000000000000000 1.00000000000000000000 2 0 8 196 197 198 220 222 244 245 246 
222 3217 0.034072200 -0.236037000 0.00000000000000000000 1.00000000000000000000 2 0 8 197 198 199 221 223 245 246 247 
223 3218 0.018555900 -0.225353000 0.00000000000000000000 1.00000000000000000000 2 0 8 198 199 200 222 224 246 247 248 
224 3219 0.003780060 -0.214271000 0.00000000000000000000 1.00000000000000000000 2 0 8 199 200 201 223 225 247 248 249 
225 3220 -0.010230600 -0.202811000 0.00000000000000000000 1.00000000000000000000 2 0 8 200 201 202 224 226 248 249 250 
226 3221 -0.023452700 -0.190991000 0.00000000000000000000 1.00000000000000000000 2 0 8 201 202 203 225 227 249 250 251 
227 3222 -0.035864000 -0.178831000 0.00000000000000000000 1.00000000000000000000 2 0 8 202 203 204 226 228 250 251 252 
228 3223 -0.047443500 -0.166352000 0.00000000000000000000 1.00000000000000000000 2 0 8 203 204 205 227 229 251 252 253 
229 3224 -0.058171800 -0.153573000 0.00000000000000000000 1.00000000000000000000 2 0 8 204 205 206 228 230 252 253 254 
230 3225 -0.068030500 -0.140518000 0.00000000000000000000 1.00000000000000000000 2 0 8 205 206 207 229 231 253 254 255 
231 3226 -0.077002800 -0.127208000 0.00000000000000000000 1.00000000000000000000 2 0 8 206 207 620 230 622 254 255 624 
232 3227 0.305961000 -0.371547000 0.00000000000000000000 1.00000000000000000000 2 0 8 621 208 209 623 233 625 256 257 
233 3228 0.282383000 -0.367277000 0.00000000000000000000 1.00000000000000000000 2 0 8 208 209 210 232 234 256 257 258 
234 3229 0.259112000 -0.362407000 0.00000000000000000000 1.00000000000000000000 2 0 8 209 210 211 233 235 257 258 259 
235 3230 0.236187000 -0.356941000 0.00000000000000000000 1.00000000000000000000 2 0 8 210 211 212 234 236 258 259 260 
236 3231 0.213644000 -0.350886000 0.00000000000000000000 1.00000000000000000000 2 0 8 211 212 213 235 237 259 260 261 
237 3232 0.191519000 -0.344250000 0.00000000000000000000 1.00000000000000000000 2 0 8 212 213 214 236 238 260 261 262 
238 3233 0.169848000 -0.337039000 0.00000000000000000000 1.00000000000000000000 2 0 8 213 214 215 237 239 261 262 263 
239 3234 0.148667000 -0.329265000 0.00000000000000000000 1.00000000000000000000 2 0 8 214 215 216 238 240 262 263 264 
240 3235 0.128010000 -0.320936000 0.00000000000000000000 1.00000000000000000000 2 0 8 215 216 217 239 241 263 264 265 
241 3236 0.107911000 -0.312066000 0.00000000000000000000 1.00000000000000000000 2 0 8 216 217 218 240 242 264 265 266 
242 3237 0.088402300 -0.302666000 0.00000000000000000000 1.00000000000000000000 2 0 8 217 218 219 241 243 265 266 267 
243 3238 0.069516400 -0.292751000 0.00000000000000000000 1.00000000000000000000 2 0 8 218 219 220 242 244 266 267 268 
244 3239 0.051284400 -0.282336000 0.00000000000000000000 1.00000000000000000000 2 0 8 219 220 221 243 245 267 268 269 
245 3240 0.033736400 -0.271436000 0.00000000000000000000 1.00000000000000000000 2 0 8 220 221 222 244 246 268 269 270 
246 3241 0.016901500 -0.260068000 0.00000000000000000000 1.00000000000000000000 2 0 8 221 222 223 245 247 269 270 271 
247 3242 0.000807704 -0.248251000 0.00000000000000000000 1.00000000000000000000 2 0 8 222 223 224 246 248 270 271 272 
248 3243 -0.014518200 -0.236002000 0.00000000000000000000 1.00000000000000000000 2 0 8 223 224 225 247 249 271 272 273 
249 3244 -0.029050500 -0.223343000 0.00000000000000000000 1.00000000000000000000 2 0 8 224 225 226 248 250 272 273 274 
250 3245 -0.042765000 -0.210293000 0.00000000000000000000 1.00000000000000000000 2 0 8 225 226 227 249 251 273 274 275 
251 3246 -0.055638400 -0.196874000 0.00000000000000000000 1.00000000000000000000 2 0 8 226 227 228 250 252 274 275 276 
252 3247 -0.067649100 -0.183109000 0.00000000000000000000 1.00000000000000000000 2 0 8 227 228 229 251 253 275 276 277 
253 3248 -0.078776700 -0.169021000 0.00000000000000000000 1.00000000000000000000 2 0 8 228 229 230 252 254 276 277 278 
254 3249 -0.089002200 -0.154633000 0.00000000000000000000 1.00000000000000000000 2 0 8 229 230 231 253 255 277 278 279 
255 3250 -0.098308200 -0.139970000 0.00000000000000000000 1.00000000000000000000 2 0 8 230 231 622 254 624 278 279 626 
256 3251 0.298396000 -0.408347000 0.00000000000000000000 1.00000000000000000000 2 0 8 623 232 233 625 257 627 280 281 
257 3252 0.273896000 -0.403563000 0.00000000000000000000 1.00000000000000000000 2 0 8 232 233 234 256 258 280 281 282 
258 3253 0.249714000 -0.398123000 0.00000000000000000000 1.00000000000000000000 2 0 8 233 234 235 257 259 281 282 283 
259 3254 0.225891000 -0.392034000 0.00000000000000000000 1.00000000000000000000 2 0 8 234 235 236 258 260 282 283 284 
260 3255 0.202465000 -0.385302000 0.00000000000000000000 1.00000000000000000000 2 0 8 235 236 237 259 261 283 284 285 
261 3256 0.179473000 -0.377936000 0.00000000000000000000 1.00000000000000000000 2 0 8 236 237 238 260 262 284 285 286 
262 3257 0.156952000 -0.369945000 0.00000000000000000000 1.00000000000000000000 2 0 8 237 238 239 261 263 285 286 287 
263 3258 0.134940000 -0.361340000 0.00000000000000000000 1.00000000000000000000 2 0 8 238 239 240 262 264 286 287 288 
264 3259 0.113472000 -0.352133000 0.00000000000000000000 1.00000000000000000000 2 0 8 239 240 241 263 265 287 288 289 
265 3260 0.092584100 -0.342337000 0.00000000000000000000 1.00000000000000000000 2 0 8 240 241 242 264 266 288 289 290 
266 3261 0.072309300 -0.331965000 0.00000000000000000000 1.00000000000000000000 2 0 8 241 242 243 265 267 289 290 291 
267 3262 0.052681600 -0.321035000 0.00000000000000000000 1.00000000000000000000 2 0 8 242 243 244 266 268 290 291 292 
268 3263 0.033733300 -0.309560000 0.00000000000000000000 1.00000000000000000000 2 0 8 243 244 245 267 269 291 292 293 
269 3264 0.015495800 -0.297561000 0.00000000000000000000 1.00000000000000000000 2 0 8 244 245 246 268 270 292 293 294 
270 3265 -0.002000740 -0.285054000 0.00000000000000000000 1.00000000000000000000 2 0 8 245 246 247 269 271 293 294 295 
271 3266 -0.018727100 -0.272060000 0.00000000000000000000 1.00000000000000000000 2 0 8 246 247 248 270 272 294 295 296 
272 3267 -0.034655300 -0.258600000 0.00000000000000000000 1.00000000000000000000 2 0 8 247 248 249 271 273 295 296 297 
273 3268 -0.049758800 -0.244695000 0.00000000000000000000 1.00000000000000000000 2 0 8 248 249 250 272 274 296 297 298 
274 3269 -0.064012200 -0.230367000 0.00000000000000000000 1.00000000000000000000 2 0 8 249 250 251 273 275 297 298 299 
275 3270 -0.077391400 -0.215640000 0.00000000000000000000 1.00000000000000000000 2 0 8 250 251 252 274 276 298 299 300 
276 3271 -0.089873900 -0.200540000 0.00000000000000000000 1.00000000000000000000 2 0 8 251 252 253 275 277 299 300 301 
277 3272 -0.101438000 -0.185089000 0.00000000000000000000 1.00000000000000000000 2 0 8 252 253 254 276 278 300 301 302 
278 3273 -0.112065000 -0.169316000 0.00000000000000000000 1.00000000000000000000 2 0 8 253 254 255 277 279 301 302 303 
279 3274 -0.121736000 -0.153246000 0.00000000000000000000 1.00000000000000000000 2 0 8 254 255 624 278 626 302 303 628 
280 3275 0.290086000 -0.446653000 0.00000000000000000000 1.00000000000000000000 2 0 8 625 256 257 627 281 631 304 305 
281 3276 0.264575000 -0.441336000 0.00000000000000000000 1.00000000000000000000 2 0 8 256 257 258 280 282 304 305 306 
282 3277 0.239396000 -0.435306000 0.00000000000000000000 1.00000000000000000000 2 0 8 257 258 259 281 283 305 306 307 
283 3278 0.214590000 -0.428570000 0.00000000000000000000 1.00000000000000000000 2 0 8 258 259 260 282 284 306 307 308 
284 3279 0.190197000 -0.421136000 0.00000000000000000000 1.00000000000000000000 2 0 8 259 260 261 283 285 307 308 309 
285 3280 0.166256000 -0.413012000 0.00000000000000000000 1.00000000000000000000 2 0 8 260 261 262 284 286 308 309 310 
286 3281 0.142806000 -0.404211000 0.00000000000000000000 1.00000000000000000000 2 0 8 261 262 263 285 287 309 310 311 
287 3282 0.119886000 -0.394744000 0.00000000000000000000 1.00000000000000000000 2 0 8 262 263 264 286 288 310 311 312 
288 3283 0.097532000 -0.384623000 0.00000000000000000000 1.00000000000000000000 2 0 8 263 264 265 287 289 311 312 313 
289 3284 0.075781400 -0.373865000 0.00000000000000000000 1.00000000000000000000 2 0 8 264 265 266 288 290 312 313 314 
290 3285 0.054669800 -0.362483000 0.00000000000000000000 1.00000000000000000000 2 0 8 265 266 267 289 291 313 314 315 
291 3286 0.034231900 -0.350496000 0.00000000000000000000 1.00000000000000000000 2 0 8 266 267 268 290 292 314 315 316 
292 3287 0.014501500 -0.337921000 0.00000000000000000000 1.00000000000000000000 2 0 8 267 268 269 291 293 315 316 317 
293 3288 -0.004488700 -0.324777000 0.00000000000000000000 1.00000000000000000000 2 0 8 268 269 270 292 294 316 317 318 
294 3289 -0.022707200 -0.311086000 0.00000000000000000000 1.00000000000000000000 2 0 8 269 270 271 293 295 317 318 319 
295 3290 -0.040123700 -0.296867000 0.00000000000000000000 1.00000000000000000000 2 0 8 270 271 272 294 296 318 319 320 
296 3291 -0.056709100 -0.282145000 0.00000000000000000000 1.00000000000000000000 2 0 8 271 272 273 295 297 319 320 321 
297 3292 -0.072435600 -0.266943000 0.00000000000000000000 1.00000000000000000000 2 0 8 272 273 274 296 298 320 321 322 
298 3293 -0.087276700 -0.251285000 0.00000000000000000000 1.00000000000000000000 2 0 8 273 274 275 297 299 321 322 323 
299 3294 -0.101207000 -0.235197000 0.00000000000000000000 1.00000000000000000000 2 0 8 274 275 276 298 300 322 323 324 
300 3295 -0.114204000 -0.218705000 0.00000000000000000000 1.00000000000000000000 2 0 8 275 276 277 299 301 323 324 325 
301 3296 -0.126245000 -0.201837000 0.00000000000000000000 1.00000000000000000000 2 0 8 276 277 278 300 302 324 325 326 
302 3297 -0.137309000 -0.184620000 0.00000000000000000000 1.00000000000000000000 2 0 8 277 278 279 301 303 325 326 327 
303 3298 -0.147378000 -0.167085000 0.00000000000000000000 1.00000000000000000000 2 0 8 278 279 626 302 628 326 327 328 
304 3299 0.280999000 -0.486606000 0.00000000000000000000 1.00000000000000000000 2 0 8 627 280 281 631 305 329 330 331 
305 3300 0.254385000 -0.480736000 0.00000000000000000000 1.00000000000000000000 2 0 8 280 281 282 304 306 330 331 332 
306 3301 0.228119000 -0.474093000 0.00000000000000000000 1.00000000000000000000 2 0 8 281 282 283 305 307 331 332 333 
307 3302 0.202241000 -0.466684000 0.00000000000000000000 1.00000000000000000000 2 0 8 282 283 284 306 308 332 333 334 
308 3303 0.176794000 -0.458519000 0.00000000000000000000 1.00000000000000000000 2 0 8 283 284 285 307 309 333 334 335 
309 3304 0.151820000 -0.449608000 0.00000000000000000000 1.00000000000000000000 2 0 8 284 285 286 308 310 334 335 336 
310 3305 0.127357000 -0.439963000 0.00000000000000000000 1.00000000000000000000 2 0 8 285 286 287 309 311 335 336 337 
311 3306 0.103447000 -0.429597000 0.00000000000000000000 1.00000000000000000000 2 0 8 286 287 288 310 312 336 337 338 
312 3307 0.080128500 -0.418526000 0.00000000000000000000 1.00000000000000000000 2 0 8 287 288 289 311 313 337 338 339 
313 3308 0.057439200 -0.406764000 0.00000000000000000000 1.00000000000000000000 2 0 8 288 289 290 312 314 338 339 340 
314 3309 0.035416700 -0.394330000 0.00000000000000000000 1.00000000000000000000 2 0 8 289 290 291 313 315 339 340 341 
315 3310 0.014097100 -0.381242000 0.00000000000000000000 1.00000000000000000000 2 0 8 290 291 292 314 316 340 341 342 
316 3311 -0.006484230 -0.367519000 0.00000000000000000000 1.00000000000000000000 2 0 8 291 292 293 315 317 341 342 343 
317 3312 -0.026293300 -0.353183000 0.00000000000000000000 1.00000000000000000000 2 0 8 292 293 294 316 318 342 343 344 
318 3313 -0.045297200 -0.338256000 0.00000000000000000000 1.00000000000000000000 2 0 8 293 294 295 317 319 343 344 345 
319 3314 -0.063464300 -0.322761000 0.00000000000000000000 1.00000000000000000000 2 0 8 294 295 296 318 320 344 345 346 
320 3315 -0.080764100 -0.306724000 0.00000000000000000000 1.00000000000000000000 2 0 8 295 296 297 319 321 345 346 347 
321 3316 -0.097167900 -0.290168000 0.00000000000000000000 1.00000000000000000000 2 0 8 296 297 298 320 322 346 347 348 
322 3317 -0.112648000 -0.273122000 0.00000000000000000000 1.00000000000000000000 2 0 8 297 298 299 321 323 347 348 349 
323 3318 -0.127178000 -0.255614000 0.00000000000000000000 1.00000000000000000000 2 0 8 298 299 300 322 324 348 349 350 
324 3319 -0.140734000 -0.237670000 0.00000000000000000000 1.00000000000000000000 2 0 8 299 300 301 323 325 349 350 351 
325 3320 -0.153292000 -0.219322000 0.00000000000000000000 1.00000000000000000000 2 0 8 300 301 302 324 326 350 351 352 
326 3321 -0.164832000 -0.200600000 0.00000000000000000000 1.00000000000000000000 2 0 8 301 302 303 325 327 351 352 353 
327 3322 -0.175334000 -0.181535000 0.00000000000000000000 1.00000000000000000000 2 0 8 302 303 628 326 328 352 353 354 
328 3323 -0.184779000 -0.162159000 0.00000000000000000000 1.00000000000000000000 2 0 8 303 628 629 327 632 353 354 355 
329 3324 0.299231000 -0.533956000 0.00000000000000000000 1.00000000000000000000 2 0 8 630 631 304 635 330 356 357 358 
330 3325 0.271101000 -0.528353000 0.00000000000000000000 1.00000000000000000000 2 0 8 631 304 305 329 331 357 358 359 
331 3326 0.243289000 -0.521907000 0.00000000000000000000 1.00000000000000000000 2 0 8 304 305 306 330 332 358 359 360 
332 3327 0.215840000 -0.514625000 0.00000000000000000000 1.00000000000000000000 2 0 8 305 306 307 331 333 359 360 361 
333 3328 0.188798000 -0.506515000 0.00000000000000000000 1.00000000000000000000 2 0 8 306 307 308 332 334 360 361 362 
334 3329 0.162207000 -0.497588000 0.00000000000000000000 1.00000000000000000000 2 0 8 307 308 309 333 335 361 362 363 
335 3330 0.136109000 -0.487855000 0.00000000000000000000 1.00000000000000000000 2 0 8 308 309 310 334 336 362 363 364 
336 3331 0.110547000 -0.477330000 0.00000000000000000000 1.00000000000000000000 2 0 8 309 310 311 335 337 363 364 365 
337 3332 0.085562400 -0.466028000 0.00000000000000000000 1.00000000000000000000 2 0 8 310 311 312 336 338 364 365 366 
338 3333 0.061196200 -0.453964000 0.00000000000000000000 1.00000000000000000000 2 0 8 311 312 313 337 339 365 366 367 
339 3334 0.037488100 -0.441156000 0.00000000000000000000 1.00000000000000000000 2 0 8 312 313 314 338 340 366 367 368 
340 3335 0.014477000 -0.427623000 0.00000000000000000000 1.00000000000000000000 2 0 8 313 314 315 339 341 367 368 369 
341 3336 -0.007799180 -0.413385000 0.00000000000000000000 1.00000000000000000000 2 0 8 314 315 316 340 342 368 369 370 
342 3337 -0.029303700 -0.398464000 0.00000000000000000000 1.00000000000000000000 2 0 8 315 316 317 341 343 369 370 371 
343 3338 -0.050001000 -0.382882000 0.00000000000000000000 1.00000000000000000000 2 0 8 316 317 318 342 344 370 371 372 
344 3339 -0.069856600 -0.366665000 0.00000000000000000000 1.00000000000000000000 2 0 8 317 318 319 343 345 371 372 373 
345 3340 -0.088837600 -0.349836000 0.00000000000000000000 1.00000000000000000000 2 0 8 318 319 320 344 346 372 373 374 
346 3341 -0.106912000 -0.332424000 0.00000000000000000000 1.00000000000000000000 2 0 8 319 320 321 345 347 373 374 375 
347 3342 -0.124050000 -0.314455000 0.00000000000000000000 1.00000000000000000000 2 0 8 320 321 322 346 348 374 375 376 
348 3343 -0.140223000 -0.295959000 0.00000000000000000000 1.00000000000000000000 2 0 8 321 322 323 347 349 375 376 377 
349 3344 -0.155403000 -0.276965000 0.00000000000000000000 1.00000000000000000000 2 0 8 322 323 324 348 350 376 377 378 
350 3345 -0.169565000 -0.257505000 0.00000000000000000000 1.00000000000000000000 2 0 8 323 324 325 349 351 377 378 379 
351 3346 -0.182684000 -0.237610000 0.00000000000000000000 1.00000000000000000000 2 0 8 324 325 326 350 352 378 379 380 
352 3347 -0.194740000 -0.217313000 0.00000000000000000000 1.00000000000000000000 2 0 8 325 326 327 351 353 379 380 381 
353 3348 -0.205710000 -0.196648000 0.00000000000000000000 1.00000000000000000000 2 0 8 326 327 328 352 354 380 381 382 
354 3349 -0.215577000 -0.175650000 0.00000000000000000000 1.00000000000000000000 2 0 8 327 328 632 353 355 381 382 383 
355 3350 -0.224323000 -0.154353000 0.00000000000000000000 1.00000000000000000000 2 0 8 328 632 633 354 636 382 383 639 
356 3351 0.319533000 -0.583404000 0.00000000000000000000 1.00000000000000000000 2 0 8 634 635 329 638 357 384 385 386 
357 3352 0.289801000 -0.578185000 0.00000000000000000000 1.00000000000000000000 2 0 8 635 329 330 356 358 385 386 387 
358 3353 0.260356000 -0.572048000 0.00000000000000000000 1.00000000000000000000 2 0 8 329 330 331 357 359 386 387 388 
359 3354 0.231245000 -0.565001000 0.00000000000000000000 1.00000000000000000000 2 0 8 330 331 332 358 360 387 388 389 
360 3355 0.202515000 -0.557052000 0.00000000000000000000 1.00000000000000000000 2 0 8 331 332 333 359 361 388 389 390 
361 3356 0.174211000 -0.548210000 0.00000000000000000000 1.00000000000000000000 2 0 8 332 333 334 360 362 389 390 391 
362 3357 0.146379000 -0.538487000 0.00000000000000000000 1.00000000000000000000 2 0 8 333 334 335 361 363 390 391 392 
363 3358 0.119065000 -0.527896000 0.00000000000000000000 1.00000000000000000000 2 0 8 334 335 336 362 364 391 392 393 
364 3359 0.092312100 -0.516451000 0.00000000000000000000 1.00000000000000000000 2 0 8 335 336 337 363 365 392 393 394 
365 3360 0.066164200 -0.504169000 0.00000000000000000000 1.00000000000000000000 2 0 8 336 337 338 364 366 393 394 395 
366 3361 0.040663900 -0.491067000 0.00000000000000000000 1.00000000000000000000 2 0 8 337 338 339 365 367 394 395 396 
367 3362 0.015852900 -0.477165000 0.00000000000000000000 1.00000000000000000000 2 0 8 338 339 340 366 368 395 396 397 
368 3363 -0.008228210 -0.462483000 0.00000000000000000000 1.00000000000000000000 2 0 8 339 340 341 367 369 396 397 398 
369 3364 -0.031539700 -0.447042000 0.00000000000000000000 1.00000000000000000000 2 0 8 340 341 342 368 370 397 398 399 
370 3365 -0.054043200 -0.430867000 0.00000000000000000000 1.00000000000000000000 2 0 8 341 342 343 369 371 398 399 400 
371 3366 -0.075701500 -0.413983000 0.00000000000000000000 1.00000000000000000000 2 0 8 342 343 344 370 372 399 400 401 
372 3367 -0.096478600 -0.396415000 0.00000000000000000000 1.00000000000000000000 2 0 8 343 344 345 371 373 400 401 402 
373 3368 -0.116340000 -0.378191000 0.00000000000000000000 1.00000000000000000000 2 0 8 344 345 346 372 374 401 402 403 
374 3369 -0.135253000 -0.359339000 0.00000000000000000000 1.00000000000000000000 2 0 8 345 346 347 373 375 402 403 404 
375 3370 -0.153185000 -0.339891000 0.00000000000000000000 1.00000000000000000000 2 0 8 346 347 348 374 376 403 404 405 
376 3371 -0.170106000 -0.319877000 0.00000000000000000000 1.00000000000000000000 2 0 8 347 348 349 375 377 404 405 406 
377 3372 -0.185989000 -0.299328000 0.00000000000000000000 1.00000000000000000000 2 0 8 348 349 350 376 378 405 406 407 
378 3373 -0.200806000 -0.278280000 0.00000000000000000000 1.00000000000000000000 2 0 8 349 350 351 377 379 406 407 408 
379 3374 -0.214533000 -0.256765000 0.00000000000000000000 1.00000000000000000000 2 0 8 350 351 352 378 380 407 408 409 
380 3375 -0.227145000 -0.234820000 0.00000000000000000000 1.00000000000000000000 2 0 8 351 352 353 379 381 408 409 410 
381 3376 -0.238623000 -0.212480000 0.00000000000000000000 1.00000000000000000000 2 0 8 352 353 354 380 382 409 410 411 
382 3377 -0.248945000 -0.189783000 0.00000000000000000000 1.00000000000000000000 2 0 8 353 354 355 381 383 410 411 641 
383 3378 -0.258095000 -0.166766000 0.00000000000000000000 1.00000000000000000000 2 0 8 354 355 636 382 639 411 641 642 
384 3379 0.342179000 -0.634965000 0.00000000000000000000 1.00000000000000000000 2 0 8 637 638 356 640 385 643 412 413 
385 3380 0.310758000 -0.630254000 0.00000000000000000000 1.00000000000000000000 2 0 8 638 356 357 384 386 412 413 414 
386 3381 0.279590000 -0.624547000 0.00000000000000000000 1.00000000000000000000 2 0 8 356 357 358 385 387 413 414 415 
387 3382 0.248724000 -0.617853000 0.00000000000000000000 1.00000000000000000000 2 0 8 357 358 359 386 388 414 415 416 
388 3383 0.218208000 -0.610177000 0.00000000000000000000 1.00000000000000000000 2 0 8 358 359 360 387 389 415 416 417 
389 3384 0.188092000 -0.601530000 0.00000000000000000000 1.00000000000000000000 2 0 8 359 360 361 388 390 416 417 418 
390 3385 0.158425000 -0.591922000 0.00000000000000000000 1.00000000000000000000 2 0 8 360 361 362 389 391 417 418 419 
391 3386 0.129253000 -0.581366000 0.00000000000000000000 1.00000000000000000000 2 0 8 361 362 363 390 392 418 419 420 
392 3387 0.100624000 -0.569876000 0.00000000000000000000 1.00000000000000000000 2 0 8 362 363 364 391 393 419 420 421 
393 3388 0.072584500 -0.557468000 0.00000000000000000000 1.00000000000000000000 2 0 8 363 364 365 392 394 420 421 422 
394 3389 0.045179700 -0.544161000 0.00000000000000000000 1.00000000000000000000 2 0 8 364 365 366 393 395 421 422 423 
395 3390 0.018454400 -0.529972000 0.00000000000000000000 1.00000000000000000000 2 0 8 365 366 367 394 396 422 423 424 
396 3391 -0.007547910 -0.514924000 0.00000000000000000000 1.00000000000000000000 2 0 8 366 367 368 395 397 423 424 425 
397 3392 -0.032784500 -0.499037000 0.00000000000000000000 1.00000000000000000000 2 0 8 367 368 369 396 398 424 425 426 
398 3393 -0.057214000 -0.482337000 0.00000000000000000000 1.00000000000000000000 2 0 8 368 369 370 397 399 425 426 427 
399 3394 -0.080796100 -0.464849000 0.00000000000000000000 1.00000000000000000000 2 0 8 369 370 371 398 400 426 427 428 
400 3395 -0.103492000 -0.446598000 0.00000000000000000000 1.00000000000000000000 2 0 8 370 371 372 399 401 427 428 429 
401 3396 -0.125264000 -0.427615000 0.00000000000000000000 1.00000000000000000000 2 0 8 371 372 373 400 402 428 429 430 
402 3397 -0.146075000 -0.407928000 0.00000000000000000000 1.00000000000000000000 2 0 8 372 373 374 401 403 429 430 431 
403 3398 -0.165893000 -0.387569000 0.00000000000000000000 1.00000000000000000000 2 0 8 373 374 375 402 404 430 431 432 
404 3399 -0.184682000 -0.366569000 0.00000000000000000000 1.00000000000000000000 2 0 8 374 375 376 403 405 431 432 433 
405 3400 -0.202412000 -0.344963000 0.00000000000000000000 1.00000000000000000000 2 0 8 375 376 377 404 406 432 433 434 
406 3401 -0.219053000 -0.322785000 0.00000000000000000000 1.00000000000000000000 2 0 8 376 377 378 405 407 433 434 435 
407 3402 -0.234578000 -0.300071000 0.00000000000000000000 1.00000000000000000000 2 0 8 377 378 379 406 408 434 435 436 
408 3403 -0.248959000 -0.276858000 0.00000000000000000000 1.00000000000000000000 2 0 8 378 379 380 407 409 435 436 437 
409 3404 -0.262173000 -0.253184000 0.00000000000000000000 1.00000000000000000000 2 0 8 379 380 381 408 410 436 437 438 
410 3405 -0.274197000 -0.229088000 0.00000000000000000000 1.00000000000000000000 2 0 8 380 381 382 409 411 437 438 439 
411 3406 -0.285011000 -0.204609000 0.00000000000000000000 1.00000000000000000000 2 0 8 381 382 383 410 641 438 439 644 
412 3407 0.334264000 -0.684576000 0.00000000000000000000 1.00000000000000000000 2 0 8 640 384 385 643 413 645 440 441 
413 3408 0.301279000 -0.679430000 0.00000000000000000000 1.00000000000000000000 2 0 8 384 385 386 412 414 440 441 442 
414 3409 0.268561000 -0.673214000 0.00000000000000000000 1.00000000000000000000 2 0 8 385 386 387 413 415 441 442 443 
415 3410 0.236161000 -0.665935000 0.00000000000000000000 1.00000000000000000000 2 0 8 386 387 388 414 416 442 443 444 
416 3411 0.204130000 -0.657601000 0.00000000000000000000 1.00000000000000000000 2 0 8 387 388 389 415 417 443 444 445 
417 3412 0.172520000 -0.648222000 0.00000000000000000000 1.00000000000000000000 2 0 8 388 389 390 416 418 444 445 446 
418 3413 0.141381000 -0.637812000 0.00000000000000000000 1.00000000000000000000 2 0 8 389 390 391 417 419 445 446 447 
419 3414 0.110764000 -0.626383000 0.00000000000000000000 1.00000000000000000000 2 0 8 390 391 392 418 420 446 447 448 
420 3415 0.080717300 -0.613951000 0.00000000000000000000 1.00000000000000000000 2 0 8 391 392 393 419 421 447 448 449 
421 3416 0.051290200 -0.600534000 0.00000000000000000000 1.00000000000000000000 2 0 8 392 393 394 420 422 448 449 450 
422 3417 0.022530300 -0.586150000 0.00000000000000000000 1.00000000000000000000 2 0 8 393 394 395 421 423 449 450 451 
423 3418 -0.005515720 -0.570822000 0.00000000000000000000 1.00000000000000000000 2 0 8 394 395 396 422 424 450 451 452 
424 3419 -0.032802100 -0.554571000 0.00000000000000000000 1.00000000000000000000 2 0 8 395 396 397 423 425 451 452 453 
425 3420 -0.059284200 -0.537421000 0.00000000000000000000 1.00000000000000000000 2 0 8 396 397 398 424 426 452 453 454 
426 3421 -0.084918500 -0.519399000 0.00000000000000000000 1.00000000000000000000 2 0 8 397 398 399 425 427 453 454 455 
427 3422 -0.109663000 -0.500532000 0.00000000000000000000 1.00000000000000000000 2 0 8 398 399 400 426 428 454 455 456 
428 3423 -0.133477000 -0.480849000 0.00000000000000000000 1.00000000000000000000 2 0 8 399 400 401 427 429 455 456 457 
429 3424 -0.156320000 -0.460380000 0.00000000000000000000 1.00000000000000000000 2 0 8 400 401 402 428 430 456 457 458 
430 3425 -0.178156000 -0.439158000 0.00000000000000000000 1.00000000000000000000 2 0 8 401 402 403 429 431 457 458 459 
431 3426 -0.198948000 -0.417215000 0.00000000000000000000 1.00000000000000000000 2 0 8 402 403 404 430 432 458 459 460 
432 3427 -0.218661000 -0.394587000 0.00000000000000000000 1.00000000000000000000 2 0 8 403 404 405 431 433 459 460 461 
433 3428 -0.237262000 -0.371310000 0.00000000000000000000 1.00000000000000000000 2 0 8 404 405 406 432 434 460 461 462 
434 3429 -0.254720000 -0.347421000 0.00000000000000000000 1.00000000000000000000 2 0 8 405 406 407 433 435 461 462 463 
435 3430 -0.271006000 -0.322959000 0.00000000000000000000 1.00000000000000000000 2 0 8 406 407 408 434 436 462 463 464 
436 3431 -0.286092000 -0.297962000 0.00000000000000000000 1.00000000000000000000 2 0 8 407 408 409 435 437 463 464 465 
437 3432 -0.299954000 -0.272473000 0.00000000000000000000 1.00000000000000000000 2 0 8 408 409 410 436 438 464 465 466 
438 3433 -0.312567000 -0.246532000 0.00000000000000000000 1.00000000000000000000 2 0 8 409 410 411 437 439 465 466 467 
439 3434 -0.323911000 -0.220182000 0.00000000000000000000 1.00000000000000000000 2 0 8 410 411 641 438 644 466 467 646 
440 3435 0.325729000 -0.736718000 0.00000000000000000000 1.00000000000000000000 2 0 8 643 412 413 645 441 647 468 469 
441 3436 0.291060000 -0.731117000 0.00000000000000000000 1.00000000000000000000 2 0 8 412 413 414 440 442 468 469 470 
442 3437 0.256672000 -0.724366000 0.00000000000000000000 1.00000000000000000000 2 0 8 413 414 415 441 443 469 470 471 
443 3438 0.222620000 -0.716473000 0.00000000000000000000 1.00000000000000000000 2 0 8 414 415 416 442 444 470 471 472 
444 3439 0.188958000 -0.707449000 0.00000000000000000000 1.00000000000000000000 2 0 8 415 416 417 443 445 471 472 473 
445 3440 0.155738000 -0.697303000 0.00000000000000000000 1.00000000000000000000 2 0 8 416 417 418 444 446 472 473 474 
446 3441 0.123016000 -0.686050000 0.00000000000000000000 1.00000000000000000000 2 0 8 417 418 419 445 447 473 474 475 
447 3442 0.090842400 -0.673704000 0.00000000000000000000 1.00000000000000000000 2 0 8 418 419 420 446 448 474 475 476 
448 3443 0.059270000 -0.660283000 0.00000000000000000000 1.00000000000000000000 2 0 8 419 420 421 447 449 475 476 477 
449 3444 0.028349600 -0.645805000 0.00000000000000000000 1.00000000000000000000 2 0 8 420 421 422 448 450 476 477 478 
450 3445 -0.001868850 -0.630292000 0.00000000000000000000 1.00000000000000000000 2 0 8 421 422 423 449 451 477 478 479 
451 3446 -0.031336200 -0.613766000 0.00000000000000000000 1.00000000000000000000 2 0 8 422 423 424 450 452 478 479 480 
452 3447 -0.060004300 -0.596252000 0.00000000000000000000 1.00000000000000000000 2 0 8 423 424 425 451 453 479 480 481 
453 3448 -0.087826600 -0.577775000 0.00000000000000000000 1.00000000000000000000 2 0 8 424 425 426 452 454 480 481 482 
454 3449 -0.114757000 -0.558364000 0.00000000000000000000 1.00000000000000000000 2 0 8 425 426 427 453 455 481 482 483 
455 3450 -0.140752000 -0.538049000 0.00000000000000000000 1.00000000000000000000 2 0 8 426 427 428 454 456 482 483 484 
456 3451 -0.165769000 -0.516859000 0.00000000000000000000 1.00000000000000000000 2 0 8 427 428 429 455 457 483 484 485 
457 3452 -0.189766000 -0.494830000 0.00000000000000000000 1.00000000000000000000 2 0 8 428 429 430 456 458 484 485 486 
458 3453 -0.212703000 -0.471994000 0.00000000000000000000 1.00000000000000000000 2 0 8 429 430 431 457 459 485 486 487 
459 3454 -0.234543000 -0.448387000 0.00000000000000000000 1.00000000000000000000 2 0 8 430 431 432 458 460 486 487 488 
460 3455 -0.255249000 -0.424048000 0.00000000000000000000 1.00000000000000000000 2 0 8 431 432 433 459 461 487 488 489 
461 3456 -0.274786000 -0.399014000 0.00000000000000000000 1.00000000000000000000 2 0 8 432 433 434 460 462 488 489 490 
462 3457 -0.293123000 -0.373327000 0.00000000000000000000 1.00000000000000000000 2 0 8 433 434 435 461 463 489 490 491 
463 3458 -0.310228000 -0.347026000 0.00000000000000000000 1.00000000000000000000 2 0 8 434 435 436 462 464 490 491 492 
464 3459 -0.326074000 -0.320155000 0.00000000000000000000 1.00000000000000000000 2 0 8 435 436 437 463 465 491 492 493 
465 3460 -0.340632000 -0.292756000 0.00000000000000000000 1.00000000000000000000 2 0 8 436 437 438 464 466 492 493 494 
466 3461 -0.353879000 -0.264876000 0.00000000000000000000 1.00000000000000000000 2 0 8 437 438 439 465 467 493 494 495 
467 3462 -0.365792000 -0.236558000 0.00000000000000000000 1.00000000000000000000 2 0 8 438 439 644 466 646 494 495 648 
468 3463 0.316544000 -0.791582000 0.00000000000000000000 1.00000000000000000000 2 0 8 645 440 441 647 469 649 496 497 
469 3464 0.280064000 -0.785503000 0.00000000000000000000 1.00000000000000000000 2 0 8 440 441 442 468 470 496 497 498 
470 3465 0.243881000 -0.778192000 0.00000000000000000000 1.00000000000000000000 2 0 8 441 442 443 469 471 497 498 499 
471 3466 0.208052000 -0.769655000 0.00000000000000000000 1.00000000000000000000 2 0 8 442 443 444 470 472 498 499 500 
472 3467 0.172635000 -0.759904000 0.00000000000000000000 1.00000000000000000000 2 0 8 443 444 445 471 473 499 500 501 
473 3468 0.137686000 -0.748952000 0.00000000000000000000 1.00000000000000000000 2 0 8 444 445 446 472 474 500 501 502 
474 3469 0.103261000 -0.736813000 0.00000000000000000000 1.00000000000000000000 2 0 8 445 446 447 473 475 501 502 503 
475 3470 0.069414800 -0.723504000 0.00000000000000000000 1.00000000000000000000 2 0 8 446 447 448 474 476 502 503 504 
476 3471 0.036202300 -0.709043000 0.00000000000000000000 1.00000000000000000000 2 0 8 447 448 449 475 477 503 504 505 
477 3472 0.003676800 -0.693450000 0.00000000000000000000 1.00000000000000000000 2 0 8 448 449 450 476 478 504 505 506 
478 3473 -0.028109000 -0.676749000 0.00000000000000000000 1.00000000000000000000 2 0 8 449 450 451 477 479 505 506 507 
479 3474 -0.059103600 -0.658964000 0.00000000000000000000 1.00000000000000000000 2 0 8 450 451 452 478 480 506 507 508 
480 3475 -0.089256500 -0.640121000 0.00000000000000000000 1.00000000000000000000 2 0 8 451 452 453 479 481 507 508 509 
481 3476 -0.118519000 -0.620248000 0.00000000000000000000 1.00000000000000000000 2 0 8 452 453 454 480 482 508 509 510 
482 3477 -0.146842000 -0.599376000 0.00000000000000000000 1.00000000000000000000 2 0 8 453 454 455 481 483 509 510 511 
483 3478 -0.174181000 -0.577537000 0.00000000000000000000 1.00000000000000000000 2 0 8 454 455 456 482 484 510 511 512 
484 3479 -0.200489000 -0.554763000 0.00000000000000000000 1.00000000000000000000 2 0 8 455 456 457 483 485 511 512 513 
485 3480 -0.225725000 -0.531091000 0.00000000000000000000 1.00000000000000000000 2 0 8 456 457 458 484 486 512 513 514 
486 3481 -0.249845000 -0.506557000 0.00000000000000000000 1.00000000000000000000 2 0 8 457 458 459 485 487 513 514 515 
487 3482 -0.272811000 -0.481200000 0.00000000000000000000 1.00000000000000000000 2 0 8 458 459 460 486 488 514 515 516 
488 3483 -0.294584000 -0.455059000 0.00000000000000000000 1.00000000000000000000 2 0 8 459 460 461 487 489 515 516 517 
489 3484 -0.315127000 -0.428177000 0.00000000000000000000 1.00000000000000000000 2 0 8 460 461 462 488 490 516 517 518 
490 3485 -0.334408000 -0.400596000 0.00000000000000000000 1.00000000000000000000 2 0 8 461 462 463 489 491 517 518 519 
491 3486 -0.352393000 -0.372361000 0.00000000000000000000 1.00000000000000000000 2 0 8 462 463 464 490 492 518 519 520 
492 3487 -0.369053000 -0.343516000 0.00000000000000000000 1.00000000000000000000 2 0 8 463 464 465 491 493 519 520 521 
493 3488 -0.384359000 -0.314109000 0.00000000000000000000 1.00000000000000000000 2 0 8 464 465 466 492 494 520 521 522 
494 3489 -0.398287000 -0.284187000 0.00000000000000000000 1.00000000000000000000 2 0 8 465 466 467 493 495 521 522 523 
495 3490 -0.410812000 -0.253798000 0.00000000000000000000 1.00000000000000000000 2 0 8 466 467 646 494 648 522 523 650 
496 3491 0.306675000 -0.849374000 0.00000000000000000000 1.00000000000000000000 2 0 8 647 468 469 649 497 651 652 524 
497 3492 0.268249000 -0.842793000 0.00000000000000000000 1.00000000000000000000 2 0 8 468 469 470 496 498 652 524 525 
498 3493 0.230138000 -0.834890000 0.00000000000000000000 1.00000000000000000000 2 0 8 469 470 471 497 499 524 525 526 
499 3494 0.192402000 -0.825676000 0.00000000000000000000 1.00000000000000000000 2 0 8 470 471 472 498 500 525 526 527 
500 3495 0.155101000 -0.815162000 0.00000000000000000000 1.00000000000000000000 2 0 8 471 472 473 499 501 526 527 528 
501 3496 0.118295000 -0.803362000 0.00000000000000000000 1.00000000000000000000 2 0 8 472 473 474 500 502 527 528 529 
502 3497 0.082042400 -0.790291000 0.00000000000000000000 1.00000000000000000000 2 0 8 473 474 475 501 503 528 529 530 
503 3498 0.046400800 -0.775967000 0.00000000000000000000 1.00000000000000000000 2 0 8 474 475 476 502 504 529 530 531 
504 3499 0.011427900 -0.760411000 0.00000000000000000000 1.00000000000000000000 2 0 8 475 476 477 503 505 530 531 532 
505 3500 -0.022820200 -0.743645000 0.00000000000000000000 1.00000000000000000000 2 0 8 476 477 478 504 506 531 532 533 
506 3501 -0.056288200 -0.725693000 0.00000000000000000000 1.00000000000000000000 2 0 8 477 478 479 505 507 532 533 534 
507 3502 -0.088921800 -0.706582000 0.00000000000000000000 1.00000000000000000000 2 0 8 478 479 480 506 508 533 534 535 
508 3503 -0.120668000 -0.686339000 0.00000000000000000000 1.00000000000000000000 2 0 8 479 480 481 507 509 534 535 536 
509 3504 -0.151475000 -0.664997000 0.00000000000000000000 1.00000000000000000000 2 0 8 480 481 482 508 510 535 536 537 
510 3505 -0.181293000 -0.642586000 0.00000000000000000000 1.00000000000000000000 2 0 8 481 482 483 509 511 536 537 538 
511 3506 -0.210073000 -0.619142000 0.00000000000000000000 1.00000000000000000000 2 0 8 482 483 484 510 512 537 538 539 
512 3507 -0.237768000 -0.594699000 0.00000000000000000000 1.00000000000000000000 2 0 8 483 484 485 511 513 538 539 540 
513 3508 -0.264332000 -0.569297000 0.00000000000000000000 1.00000000000000000000 2 0 8 484 485 486 512 514 539 540 541 
514 3509 -0.289722000 -0.542975000 0.00000000000000000000 1.00000000000000000000 2 0 8 485 486 487 513 515 540 541 542 
515 3510 -0.313896000 -0.515773000 0.00000000000000000000 1.00000000000000000000 2 0 8 486 487 488 514 516 541 542 543 
516 3511 -0.336813000 -0.487735000 0.00000000000000000000 1.00000000000000000000 2 0 8 487 488 489 515 517 542 543 544 
517 3512 -0.358436000 -0.458906000 0.00000000000000000000 1.00000000000000000000 2 0 8 488 489 490 516 518 543 544 545 
518 3513 -0.378729000 -0.429331000 0.00000000000000000000 1.00000000000000000000 2 0 8 489 490 491 517 519 544 545 546 
519 3514 -0.397658000 -0.399057000 0.00000000000000000000 1.00000000000000000000 2 0 8 490 491 492 518 520 545 546 547 
520 3515 -0.415191000 -0.368133000 0.00000000000000000000 1.00000000000000000000 2 0 8 491 492 493 519 521 546 547 548 
521 3516 -0.431300000 -0.336609000 0.00000000000000000000 1.00000000000000000000 2 0 8 492 493 494 520 522 547 548 549 
522 3517 -0.445957000 -0.304536000 0.00000000000000000000 1.00000000000000000000 2 0 8 493 494 495 521 523 548 549 550 
523 3518 -0.459139000 -0.271965000 0.00000000000000000000 1.00000000000000000000 2 0 8 494 495 648 522 650 549 550 653 
524 3519 0.255571000 -0.903196000 0.00000000000000000000 1.00000000000000000000 2 0 8 496 497 498 652 525 654 655 656 
525 3520 0.215393000 -0.894673000 0.00000000000000000000 1.00000000000000000000 2 0 8 497 498 499 524 526 655 656 657 
526 3521 0.175612000 -0.884746000 0.00000000000000000000 1.00000000000000000000 2 0 8 498 499 500 525 527 656 657 658 
527 3522 0.136291000 -0.873427000 0.00000000000000000000 1.00000000000000000000 2 0 8 499 500 501 526 528 657 658 659 
528 3523 0.097493900 -0.860733000 0.00000000000000000000 1.00000000000000000000 2 0 8 500 501 502 527 529 658 659 660 
529 3524 0.059281300 -0.846680000 0.00000000000000000000 1.00000000000000000000 2 0 8 501 502 503 528 530 659 660 661 
530 3525 0.021714800 -0.831287000 0.00000000000000000000 1.00000000000000000000 2 0 8 502 503 504 529 531 660 661 662 
531 3526 -0.015145600 -0.814577000 0.00000000000000000000 1.00000000000000000000 2 0 8 503 504 505 530 532 661 662 663 
532 3527 -0.051240400 -0.796574000 0.00000000000000000000 1.00000000000000000000 2 0 8 504 505 506 531 533 662 663 664 
533 3528 -0.086511600 -0.777304000 0.00000000000000000000 1.00000000000000000000 2 0 8 505 506 507 532 534 663 664 551 
534 3529 -0.120902000 -0.756795000 0.00000000000000000000 1.00000000000000000000 2 0 8 506 507 508 533 535 664 551 552 
535 3530 -0.154356000 -0.735079000 0.00000000000000000000 1.00000000000000000000 2 0 8 507 508 509 534 536 551 552 553 
536 3531 -0.186820000 -0.712186000 0.00000000000000000000 1.00000000000000000000 2 0 8 508 509 510 535 537 552 553 554 
537 3532 -0.218239000 -0.688154000 0.00000000000000000000 1.00000000000000000000 2 0 8 509 510 511 536 538 553 554 555 
538 3533 -0.248564000 -0.663017000 0.00000000000000000000 1.00000000000000000000 2 0 8 510 511 512 537 539 554 555 556 
539 3534 -0.277745000 -0.636816000 0.00000000000000000000 1.00000000000000000000 2 0 8 511 512 513 538 540 555 556 557 
540 3535 -0.305733000 -0.609589000 0.00000000000000000000 1.00000000000000000000 2 0 8 512 513 514 539 541 556 557 558 
541 3536 -0.332483000 -0.581381000 0.00000000000000000000 1.00000000000000000000 2 0 8 513 514 515 540 542 557 558 559 
542 3537 -0.357951000 -0.552235000 0.00000000000000000000 1.00000000000000000000 2 0 8 514 515 516 541 543 558 559 560 
543 3538 -0.382095000 -0.522197000 0.00000000000000000000 1.00000000000000000000 2 0 8 515 516 517 542 544 559 560 561 
544 3539 -0.404874000 -0.491314000 0.00000000000000000000 1.00000000000000000000 2 0 8 516 517 518 543 545 560 561 562 
545 3540 -0.426252000 -0.459636000 0.00000000000000000000 1.00000000000000000000 2 0 8 517 518 519 544 546 561 562 563 
546 3541 -0.446192000 -0.427213000 0.00000000000000000000 1.00000000000000000000 2 0 8 518 519 520 545 547 562 563 564 
547 3542 -0.464662000 -0.394097000 0.00000000000000000000 1.00000000000000000000 2 0 8 519 520 521 546 548 563 564 565 
548 3543 -0.481631000 -0.360340000 0.00000000000000000000 1.00000000000000000000 2 0 8 520 521 522 547 549 564 565 566 
549 3544 -0.497070000 -0.325998000 0.00000000000000000000 1.00000000000000000000 2 0 8 521 522 523 548 550 565 566 567 
550 3545 -0.510954000 -0.291126000 0.00000000000000000000 1.00000000000000000000 2 0 8 522 523 650 549 653 566 567 665 
551 3546 -0.155164000 -0.809791000 0.00000000000000000000 1.00000000000000000000 2 0 8 533 534 535 664 552 666 667 668 
552 3547 -0.190447000 -0.786518000 0.00000000000000000000 1.00000000000000000000 2 0 8 534 535 536 551 553 667 668 669 
553 3548 -0.224684000 -0.761991000 0.00000000000000000000 1.00000000000000000000 2 0 8 535 536 537 552 554 668 669 568 
554 3549 -0.257819000 -0.736247000 0.00000000000000000000 1.00000000000000000000 2 0 8 536 537 538 553 555 669 568 569 
555 3550 -0.289798000 -0.709325000 0.00000000000000000000 1.00000000000000000000 2 0 8 537 538 539 554 556 568 569 570 
556 3551 -0.320569000 -0.681267000 0.00000000000000000000 1.00000000000000000000 2 0 8 538 539 540 555 557 569 570 571 
557 3552 -0.350082000 -0.652117000 0.00000000000000000000 1.00000000000000000000 2 0 8 539 540 541 556 558 570 571 572 
558 3553 -0.378289000 -0.621918000 0.00000000000000000000 1.00000000000000000000 2 0 8 540 541 542 557 559 571 572 573 
559 3554 -0.405142000 -0.590720000 0.00000000000000000000 1.00000000000000000000 2 0 8 541 542 543 558 560 572 573 574 
560 3555 -0.430599000 -0.558571000 0.00000000000000000000 1.00000000000000000000 2 0 8 542 543 544 559 561 573 574 575 
561 3556 -0.454616000 -0.525521000 0.00000000000000000000 1.00000000000000000000 2 0 8 543 544 545 560 562 574 575 576 
562 3557 -0.477155000 -0.491623000 0.00000000000000000000 1.00000000000000000000 2 0 8 544 545 546 561 563 575 576 577 
563 3558 -0.498178000 -0.456932000 0.00000000000000000000 1.00000000000000000000 2 0 8 545 546 547 562 564 576 577 578 
564 3559 -0.517650000 -0.421501000 0.00000000000000000000 1.00000000000000000000 2 0 8 546 547 548 563 565 577 578 579 
565 3560 -0.535539000 -0.385389000 0.00000000000000000000 1.00000000000000000000 2 0 8 547 548 549 564 566 578 579 580 
566 3561 -0.551816000 -0.348652000 0.00000000000000000000 1.00000000000000000000 2 0 8 548 549 550 565 567 579 580 670 
567 3562 -0.566453000 -0.311351000 0.00000000000000000000 1.00000000000000000000 2 0 8 549 550 653 566 665 580 670 671 
568 3563 -0.300178000 -0.787045000 0.00000000000000000000 1.00000000000000000000 2 0 8 553 554 555 669 569 672 673 581 
569 3564 -0.333927000 -0.758238000 0.00000000000000000000 1.00000000000000000000 2 0 8 554 555 556 568 570 673 581 582 
570 3565 -0.366400000 -0.728219000 0.00000000000000000000 1.00000000000000000000 2 0 8 555 556 557 569 571 581 582 583 
571 3566 -0.397544000 -0.697036000 0.00000000000000000000 1.00000000000000000000 2 0 8 556 557 558 570 572 582 583 584 
572 3567 -0.427309000 -0.664736000 0.00000000000000000000 1.00000000000000000000 2 0 8 557 558 559 571 573 583 584 585 
573 3568 -0.455645000 -0.631371000 0.00000000000000000000 1.00000000000000000000 2 0 8 558 559 560 572 574 584 585 586 
574 3569 -0.482505000 -0.596992000 0.00000000000000000000 1.00000000000000000000 2 0 8 559 560 561 573 575 585 586 587 
575 3570 -0.507847000 -0.561653000 0.00000000000000000000 1.00000000000000000000 2 0 8 560 561 562 574 576 586 587 588 
576 3571 -0.531628000 -0.525411000 0.00000000000000000000 1.00000000000000000000 2 0 8 561 562 563 575 577 587 588 589 
577 3572 -0.553809000 -0.488324000 0.00000000000000000000 1.00000000000000000000 2 0 8 562 563 564 576 578 588 589 590 
578 3573 -0.574354000 -0.450449000 0.00000000000000000000 1.00000000000000000000 2 0 8 563 564 565 577 579 589 590 591 
579 3574 -0.593228000 -0.411848000 0.00000000000000000000 1.00000000000000000000 2 0 8 564 565 566 578 580 590 591 674 
580 3575 -0.610400000 -0.372583000 0.00000000000000000000 1.00000000000000000000 2 0 8 565 566 567 579 670 591 674 675 
581 3576 -0.381118000 -0.809935000 0.00000000000000000000 1.00000000000000000000 2 0 8 568 569 570 673 582 676 677 592 
582 3577 -0.415410000 -0.777845000 0.00000000000000000000 1.00000000000000000000 2 0 8 569 570 571 581 583 677 592 593 
583 3578 -0.448297000 -0.744513000 0.00000000000000000000 1.00000000000000000000 2 0 8 570 571 572 582 584 592 593 594 
584 3579 -0.479727000 -0.709993000 0.00000000000000000000 1.00000000000000000000 2 0 8 571 572 573 583 585 593 594 595 
585 3580 -0.509647000 -0.674337000 0.00000000000000000000 1.00000000000000000000 2 0 8 572 573 574 584 586 594 595 596 
586 3581 -0.538009000 -0.637601000 0.00000000000000000000 1.00000000000000000000 2 0 8 573 574 575 585 587 595 596 597 
587 3582 -0.564766000 -0.599844000 0.00000000000000000000 1.00000000000000000000 2 0 8 574 575 576 586 588 596 597 598 
588 3583 -0.589875000 -0.561125000 0.00000000000000000000 1.00000000000000000000 2 0 8 575 576 577 587 589 597 598 599 
589 3584 -0.613294000 -0.521505000 0.00000000000000000000 1.00000000000000000000 2 0 8 576 577 578 588 590 598 599 600 
590 3585 -0.634984000 -0.481047000 0.00000000000000000000 1.00000000000000000000 2 0 8 577 578 579 589 591 599 600 678 
591 3586 -0.654911000 -0.439816000 0.00000000000000000000 1.00000000000000000000 2 0 8 578 579 580 590 674 600 678 679 
592 3587 -0.467780000 -0.830328000 0.00000000000000000000 1.00000000000000000000 2 0 8 581 582 583 677 593 680 681 682 
593 3588 -0.502530000 -0.794725000 0.00000000000000000000 1.00000000000000000000 2 0 8 582 583 584 592 594 681 682 683 
594 3589 -0.535738000 -0.757856000 0.00000000000000000000 1.00000000000000000000 2 0 8 583 584 585 593 595 682 683 684 
595 3590 -0.567351000 -0.719778000 0.00000000000000000000 1.00000000000000000000 2 0 8 584 585 586 594 596 683 684 685 
596 3591 -0.597317000 -0.680550000 0.00000000000000000000 1.00000000000000000000 2 0 8 585 586 587 595 597 684 685 686 
597 3592 -0.625586000 -0.640235000 0.00000000000000000000 1.00000000000000000000 2 0 8 586 587 588 596 598 685 686 687 
598 3593 -0.652113000 -0.598896000 0.00000000000000000000 1.00000000000000000000 2 0 8 587 588 589 597 599 686 687 688 
599 3594 -0.676854000 -0.556598000 0.00000000000000000000 1.00000000000000000000 2 0 8 588 589 590 598 600 687 688 689 
600 3595 -0.699768000 -0.513408000 0.00000000000000000000 1.00000000000000000000 2 0 8 589 590 591 599 678 688 689 690 
601 2422 0.36428 -0.058549 1 1
602 2423 0.345491 -0.0589882 1 1
603 4786 0.0309043 -0.0286429 1 1
604 2449 0.363238 -0.0873773 2 0
605 4825 0.0257098 -0.0386051 2 0
606 2476 0.361684 -0.116546 2 0
607 4864 0.0189149 -0.0487298 2 0
608 2503 0.359614 -0.146159 2 0
609 4903 0.0104872 -0.0590526 2 0
610 2530 0.357021 -0.176324 2 0
611 4942 0.000387454 -0.0696094 2 0
612 2557 0.353895 -0.20715 2 0
613 4981 -0.01143 -0.0804364 2 0
614 2584 0.350225 -0.238748 2 0
615 5020 -0.0250168 -0.0915709 2 0
616 2611 0.345998 -0.271233 2 0
617 5059 -0.0404308 -0.103051 2 0
618 5060 -0.0479808 -0.09211 2 0
619 2638 0.341198 -0.304723 2 0
620 5098 -0.0655334 -0.102698 2 0
621 2665 0.335808 -0.339341 2 0
622 5135 -0.0850732 -0.113668 2 0
623 2692 0.329809 -0.375213 2 0
624 5172 -0.106679 -0.125057 2 0
625 2719 0.323177 -0.412471 2 0
626 5209 -0.130435 -0.136908 2 0
627 2746 0.315889 -0.451251 2 0
628 5246 -0.156435 -0.14926 2 0
629 5247 -0.164463 -0.131176 2 0
630 2772 0.335096 -0.496002 2 0
631 2773 0.307917 -0.491696 2 0
632 5283 -0.193152 -0.142504 2 0
633 5284 -0.200438 -0.122604 2 0
634 2798 0.356268 -0.542607 2 0
635 2799 0.327635 -0.538708 2 0
636 5318 -0.231933 -0.132794 2 0
637 2822 0.379669 -0.591071 2 0
638 2823 0.349505 -0.5877 2 0
639 5381 -0.266057 -0.143468 2 0
640 2845 0.373802 -0.638678 2 0
641 5396 -0.294596 -0.179788 2 0
642 5397 -0.302937 -0.154666 2 0
643 2866 0.367462 -0.688647 2 0
644 5415 -0.333966 -0.193466 2 0
645 2886 0.360625 -0.741164 2 0
646 5447 -0.376352 -0.20785 2 0
647 2905 0.353265 -0.796422 2 0
648 5480 -0.421913 -0.222992 2 0
649 2923 0.345355 -0.854626 2 0
650 5514 -0.470822 -0.238949 2 0
651 2940 0.336866 -0.915993 2 0
652 3596 0.296083 -0.910306 2 0
653 5549 -0.52326 -0.255779 2 0
654 3598 0.284732 -0.974606 2 0
655 3599 0.241984 -0.966939 2 0
656 3600 0.199591 -0.957761 2 0
657 3601 0.157619 -0.947081 2 0
658 3602 0.116135 -0.934915 2 0
659 3603 0.0752044 -0.921278 2 0
660 3604 0.0348929 -0.906189 2 0
661 3605 -0.00473546 -0.88967 2 0
662 3606 -0.0436171 -0.871743 2 0
663 3607 -0.0816897 -0.852435 2 0
664 3608 -0.118892 -0.831774 2 0
665 6585 -0.579426 -0.273544 2 0
666 3621 -0.15355 -0.889305 2 0
667 3622 -0.191835 -0.865765 2 0
668 3623 -0.229075 -0.840849 2 0
669 3624 -0.265209 -0.814596 2 0
670 6586 -0.625841 -0.332715 2 0
671 6587 -0.639527 -0.29231 2 0
672 3641 -0.308546 -0.870195 2 0
673 3642 -0.345477 -0.840734 2 0
674 6589 -0.67304 -0.397877 2 0
675 6590 -0.689342 -0.355297 2 0
676 3663 -0.393883 -0.897514 2 0
677 3664 -0.431545 -0.864608 2 0
678 6594 -0.720819 -0.469395 2 0
679 6595 -0.73997 -0.424629 2 0
680 3687 -0.485397 -0.922461 2 0
681 3688 -0.523706 -0.885863 2 0
682 3689 -0.560445 -0.847857 2 0
683 3690 -0.595552 -0.808503 2 0
684 3691 -0.628972 -0.767862 2 0
685 3692 -0.660649 -0.725998 2 0
686 3693 -0.690533 -0.682976 2 0
687 3694 -0.718574 -0.638864 2 0
688 3695 -0.744726 -0.593732 2 0
689 3696 -0.768947 -0.547652 2 0
690 6601 -0.791197 -0.500695 2 0
