700 602 98
1 8381 0.180106000 1.540880000 0.00000000000000000000 1.00000000000000000000 2 0 8 603 604 605 625 2 20 21 22 
2 8382 0.243895000 1.551040000 0.00000000000000000000 1.00000000000000000000 2 0 8 604 605 606 1 3 21 22 23 
3 8383 0.308031000 1.558790000 0.00000000000000000000 1.00000000000000000000 2 0 8 605 606 607 2 4 22 23 24 
4 8384 0.372415000 1.564130000 0.00000000000000000000 1.00000000000000000000 2 0 8 606 607 608 3 5 23 24 25 
5 8385 0.436946000 1.567040000 0.00000000000000000000 1.00000000000000000000 2 0 8 607 608 609 4 6 24 25 26 
6 8386 0.501523000 1.567540000 0.00000000000000000000 1.00000000000000000000 2 0 8 608 609 610 5 7 25 26 27 
7 8387 0.566049000 1.565620000 0.00000000000000000000 1.00000000000000000000 2 0 8 609 610 611 6 8 26 27 28 
8 8388 0.630422000 1.561280000 0.00000000000000000000 1.00000000000000000000 2 0 8 610 611 612 7 9 27 28 29 
9 8389 0.694543000 1.554550000 0.00000000000000000000 1.00000000000000000000 2 0 8 611 612 613 8 10 28 29 30 
10 8390 0.758315000 1.545420000 0.00000000000000000000 1.00000000000000000000 2 0 8 612 613 614 9 11 29 30 31 
11 8391 0.821639000 1.533930000 0.00000000000000000000 1.00000000000000000000 2 0 8 613 614 615 10 12 30 31 32 
12 8392 0.884420000 1.520080000 0.00000000000000000000 1.00000000000000000000 2 0 8 614 615 616 11 13 31 32 33 
13 8393 0.946560000 1.503900000 0.00000000000000000000 1.00000000000000000000 2 0 8 615 616 617 12 14 32 33 34 
14 8394 1.007970000 1.485430000 0.00000000000000000000 1.00000000000000000000 2 0 8 616 617 618 13 15 33 34 35 
15 8395 1.068540000 1.464690000 0.00000000000000000000 1.00000000000000000000 2 0 8 617 618 619 14 16 34 35 36 
16 8396 1.128200000 1.441720000 0.00000000000000000000 1.00000000000000000000 2 0 8 618 619 620 15 17 35 36 37 
17 8397 1.186850000 1.416550000 0.00000000000000000000 1.00000000000000000000 2 0 8 619 620 621 16 18 36 37 38 
18 8398 1.244410000 1.389230000 0.00000000000000000000 1.00000000000000000000 2 0 8 620 621 622 17 19 37 38 39 
19 8399 1.300780000 1.359800000 0.00000000000000000000 1.00000000000000000000 2 0 8 621 622 623 18 626 38 39 629 
20 8400 0.093758900 1.628550000 0.00000000000000000000 1.00000000000000000000 2 0 8 624 625 1 628 21 40 41 42 
21 8401 0.160882000 1.641970000 0.00000000000000000000 1.00000000000000000000 2 0 8 625 1 2 20 22 41 42 43 
22 8402 0.228480000 1.652840000 0.00000000000000000000 1.00000000000000000000 2 0 8 1 2 3 21 23 42 43 44 
23 8403 0.296450000 1.661150000 0.00000000000000000000 1.00000000000000000000 2 0 8 2 3 4 22 24 43 44 45 
24 8404 0.364685000 1.666890000 0.00000000000000000000 1.00000000000000000000 2 0 8 3 4 5 23 25 44 45 46 
25 8405 0.433079000 1.670050000 0.00000000000000000000 1.00000000000000000000 2 0 8 4 5 6 24 26 45 46 47 
26 8406 0.501525000 1.670630000 0.00000000000000000000 1.00000000000000000000 2 0 8 5 6 7 25 27 46 47 48 
27 8407 0.569920000 1.668640000 0.00000000000000000000 1.00000000000000000000 2 0 8 6 7 8 26 28 47 48 49 
28 8408 0.638155000 1.664070000 0.00000000000000000000 1.00000000000000000000 2 0 8 7 8 9 27 29 48 49 50 
29 8409 0.706128000 1.656940000 0.00000000000000000000 1.00000000000000000000 2 0 8 8 9 10 28 30 49 50 51 
30 8410 0.773733000 1.647260000 0.00000000000000000000 1.00000000000000000000 2 0 8 9 10 11 29 31 50 51 52 
31 8411 0.840867000 1.635060000 0.00000000000000000000 1.00000000000000000000 2 0 8 10 11 12 30 32 51 52 53 
32 8412 0.907427000 1.620350000 0.00000000000000000000 1.00000000000000000000 2 0 8 11 12 13 31 33 52 53 54 
33 8413 0.973311000 1.603160000 0.00000000000000000000 1.00000000000000000000 2 0 8 12 13 14 32 34 53 54 55 
34 8414 1.038420000 1.583510000 0.00000000000000000000 1.00000000000000000000 2 0 8 13 14 15 33 35 54 55 56 
35 8415 1.102650000 1.561450000 0.00000000000000000000 1.00000000000000000000 2 0 8 14 15 16 34 36 55 56 57 
36 8416 1.165920000 1.537010000 0.00000000000000000000 1.00000000000000000000 2 0 8 15 16 17 35 37 56 57 58 
37 8417 1.228110000 1.510220000 0.00000000000000000000 1.00000000000000000000 2 0 8 16 17 18 36 38 57 58 59 
38 8418 1.289150000 1.481140000 0.00000000000000000000 1.00000000000000000000 2 0 8 17 18 19 37 39 58 59 60 
39 8419 1.348930000 1.449810000 0.00000000000000000000 1.00000000000000000000 2 0 8 18 19 626 38 629 59 60 631 
40 8420 -0.001288640 1.717760000 0.00000000000000000000 1.00000000000000000000 2 0 8 627 628 20 630 41 632 61 62 
41 8421 0.069243200 1.734800000 0.00000000000000000000 1.00000000000000000000 2 0 8 628 20 21 40 42 61 62 63 
42 8422 0.140394000 1.749150000 0.00000000000000000000 1.00000000000000000000 2 0 8 20 21 22 41 43 62 63 64 
43 8423 0.212052000 1.760780000 0.00000000000000000000 1.00000000000000000000 2 0 8 21 22 23 42 44 63 64 65 
44 8424 0.284107000 1.769680000 0.00000000000000000000 1.00000000000000000000 2 0 8 22 23 24 43 45 64 65 66 
45 8425 0.356446000 1.775850000 0.00000000000000000000 1.00000000000000000000 2 0 8 23 24 25 44 46 65 66 67 
46 8426 0.428956000 1.779260000 0.00000000000000000000 1.00000000000000000000 2 0 8 24 25 26 45 47 66 67 68 
47 8427 0.501526000 1.779930000 0.00000000000000000000 1.00000000000000000000 2 0 8 25 26 27 46 48 67 68 69 
48 8428 0.574043000 1.777860000 0.00000000000000000000 1.00000000000000000000 2 0 8 26 27 28 47 49 68 69 70 
49 8429 0.646396000 1.773040000 0.00000000000000000000 1.00000000000000000000 2 0 8 27 28 29 48 50 69 70 71 
50 8430 0.718473000 1.765500000 0.00000000000000000000 1.00000000000000000000 2 0 8 28 29 30 49 51 70 71 72 
51 8431 0.790163000 1.755240000 0.00000000000000000000 1.00000000000000000000 2 0 8 29 30 31 50 52 71 72 73 
52 8432 0.861356000 1.742280000 0.00000000000000000000 1.00000000000000000000 2 0 8 30 31 32 51 53 72 73 74 
53 8433 0.931944000 1.726660000 0.00000000000000000000 1.00000000000000000000 2 0 8 31 32 33 52 54 73 74 75 
54 8434 1.001820000 1.708380000 0.00000000000000000000 1.00000000000000000000 2 0 8 32 33 34 53 55 74 75 76 
55 8435 1.070880000 1.687500000 0.00000000000000000000 1.00000000000000000000 2 0 8 33 34 35 54 56 75 76 77 
56 8436 1.139010000 1.664040000 0.00000000000000000000 1.00000000000000000000 2 0 8 34 35 36 55 57 76 77 78 
57 8437 1.206110000 1.638030000 0.00000000000000000000 1.00000000000000000000 2 0 8 35 36 37 56 58 77 78 79 
58 8438 1.272090000 1.609530000 0.00000000000000000000 1.00000000000000000000 2 0 8 36 37 38 57 59 78 79 80 
59 8439 1.336830000 1.578580000 0.00000000000000000000 1.00000000000000000000 2 0 8 37 38 39 58 60 79 80 81 
60 8440 1.400250000 1.545230000 0.00000000000000000000 1.00000000000000000000 2 0 8 38 39 629 59 631 80 81 633 
61 8441 -0.031658000 1.829300000 0.00000000000000000000 1.00000000000000000000 2 0 8 630 40 41 632 62 634 635 82 
62 8442 0.043124600 1.847490000 0.00000000000000000000 1.00000000000000000000 2 0 8 40 41 42 61 63 635 82 83 
63 8443 0.118566000 1.862820000 0.00000000000000000000 1.00000000000000000000 2 0 8 41 42 43 62 64 82 83 84 
64 8444 0.194550000 1.875250000 0.00000000000000000000 1.00000000000000000000 2 0 8 42 43 44 63 65 83 84 85 
65 8445 0.270956000 1.884780000 0.00000000000000000000 1.00000000000000000000 2 0 8 43 44 45 64 66 84 85 86 
66 8446 0.347667000 1.891400000 0.00000000000000000000 1.00000000000000000000 2 0 8 44 45 46 65 67 85 86 87 
67 8447 0.424563000 1.895090000 0.00000000000000000000 1.00000000000000000000 2 0 8 45 46 47 66 68 86 87 88 
68 8448 0.501526000 1.895850000 0.00000000000000000000 1.00000000000000000000 2 0 8 46 47 48 67 69 87 88 89 
69 8449 0.578435000 1.893690000 0.00000000000000000000 1.00000000000000000000 2 0 8 47 48 49 68 70 88 89 90 
70 8450 0.655174000 1.888610000 0.00000000000000000000 1.00000000000000000000 2 0 8 48 49 50 69 71 89 90 91 
71 8451 0.731623000 1.880620000 0.00000000000000000000 1.00000000000000000000 2 0 8 49 50 51 70 72 90 91 92 
72 8452 0.807665000 1.869740000 0.00000000000000000000 1.00000000000000000000 2 0 8 50 51 52 71 73 91 92 93 
73 8453 0.883184000 1.855990000 0.00000000000000000000 1.00000000000000000000 2 0 8 51 52 53 72 74 92 93 94 
74 8454 0.958064000 1.839390000 0.00000000000000000000 1.00000000000000000000 2 0 8 52 53 54 73 75 93 94 95 
75 8455 1.032190000 1.819980000 0.00000000000000000000 1.00000000000000000000 2 0 8 53 54 55 74 76 94 95 96 
76 8456 1.105450000 1.797780000 0.00000000000000000000 1.00000000000000000000 2 0 8 54 55 56 75 77 95 96 97 
77 8457 1.177730000 1.772830000 0.00000000000000000000 1.00000000000000000000 2 0 8 55 56 57 76 78 96 97 98 
78 8458 1.248930000 1.745170000 0.00000000000000000000 1.00000000000000000000 2 0 8 56 57 58 77 79 97 98 99 
79 8459 1.318930000 1.714850000 0.00000000000000000000 1.00000000000000000000 2 0 8 57 58 59 78 80 98 99 100 
80 8460 1.387630000 1.681910000 0.00000000000000000000 1.00000000000000000000 2 0 8 58 59 60 79 81 99 100 101 
81 8461 1.454930000 1.646420000 0.00000000000000000000 1.00000000000000000000 2 0 8 59 60 631 80 633 100 101 636 
82 8462 0.015305900 1.967030000 0.00000000000000000000 1.00000000000000000000 2 0 8 61 62 63 635 83 637 638 102 
83 8463 0.095317800 1.983390000 0.00000000000000000000 1.00000000000000000000 2 0 8 62 63 64 82 84 638 102 103 
84 8464 0.175907000 1.996680000 0.00000000000000000000 1.00000000000000000000 2 0 8 63 64 65 83 85 102 103 104 
85 8465 0.256948000 2.006880000 0.00000000000000000000 1.00000000000000000000 2 0 8 64 65 66 84 86 103 104 105 
86 8466 0.338316000 2.013970000 0.00000000000000000000 1.00000000000000000000 2 0 8 65 66 67 85 87 104 105 106 
87 8467 0.419883000 2.017950000 0.00000000000000000000 1.00000000000000000000 2 0 8 66 67 68 86 88 105 106 107 
88 8468 0.501524000 2.018810000 0.00000000000000000000 1.00000000000000000000 2 0 8 67 68 69 87 89 106 107 108 
89 8469 0.583112000 2.016560000 0.00000000000000000000 1.00000000000000000000 2 0 8 68 69 70 88 90 107 108 109 
90 8470 0.664522000 2.011200000 0.00000000000000000000 1.00000000000000000000 2 0 8 69 70 71 89 91 108 109 110 
91 8471 0.745628000 2.002740000 0.00000000000000000000 1.00000000000000000000 2 0 8 70 71 72 90 92 109 110 111 
92 8472 0.826306000 1.991210000 0.00000000000000000000 1.00000000000000000000 2 0 8 71 72 73 91 93 110 111 112 
93 8473 0.906432000 1.976620000 0.00000000000000000000 1.00000000000000000000 2 0 8 72 73 74 92 94 111 112 113 
94 8474 0.985883000 1.958990000 0.00000000000000000000 1.00000000000000000000 2 0 8 73 74 75 93 95 112 113 114 
95 8475 1.064540000 1.938360000 0.00000000000000000000 1.00000000000000000000 2 0 8 74 75 76 94 96 113 114 115 
96 8476 1.142280000 1.914760000 0.00000000000000000000 1.00000000000000000000 2 0 8 75 76 77 95 97 114 115 116 
97 8477 1.218980000 1.888230000 0.00000000000000000000 1.00000000000000000000 2 0 8 76 77 78 96 98 115 116 117 
98 8478 1.294540000 1.858820000 0.00000000000000000000 1.00000000000000000000 2 0 8 77 78 79 97 99 116 117 118 
99 8479 1.368830000 1.826560000 0.00000000000000000000 1.00000000000000000000 2 0 8 78 79 80 98 100 117 118 119 
100 8480 1.441740000 1.791530000 0.00000000000000000000 1.00000000000000000000 2 0 8 79 80 81 99 101 118 119 120 
101 8481 1.513170000 1.753760000 0.00000000000000000000 1.00000000000000000000 2 0 8 80 81 633 100 636 119 120 639 
102 8482 0.070561400 2.111330000 0.00000000000000000000 1.00000000000000000000 2 0 8 82 83 84 638 103 640 641 121 
103 8483 0.156055000 2.125520000 0.00000000000000000000 1.00000000000000000000 2 0 8 83 84 85 102 104 641 121 122 
104 8484 0.242031000 2.136420000 0.00000000000000000000 1.00000000000000000000 2 0 8 84 85 86 103 105 121 122 123 
105 8485 0.328357000 2.144020000 0.00000000000000000000 1.00000000000000000000 2 0 8 85 86 87 104 106 122 123 124 
106 8486 0.414898000 2.148310000 0.00000000000000000000 1.00000000000000000000 2 0 8 86 87 88 105 107 123 124 125 
107 8487 0.501520000 2.149280000 0.00000000000000000000 1.00000000000000000000 2 0 8 87 88 89 106 108 124 125 126 
108 8488 0.588090000 2.146930000 0.00000000000000000000 1.00000000000000000000 2 0 8 88 89 90 107 109 125 126 127 
109 8489 0.674474000 2.141270000 0.00000000000000000000 1.00000000000000000000 2 0 8 89 90 91 108 110 126 127 128 
110 8490 0.760540000 2.132320000 0.00000000000000000000 1.00000000000000000000 2 0 8 90 91 92 109 111 127 128 129 
111 8491 0.846154000 2.120090000 0.00000000000000000000 1.00000000000000000000 2 0 8 91 92 93 110 112 128 129 130 
112 8492 0.931186000 2.104600000 0.00000000000000000000 1.00000000000000000000 2 0 8 92 93 94 111 113 129 130 131 
113 8493 1.015500000 2.085880000 0.00000000000000000000 1.00000000000000000000 2 0 8 93 94 95 112 114 130 131 132 
114 8494 1.098980000 2.063960000 0.00000000000000000000 1.00000000000000000000 2 0 8 94 95 96 113 115 131 132 133 
115 8495 1.181490000 2.038880000 0.00000000000000000000 1.00000000000000000000 2 0 8 95 96 97 114 116 132 133 134 
116 8496 1.262910000 2.010680000 0.00000000000000000000 1.00000000000000000000 2 0 8 96 97 98 115 117 133 134 135 
117 8497 1.343100000 1.979400000 0.00000000000000000000 1.00000000000000000000 2 0 8 97 98 99 116 118 134 135 136 
118 8498 1.421960000 1.945100000 0.00000000000000000000 1.00000000000000000000 2 0 8 98 99 100 117 119 135 136 137 
119 8499 1.499360000 1.907830000 0.00000000000000000000 1.00000000000000000000 2 0 8 99 100 101 118 120 136 137 138 
120 8500 1.575180000 1.867650000 0.00000000000000000000 1.00000000000000000000 2 0 8 100 101 636 119 639 137 138 642 
121 8501 0.134920000 2.262250000 0.00000000000000000000 1.00000000000000000000 2 0 8 102 103 104 641 122 644 645 139 
122 8502 0.226150000 2.273910000 0.00000000000000000000 1.00000000000000000000 2 0 8 103 104 105 121 123 645 139 140 
123 8503 0.317754000 2.282040000 0.00000000000000000000 1.00000000000000000000 2 0 8 104 105 106 122 124 139 140 141 
124 8504 0.409589000 2.286650000 0.00000000000000000000 1.00000000000000000000 2 0 8 105 106 107 123 125 140 141 142 
125 8505 0.501515000 2.287730000 0.00000000000000000000 1.00000000000000000000 2 0 8 106 107 108 124 126 141 142 143 
126 8506 0.593389000 2.285280000 0.00000000000000000000 1.00000000000000000000 2 0 8 107 108 109 125 127 142 143 144 
127 8507 0.685068000 2.279310000 0.00000000000000000000 1.00000000000000000000 2 0 8 108 109 110 126 128 143 144 145 
128 8508 0.776413000 2.269840000 0.00000000000000000000 1.00000000000000000000 2 0 8 109 110 111 127 129 144 145 146 
129 8509 0.867283000 2.256860000 0.00000000000000000000 1.00000000000000000000 2 0 8 110 111 112 128 130 145 146 147 
130 8510 0.957538000 2.240420000 0.00000000000000000000 1.00000000000000000000 2 0 8 111 112 113 129 131 146 147 148 
131 8511 1.047040000 2.220540000 0.00000000000000000000 1.00000000000000000000 2 0 8 112 113 114 130 132 147 148 149 
132 8512 1.135650000 2.197260000 0.00000000000000000000 1.00000000000000000000 2 0 8 113 114 115 131 133 148 149 150 
133 8513 1.223240000 2.170600000 0.00000000000000000000 1.00000000000000000000 2 0 8 114 115 116 132 134 149 150 151 
134 8514 1.309670000 2.140620000 0.00000000000000000000 1.00000000000000000000 2 0 8 115 116 117 133 135 150 151 152 
135 8515 1.394810000 2.107370000 0.00000000000000000000 1.00000000000000000000 2 0 8 116 117 118 134 136 151 152 153 
136 8516 1.478520000 2.070890000 0.00000000000000000000 1.00000000000000000000 2 0 8 117 118 119 135 137 152 153 154 
137 8517 1.560700000 2.031260000 0.00000000000000000000 1.00000000000000000000 2 0 8 118 119 120 136 138 153 154 155 
138 8518 1.641200000 1.988520000 0.00000000000000000000 1.00000000000000000000 2 0 8 119 120 639 137 642 154 155 156 
139 8519 0.209244000 2.419830000 0.00000000000000000000 1.00000000000000000000 2 0 8 121 122 123 645 140 647 648 157 
140 8520 0.306466000 2.428540000 0.00000000000000000000 1.00000000000000000000 2 0 8 122 123 124 139 141 648 157 158 
141 8521 0.403938000 2.433500000 0.00000000000000000000 1.00000000000000000000 2 0 8 123 124 125 140 142 157 158 159 
142 8522 0.501509000 2.434700000 0.00000000000000000000 1.00000000000000000000 2 0 8 124 125 126 141 143 158 159 160 
143 8523 0.599027000 2.432140000 0.00000000000000000000 1.00000000000000000000 2 0 8 125 126 127 142 144 159 160 161 
144 8524 0.696344000 2.425840000 0.00000000000000000000 1.00000000000000000000 2 0 8 126 127 128 143 145 160 161 162 
145 8525 0.793308000 2.415800000 0.00000000000000000000 1.00000000000000000000 2 0 8 127 128 129 144 146 161 162 163 
146 8526 0.889772000 2.402040000 0.00000000000000000000 1.00000000000000000000 2 0 8 128 129 130 145 147 162 163 164 
147 8527 0.985586000 2.384590000 0.00000000000000000000 1.00000000000000000000 2 0 8 129 130 131 146 148 163 164 165 
148 8528 1.080600000 2.363480000 0.00000000000000000000 1.00000000000000000000 2 0 8 130 131 132 147 149 164 165 166 
149 8529 1.174680000 2.338740000 0.00000000000000000000 1.00000000000000000000 2 0 8 131 132 133 148 150 165 166 167 
150 8530 1.267670000 2.310420000 0.00000000000000000000 1.00000000000000000000 2 0 8 132 133 134 149 151 166 167 168 
151 8531 1.359440000 2.278560000 0.00000000000000000000 1.00000000000000000000 2 0 8 133 134 135 150 152 167 168 169 
152 8532 1.449840000 2.243200000 0.00000000000000000000 1.00000000000000000000 2 0 8 134 135 136 151 153 168 169 170 
153 8533 1.538730000 2.204420000 0.00000000000000000000 1.00000000000000000000 2 0 8 135 136 137 152 154 169 170 171 
154 8534 1.625990000 2.162270000 0.00000000000000000000 1.00000000000000000000 2 0 8 136 137 138 153 155 170 171 172 
155 8535 1.711480000 2.116810000 0.00000000000000000000 1.00000000000000000000 2 0 8 137 138 642 154 156 171 172 173 
156 8536 1.795060000 2.068130000 0.00000000000000000000 1.00000000000000000000 2 0 8 138 642 643 155 646 172 173 649 
157 8537 0.294453000 2.584070000 0.00000000000000000000 1.00000000000000000000 2 0 8 139 140 141 648 158 651 174 175 
158 8538 0.397922000 2.589390000 0.00000000000000000000 1.00000000000000000000 2 0 8 140 141 142 157 159 174 175 176 
159 8539 0.501500000 2.590720000 0.00000000000000000000 1.00000000000000000000 2 0 8 141 142 143 158 160 175 176 177 
160 8540 0.605027000 2.588050000 0.00000000000000000000 1.00000000000000000000 2 0 8 142 143 144 159 161 176 177 178 
161 8541 0.708342000 2.581390000 0.00000000000000000000 1.00000000000000000000 2 0 8 143 144 145 160 162 177 178 179 
162 8542 0.811287000 2.570760000 0.00000000000000000000 1.00000000000000000000 2 0 8 144 145 146 161 163 178 179 180 
163 8543 0.913704000 2.556170000 0.00000000000000000000 1.00000000000000000000 2 0 8 145 146 147 162 164 179 180 181 
164 8544 1.015440000 2.537650000 0.00000000000000000000 1.00000000000000000000 2 0 8 146 147 148 163 165 180 181 182 
165 8545 1.116320000 2.515230000 0.00000000000000000000 1.00000000000000000000 2 0 8 147 148 149 164 166 181 182 183 
166 8546 1.216220000 2.488950000 0.00000000000000000000 1.00000000000000000000 2 0 8 148 149 150 165 167 182 183 184 
167 8547 1.314960000 2.458850000 0.00000000000000000000 1.00000000000000000000 2 0 8 149 150 151 166 168 183 184 185 
168 8548 1.412410000 2.424990000 0.00000000000000000000 1.00000000000000000000 2 0 8 150 151 152 167 169 184 185 186 
169 8549 1.508410000 2.387410000 0.00000000000000000000 1.00000000000000000000 2 0 8 151 152 153 168 170 185 186 187 
170 8550 1.602810000 2.346170000 0.00000000000000000000 1.00000000000000000000 2 0 8 152 153 154 169 171 186 187 188 
171 8551 1.695480000 2.301350000 0.00000000000000000000 1.00000000000000000000 2 0 8 153 154 155 170 172 187 188 189 
172 8552 1.786270000 2.253010000 0.00000000000000000000 1.00000000000000000000 2 0 8 154 155 156 171 173 188 189 190 
173 8553 1.875040000 2.201230000 0.00000000000000000000 1.00000000000000000000 2 0 8 155 156 646 172 649 189 190 191 
174 8554 0.281668000 2.749200000 0.00000000000000000000 1.00000000000000000000 2 0 8 648 157 158 651 175 653 192 193 
175 8555 0.391520000 2.754910000 0.00000000000000000000 1.00000000000000000000 2 0 8 157 158 159 174 176 192 193 194 
176 8556 0.501490000 2.756380000 0.00000000000000000000 1.00000000000000000000 2 0 8 158 159 160 175 177 193 194 195 
177 8557 0.611409000 2.753590000 0.00000000000000000000 1.00000000000000000000 2 0 8 159 160 161 176 178 194 195 196 
178 8558 0.721108000 2.746550000 0.00000000000000000000 1.00000000000000000000 2 0 8 160 161 162 177 179 195 196 197 
179 8559 0.830417000 2.735290000 0.00000000000000000000 1.00000000000000000000 2 0 8 161 162 163 178 180 196 197 198 
180 8560 0.939169000 2.719810000 0.00000000000000000000 1.00000000000000000000 2 0 8 162 163 164 179 181 197 198 199 
181 8561 1.047200000 2.700160000 0.00000000000000000000 1.00000000000000000000 2 0 8 163 164 165 180 182 198 199 200 
182 8562 1.154330000 2.676350000 0.00000000000000000000 1.00000000000000000000 2 0 8 164 165 166 181 183 199 200 201 
183 8563 1.260420000 2.648440000 0.00000000000000000000 1.00000000000000000000 2 0 8 165 166 167 182 184 200 201 202 
184 8564 1.365280000 2.616460000 0.00000000000000000000 1.00000000000000000000 2 0 8 166 167 168 183 185 201 202 203 
185 8565 1.468770000 2.580470000 0.00000000000000000000 1.00000000000000000000 2 0 8 167 168 169 184 186 202 203 204 
186 8566 1.570730000 2.540520000 0.00000000000000000000 1.00000000000000000000 2 0 8 168 169 170 185 187 203 204 205 
187 8567 1.670990000 2.496690000 0.00000000000000000000 1.00000000000000000000 2 0 8 169 170 171 186 188 204 205 206 
188 8568 1.769420000 2.449030000 0.00000000000000000000 1.00000000000000000000 2 0 8 170 171 172 187 189 205 206 207 
189 8569 1.865850000 2.397630000 0.00000000000000000000 1.00000000000000000000 2 0 8 171 172 173 188 190 206 207 208 
190 8570 1.960150000 2.342570000 0.00000000000000000000 1.00000000000000000000 2 0 8 172 173 649 189 191 207 208 209 
191 8571 2.052160000 2.283920000 0.00000000000000000000 1.00000000000000000000 2 0 8 173 649 650 190 652 208 209 654 
192 8572 0.268064000 2.924560000 0.00000000000000000000 1.00000000000000000000 2 0 8 651 174 175 653 193 655 210 211 
193 8573 0.384706000 2.930680000 0.00000000000000000000 1.00000000000000000000 2 0 8 174 175 176 192 194 210 211 212 
194 8574 0.501477000 2.932290000 0.00000000000000000000 1.00000000000000000000 2 0 8 175 176 177 193 195 211 212 213 
195 8575 0.618198000 2.929370000 0.00000000000000000000 1.00000000000000000000 2 0 8 176 177 178 194 196 212 213 214 
196 8576 0.734688000 2.921940000 0.00000000000000000000 1.00000000000000000000 2 0 8 177 178 179 195 197 213 214 215 
197 8577 0.850769000 2.910000000 0.00000000000000000000 1.00000000000000000000 2 0 8 178 179 180 196 198 214 215 216 
198 8578 0.966260000 2.893590000 0.00000000000000000000 1.00000000000000000000 2 0 8 179 180 181 197 199 215 216 217 
199 8579 1.080990000 2.872730000 0.00000000000000000000 1.00000000000000000000 2 0 8 180 181 182 198 200 216 217 218 
200 8580 1.194770000 2.847450000 0.00000000000000000000 1.00000000000000000000 2 0 8 181 182 183 199 201 217 218 219 
201 8581 1.307440000 2.817800000 0.00000000000000000000 1.00000000000000000000 2 0 8 182 183 184 200 202 218 219 220 
202 8582 1.418820000 2.783820000 0.00000000000000000000 1.00000000000000000000 2 0 8 183 184 185 201 203 219 220 221 
203 8583 1.528740000 2.745570000 0.00000000000000000000 1.00000000000000000000 2 0 8 184 185 186 202 204 220 221 222 
204 8584 1.637030000 2.703120000 0.00000000000000000000 1.00000000000000000000 2 0 8 185 186 187 203 205 221 222 223 
205 8585 1.743540000 2.656520000 0.00000000000000000000 1.00000000000000000000 2 0 8 186 187 188 204 206 222 223 224 
206 8586 1.848090000 2.605850000 0.00000000000000000000 1.00000000000000000000 2 0 8 187 188 189 205 207 223 224 225 
207 8587 1.950530000 2.551200000 0.00000000000000000000 1.00000000000000000000 2 0 8 188 189 190 206 208 224 225 226 
208 8588 2.050700000 2.492650000 0.00000000000000000000 1.00000000000000000000 2 0 8 189 190 191 207 209 225 226 227 
209 8589 2.148450000 2.430290000 0.00000000000000000000 1.00000000000000000000 2 0 8 190 191 652 208 654 226 227 656 
210 8590 0.253591000 3.110790000 0.00000000000000000000 1.00000000000000000000 2 0 8 653 192 193 655 211 657 228 229 
211 8591 0.377456000 3.117360000 0.00000000000000000000 1.00000000000000000000 2 0 8 192 193 194 210 212 228 229 230 
212 8592 0.501463000 3.119110000 0.00000000000000000000 1.00000000000000000000 2 0 8 193 194 195 211 213 229 230 231 
213 8593 0.625419000 3.116060000 0.00000000000000000000 1.00000000000000000000 2 0 8 194 195 196 212 214 230 231 232 
214 8594 0.749134000 3.108200000 0.00000000000000000000 1.00000000000000000000 2 0 8 195 196 197 213 215 231 232 233 
215 8595 0.872418000 3.095560000 0.00000000000000000000 1.00000000000000000000 2 0 8 196 197 198 214 216 232 233 234 
216 8596 0.995080000 3.078150000 0.00000000000000000000 1.00000000000000000000 2 0 8 197 198 199 215 217 233 234 235 
217 8597 1.116930000 3.056010000 0.00000000000000000000 1.00000000000000000000 2 0 8 198 199 200 216 218 234 235 236 
218 8598 1.237790000 3.029170000 0.00000000000000000000 1.00000000000000000000 2 0 8 199 200 201 217 219 235 236 237 
219 8599 1.357460000 2.997670000 0.00000000000000000000 1.00000000000000000000 2 0 8 200 201 202 218 220 236 237 238 
220 8600 1.475770000 2.961570000 0.00000000000000000000 1.00000000000000000000 2 0 8 201 202 203 219 221 237 238 239 
221 8601 1.592540000 2.920930000 0.00000000000000000000 1.00000000000000000000 2 0 8 202 203 204 220 222 238 239 240 
222 8602 1.707570000 2.875800000 0.00000000000000000000 1.00000000000000000000 2 0 8 203 204 205 221 223 239 240 241 
223 8603 1.820710000 2.826270000 0.00000000000000000000 1.00000000000000000000 2 0 8 204 205 206 222 224 240 241 242 
224 8604 1.931780000 2.772410000 0.00000000000000000000 1.00000000000000000000 2 0 8 205 206 207 223 225 241 242 243 
225 8605 2.040610000 2.714300000 0.00000000000000000000 1.00000000000000000000 2 0 8 206 207 208 224 226 242 243 244 
226 8606 2.147030000 2.652050000 0.00000000000000000000 1.00000000000000000000 2 0 8 207 208 209 225 227 243 244 245 
227 8607 2.250880000 2.585730000 0.00000000000000000000 1.00000000000000000000 2 0 8 208 209 654 226 656 244 245 658 
228 8608 0.238194000 3.308600000 0.00000000000000000000 1.00000000000000000000 2 0 8 655 210 211 657 229 660 246 247 
229 8609 0.369742000 3.315630000 0.00000000000000000000 1.00000000000000000000 2 0 8 210 211 212 228 230 246 247 248 
230 8610 0.501445000 3.317550000 0.00000000000000000000 1.00000000000000000000 2 0 8 211 212 213 229 231 247 248 249 
231 8611 0.633098000 3.314350000 0.00000000000000000000 1.00000000000000000000 2 0 8 212 213 214 230 232 248 249 250 
232 8612 0.764499000 3.306050000 0.00000000000000000000 1.00000000000000000000 2 0 8 213 214 215 231 233 249 250 251 
233 8613 0.895445000 3.292650000 0.00000000000000000000 1.00000000000000000000 2 0 8 214 215 216 232 234 250 251 252 
234 8614 1.025740000 3.274180000 0.00000000000000000000 1.00000000000000000000 2 0 8 215 216 217 233 235 251 252 253 
235 8615 1.155170000 3.250680000 0.00000000000000000000 1.00000000000000000000 2 0 8 216 217 218 234 236 252 253 254 
236 8616 1.283550000 3.222180000 0.00000000000000000000 1.00000000000000000000 2 0 8 217 218 219 235 237 253 254 255 
237 8617 1.410670000 3.188720000 0.00000000000000000000 1.00000000000000000000 2 0 8 218 219 220 236 238 254 255 256 
238 8618 1.536350000 3.150370000 0.00000000000000000000 1.00000000000000000000 2 0 8 219 220 221 237 239 255 256 257 
239 8619 1.660400000 3.107180000 0.00000000000000000000 1.00000000000000000000 2 0 8 220 221 222 238 240 256 257 258 
240 8620 1.782610000 3.059220000 0.00000000000000000000 1.00000000000000000000 2 0 8 221 222 223 239 241 257 258 259 
241 8621 1.902810000 3.006570000 0.00000000000000000000 1.00000000000000000000 2 0 8 222 223 224 240 242 258 259 260 
242 8622 2.020810000 2.949320000 0.00000000000000000000 1.00000000000000000000 2 0 8 223 224 225 241 243 259 260 261 
243 8623 2.136430000 2.887550000 0.00000000000000000000 1.00000000000000000000 2 0 8 224 225 226 242 244 260 261 262 
244 8624 2.249500000 2.821350000 0.00000000000000000000 1.00000000000000000000 2 0 8 225 226 227 243 245 261 262 263 
245 8625 2.359840000 2.750840000 0.00000000000000000000 1.00000000000000000000 2 0 8 226 227 656 244 658 262 263 264 
246 8626 0.221815000 3.518710000 0.00000000000000000000 1.00000000000000000000 2 0 8 657 228 229 660 247 663 265 266 
247 8627 0.361536000 3.526250000 0.00000000000000000000 1.00000000000000000000 2 0 8 228 229 230 246 248 265 266 267 
248 8628 0.501424000 3.528340000 0.00000000000000000000 1.00000000000000000000 2 0 8 229 230 231 247 249 266 267 268 
249 8629 0.641264000 3.524990000 0.00000000000000000000 1.00000000000000000000 2 0 8 230 231 232 248 250 267 268 269 
250 8630 0.780840000 3.516210000 0.00000000000000000000 1.00000000000000000000 2 0 8 231 232 233 249 251 268 269 270 
251 8631 0.919936000 3.502010000 0.00000000000000000000 1.00000000000000000000 2 0 8 232 233 234 250 252 269 270 271 
252 8632 1.058340000 3.482420000 0.00000000000000000000 1.00000000000000000000 2 0 8 233 234 235 251 253 270 271 272 
253 8633 1.195840000 3.457470000 0.00000000000000000000 1.00000000000000000000 2 0 8 234 235 236 252 254 271 272 273 
254 8634 1.332220000 3.427200000 0.00000000000000000000 1.00000000000000000000 2 0 8 235 236 237 253 255 272 273 274 
255 8635 1.467270000 3.391670000 0.00000000000000000000 1.00000000000000000000 2 0 8 236 237 238 254 256 273 274 275 
256 8636 1.600790000 3.350920000 0.00000000000000000000 1.00000000000000000000 2 0 8 237 238 239 255 257 274 275 276 
257 8637 1.732570000 3.305030000 0.00000000000000000000 1.00000000000000000000 2 0 8 238 239 240 256 258 275 276 277 
258 8638 1.862420000 3.254060000 0.00000000000000000000 1.00000000000000000000 2 0 8 239 240 241 257 259 276 277 278 
259 8639 1.990130000 3.198100000 0.00000000000000000000 1.00000000000000000000 2 0 8 240 241 242 258 260 277 278 279 
260 8640 2.115500000 3.137240000 0.00000000000000000000 1.00000000000000000000 2 0 8 241 242 243 259 261 278 279 280 
261 8641 2.238350000 3.071580000 0.00000000000000000000 1.00000000000000000000 2 0 8 242 243 244 260 262 279 280 281 
262 8642 2.358500000 3.001200000 0.00000000000000000000 1.00000000000000000000 2 0 8 243 244 245 261 263 280 281 282 
263 8643 2.475750000 2.926240000 0.00000000000000000000 1.00000000000000000000 2 0 8 244 245 658 262 264 281 282 283 
264 8644 2.589920000 2.846790000 0.00000000000000000000 1.00000000000000000000 2 0 8 245 658 659 263 661 282 283 284 
265 8645 0.204394000 3.741920000 0.00000000000000000000 1.00000000000000000000 2 0 8 660 246 247 663 266 665 285 286 
266 8646 0.352807000 3.749990000 0.00000000000000000000 1.00000000000000000000 2 0 8 246 247 248 265 267 285 286 287 
267 8647 0.501401000 3.752260000 0.00000000000000000000 1.00000000000000000000 2 0 8 247 248 249 266 268 286 287 288 
268 8648 0.649947000 3.748750000 0.00000000000000000000 1.00000000000000000000 2 0 8 248 249 250 267 269 287 288 289 
269 8649 0.798217000 3.739470000 0.00000000000000000000 1.00000000000000000000 2 0 8 249 250 251 268 270 288 289 290 
270 8650 0.945981000 3.724420000 0.00000000000000000000 1.00000000000000000000 2 0 8 250 251 252 269 271 289 290 291 
271 8651 1.093010000 3.703630000 0.00000000000000000000 1.00000000000000000000 2 0 8 251 252 253 270 272 290 291 292 
272 8652 1.239090000 3.677150000 0.00000000000000000000 1.00000000000000000000 2 0 8 252 253 254 271 273 291 292 293 
273 8653 1.383980000 3.645010000 0.00000000000000000000 1.00000000000000000000 2 0 8 253 254 255 272 274 292 293 294 
274 8654 1.527460000 3.607260000 0.00000000000000000000 1.00000000000000000000 2 0 8 254 255 256 273 275 293 294 295 
275 8655 1.669320000 3.563980000 0.00000000000000000000 1.00000000000000000000 2 0 8 255 256 257 274 276 294 295 296 
276 8656 1.809340000 3.515210000 0.00000000000000000000 1.00000000000000000000 2 0 8 256 257 258 275 277 295 296 297 
277 8657 1.947300000 3.461050000 0.00000000000000000000 1.00000000000000000000 2 0 8 257 258 259 276 278 296 297 298 
278 8658 2.083000000 3.401580000 0.00000000000000000000 1.00000000000000000000 2 0 8 258 259 260 277 279 297 298 299 
279 8659 2.216220000 3.336890000 0.00000000000000000000 1.00000000000000000000 2 0 8 259 260 261 278 280 298 299 300 
280 8660 2.346760000 3.267080000 0.00000000000000000000 1.00000000000000000000 2 0 8 260 261 262 279 281 299 300 301 
281 8661 2.474420000 3.192270000 0.00000000000000000000 1.00000000000000000000 2 0 8 261 262 263 280 282 300 301 302 
282 8662 2.599010000 3.112570000 0.00000000000000000000 1.00000000000000000000 2 0 8 262 263 264 281 283 301 302 303 
283 8663 2.720350000 3.028100000 0.00000000000000000000 1.00000000000000000000 2 0 8 263 264 661 282 284 302 303 304 
284 8664 2.838230000 2.939000000 0.00000000000000000000 1.00000000000000000000 2 0 8 264 661 662 283 664 303 304 666 
285 8665 0.185865000 3.979070000 0.00000000000000000000 1.00000000000000000000 2 0 8 663 265 266 665 286 667 305 306 
286 8666 0.343521000 3.987690000 0.00000000000000000000 1.00000000000000000000 2 0 8 265 266 267 285 287 305 306 307 
287 8667 0.501373000 3.990170000 0.00000000000000000000 1.00000000000000000000 2 0 8 266 267 268 286 288 306 307 308 
288 8668 0.659179000 3.986490000 0.00000000000000000000 1.00000000000000000000 2 0 8 267 268 269 287 289 307 308 309 
289 8669 0.816695000 3.976660000 0.00000000000000000000 1.00000000000000000000 2 0 8 268 269 270 288 290 308 309 310 
290 8670 0.973678000 3.960710000 0.00000000000000000000 1.00000000000000000000 2 0 8 269 270 271 289 291 309 310 311 
291 8671 1.129890000 3.938660000 0.00000000000000000000 1.00000000000000000000 2 0 8 270 271 272 290 292 310 311 312 
292 8672 1.285080000 3.910550000 0.00000000000000000000 1.00000000000000000000 2 0 8 271 272 273 291 293 311 312 313 
293 8673 1.439020000 3.876420000 0.00000000000000000000 1.00000000000000000000 2 0 8 272 273 274 292 294 312 313 314 
294 8674 1.591470000 3.836330000 0.00000000000000000000 1.00000000000000000000 2 0 8 273 274 275 293 295 313 314 315 
295 8675 1.742200000 3.790340000 0.00000000000000000000 1.00000000000000000000 2 0 8 274 275 276 294 296 314 315 316 
296 8676 1.890980000 3.738520000 0.00000000000000000000 1.00000000000000000000 2 0 8 275 276 277 295 297 315 316 317 
297 8677 2.037570000 3.680970000 0.00000000000000000000 1.00000000000000000000 2 0 8 276 277 278 296 298 316 317 318 
298 8678 2.181760000 3.617760000 0.00000000000000000000 1.00000000000000000000 2 0 8 277 278 279 297 299 317 318 319 
299 8679 2.323320000 3.549000000 0.00000000000000000000 1.00000000000000000000 2 0 8 278 279 280 298 300 318 319 320 
300 8680 2.462040000 3.474800000 0.00000000000000000000 1.00000000000000000000 2 0 8 279 280 281 299 301 319 320 321 
301 8681 2.597710000 3.395270000 0.00000000000000000000 1.00000000000000000000 2 0 8 280 281 282 300 302 320 321 322 
302 8682 2.730110000 3.310540000 0.00000000000000000000 1.00000000000000000000 2 0 8 281 282 283 301 303 321 322 323 
303 8683 2.859060000 3.220730000 0.00000000000000000000 1.00000000000000000000 2 0 8 282 283 284 302 304 322 323 324 
304 8684 2.984340000 3.126000000 0.00000000000000000000 1.00000000000000000000 2 0 8 283 284 664 303 666 323 324 668 
305 8685 0.166159000 4.231020000 0.00000000000000000000 1.00000000000000000000 2 0 8 665 285 286 667 306 669 325 326 
306 8686 0.333644000 4.240250000 0.00000000000000000000 1.00000000000000000000 2 0 8 285 286 287 305 307 325 326 327 
307 8687 0.501341000 4.242930000 0.00000000000000000000 1.00000000000000000000 2 0 8 286 287 288 306 308 326 327 328 
308 8688 0.668994000 4.239070000 0.00000000000000000000 1.00000000000000000000 2 0 8 287 288 289 307 309 327 328 329 
309 8689 0.836342000 4.228680000 0.00000000000000000000 1.00000000000000000000 2 0 8 288 289 290 308 310 328 329 330 
310 8690 1.003130000 4.211770000 0.00000000000000000000 1.00000000000000000000 2 0 8 289 290 291 309 311 329 330 331 
311 8691 1.169100000 4.188380000 0.00000000000000000000 1.00000000000000000000 2 0 8 290 291 292 310 312 330 331 332 
312 8692 1.333990000 4.158530000 0.00000000000000000000 1.00000000000000000000 2 0 8 291 292 293 311 313 331 332 333 
313 8693 1.497560000 4.122290000 0.00000000000000000000 1.00000000000000000000 2 0 8 292 293 294 312 314 332 333 334 
314 8694 1.659540000 4.079700000 0.00000000000000000000 1.00000000000000000000 2 0 8 293 294 295 313 315 333 334 335 
315 8695 1.819710000 4.030850000 0.00000000000000000000 1.00000000000000000000 2 0 8 294 295 296 314 316 334 335 336 
316 8696 1.977790000 3.975790000 0.00000000000000000000 1.00000000000000000000 2 0 8 295 296 297 315 317 335 336 337 
317 8697 2.133570000 3.914630000 0.00000000000000000000 1.00000000000000000000 2 0 8 296 297 298 316 318 336 337 338 
318 8698 2.286790000 3.847460000 0.00000000000000000000 1.00000000000000000000 2 0 8 297 298 299 317 319 337 338 339 
319 8699 2.437220000 3.774380000 0.00000000000000000000 1.00000000000000000000 2 0 8 298 299 300 318 320 338 339 340 
320 8700 2.584640000 3.695510000 0.00000000000000000000 1.00000000000000000000 2 0 8 299 300 301 319 321 339 340 341 
321 8701 2.728820000 3.610970000 0.00000000000000000000 1.00000000000000000000 2 0 8 300 301 302 320 322 340 341 342 
322 8702 2.869530000 3.520890000 0.00000000000000000000 1.00000000000000000000 2 0 8 301 302 303 321 323 341 342 343 
323 8703 3.006560000 3.425420000 0.00000000000000000000 1.00000000000000000000 2 0 8 302 303 304 322 324 342 343 344 
324 8704 3.139710000 3.324690000 0.00000000000000000000 1.00000000000000000000 2 0 8 303 304 666 323 668 343 344 670 
325 8705 0.145202000 4.498740000 0.00000000000000000000 1.00000000000000000000 2 0 8 667 305 306 669 326 671 345 346 
326 8706 0.323138000 4.508600000 0.00000000000000000000 1.00000000000000000000 2 0 8 305 306 307 325 327 345 346 347 
327 8707 0.501305000 4.511510000 0.00000000000000000000 1.00000000000000000000 2 0 8 306 307 308 326 328 346 347 348 
328 8708 0.679428000 4.507460000 0.00000000000000000000 1.00000000000000000000 2 0 8 307 308 309 327 329 347 348 349 
329 8709 0.857231000 4.496470000 0.00000000000000000000 1.00000000000000000000 2 0 8 308 309 310 328 330 348 349 350 
330 8710 1.034440000 4.478540000 0.00000000000000000000 1.00000000000000000000 2 0 8 309 310 311 329 331 349 350 351 
331 8711 1.210790000 4.453720000 0.00000000000000000000 1.00000000000000000000 2 0 8 310 311 312 330 332 350 351 352 
332 8712 1.386000000 4.422030000 0.00000000000000000000 1.00000000000000000000 2 0 8 311 312 313 331 333 351 352 353 
333 8713 1.559800000 4.383550000 0.00000000000000000000 1.00000000000000000000 2 0 8 312 313 314 332 334 352 353 354 
334 8714 1.731930000 4.338310000 0.00000000000000000000 1.00000000000000000000 2 0 8 313 314 315 333 335 353 354 355 
335 8715 1.902120000 4.286410000 0.00000000000000000000 1.00000000000000000000 2 0 8 314 315 316 334 336 354 355 356 
336 8716 2.070110000 4.227910000 0.00000000000000000000 1.00000000000000000000 2 0 8 315 316 317 335 337 355 356 357 
337 8717 2.235650000 4.162920000 0.00000000000000000000 1.00000000000000000000 2 0 8 316 317 318 336 338 356 357 358 
338 8718 2.398470000 4.091530000 0.00000000000000000000 1.00000000000000000000 2 0 8 317 318 319 337 339 357 358 359 
339 8719 2.558340000 4.013860000 0.00000000000000000000 1.00000000000000000000 2 0 8 318 319 320 338 340 358 359 360 
340 8720 2.715010000 3.930030000 0.00000000000000000000 1.00000000000000000000 2 0 8 319 320 321 339 341 359 360 361 
341 8721 2.868230000 3.840170000 0.00000000000000000000 1.00000000000000000000 2 0 8 320 321 322 340 342 360 361 362 
342 8722 3.017780000 3.744410000 0.00000000000000000000 1.00000000000000000000 2 0 8 321 322 323 341 343 361 362 363 
343 8723 3.163420000 3.642910000 0.00000000000000000000 1.00000000000000000000 2 0 8 322 323 324 342 344 362 363 364 
344 8724 3.304940000 3.535830000 0.00000000000000000000 1.00000000000000000000 2 0 8 323 324 668 343 670 363 364 672 
345 8725 0.122915000 4.783220000 0.00000000000000000000 1.00000000000000000000 2 0 8 669 325 326 671 346 673 365 366 
346 8726 0.311965000 4.793760000 0.00000000000000000000 1.00000000000000000000 2 0 8 325 326 327 345 347 365 366 367 
347 8727 0.501263000 4.796910000 0.00000000000000000000 1.00000000000000000000 2 0 8 326 327 328 346 348 366 367 368 
348 8728 0.690519000 4.792660000 0.00000000000000000000 1.00000000000000000000 2 0 8 327 328 329 347 349 367 368 369 
349 8729 0.879440000 4.781020000 0.00000000000000000000 1.00000000000000000000 2 0 8 328 329 330 348 350 368 369 370 
350 8730 1.067740000 4.762010000 0.00000000000000000000 1.00000000000000000000 2 0 8 329 330 331 349 351 369 370 371 
351 8731 1.255110000 4.735670000 0.00000000000000000000 1.00000000000000000000 2 0 8 330 331 332 350 352 370 371 372 
352 8732 1.441290000 4.702040000 0.00000000000000000000 1.00000000000000000000 2 0 8 331 332 333 351 353 371 372 373 
353 8733 1.625980000 4.661170000 0.00000000000000000000 1.00000000000000000000 2 0 8 332 333 334 352 354 372 373 374 
354 8734 1.808890000 4.613120000 0.00000000000000000000 1.00000000000000000000 2 0 8 333 334 335 353 355 373 374 375 
355 8735 1.989740000 4.557980000 0.00000000000000000000 1.00000000000000000000 2 0 8 334 335 336 354 356 374 375 376 
356 8736 2.168270000 4.495830000 0.00000000000000000000 1.00000000000000000000 2 0 8 335 336 337 355 357 375 376 377 
357 8737 2.344190000 4.426770000 0.00000000000000000000 1.00000000000000000000 2 0 8 336 337 338 356 358 376 377 378 
358 8738 2.517230000 4.350900000 0.00000000000000000000 1.00000000000000000000 2 0 8 337 338 339 357 359 377 378 379 
359 8739 2.687130000 4.268350000 0.00000000000000000000 1.00000000000000000000 2 0 8 338 339 340 358 360 378 379 380 
360 8740 2.853630000 4.179250000 0.00000000000000000000 1.00000000000000000000 2 0 8 339 340 341 359 361 379 380 381 
361 8741 3.016480000 4.083730000 0.00000000000000000000 1.00000000000000000000 2 0 8 340 341 342 360 362 380 381 382 
362 8742 3.175420000 3.981940000 0.00000000000000000000 1.00000000000000000000 2 0 8 341 342 343 361 363 381 382 383 
363 8743 3.330220000 3.874040000 0.00000000000000000000 1.00000000000000000000 2 0 8 342 343 344 362 364 382 383 384 
364 8744 3.480630000 3.760190000 0.00000000000000000000 1.00000000000000000000 2 0 8 343 344 670 363 672 383 384 674 
365 8745 0.099216400 5.085520000 0.00000000000000000000 1.00000000000000000000 2 0 8 671 345 346 673 366 675 385 386 
366 8746 0.300082000 5.096790000 0.00000000000000000000 1.00000000000000000000 2 0 8 345 346 347 365 367 385 386 387 
367 8747 0.501216000 5.100190000 0.00000000000000000000 1.00000000000000000000 2 0 8 346 347 348 366 368 386 387 388 
368 8748 0.702309000 5.095730000 0.00000000000000000000 1.00000000000000000000 2 0 8 347 348 349 367 369 387 388 389 
369 8749 0.903050000 5.083410000 0.00000000000000000000 1.00000000000000000000 2 0 8 348 349 350 368 370 388 389 390 
370 8750 1.103130000 5.063260000 0.00000000000000000000 1.00000000000000000000 2 0 8 349 350 351 369 371 389 390 391 
371 8751 1.302240000 5.035310000 0.00000000000000000000 1.00000000000000000000 2 0 8 350 351 352 370 372 390 391 392 
372 8752 1.500080000 4.999600000 0.00000000000000000000 1.00000000000000000000 2 0 8 351 352 353 371 373 391 392 393 
373 8753 1.696340000 4.956200000 0.00000000000000000000 1.00000000000000000000 2 0 8 352 353 354 372 374 392 393 394 
374 8754 1.890720000 4.905160000 0.00000000000000000000 1.00000000000000000000 2 0 8 353 354 355 373 375 393 394 395 
375 8755 2.082910000 4.846580000 0.00000000000000000000 1.00000000000000000000 2 0 8 354 355 356 374 376 394 395 396 
376 8756 2.272640000 4.780550000 0.00000000000000000000 1.00000000000000000000 2 0 8 355 356 357 375 377 395 396 397 
377 8757 2.459600000 4.707160000 0.00000000000000000000 1.00000000000000000000 2 0 8 356 357 358 376 378 396 397 398 
378 8758 2.643500000 4.626540000 0.00000000000000000000 1.00000000000000000000 2 0 8 357 358 359 377 379 397 398 399 
379 8759 2.824070000 4.538800000 0.00000000000000000000 1.00000000000000000000 2 0 8 358 359 360 378 380 398 399 400 
380 8760 3.001030000 4.444100000 0.00000000000000000000 1.00000000000000000000 2 0 8 359 360 361 379 381 399 400 401 
381 8761 3.174110000 4.342560000 0.00000000000000000000 1.00000000000000000000 2 0 8 360 361 362 380 382 400 401 402 
382 8762 3.343040000 4.234360000 0.00000000000000000000 1.00000000000000000000 2 0 8 361 362 363 381 383 401 402 403 
383 8763 3.507570000 4.119660000 0.00000000000000000000 1.00000000000000000000 2 0 8 362 363 364 382 384 402 403 404 
384 8764 3.667440000 3.998640000 0.00000000000000000000 1.00000000000000000000 2 0 8 363 364 672 383 674 403 404 676 
385 8765 0.074016000 5.406780000 0.00000000000000000000 1.00000000000000000000 2 0 8 673 365 366 675 386 677 405 406 
386 8766 0.287444000 5.418820000 0.00000000000000000000 1.00000000000000000000 2 0 8 365 366 367 385 387 405 406 407 
387 8767 0.501161000 5.422490000 0.00000000000000000000 1.00000000000000000000 2 0 8 366 367 368 386 388 406 407 408 
388 8768 0.714840000 5.417810000 0.00000000000000000000 1.00000000000000000000 2 0 8 367 368 369 387 389 407 408 409 
389 8769 0.928150000 5.404770000 0.00000000000000000000 1.00000000000000000000 2 0 8 368 369 370 388 390 408 409 410 
390 8770 1.140760000 5.383400000 0.00000000000000000000 1.00000000000000000000 2 0 8 369 370 371 389 391 409 410 411 
391 8771 1.352350000 5.353740000 0.00000000000000000000 1.00000000000000000000 2 0 8 370 371 372 390 392 410 411 412 
392 8772 1.562590000 5.315830000 0.00000000000000000000 1.00000000000000000000 2 0 8 371 372 373 391 393 411 412 413 
393 8773 1.771150000 5.269740000 0.00000000000000000000 1.00000000000000000000 2 0 8 372 373 374 392 394 412 413 414 
394 8774 1.977720000 5.215530000 0.00000000000000000000 1.00000000000000000000 2 0 8 373 374 375 393 395 413 414 415 
395 8775 2.181970000 5.153300000 0.00000000000000000000 1.00000000000000000000 2 0 8 374 375 376 394 396 414 415 416 
396 8776 2.383600000 5.083130000 0.00000000000000000000 1.00000000000000000000 2 0 8 375 376 377 395 397 415 416 417 
397 8777 2.582300000 5.005150000 0.00000000000000000000 1.00000000000000000000 2 0 8 376 377 378 396 398 416 417 418 
398 8778 2.777750000 4.919470000 0.00000000000000000000 1.00000000000000000000 2 0 8 377 378 379 397 399 417 418 419 
399 8779 2.969670000 4.826230000 0.00000000000000000000 1.00000000000000000000 2 0 8 378 379 380 398 400 418 419 420 
400 8780 3.157750000 4.725570000 0.00000000000000000000 1.00000000000000000000 2 0 8 379 380 381 399 401 419 420 421 
401 8781 3.341710000 4.617650000 0.00000000000000000000 1.00000000000000000000 2 0 8 380 381 382 400 402 420 421 422 
402 8782 3.521270000 4.502640000 0.00000000000000000000 1.00000000000000000000 2 0 8 381 382 383 401 403 421 422 423 
403 8783 3.696140000 4.380710000 0.00000000000000000000 1.00000000000000000000 2 0 8 382 383 384 402 404 422 423 424 
404 8784 3.866070000 4.252050000 0.00000000000000000000 1.00000000000000000000 2 0 8 383 384 674 403 676 423 424 678 
405 8785 0.047219700 5.748210000 0.00000000000000000000 1.00000000000000000000 2 0 8 675 385 386 677 406 679 425 426 
406 8786 0.274003000 5.761060000 0.00000000000000000000 1.00000000000000000000 2 0 8 385 386 387 405 407 425 426 427 
407 8787 0.501100000 5.765030000 0.00000000000000000000 1.00000000000000000000 2 0 8 386 387 388 406 408 426 427 428 
408 8788 0.728159000 5.760100000 0.00000000000000000000 1.00000000000000000000 2 0 8 387 388 389 407 409 427 428 429 
409 8789 0.954831000 5.746300000 0.00000000000000000000 1.00000000000000000000 2 0 8 388 389 390 408 410 428 429 430 
410 8790 1.180770000 5.723640000 0.00000000000000000000 1.00000000000000000000 2 0 8 389 390 391 409 411 429 430 431 
411 8791 1.405620000 5.692160000 0.00000000000000000000 1.00000000000000000000 2 0 8 390 391 392 410 412 430 431 432 
412 8792 1.629040000 5.651920000 0.00000000000000000000 1.00000000000000000000 2 0 8 391 392 393 411 413 431 432 433 
413 8793 1.850680000 5.602970000 0.00000000000000000000 1.00000000000000000000 2 0 8 392 393 394 412 414 432 433 434 
414 8794 2.070210000 5.545390000 0.00000000000000000000 1.00000000000000000000 2 0 8 393 394 395 413 415 433 434 435 
415 8795 2.287290000 5.479270000 0.00000000000000000000 1.00000000000000000000 2 0 8 394 395 396 414 416 434 435 436 
416 8796 2.501580000 5.404730000 0.00000000000000000000 1.00000000000000000000 2 0 8 395 396 397 415 417 435 436 437 
417 8797 2.712760000 5.321860000 0.00000000000000000000 1.00000000000000000000 2 0 8 396 397 398 416 418 436 437 438 
418 8798 2.920490000 5.230810000 0.00000000000000000000 1.00000000000000000000 2 0 8 397 398 399 417 419 437 438 439 
419 8799 3.124470000 5.131720000 0.00000000000000000000 1.00000000000000000000 2 0 8 398 399 400 418 420 438 439 440 
420 8800 3.324380000 5.024740000 0.00000000000000000000 1.00000000000000000000 2 0 8 399 400 401 419 421 439 440 441 
421 8801 3.519900000 4.910030000 0.00000000000000000000 1.00000000000000000000 2 0 8 400 401 402 420 422 440 441 442 
422 8802 3.710760000 4.787770000 0.00000000000000000000 1.00000000000000000000 2 0 8 401 402 403 421 423 441 442 443 
423 8803 3.896640000 4.658160000 0.00000000000000000000 1.00000000000000000000 2 0 8 402 403 404 422 424 442 443 444 
424 8804 4.077260000 4.521400000 0.00000000000000000000 1.00000000000000000000 2 0 8 403 404 676 423 678 443 444 680 
425 8805 0.018727500 6.111070000 0.00000000000000000000 1.00000000000000000000 2 0 8 677 405 406 679 426 681 682 445 
426 8806 0.259710000 6.124800000 0.00000000000000000000 1.00000000000000000000 2 0 8 405 406 407 425 427 682 445 446 
427 8807 0.501029000 6.129080000 0.00000000000000000000 1.00000000000000000000 2 0 8 406 407 408 426 428 445 446 447 
428 8808 0.742314000 6.123910000 0.00000000000000000000 1.00000000000000000000 2 0 8 407 408 409 427 429 446 447 448 
429 8809 0.983192000 6.109290000 0.00000000000000000000 1.00000000000000000000 2 0 8 408 409 410 428 430 447 448 449 
430 8810 1.223290000 6.085260000 0.00000000000000000000 1.00000000000000000000 2 0 8 409 410 411 429 431 448 449 450 
431 8811 1.462240000 6.051860000 0.00000000000000000000 1.00000000000000000000 2 0 8 410 411 412 430 432 449 450 451 
432 8812 1.699680000 6.009130000 0.00000000000000000000 1.00000000000000000000 2 0 8 411 412 413 431 433 450 451 452 
433 8813 1.935240000 5.957140000 0.00000000000000000000 1.00000000000000000000 2 0 8 412 413 414 432 434 451 452 453 
434 8814 2.168550000 5.895980000 0.00000000000000000000 1.00000000000000000000 2 0 8 413 414 415 433 435 452 453 454 
435 8815 2.399260000 5.825740000 0.00000000000000000000 1.00000000000000000000 2 0 8 414 415 416 434 436 453 454 455 
436 8816 2.627010000 5.746530000 0.00000000000000000000 1.00000000000000000000 2 0 8 415 416 417 435 437 454 455 456 
437 8817 2.851450000 5.658480000 0.00000000000000000000 1.00000000000000000000 2 0 8 416 417 418 436 438 455 456 457 
438 8818 3.072250000 5.561730000 0.00000000000000000000 1.00000000000000000000 2 0 8 417 418 419 437 439 456 457 458 
439 8819 3.289050000 5.456410000 0.00000000000000000000 1.00000000000000000000 2 0 8 418 419 420 438 440 457 458 459 
440 8820 3.501530000 5.342710000 0.00000000000000000000 1.00000000000000000000 2 0 8 419 420 421 439 441 458 459 460 
441 8821 3.709360000 5.220790000 0.00000000000000000000 1.00000000000000000000 2 0 8 420 421 422 440 442 459 460 461 
442 8822 3.912220000 5.090840000 0.00000000000000000000 1.00000000000000000000 2 0 8 421 422 423 441 443 460 461 462 
443 8823 4.109800000 4.953070000 0.00000000000000000000 1.00000000000000000000 2 0 8 422 423 424 442 444 461 462 463 
444 8824 4.301800000 4.807680000 0.00000000000000000000 1.00000000000000000000 2 0 8 423 424 678 443 680 462 463 683 
445 8825 0.244509000 6.511400000 0.00000000000000000000 1.00000000000000000000 2 0 8 425 426 427 682 446 684 464 465 
446 8826 0.500949000 6.516010000 0.00000000000000000000 1.00000000000000000000 2 0 8 426 427 428 445 447 464 465 466 
447 8827 0.757357000 6.510580000 0.00000000000000000000 1.00000000000000000000 2 0 8 427 428 429 446 448 465 466 467 
448 8828 1.013340000 6.495100000 0.00000000000000000000 1.00000000000000000000 2 0 8 428 429 430 447 449 466 467 468 
449 8829 1.268500000 6.469620000 0.00000000000000000000 1.00000000000000000000 2 0 8 429 430 431 448 450 467 468 469 
450 8830 1.522440000 6.434170000 0.00000000000000000000 1.00000000000000000000 2 0 8 430 431 432 449 451 468 469 470 
451 8831 1.774780000 6.388800000 0.00000000000000000000 1.00000000000000000000 2 0 8 431 432 433 450 452 469 470 471 
452 8832 2.025120000 6.333590000 0.00000000000000000000 1.00000000000000000000 2 0 8 432 433 434 451 453 470 471 472 
453 8833 2.273080000 6.268620000 0.00000000000000000000 1.00000000000000000000 2 0 8 433 434 435 452 454 471 472 473 
454 8834 2.518290000 6.194000000 0.00000000000000000000 1.00000000000000000000 2 0 8 434 435 436 453 455 472 473 474 
455 8835 2.760350000 6.109840000 0.00000000000000000000 1.00000000000000000000 2 0 8 435 436 437 454 456 473 474 475 
456 8836 2.998900000 6.016280000 0.00000000000000000000 1.00000000000000000000 2 0 8 436 437 438 455 457 474 475 476 
457 8837 3.233580000 5.913460000 0.00000000000000000000 1.00000000000000000000 2 0 8 437 438 439 456 458 475 476 477 
458 8838 3.464020000 5.801540000 0.00000000000000000000 1.00000000000000000000 2 0 8 438 439 440 457 459 476 477 478 
459 8839 3.689860000 5.680690000 0.00000000000000000000 1.00000000000000000000 2 0 8 439 440 441 458 460 477 478 479 
460 8840 3.910770000 5.551110000 0.00000000000000000000 1.00000000000000000000 2 0 8 440 441 442 459 461 478 479 480 
461 8841 4.126410000 5.412980000 0.00000000000000000000 1.00000000000000000000 2 0 8 441 442 443 460 462 479 480 481 
462 8842 4.336430000 5.266530000 0.00000000000000000000 1.00000000000000000000 2 0 8 442 443 444 461 463 480 481 482 
463 8843 4.540520000 5.111990000 0.00000000000000000000 1.00000000000000000000 2 0 8 443 444 680 462 683 481 482 685 
464 8844 0.228344000 6.922320000 0.00000000000000000000 1.00000000000000000000 2 0 8 682 445 446 684 465 686 483 484 
465 8845 0.500859000 6.927290000 0.00000000000000000000 1.00000000000000000000 2 0 8 445 446 447 464 466 483 484 485 
466 8846 0.773344000 6.921570000 0.00000000000000000000 1.00000000000000000000 2 0 8 446 447 448 465 467 484 485 486 
467 8847 1.045380000 6.905190000 0.00000000000000000000 1.00000000000000000000 2 0 8 447 448 449 466 468 485 486 487 
468 8848 1.316550000 6.878160000 0.00000000000000000000 1.00000000000000000000 2 0 8 448 449 450 467 469 486 487 488 
469 8849 1.586430000 6.840530000 0.00000000000000000000 1.00000000000000000000 2 0 8 449 450 451 468 470 487 488 489 
470 8850 1.854610000 6.792360000 0.00000000000000000000 1.00000000000000000000 2 0 8 450 451 452 469 471 488 489 490 
471 8851 2.120670000 6.733720000 0.00000000000000000000 1.00000000000000000000 2 0 8 451 452 453 470 472 489 490 491 
472 8852 2.384210000 6.664720000 0.00000000000000000000 1.00000000000000000000 2 0 8 452 453 454 471 473 490 491 492 
473 8853 2.644820000 6.585440000 0.00000000000000000000 1.00000000000000000000 2 0 8 453 454 455 472 474 491 492 493 
474 8854 2.902100000 6.496030000 0.00000000000000000000 1.00000000000000000000 2 0 8 454 455 456 473 475 492 493 494 
475 8855 3.155660000 6.396610000 0.00000000000000000000 1.00000000000000000000 2 0 8 455 456 457 474 476 493 494 495 
476 8856 3.405090000 6.287340000 0.00000000000000000000 1.00000000000000000000 2 0 8 456 457 458 475 477 494 495 496 
477 8857 3.650030000 6.168400000 0.00000000000000000000 1.00000000000000000000 2 0 8 457 458 459 476 478 495 496 497 
478 8858 3.890090000 6.039960000 0.00000000000000000000 1.00000000000000000000 2 0 8 458 459 460 477 479 496 497 498 
479 8859 4.124910000 5.902230000 0.00000000000000000000 1.00000000000000000000 2 0 8 459 460 461 478 480 497 498 499 
480 8860 4.354110000 5.755410000 0.00000000000000000000 1.00000000000000000000 2 0 8 460 461 462 479 481 498 499 500 
481 8861 4.577370000 5.599740000 0.00000000000000000000 1.00000000000000000000 2 0 8 461 462 463 480 482 499 500 501 
482 8862 4.794320000 5.435460000 0.00000000000000000000 1.00000000000000000000 2 0 8 462 463 683 481 685 500 501 687 
483 8863 0.211154000 7.359090000 0.00000000000000000000 1.00000000000000000000 2 0 8 684 464 465 686 484 689 502 503 
484 8864 0.500756000 7.364440000 0.00000000000000000000 1.00000000000000000000 2 0 8 464 465 466 483 485 502 503 504 
485 8865 0.790332000 7.358440000 0.00000000000000000000 1.00000000000000000000 2 0 8 465 466 467 484 486 503 504 505 
486 8866 1.079440000 7.341090000 0.00000000000000000000 1.00000000000000000000 2 0 8 466 467 468 485 487 504 505 506 
487 8867 1.367620000 7.312420000 0.00000000000000000000 1.00000000000000000000 2 0 8 467 468 469 486 488 505 506 507 
488 8868 1.654450000 7.272480000 0.00000000000000000000 1.00000000000000000000 2 0 8 468 469 470 487 489 506 507 508 
489 8869 1.939470000 7.221340000 0.00000000000000000000 1.00000000000000000000 2 0 8 469 470 471 488 490 507 508 509 
490 8870 2.222250000 7.159060000 0.00000000000000000000 1.00000000000000000000 2 0 8 470 471 472 489 491 508 509 510 
491 8871 2.502350000 7.085760000 0.00000000000000000000 1.00000000000000000000 2 0 8 471 472 473 490 492 509 510 511 
492 8872 2.779340000 7.001540000 0.00000000000000000000 1.00000000000000000000 2 0 8 472 473 474 491 493 510 511 512 
493 8873 3.052800000 6.906540000 0.00000000000000000000 1.00000000000000000000 2 0 8 473 474 475 492 494 511 512 513 
494 8874 3.322300000 6.800890000 0.00000000000000000000 1.00000000000000000000 2 0 8 474 475 476 493 495 512 513 514 
495 8875 3.587420000 6.684780000 0.00000000000000000000 1.00000000000000000000 2 0 8 475 476 477 494 496 513 514 515 
496 8876 3.847770000 6.558370000 0.00000000000000000000 1.00000000000000000000 2 0 8 476 477 478 495 497 514 515 516 
497 8877 4.102950000 6.421870000 0.00000000000000000000 1.00000000000000000000 2 0 8 477 478 479 496 498 515 516 517 
498 8878 4.352550000 6.275480000 0.00000000000000000000 1.00000000000000000000 2 0 8 478 479 480 497 499 516 517 518 
499 8879 4.596190000 6.119430000 0.00000000000000000000 1.00000000000000000000 2 0 8 479 480 481 498 500 517 518 519 
500 8880 4.833510000 5.953960000 0.00000000000000000000 1.00000000000000000000 2 0 8 480 481 482 499 501 518 519 520 
501 8881 5.064130000 5.779330000 0.00000000000000000000 1.00000000000000000000 2 0 8 481 482 685 500 687 519 520 521 
502 8882 0.192874000 7.823370000 0.00000000000000000000 1.00000000000000000000 2 0 8 686 483 484 689 503 691 522 523 
503 8883 0.500640000 7.829130000 0.00000000000000000000 1.00000000000000000000 2 0 8 483 484 485 502 504 522 523 524 
504 8884 0.808384000 7.822820000 0.00000000000000000000 1.00000000000000000000 2 0 8 484 485 486 503 505 523 524 525 
505 8885 1.115630000 7.804450000 0.00000000000000000000 1.00000000000000000000 2 0 8 485 486 487 504 506 524 525 526 
506 8886 1.421910000 7.774040000 0.00000000000000000000 1.00000000000000000000 2 0 8 486 487 488 505 507 525 526 527 
507 8887 1.726750000 7.731650000 0.00000000000000000000 1.00000000000000000000 2 0 8 487 488 489 506 508 526 527 528 
508 8888 2.029670000 7.677350000 0.00000000000000000000 1.00000000000000000000 2 0 8 488 489 490 507 509 527 528 529 
509 8889 2.330220000 7.611210000 0.00000000000000000000 1.00000000000000000000 2 0 8 489 490 491 508 510 528 529 530 
510 8890 2.627920000 7.533340000 0.00000000000000000000 1.00000000000000000000 2 0 8 490 491 492 509 511 529 530 531 
511 8891 2.922330000 7.443870000 0.00000000000000000000 1.00000000000000000000 2 0 8 491 492 493 510 512 530 531 532 
512 8892 3.212990000 7.342920000 0.00000000000000000000 1.00000000000000000000 2 0 8 492 493 494 511 513 531 532 533 
513 8893 3.499440000 7.230670000 0.00000000000000000000 1.00000000000000000000 2 0 8 493 494 495 512 514 532 533 534 
514 8894 3.781250000 7.107280000 0.00000000000000000000 1.00000000000000000000 2 0 8 494 495 496 513 515 533 534 535 
515 8895 4.057990000 6.972940000 0.00000000000000000000 1.00000000000000000000 2 0 8 495 496 497 514 516 534 535 536 
516 8896 4.329230000 6.827860000 0.00000000000000000000 1.00000000000000000000 2 0 8 496 497 498 515 517 535 536 537 
517 8897 4.594550000 6.672270000 0.00000000000000000000 1.00000000000000000000 2 0 8 497 498 499 516 518 536 537 538 
518 8898 4.853540000 6.506400000 0.00000000000000000000 1.00000000000000000000 2 0 8 498 499 500 517 519 537 538 539 
519 8899 5.105810000 6.330520000 0.00000000000000000000 1.00000000000000000000 2 0 8 499 500 501 518 520 538 539 540 
520 8900 5.350970000 6.144890000 0.00000000000000000000 1.00000000000000000000 2 0 8 500 501 687 519 521 539 540 541 
521 8901 5.588640000 5.949800000 0.00000000000000000000 1.00000000000000000000 2 0 8 501 687 688 520 690 540 541 692 
522 8902 0.173434000 8.316910000 0.00000000000000000000 1.00000000000000000000 2 0 8 689 502 503 691 523 693 542 543 
523 8903 0.500508000 8.323110000 0.00000000000000000000 1.00000000000000000000 2 0 8 502 503 504 522 524 542 543 544 
524 8904 0.827564000 8.316470000 0.00000000000000000000 1.00000000000000000000 2 0 8 503 504 505 523 525 543 544 545 
525 8905 1.154100000 8.297010000 0.00000000000000000000 1.00000000000000000000 2 0 8 504 505 506 524 526 544 545 546 
526 8906 1.479610000 8.264760000 0.00000000000000000000 1.00000000000000000000 2 0 8 505 506 507 525 527 545 546 547 
527 8907 1.803590000 8.219770000 0.00000000000000000000 1.00000000000000000000 2 0 8 506 507 508 526 528 546 547 548 
528 8908 2.125550000 8.162110000 0.00000000000000000000 1.00000000000000000000 2 0 8 507 508 509 527 529 547 548 549 
529 8909 2.444990000 8.091870000 0.00000000000000000000 1.00000000000000000000 2 0 8 508 509 510 528 530 548 549 550 
530 8910 2.761410000 8.009150000 0.00000000000000000000 1.00000000000000000000 2 0 8 509 510 511 529 531 549 550 551 
531 8911 3.074330000 7.914090000 0.00000000000000000000 1.00000000000000000000 2 0 8 510 511 512 530 532 550 551 552 
532 8912 3.383270000 7.806840000 0.00000000000000000000 1.00000000000000000000 2 0 8 511 512 513 531 533 551 552 553 
533 8913 3.687740000 7.687560000 0.00000000000000000000 1.00000000000000000000 2 0 8 512 513 514 532 534 552 553 554 
534 8914 3.987290000 7.556430000 0.00000000000000000000 1.00000000000000000000 2 0 8 513 514 515 533 535 553 554 555 
535 8915 4.281450000 7.413670000 0.00000000000000000000 1.00000000000000000000 2 0 8 514 515 516 534 536 554 555 556 
536 8916 4.569770000 7.259480000 0.00000000000000000000 1.00000000000000000000 2 0 8 515 516 517 535 537 555 556 557 
537 8917 4.851810000 7.094100000 0.00000000000000000000 1.00000000000000000000 2 0 8 516 517 518 536 538 556 557 558 
538 8918 5.127120000 6.917800000 0.00000000000000000000 1.00000000000000000000 2 0 8 517 518 519 537 539 557 558 559 
539 8919 5.395290000 6.730850000 0.00000000000000000000 1.00000000000000000000 2 0 8 518 519 520 538 540 558 559 560 
540 8920 5.655900000 6.533530000 0.00000000000000000000 1.00000000000000000000 2 0 8 519 520 521 539 541 559 560 561 
541 8921 5.908560000 6.326150000 0.00000000000000000000 1.00000000000000000000 2 0 8 520 521 690 540 692 560 561 694 
542 8922 0.152762000 8.841570000 0.00000000000000000000 1.00000000000000000000 2 0 8 691 522 523 693 543 696 562 563 
543 8923 0.500359000 8.848230000 0.00000000000000000000 1.00000000000000000000 2 0 8 522 523 524 542 544 562 563 564 
544 8924 0.847944000 8.841260000 0.00000000000000000000 1.00000000000000000000 2 0 8 523 524 525 543 545 563 564 565 
545 8925 1.194980000 8.820650000 0.00000000000000000000 1.00000000000000000000 2 0 8 524 525 526 544 546 564 565 566 
546 8926 1.540930000 8.786440000 0.00000000000000000000 1.00000000000000000000 2 0 8 525 526 527 545 547 565 566 567 
547 8927 1.885270000 8.738680000 0.00000000000000000000 1.00000000000000000000 2 0 8 526 527 528 546 548 566 567 568 
548 8928 2.227460000 8.677460000 0.00000000000000000000 1.00000000000000000000 2 0 8 527 528 529 547 549 567 568 569 
549 8929 2.566980000 8.602860000 0.00000000000000000000 1.00000000000000000000 2 0 8 528 529 530 548 550 568 569 570 
550 8930 2.903300000 8.514990000 0.00000000000000000000 1.00000000000000000000 2 0 8 529 530 531 549 551 569 570 571 
551 8931 3.235900000 8.414000000 0.00000000000000000000 1.00000000000000000000 2 0 8 530 531 532 550 552 570 571 572 
552 8932 3.564270000 8.300050000 0.00000000000000000000 1.00000000000000000000 2 0 8 531 532 533 551 553 571 572 573 
553 8933 3.887910000 8.173300000 0.00000000000000000000 1.00000000000000000000 2 0 8 532 533 534 552 554 572 573 574 
554 8934 4.206320000 8.033950000 0.00000000000000000000 1.00000000000000000000 2 0 8 533 534 535 553 555 573 574 575 
555 8935 4.519000000 7.882220000 0.00000000000000000000 1.00000000000000000000 2 0 8 534 535 536 554 556 574 575 576 
556 8936 4.825480000 7.718350000 0.00000000000000000000 1.00000000000000000000 2 0 8 535 536 537 555 557 575 576 577 
557 8937 5.125280000 7.542580000 0.00000000000000000000 1.00000000000000000000 2 0 8 536 537 538 556 558 576 577 578 
558 8938 5.417940000 7.355190000 0.00000000000000000000 1.00000000000000000000 2 0 8 537 538 539 557 559 577 578 579 
559 8939 5.703010000 7.156470000 0.00000000000000000000 1.00000000000000000000 2 0 8 538 539 540 558 560 578 579 580 
560 8940 5.980060000 6.946730000 0.00000000000000000000 1.00000000000000000000 2 0 8 539 540 541 559 561 579 580 581 
561 8941 6.248650000 6.726280000 0.00000000000000000000 1.00000000000000000000 2 0 8 540 541 692 560 694 580 581 697 
562 8942 0.130779000 9.399320000 0.00000000000000000000 1.00000000000000000000 2 0 8 693 542 543 696 563 699 582 583 
563 8943 0.500190000 9.406490000 0.00000000000000000000 1.00000000000000000000 2 0 8 542 543 544 562 564 582 583 584 
564 8944 0.869596000 9.399160000 0.00000000000000000000 1.00000000000000000000 2 0 8 543 544 545 563 565 583 584 585 
565 8945 1.238420000 9.377330000 0.00000000000000000000 1.00000000000000000000 2 0 8 544 545 546 564 566 584 585 586 
566 8946 1.606110000 9.341050000 0.00000000000000000000 1.00000000000000000000 2 0 8 545 546 547 565 567 585 586 587 
567 8947 1.972080000 9.290360000 0.00000000000000000000 1.00000000000000000000 2 0 8 546 547 548 566 568 586 587 588 
568 8948 2.335780000 9.225350000 0.00000000000000000000 1.00000000000000000000 2 0 8 547 548 549 567 569 587 588 589 
569 8949 2.696640000 9.146110000 0.00000000000000000000 1.00000000000000000000 2 0 8 548 549 550 568 570 588 589 590 
570 8950 3.054110000 9.052780000 0.00000000000000000000 1.00000000000000000000 2 0 8 549 550 551 569 571 589 590 591 
571 8951 3.407630000 8.945490000 0.00000000000000000000 1.00000000000000000000 2 0 8 550 551 552 570 572 590 591 592 
572 8952 3.756670000 8.824400000 0.00000000000000000000 1.00000000000000000000 2 0 8 551 552 553 571 573 591 592 593 
573 8953 4.100680000 8.689720000 0.00000000000000000000 1.00000000000000000000 2 0 8 552 553 554 572 574 592 593 594 
574 8954 4.439130000 8.541640000 0.00000000000000000000 1.00000000000000000000 2 0 8 553 554 555 573 575 593 594 595 
575 8955 4.771500000 8.380390000 0.00000000000000000000 1.00000000000000000000 2 0 8 554 555 556 574 576 594 595 596 
576 8956 5.097290000 8.206230000 0.00000000000000000000 1.00000000000000000000 2 0 8 555 556 557 575 577 595 596 597 
577 8957 5.415980000 8.019410000 0.00000000000000000000 1.00000000000000000000 2 0 8 556 557 558 576 578 596 597 598 
578 8958 5.727090000 7.820230000 0.00000000000000000000 1.00000000000000000000 2 0 8 557 558 559 577 579 597 598 599 
579 8959 6.030130000 7.609010000 0.00000000000000000000 1.00000000000000000000 2 0 8 558 559 560 578 580 598 599 600 
580 8960 6.324640000 7.386050000 0.00000000000000000000 1.00000000000000000000 2 0 8 559 560 561 579 581 599 600 601 
581 8961 6.610180000 7.151710000 0.00000000000000000000 1.00000000000000000000 2 0 8 560 561 694 580 697 600 601 602 
582 8962 0.107402000 9.992290000 -0.03926405738669001139 0.99922886957770318261 3 0 8 696 562 563 699 583 693 542 543 
583 8963 0.500000000 10.000000000 -0.00000000000000000000 1.00000000000000000000 3 0 8 562 563 564 582 584 542 543 544 
584 8964 0.892598000 9.992290000 0.03926410735358380755 0.99922886761428486579 3 0 8 563 564 565 583 585 543 544 545 
585 8965 1.284590000 9.969170000 0.07846480107379300017 0.99691688469623684909 3 0 8 564 565 566 584 586 544 545 546 
586 8966 1.675370000 9.930680000 0.11753803264387427396 0.99306838177549872082 3 0 8 565 566 567 585 587 545 546 547 
587 8967 2.064340000 9.876880000 0.15643212311026291617 0.98768871151755877058 3 0 8 566 567 568 586 588 546 547 548 
588 8968 2.450900000 9.807850000 0.19508492762544765720 0.98078635339882969113 3 0 8 567 568 569 587 589 547 548 549 
589 8969 2.834450000 9.723700000 0.23344520423477357896 0.97236995871930587132 3 0 8 568 569 570 588 590 548 549 550 
590 8970 3.214400000 9.624550000 0.27143445322643250384 0.96245692766048884792 3 0 8 569 570 571 589 591 549 550 551 
591 8971 3.590170000 9.510570000 0.30901667003776622789 0.95105662167863069811 3 0 8 570 571 572 590 592 550 551 552 
592 8972 3.961170000 9.381910000 0.34611905021161554208 0.93819060061408054985 3 0 8 571 572 573 591 593 551 552 553 
593 8973 4.326830000 9.238800000 0.38268023147519464322 0.92388085835679678581 3 0 8 572 573 574 592 594 552 553 554 
594 8974 4.686600000 9.081430000 0.41865513425978917450 0.90814529595099369175 3 0 8 573 574 575 593 595 553 554 555 
595 8975 5.039910000 8.910070000 0.45399140999548787123 0.89100606038921459362 3 0 8 574 575 576 594 596 554 555 556 
596 8976 5.386210000 8.724960000 0.48862780066781752453 0.87249233372822920796 3 0 8 575 576 577 595 597 555 556 557 
597 8977 5.724990000 8.526400000 0.52249486151581092663 0.85264243366699354887 3 0 8 576 577 578 596 598 556 557 558 
598 8978 6.055700000 8.314700000 0.55557278151294220425 0.83146790944808723900 3 0 8 577 578 579 597 599 557 558 559 
599 8979 6.377850000 8.090170000 0.58778618963392137431 0.80901631335569235137 3 0 8 578 579 580 598 600 558 559 560 
600 8980 6.690940000 7.853170000 0.61909246039025589425 0.78531810464800799743 3 0 8 579 580 581 599 601 559 560 561 
601 8981 6.994480000 7.604060000 0.64944366315684309843 0.76040971087001563156 3 0 8 580 581 697 600 602 560 561 694 
602 8982 7.288010000 7.343230000 0.67879778319755001981 0.73432524777927377091 3 0 8 581 697 698 601 700 561 694 695 
603 5830 0.138341 1.43377 2 0
604 5831 0.198138 1.4455 2 0
605 8362 0.258353 1.45498 2 0
606 8363 0.318894 1.4622 2 0
607 8364 0.379665 1.46716 2 0
608 8365 0.440572 1.46985 2 0
609 8366 0.50152 1.47027 2 0
610 8367 0.562416 1.46842 2 0
611 8368 0.623166 1.46431 2 0
612 8369 0.683675 1.45794 2 0
613 8370 0.743851 1.44933 2 0
614 8371 0.803603 1.4385 2 0
615 8372 0.862838 1.42547 2 0
616 8373 0.921466 1.41025 2 0
617 8374 0.979398 1.39289 2 0
618 8375 1.03655 1.37339 2 0
619 8376 1.09283 1.35181 2 0
620 8377 1.14815 1.32817 2 0
621 8378 1.20244 1.30251 2 0
622 8379 1.25561 1.27488 2 0
623 8380 1.30757 1.24532 2 0
624 5861 0.0539663 1.5134 2 0
625 5862 0.116763 1.52833 2 0
626 9001 1.35588 1.32831 2 0
627 5890 -0.0386388 1.59413 2 0
628 5891 0.0272174 1.61259 2 0
629 9021 1.40737 1.41627 2 0
630 5915 -0.0710912 1.69805 2 0
631 9042 1.46225 1.50953 2 0
632 5982 -0.105665 1.80826 2 0
633 9064 1.52072 1.60842 2 0
634 5984 -0.142487 1.92517 2 0
635 5985 -0.0640038 1.94761 2 0
636 9087 1.58299 1.71332 2 0
637 5990 -0.0984465 2.07315 2 0
638 5991 -0.0143165 2.09386 2 0
639 9111 1.64931 1.82463 2 0
640 6006 -0.045853 2.22846 2 0
641 6007 0.044205 2.2471 2 0
642 9136 1.71991 1.94275 2 0
643 9137 1.79671 1.89402 2 0
644 6024 0.0161505 2.39121 2 0
645 6025 0.112422 2.40739 2 0
646 9160 1.87662 2.01629 2 0
647 6044 0.0884786 2.56146 2 0
648 6045 0.191251 2.57475 2 0
649 9182 1.96166 2.1461 2 0
650 9183 2.04601 2.08769 2 0
651 6066 0.172105 2.73924 2 0
652 9203 2.14176 2.2218 2 0
653 6088 0.151732 2.91391 2 0
654 9223 2.24363 2.36421 2 0
655 6110 0.130059 3.09942 2 0
656 9243 2.35201 2.51547 2 0
657 6132 0.107002 3.29645 2 0
658 9263 2.4673 2.67613 2 0
659 9264 2.57169 2.59732 2 0
660 6154 0.0824773 3.50575 2 0
661 9283 2.70086 2.76299 2 0
662 9284 2.80838 2.67497 2 0
663 6177 0.0563922 3.72808 2 0
664 9302 2.9525 2.8454 2 0
665 6200 0.0286495 3.9643 2 0
666 9320 3.10577 3.02647 2 0
667 6223 -0.000854222 4.21527 2 0
668 9338 3.26878 3.21888 2 0
669 6246 -0.0322293 4.48193 2 0
670 9356 3.44211 3.42332 2 0
671 6269 -0.0655929 4.7653 2 0
672 9374 3.62643 3.64059 2 0
673 6292 -0.10107 5.06641 2 0
674 9392 3.82241 3.87148 2 0
675 6315 -0.138792 5.38641 2 0
676 9410 4.0308 4.11687 2 0
677 6339 -0.178901 5.72649 2 0
678 9428 4.25236 4.37769 2 0
679 6364 -0.221545 6.08792 2 0
680 9446 4.48793 4.65491 2 0
681 6390 -0.266886 6.47207 2 0
682 6391 -0.0115675 6.49675 2 0
683 9464 4.73838 4.94958 2 0
684 6418 -0.0437785 6.90667 2 0
685 9482 5.00464 5.26282 2 0
686 6445 -0.0780262 7.34239 2 0
687 9500 5.28771 5.59581 2 0
688 9501 5.5039 5.40368 2 0
689 6473 -0.114439 7.80555 2 0
690 9518 5.81846 5.74556 2 0
691 6501 -0.153152 8.29789 2 0
692 9535 6.15287 6.10903 2 0
693 6529 -0.194311 8.82127 2 0
694 9552 6.50837 6.49546 2 0
695 9553 6.75883 6.25465 2 0
696 6557 -0.23807 9.37766 2 0
697 9569 6.88628 6.90634 2 0
698 9570 7.15254 6.65033 2 0
699 6584 -0.284591 9.96917 3 0
700 9586 7.57107 7.07107 3 0
