686 608 78
1 1 1.000000000 -0.000000003 0.00000000000000000000 1.00000000000000000000 2 1 9 34 2 68 35 36 33 3 67 37 
2 2 0.999615000 -0.000054681 0.14036650252237550807 -0.99009961365997711802 1 1 9 1 3 35 36 37 34 4 68 38 
3 3 0.998459000 -0.000218471 0.14010513689151748995 -0.99013663229708304137 1 1 8 2 4 36 37 38 70 71 72 
4 4 0.996534000 -0.000490645 0.13979061185766311626 -0.99018108689090822416 1 1 8 3 5 37 38 39 71 72 73 
5 5 0.993844000 -0.000870002 0.13935711712082152203 -0.99024218952121689785 1 1 8 4 6 38 39 40 72 73 74 
6 6 0.990393000 -0.001354870 0.13876045682244561585 -0.99032597442580805325 1 1 8 5 7 39 40 41 73 74 75 
7 7 0.986185000 -0.001943150 0.13804686302476867898 -0.99042569817680958799 1 1 8 6 8 40 41 42 74 75 76 
8 8 0.981228000 -0.002632300 0.13721282869678594341 -0.99054158905167954963 1 1 8 7 9 41 42 43 75 76 77 
9 9 0.975528000 -0.003419390 0.13627283718361105080 -0.99067134502110676397 1 1 8 8 10 42 43 44 76 77 78 
10 10 0.969096000 -0.004301130 0.13522637670253234710 -0.99081472891954169846 1 1 8 9 11 43 44 45 77 78 79 
11 11 0.961940000 -0.005273880 0.13406686263307679430 -0.99097228838334505685 1 1 8 10 12 44 45 46 78 79 80 
12 12 0.954072000 -0.006333700 0.13281006750325285992 -0.99114150653162602644 1 1 8 11 13 45 46 47 79 80 81 
13 13 0.945503000 -0.007476390 0.13146895884956646960 -0.99132028772693392416 1 1 8 12 14 46 47 48 80 81 82 
14 14 0.936248000 -0.008697520 0.13004657339925981829 -0.99150788637665976388 1 1 8 13 15 47 48 49 81 82 83 
15 15 0.926320000 -0.009992440 0.12854392066912434522 -0.99170381690251141471 1 1 8 14 16 48 49 50 82 83 84 
16 16 0.915735000 -0.011356400 0.12696073505246974200 -0.99190774357040711884 1 1 8 15 17 49 50 51 83 84 85 
17 17 0.904508000 -0.012784300 0.12531194563675995823 -0.99211739037309976119 1 1 8 16 18 50 51 52 84 85 86 
18 18 0.892658000 -0.014271200 0.12361563743041628638 -0.99233017397571454676 1 1 8 17 19 51 52 53 85 86 87 
19 19 0.880203000 -0.015812000 0.12184871307927289119 -0.99254868450919075951 1 1 8 18 20 52 53 54 86 87 88 
20 20 0.867161000 -0.017401300 0.12002653447902668360 -0.99277068400560408712 1 1 8 19 21 53 54 55 87 88 89 
21 21 0.853553000 -0.019034000 0.11816065709095549541 -0.99299449097959946453 1 1 8 20 22 54 55 56 88 89 613 
22 22 0.839400000 -0.020704700 0.11624154724163376917 -0.99322097374897955202 1 1 8 21 609 55 56 611 89 613 614 
23 23 0.945503000 0.007476390 0.13146950540820348530 0.99132021524213986829 1 1 8 610 24 612 57 58 615 616 90 
24 24 0.954072000 0.006333690 0.13281065986142420732 0.99114142715718078769 1 1 8 23 25 57 58 59 616 90 91 
25 25 0.961940000 0.005273870 0.13406686263307679430 0.99097228838334505685 1 1 8 24 26 58 59 60 90 91 92 
26 26 0.969096000 0.004301120 0.13522566085276543912 0.99081482661844177962 1 1 8 25 27 59 60 61 91 92 93 
27 27 0.975528000 0.003419390 0.13627203577044180727 0.99067145526000666145 1 1 8 26 28 60 61 62 92 93 94 
28 28 0.981228000 0.002632300 0.13721282869678594341 0.99054158905167954963 1 1 8 27 29 61 62 63 93 94 95 
29 29 0.986185000 0.001943150 0.13804686302476867898 0.99042569817680958799 1 1 8 28 30 62 63 64 94 95 96 
30 30 0.990393000 0.001354870 0.13876071044765153628 0.99032593888884035138 1 1 8 29 31 63 64 65 95 96 97 
31 31 0.993844000 0.000870000 0.13935727524022409329 0.99024216726900726737 1 1 8 30 32 64 65 66 96 97 98 
32 32 0.996534000 0.000490644 0.13979040149328805787 0.99018111658945773268 1 1 8 31 33 65 66 67 97 98 99 
33 33 0.998459000 0.000218470 0.14010497936136037667 0.99013665458771527028 1 1 8 32 34 66 67 68 98 99 100 
34 34 0.999615000 0.000054680 0.14037003599076877669 0.99009911271344464012 1 1 7 33 1 67 68 35 32 66 
35 35 1.001400000 -0.000000058 0.00000000000000000000 1.00000000000000000000 2 0 8 34 1 2 68 36 100 69 70 
36 36 1.001030000 -0.001458160 0.00000000000000000000 1.00000000000000000000 2 0 8 1 2 3 35 37 69 70 71 
37 37 0.999899000 -0.002964430 0.00000000000000000000 1.00000000000000000000 2 0 8 2 3 4 36 38 70 71 72 
38 38 0.998015000 -0.004539460 0.00000000000000000000 1.00000000000000000000 2 0 8 3 4 5 37 39 71 72 73 
39 39 0.995372000 -0.006192040 0.00000000000000000000 1.00000000000000000000 2 0 8 4 5 6 38 40 72 73 74 
40 40 0.991971000 -0.007925230 0.00000000000000000000 1.00000000000000000000 2 0 8 5 6 7 39 41 73 74 75 
41 41 0.987816000 -0.009739020 0.00000000000000000000 1.00000000000000000000 2 0 8 6 7 8 40 42 74 75 76 
42 42 0.982909000 -0.011631600 0.00000000000000000000 1.00000000000000000000 2 0 8 7 8 9 41 43 75 76 77 
43 43 0.977259000 -0.013599900 0.00000000000000000000 1.00000000000000000000 2 0 8 8 9 10 42 44 76 77 78 
44 44 0.970873000 -0.015640400 0.00000000000000000000 1.00000000000000000000 2 0 8 9 10 11 43 45 77 78 79 
45 45 0.963760000 -0.017748500 0.00000000000000000000 1.00000000000000000000 2 0 8 10 11 12 44 46 78 79 80 
46 46 0.955930000 -0.019919400 0.00000000000000000000 1.00000000000000000000 2 0 8 11 12 13 45 47 79 80 81 
47 47 0.947396000 -0.022148000 0.00000000000000000000 1.00000000000000000000 2 0 8 12 13 14 46 48 80 81 82 
48 48 0.938170000 -0.024428700 0.00000000000000000000 1.00000000000000000000 2 0 8 13 14 15 47 49 81 82 83 
49 49 0.928265000 -0.026755900 0.00000000000000000000 1.00000000000000000000 2 0 8 14 15 16 48 50 82 83 84 
50 50 0.917697000 -0.029123400 0.00000000000000000000 1.00000000000000000000 2 0 8 15 16 17 49 51 83 84 85 
51 51 0.906483000 -0.031525200 0.00000000000000000000 1.00000000000000000000 2 0 8 16 17 18 50 52 84 85 86 
52 52 0.894638000 -0.033955100 0.00000000000000000000 1.00000000000000000000 2 0 8 17 18 19 51 53 85 86 87 
53 53 0.882182000 -0.036406700 0.00000000000000000000 1.00000000000000000000 2 0 8 18 19 20 52 54 86 87 88 
54 54 0.869132000 -0.038873600 0.00000000000000000000 1.00000000000000000000 2 0 8 19 20 21 53 55 87 88 89 
55 55 0.855510000 -0.041349300 0.00000000000000000000 1.00000000000000000000 2 0 8 20 21 22 54 56 88 89 613 
56 56 0.841335000 -0.043827400 0.00000000000000000000 1.00000000000000000000 2 0 8 21 22 609 55 611 89 613 614 
57 57 0.947397000 0.022147800 0.00000000000000000000 1.00000000000000000000 2 0 8 610 23 24 612 58 615 616 90 
58 58 0.955931000 0.019919200 0.00000000000000000000 1.00000000000000000000 2 0 8 23 24 25 57 59 616 90 91 
59 59 0.963760000 0.017748300 0.00000000000000000000 1.00000000000000000000 2 0 8 24 25 26 58 60 90 91 92 
60 60 0.970874000 0.015640200 0.00000000000000000000 1.00000000000000000000 2 0 8 25 26 27 59 61 91 92 93 
61 61 0.977260000 0.013599800 0.00000000000000000000 1.00000000000000000000 2 0 8 26 27 28 60 62 92 93 94 
62 62 0.982910000 0.011631400 0.00000000000000000000 1.00000000000000000000 2 0 8 27 28 29 61 63 93 94 95 
63 63 0.987816000 0.009738870 0.00000000000000000000 1.00000000000000000000 2 0 8 28 29 30 62 64 94 95 96 
64 64 0.991972000 0.007925100 0.00000000000000000000 1.00000000000000000000 2 0 8 29 30 31 63 65 95 96 97 
65 65 0.995372000 0.006191910 0.00000000000000000000 1.00000000000000000000 2 0 8 30 31 32 64 66 96 97 98 
66 66 0.998015000 0.004539340 0.00000000000000000000 1.00000000000000000000 2 0 8 31 32 33 65 67 97 98 99 
67 67 0.999899000 0.002964310 0.00000000000000000000 1.00000000000000000000 2 0 8 32 33 34 66 68 98 99 100 
68 68 1.001030000 0.001458040 0.00000000000000000000 1.00000000000000000000 2 0 8 33 34 1 67 35 99 100 69 
69 69 1.005150000 -0.000000209 0.00000000000000000000 1.00000000000000000000 2 0 8 68 35 36 100 70 132 101 102 
70 70 1.004770000 -0.002820540 0.00000000000000000000 1.00000000000000000000 2 0 8 35 36 37 69 71 101 102 103 
71 71 1.003650000 -0.005665600 0.00000000000000000000 1.00000000000000000000 2 0 8 36 37 38 70 72 102 103 104 
72 72 1.001770000 -0.008552350 0.00000000000000000000 1.00000000000000000000 2 0 8 37 38 39 71 73 103 104 105 
73 73 0.999127000 -0.011490700 0.00000000000000000000 1.00000000000000000000 2 0 8 38 39 40 72 74 104 105 106 
74 74 0.995733000 -0.014485200 0.00000000000000000000 1.00000000000000000000 2 0 8 39 40 41 73 75 105 106 107 
75 75 0.991583000 -0.017537200 0.00000000000000000000 1.00000000000000000000 2 0 8 40 41 42 74 76 106 107 108 
76 76 0.986682000 -0.020645300 0.00000000000000000000 1.00000000000000000000 2 0 8 41 42 43 75 77 107 108 109 
77 77 0.981035000 -0.023806600 0.00000000000000000000 1.00000000000000000000 2 0 8 42 43 44 76 78 108 109 110 
78 78 0.974647000 -0.027017000 0.00000000000000000000 1.00000000000000000000 2 0 8 43 44 45 77 79 109 110 111 
79 79 0.967529000 -0.030271400 0.00000000000000000000 1.00000000000000000000 2 0 8 44 45 46 78 80 110 111 112 
80 80 0.959689000 -0.033564300 0.00000000000000000000 1.00000000000000000000 2 0 8 45 46 47 79 81 111 112 113 
81 81 0.951138000 -0.036889400 0.00000000000000000000 1.00000000000000000000 2 0 8 46 47 48 80 82 112 113 114 
82 82 0.941889000 -0.040240100 0.00000000000000000000 1.00000000000000000000 2 0 8 47 48 49 81 83 113 114 115 
83 83 0.931955000 -0.043609700 0.00000000000000000000 1.00000000000000000000 2 0 8 48 49 50 82 84 114 115 116 
84 84 0.921351000 -0.046991000 0.00000000000000000000 1.00000000000000000000 2 0 8 49 50 51 83 85 115 116 117 
85 85 0.910092000 -0.050376700 0.00000000000000000000 1.00000000000000000000 2 0 8 50 51 52 84 86 116 117 118 
86 86 0.898196000 -0.053759300 0.00000000000000000000 1.00000000000000000000 2 0 8 51 52 53 85 87 117 118 119 
87 87 0.885680000 -0.057131300 0.00000000000000000000 1.00000000000000000000 2 0 8 52 53 54 86 88 118 119 120 
88 88 0.872563000 -0.060485200 0.00000000000000000000 1.00000000000000000000 2 0 8 53 54 55 87 89 119 120 121 
89 89 0.858865000 -0.063813100 0.00000000000000000000 1.00000000000000000000 2 0 8 54 55 56 88 613 120 121 617 
90 90 0.959690000 0.033563800 0.00000000000000000000 1.00000000000000000000 2 0 8 57 58 59 616 91 618 122 123 
91 91 0.967530000 0.030271000 0.00000000000000000000 1.00000000000000000000 2 0 8 58 59 60 90 92 122 123 124 
92 92 0.974648000 0.027016500 0.00000000000000000000 1.00000000000000000000 2 0 8 59 60 61 91 93 123 124 125 
93 93 0.981035000 0.023806100 0.00000000000000000000 1.00000000000000000000 2 0 8 60 61 62 92 94 124 125 126 
94 94 0.986683000 0.020644800 0.00000000000000000000 1.00000000000000000000 2 0 8 61 62 63 93 95 125 126 127 
95 95 0.991584000 0.017536700 0.00000000000000000000 1.00000000000000000000 2 0 8 62 63 64 94 96 126 127 128 
96 96 0.995733000 0.014484800 0.00000000000000000000 1.00000000000000000000 2 0 8 63 64 65 95 97 127 128 129 
97 97 0.999128000 0.011490200 0.00000000000000000000 1.00000000000000000000 2 0 8 64 65 66 96 98 128 129 130 
98 98 1.001770000 0.008551920 0.00000000000000000000 1.00000000000000000000 2 0 8 65 66 67 97 99 129 130 131 
99 99 1.003650000 0.005665180 0.00000000000000000000 1.00000000000000000000 2 0 8 66 67 68 98 100 130 131 132 
100 100 1.004770000 0.002820120 0.00000000000000000000 1.00000000000000000000 2 0 8 67 68 35 99 69 131 132 101 
101 101 1.011130000 -0.000000453 0.00000000000000000000 1.00000000000000000000 2 0 8 100 69 70 132 102 164 133 134 
102 102 1.010750000 -0.004166540 0.00000000000000000000 1.00000000000000000000 2 0 8 69 70 71 101 103 133 134 135 
103 103 1.009610000 -0.008346150 0.00000000000000000000 1.00000000000000000000 2 0 8 70 71 72 102 104 134 135 136 
104 104 1.007720000 -0.012550000 0.00000000000000000000 1.00000000000000000000 2 0 8 71 72 73 103 105 135 136 137 
105 105 1.005060000 -0.016785300 0.00000000000000000000 1.00000000000000000000 2 0 8 72 73 74 104 106 136 137 138 
106 106 1.001640000 -0.021055400 0.00000000000000000000 1.00000000000000000000 2 0 8 73 74 75 105 107 137 138 139 
107 107 0.997463000 -0.025361200 0.00000000000000000000 1.00000000000000000000 2 0 8 74 75 76 106 108 138 139 140 
108 108 0.992530000 -0.029701000 0.00000000000000000000 1.00000000000000000000 2 0 8 75 76 77 107 109 139 140 141 
109 109 0.986845000 -0.034071500 0.00000000000000000000 1.00000000000000000000 2 0 8 76 77 78 108 110 140 141 142 
110 110 0.980415000 -0.038468000 0.00000000000000000000 1.00000000000000000000 2 0 8 77 78 79 109 111 141 142 143 
111 111 0.973247000 -0.042884600 0.00000000000000000000 1.00000000000000000000 2 0 8 78 79 80 110 112 142 143 144 
112 112 0.965350000 -0.047314900 0.00000000000000000000 1.00000000000000000000 2 0 8 79 80 81 111 113 143 144 145 
113 113 0.956735000 -0.051751800 0.00000000000000000000 1.00000000000000000000 2 0 8 80 81 82 112 114 144 145 146 
114 114 0.947413000 -0.056187600 0.00000000000000000000 1.00000000000000000000 2 0 8 81 82 83 113 115 145 146 147 
115 115 0.937399000 -0.060614400 0.00000000000000000000 1.00000000000000000000 2 0 8 82 83 84 114 116 146 147 148 
116 116 0.926705000 -0.065023800 0.00000000000000000000 1.00000000000000000000 2 0 8 83 84 85 115 117 147 148 149 
117 117 0.915347000 -0.069407400 0.00000000000000000000 1.00000000000000000000 2 0 8 84 85 86 116 118 148 149 150 
118 118 0.903343000 -0.073756500 0.00000000000000000000 1.00000000000000000000 2 0 8 85 86 87 117 119 149 150 151 
119 119 0.890710000 -0.078062400 0.00000000000000000000 1.00000000000000000000 2 0 8 86 87 88 118 120 150 151 152 
120 120 0.877465000 -0.082316300 0.00000000000000000000 1.00000000000000000000 2 0 8 87 88 89 119 121 151 152 153 
121 121 0.863630000 -0.086509200 0.00000000000000000000 1.00000000000000000000 2 0 8 88 89 613 120 617 152 153 619 
122 122 0.965351000 0.047314000 0.00000000000000000000 1.00000000000000000000 2 0 8 616 90 91 618 123 620 154 155 
123 123 0.973248000 0.042883600 0.00000000000000000000 1.00000000000000000000 2 0 8 90 91 92 122 124 154 155 156 
124 124 0.980416000 0.038467000 0.00000000000000000000 1.00000000000000000000 2 0 8 91 92 93 123 125 155 156 157 
125 125 0.986846000 0.034070600 0.00000000000000000000 1.00000000000000000000 2 0 8 92 93 94 124 126 156 157 158 
126 126 0.992531000 0.029700100 0.00000000000000000000 1.00000000000000000000 2 0 8 93 94 95 125 127 157 158 159 
127 127 0.997464000 0.025360300 0.00000000000000000000 1.00000000000000000000 2 0 8 94 95 96 126 128 158 159 160 
128 128 1.001640000 0.021054500 0.00000000000000000000 1.00000000000000000000 2 0 8 95 96 97 127 129 159 160 161 
129 129 1.005060000 0.016784300 0.00000000000000000000 1.00000000000000000000 2 0 8 96 97 98 128 130 160 161 162 
130 130 1.007720000 0.012549100 0.00000000000000000000 1.00000000000000000000 2 0 8 97 98 99 129 131 161 162 163 
131 131 1.009610000 0.008345240 0.00000000000000000000 1.00000000000000000000 2 0 8 98 99 100 130 132 162 163 164 
132 132 1.010750000 0.004165640 0.00000000000000000000 1.00000000000000000000 2 0 8 99 100 69 131 101 163 164 133 
133 133 1.019300000 -0.000000788 0.00000000000000000000 1.00000000000000000000 2 0 8 132 101 102 164 134 196 165 166 
134 134 1.018910000 -0.005511320 0.00000000000000000000 1.00000000000000000000 2 0 8 101 102 103 133 135 165 166 167 
135 135 1.017760000 -0.011028500 0.00000000000000000000 1.00000000000000000000 2 0 8 102 103 104 134 136 166 167 168 
136 136 1.015830000 -0.016557900 0.00000000000000000000 1.00000000000000000000 2 0 8 103 104 105 135 137 167 168 169 
137 137 1.013140000 -0.022102800 0.00000000000000000000 1.00000000000000000000 2 0 8 104 105 106 136 138 168 169 170 
138 138 1.009670000 -0.027664500 0.00000000000000000000 1.00000000000000000000 2 0 8 105 106 107 137 139 169 170 171 
139 139 1.005440000 -0.033242000 0.00000000000000000000 1.00000000000000000000 2 0 8 106 107 108 138 140 170 171 172 
140 140 1.000440000 -0.038832700 0.00000000000000000000 1.00000000000000000000 2 0 8 107 108 109 139 141 171 172 173 
141 141 0.994686000 -0.044432100 0.00000000000000000000 1.00000000000000000000 2 0 8 108 109 110 140 142 172 173 174 
142 142 0.988175000 -0.050034500 0.00000000000000000000 1.00000000000000000000 2 0 8 109 110 111 141 143 173 174 175 
143 143 0.980917000 -0.055633300 0.00000000000000000000 1.00000000000000000000 2 0 8 110 111 112 142 144 174 175 176 
144 144 0.972920000 -0.061221000 0.00000000000000000000 1.00000000000000000000 2 0 8 111 112 113 143 145 175 176 177 
145 145 0.964195000 -0.066789200 0.00000000000000000000 1.00000000000000000000 2 0 8 112 113 114 144 146 176 177 178 
146 146 0.954753000 -0.072329300 0.00000000000000000000 1.00000000000000000000 2 0 8 113 114 115 145 147 177 178 179 
147 147 0.944608000 -0.077832100 0.00000000000000000000 1.00000000000000000000 2 0 8 114 115 116 146 148 178 179 180 
148 148 0.933772000 -0.083288100 0.00000000000000000000 1.00000000000000000000 2 0 8 115 116 117 147 149 179 180 181 
149 149 0.922262000 -0.088687700 0.00000000000000000000 1.00000000000000000000 2 0 8 116 117 118 148 150 180 181 182 
150 150 0.910094000 -0.094021000 0.00000000000000000000 1.00000000000000000000 2 0 8 117 118 119 149 151 181 182 183 
151 151 0.897285000 -0.099278000 0.00000000000000000000 1.00000000000000000000 2 0 8 118 119 120 150 152 182 183 184 
152 152 0.883854000 -0.104449000 0.00000000000000000000 1.00000000000000000000 2 0 8 119 120 121 151 153 183 184 185 
153 153 0.869821000 -0.109523000 0.00000000000000000000 1.00000000000000000000 2 0 8 120 121 617 152 619 184 185 621 
154 154 0.972922000 0.061219400 0.00000000000000000000 1.00000000000000000000 2 0 8 618 122 123 620 155 622 186 187 
155 155 0.980919000 0.055631800 0.00000000000000000000 1.00000000000000000000 2 0 8 122 123 124 154 156 186 187 188 
156 156 0.988177000 0.050032900 0.00000000000000000000 1.00000000000000000000 2 0 8 123 124 125 155 157 187 188 189 
157 157 0.994688000 0.044430500 0.00000000000000000000 1.00000000000000000000 2 0 8 124 125 126 156 158 188 189 190 
158 158 1.000440000 0.038831100 0.00000000000000000000 1.00000000000000000000 2 0 8 125 126 127 157 159 189 190 191 
159 159 1.005440000 0.033240400 0.00000000000000000000 1.00000000000000000000 2 0 8 126 127 128 158 160 190 191 192 
160 160 1.009670000 0.027662900 0.00000000000000000000 1.00000000000000000000 2 0 8 127 128 129 159 161 191 192 193 
161 161 1.013140000 0.022101200 0.00000000000000000000 1.00000000000000000000 2 0 8 128 129 130 160 162 192 193 194 
162 162 1.015830000 0.016556300 0.00000000000000000000 1.00000000000000000000 2 0 8 129 130 131 161 163 193 194 195 
163 163 1.017760000 0.011027000 0.00000000000000000000 1.00000000000000000000 2 0 8 130 131 132 162 164 194 195 196 
164 164 1.018910000 0.005509750 0.00000000000000000000 1.00000000000000000000 2 0 8 131 132 101 163 133 195 196 165 
165 165 1.029630000 -0.000001213 0.00000000000000000000 1.00000000000000000000 2 0 8 164 133 134 196 166 228 197 198 
166 166 1.029240000 -0.006865340 0.00000000000000000000 1.00000000000000000000 2 0 8 133 134 135 165 167 197 198 199 
167 167 1.028060000 -0.013731200 0.00000000000000000000 1.00000000000000000000 2 0 8 134 135 136 166 168 198 199 200 
168 168 1.026100000 -0.020599800 0.00000000000000000000 1.00000000000000000000 2 0 8 135 136 137 167 169 199 200 201 
169 169 1.023350000 -0.027471100 0.00000000000000000000 1.00000000000000000000 2 0 8 136 137 138 168 170 200 201 202 
170 170 1.019820000 -0.034343400 0.00000000000000000000 1.00000000000000000000 2 0 8 137 138 139 169 171 201 202 203 
171 171 1.015510000 -0.041213800 0.00000000000000000000 1.00000000000000000000 2 0 8 138 139 140 170 172 202 203 204 
172 172 1.010420000 -0.048077600 0.00000000000000000000 1.00000000000000000000 2 0 8 139 140 141 171 173 203 204 205 
173 173 1.004560000 -0.054929100 0.00000000000000000000 1.00000000000000000000 2 0 8 140 141 142 172 174 204 205 206 
174 174 0.997937000 -0.061761200 0.00000000000000000000 1.00000000000000000000 2 0 8 141 142 143 173 175 205 206 207 
175 175 0.990550000 -0.068566000 0.00000000000000000000 1.00000000000000000000 2 0 8 142 143 144 174 176 206 207 208 
176 176 0.982413000 -0.075334700 0.00000000000000000000 1.00000000000000000000 2 0 8 143 144 145 175 177 207 208 209 
177 177 0.973534000 -0.082057800 0.00000000000000000000 1.00000000000000000000 2 0 8 144 145 146 176 178 208 209 210 
178 178 0.963926000 -0.088725400 0.00000000000000000000 1.00000000000000000000 2 0 8 145 146 147 177 179 209 210 211 
179 179 0.953600000 -0.095327200 0.00000000000000000000 1.00000000000000000000 2 0 8 146 147 148 178 180 210 211 212 
180 180 0.942572000 -0.101852000 0.00000000000000000000 1.00000000000000000000 2 0 8 147 148 149 179 181 211 212 213 
181 181 0.930855000 -0.108290000 0.00000000000000000000 1.00000000000000000000 2 0 8 148 149 150 180 182 212 213 214 
182 182 0.918468000 -0.114629000 0.00000000000000000000 1.00000000000000000000 2 0 8 149 150 151 181 183 213 214 215 
183 183 0.905426000 -0.120858000 0.00000000000000000000 1.00000000000000000000 2 0 8 150 151 152 182 184 214 215 216 
184 184 0.891749000 -0.126965000 0.00000000000000000000 1.00000000000000000000 2 0 8 151 152 153 183 185 215 216 217 
185 185 0.877456000 -0.132940000 0.00000000000000000000 1.00000000000000000000 2 0 8 152 153 619 184 621 216 217 623 
186 186 0.982415000 0.075332300 0.00000000000000000000 1.00000000000000000000 2 0 8 620 154 155 622 187 624 218 219 
187 187 0.990553000 0.068563600 0.00000000000000000000 1.00000000000000000000 2 0 8 154 155 156 186 188 218 219 220 
188 188 0.997939000 0.061758800 0.00000000000000000000 1.00000000000000000000 2 0 8 155 156 157 187 189 219 220 221 
189 189 1.004570000 0.054926700 0.00000000000000000000 1.00000000000000000000 2 0 8 156 157 158 188 190 220 221 222 
190 190 1.010430000 0.048075200 0.00000000000000000000 1.00000000000000000000 2 0 8 157 158 159 189 191 221 222 223 
191 191 1.015510000 0.041211400 0.00000000000000000000 1.00000000000000000000 2 0 8 158 159 160 190 192 222 223 224 
192 192 1.019820000 0.034341000 0.00000000000000000000 1.00000000000000000000 2 0 8 159 160 161 191 193 223 224 225 
193 193 1.023350000 0.027468700 0.00000000000000000000 1.00000000000000000000 2 0 8 160 161 162 192 194 224 225 226 
194 194 1.026100000 0.020597400 0.00000000000000000000 1.00000000000000000000 2 0 8 161 162 163 193 195 225 226 227 
195 195 1.028060000 0.013728800 0.00000000000000000000 1.00000000000000000000 2 0 8 162 163 164 194 196 226 227 228 
196 196 1.029240000 0.006862920 0.00000000000000000000 1.00000000000000000000 2 0 8 163 164 133 195 165 227 228 197 
197 197 1.042140000 -0.000001728 0.00000000000000000000 1.00000000000000000000 2 0 8 196 165 166 228 198 260 229 230 
198 198 1.041740000 -0.008236960 0.00000000000000000000 1.00000000000000000000 2 0 8 165 166 167 197 199 229 230 231 
199 199 1.040530000 -0.016469900 0.00000000000000000000 1.00000000000000000000 2 0 8 166 167 168 198 200 230 231 232 
200 200 1.038520000 -0.024697800 0.00000000000000000000 1.00000000000000000000 2 0 8 167 168 169 199 201 231 232 233 
201 201 1.035710000 -0.032917300 0.00000000000000000000 1.00000000000000000000 2 0 8 168 169 170 200 202 232 233 234 
202 202 1.032100000 -0.041123800 0.00000000000000000000 1.00000000000000000000 2 0 8 169 170 171 201 203 233 234 235 
203 203 1.027690000 -0.049312000 0.00000000000000000000 1.00000000000000000000 2 0 8 170 171 172 202 204 234 235 236 
204 204 1.022490000 -0.057475100 0.00000000000000000000 1.00000000000000000000 2 0 8 171 172 173 203 205 235 236 237 
205 205 1.016490000 -0.065605600 0.00000000000000000000 1.00000000000000000000 2 0 8 172 173 174 204 206 236 237 238 
206 206 1.009720000 -0.073694700 0.00000000000000000000 1.00000000000000000000 2 0 8 173 174 175 205 207 237 238 239 
207 207 1.002170000 -0.081733100 0.00000000000000000000 1.00000000000000000000 2 0 8 174 175 176 206 208 238 239 240 
208 208 0.993849000 -0.089710500 0.00000000000000000000 1.00000000000000000000 2 0 8 175 176 177 207 209 239 240 241 
209 209 0.984774000 -0.097616100 0.00000000000000000000 1.00000000000000000000 2 0 8 176 177 178 208 210 240 241 242 
210 210 0.974954000 -0.105439000 0.00000000000000000000 1.00000000000000000000 2 0 8 177 178 179 209 211 241 242 243 
211 211 0.964401000 -0.113166000 0.00000000000000000000 1.00000000000000000000 2 0 8 178 179 180 210 212 242 243 244 
212 212 0.953129000 -0.120787000 0.00000000000000000000 1.00000000000000000000 2 0 8 179 180 181 211 213 243 244 245 
213 213 0.941153000 -0.128288000 0.00000000000000000000 1.00000000000000000000 2 0 8 180 181 182 212 214 244 245 246 
214 214 0.928490000 -0.135658000 0.00000000000000000000 1.00000000000000000000 2 0 8 181 182 183 213 215 245 246 247 
215 215 0.915158000 -0.142883000 0.00000000000000000000 1.00000000000000000000 2 0 8 182 183 184 214 216 246 247 248 
216 216 0.901176000 -0.149952000 0.00000000000000000000 1.00000000000000000000 2 0 8 183 184 185 215 217 247 248 249 
217 217 0.886562000 -0.156851000 0.00000000000000000000 1.00000000000000000000 2 0 8 184 185 621 216 623 248 249 625 
218 218 0.993852000 0.089707200 0.00000000000000000000 1.00000000000000000000 2 0 8 622 186 187 624 219 626 250 251 
219 219 1.002170000 0.081729800 0.00000000000000000000 1.00000000000000000000 2 0 8 186 187 188 218 220 250 251 252 
220 220 1.009720000 0.073691400 0.00000000000000000000 1.00000000000000000000 2 0 8 187 188 189 219 221 251 252 253 
221 221 1.016500000 0.065602200 0.00000000000000000000 1.00000000000000000000 2 0 8 188 189 190 220 222 252 253 254 
222 222 1.022490000 0.057471700 0.00000000000000000000 1.00000000000000000000 2 0 8 189 190 191 221 223 253 254 255 
223 223 1.027690000 0.049308600 0.00000000000000000000 1.00000000000000000000 2 0 8 190 191 192 222 224 254 255 256 
224 224 1.032100000 0.041120400 0.00000000000000000000 1.00000000000000000000 2 0 8 191 192 193 223 225 255 256 257 
225 225 1.035710000 0.032913800 0.00000000000000000000 1.00000000000000000000 2 0 8 192 193 194 224 226 256 257 258 
226 226 1.038520000 0.024694400 0.00000000000000000000 1.00000000000000000000 2 0 8 193 194 195 225 227 257 258 259 
227 227 1.040530000 0.016466500 0.00000000000000000000 1.00000000000000000000 2 0 8 194 195 196 226 228 258 259 260 
228 228 1.041740000 0.008233520 0.00000000000000000000 1.00000000000000000000 2 0 8 195 196 165 227 197 259 260 229 
229 229 1.056850000 -0.000002334 0.00000000000000000000 1.00000000000000000000 2 0 8 228 197 198 260 230 292 261 262 
230 230 1.056430000 -0.009633520 0.00000000000000000000 1.00000000000000000000 2 0 8 197 198 199 229 231 261 262 263 
231 231 1.055190000 -0.019258900 0.00000000000000000000 1.00000000000000000000 2 0 8 198 199 200 230 232 262 263 264 
232 232 1.053130000 -0.028872400 0.00000000000000000000 1.00000000000000000000 2 0 8 199 200 201 231 233 263 264 265 
233 233 1.050240000 -0.038467400 0.00000000000000000000 1.00000000000000000000 2 0 8 200 201 202 232 234 264 265 266 
234 234 1.046530000 -0.048036700 0.00000000000000000000 1.00000000000000000000 2 0 8 201 202 203 233 235 265 266 267 
235 235 1.042000000 -0.057572200 0.00000000000000000000 1.00000000000000000000 2 0 8 202 203 204 234 236 266 267 268 
236 236 1.036650000 -0.067065100 0.00000000000000000000 1.00000000000000000000 2 0 8 203 204 205 235 237 267 268 269 
237 237 1.030500000 -0.076505600 0.00000000000000000000 1.00000000000000000000 2 0 8 204 205 206 236 238 268 269 270 
238 238 1.023540000 -0.085883400 0.00000000000000000000 1.00000000000000000000 2 0 8 205 206 207 237 239 269 270 271 
239 239 1.015790000 -0.095187000 0.00000000000000000000 1.00000000000000000000 2 0 8 206 207 208 238 240 270 271 272 
240 240 1.007260000 -0.104405000 0.00000000000000000000 1.00000000000000000000 2 0 8 207 208 209 239 241 271 272 273 
241 241 0.997945000 -0.113524000 0.00000000000000000000 1.00000000000000000000 2 0 8 208 209 210 240 242 272 273 274 
242 242 0.987868000 -0.122533000 0.00000000000000000000 1.00000000000000000000 2 0 8 209 210 211 241 243 273 274 275 
243 243 0.977040000 -0.131417000 0.00000000000000000000 1.00000000000000000000 2 0 8 210 211 212 242 244 274 275 276 
244 244 0.965474000 -0.140163000 0.00000000000000000000 1.00000000000000000000 2 0 8 211 212 213 243 245 275 276 277 
245 245 0.953187000 -0.148758000 0.00000000000000000000 1.00000000000000000000 2 0 8 212 213 214 244 246 276 277 278 
246 246 0.940194000 -0.157188000 0.00000000000000000000 1.00000000000000000000 2 0 8 213 214 215 245 247 277 278 279 
247 247 0.926514000 -0.165438000 0.00000000000000000000 1.00000000000000000000 2 0 8 214 215 216 246 248 278 279 280 
248 248 0.912165000 -0.173494000 0.00000000000000000000 1.00000000000000000000 2 0 8 215 216 217 247 249 279 280 281 
249 249 0.897169000 -0.181344000 0.00000000000000000000 1.00000000000000000000 2 0 8 216 217 623 248 625 280 281 627 
250 250 1.007260000 0.104400000 0.00000000000000000000 1.00000000000000000000 2 0 8 624 218 219 626 251 628 282 283 
251 251 1.015800000 0.095182600 0.00000000000000000000 1.00000000000000000000 2 0 8 218 219 220 250 252 282 283 284 
252 252 1.023550000 0.085878900 0.00000000000000000000 1.00000000000000000000 2 0 8 219 220 221 251 253 283 284 285 
253 253 1.030500000 0.076501200 0.00000000000000000000 1.00000000000000000000 2 0 8 220 221 222 252 254 284 285 286 
254 254 1.036660000 0.067060600 0.00000000000000000000 1.00000000000000000000 2 0 8 221 222 223 253 255 285 286 287 
255 255 1.042000000 0.057567600 0.00000000000000000000 1.00000000000000000000 2 0 8 222 223 224 254 256 286 287 288 
256 256 1.046530000 0.048032100 0.00000000000000000000 1.00000000000000000000 2 0 8 223 224 225 255 257 287 288 289 
257 257 1.050240000 0.038462800 0.00000000000000000000 1.00000000000000000000 2 0 8 224 225 226 256 258 288 289 290 
258 258 1.053130000 0.028867700 0.00000000000000000000 1.00000000000000000000 2 0 8 225 226 227 257 259 289 290 291 
259 259 1.055190000 0.019254300 0.00000000000000000000 1.00000000000000000000 2 0 8 226 227 228 258 260 290 291 292 
260 260 1.056430000 0.009628870 0.00000000000000000000 1.00000000000000000000 2 0 8 227 228 197 259 229 291 292 261 
261 261 1.073780000 -0.000003030 0.00000000000000000000 1.00000000000000000000 2 0 8 260 229 230 292 262 324 293 294 
262 262 1.073350000 -0.011061800 0.00000000000000000000 1.00000000000000000000 2 0 8 229 230 231 261 263 293 294 295 
263 263 1.072070000 -0.022111500 0.00000000000000000000 1.00000000000000000000 2 0 8 230 231 232 262 264 294 295 296 
264 264 1.069940000 -0.033143000 0.00000000000000000000 1.00000000000000000000 2 0 8 231 232 233 263 265 295 296 297 
265 265 1.066960000 -0.044146700 0.00000000000000000000 1.00000000000000000000 2 0 8 232 233 234 264 266 296 297 298 
266 266 1.063140000 -0.055112700 0.00000000000000000000 1.00000000000000000000 2 0 8 233 234 235 265 267 297 298 299 
267 267 1.058470000 -0.066030200 0.00000000000000000000 1.00000000000000000000 2 0 8 234 235 236 266 268 298 299 300 
268 268 1.052960000 -0.076888000 0.00000000000000000000 1.00000000000000000000 2 0 8 235 236 237 267 269 299 300 301 
269 269 1.046620000 -0.087674300 0.00000000000000000000 1.00000000000000000000 2 0 8 236 237 238 268 270 300 301 302 
270 270 1.039460000 -0.098376400 0.00000000000000000000 1.00000000000000000000 2 0 8 237 238 239 269 271 301 302 303 
271 271 1.031470000 -0.108981000 0.00000000000000000000 1.00000000000000000000 2 0 8 238 239 240 270 272 302 303 304 
272 272 1.022680000 -0.119476000 0.00000000000000000000 1.00000000000000000000 2 0 8 239 240 241 271 273 303 304 305 
273 273 1.013090000 -0.129845000 0.00000000000000000000 1.00000000000000000000 2 0 8 240 241 242 272 274 304 305 306 
274 274 1.002710000 -0.140075000 0.00000000000000000000 1.00000000000000000000 2 0 8 241 242 243 273 275 305 306 307 
275 275 0.991557000 -0.150150000 0.00000000000000000000 1.00000000000000000000 2 0 8 242 243 244 274 276 306 307 308 
276 276 0.979647000 -0.160057000 0.00000000000000000000 1.00000000000000000000 2 0 8 243 244 245 275 277 307 308 309 
277 277 0.966994000 -0.169778000 0.00000000000000000000 1.00000000000000000000 2 0 8 244 245 246 276 278 308 309 310 
278 278 0.953615000 -0.179300000 0.00000000000000000000 1.00000000000000000000 2 0 8 245 246 247 277 279 309 310 311 
279 279 0.939529000 -0.188607000 0.00000000000000000000 1.00000000000000000000 2 0 8 246 247 248 278 280 310 311 312 
280 280 0.924754000 -0.197683000 0.00000000000000000000 1.00000000000000000000 2 0 8 247 248 249 279 281 311 312 313 
281 281 0.909312000 -0.206514000 0.00000000000000000000 1.00000000000000000000 2 0 8 248 249 625 280 627 312 313 629 
282 282 1.022680000 0.119470000 0.00000000000000000000 1.00000000000000000000 2 0 8 626 250 251 628 283 630 314 315 
283 283 1.031470000 0.108976000 0.00000000000000000000 1.00000000000000000000 2 0 8 250 251 252 282 284 314 315 316 
284 284 1.039460000 0.098370700 0.00000000000000000000 1.00000000000000000000 2 0 8 251 252 253 283 285 315 316 317 
285 285 1.046630000 0.087668500 0.00000000000000000000 1.00000000000000000000 2 0 8 252 253 254 284 286 316 317 318 
286 286 1.052970000 0.076882200 0.00000000000000000000 1.00000000000000000000 2 0 8 253 254 255 285 287 317 318 319 
287 287 1.058470000 0.066024300 0.00000000000000000000 1.00000000000000000000 2 0 8 254 255 256 286 288 318 319 320 
288 288 1.063140000 0.055106700 0.00000000000000000000 1.00000000000000000000 2 0 8 255 256 257 287 289 319 320 321 
289 289 1.066970000 0.044140800 0.00000000000000000000 1.00000000000000000000 2 0 8 256 257 258 288 290 320 321 322 
290 290 1.069950000 0.033137000 0.00000000000000000000 1.00000000000000000000 2 0 8 257 258 259 289 291 321 322 323 
291 291 1.072070000 0.022105500 0.00000000000000000000 1.00000000000000000000 2 0 8 258 259 260 290 292 322 323 324 
292 292 1.073350000 0.011055700 0.00000000000000000000 1.00000000000000000000 2 0 8 259 260 229 291 261 323 324 293 
293 293 1.092990000 -0.000003817 0.00000000000000000000 1.00000000000000000000 2 0 8 292 261 262 324 294 356 325 326 
294 294 1.092550000 -0.012528200 0.00000000000000000000 1.00000000000000000000 2 0 8 261 262 263 293 295 325 326 327 
295 295 1.091230000 -0.025040600 0.00000000000000000000 1.00000000000000000000 2 0 8 262 263 264 294 296 326 327 328 
296 296 1.089020000 -0.037528700 0.00000000000000000000 1.00000000000000000000 2 0 8 263 264 265 295 297 327 328 329 
297 297 1.085940000 -0.049980200 0.00000000000000000000 1.00000000000000000000 2 0 8 264 265 266 296 298 328 329 330 
298 298 1.081980000 -0.062382200 0.00000000000000000000 1.00000000000000000000 2 0 8 265 266 267 297 299 329 330 331 
299 299 1.077150000 -0.074721600 0.00000000000000000000 1.00000000000000000000 2 0 8 266 267 268 298 300 330 331 332 
300 300 1.071460000 -0.086984600 0.00000000000000000000 1.00000000000000000000 2 0 8 267 268 269 299 301 331 332 333 
301 301 1.064900000 -0.099157100 0.00000000000000000000 1.00000000000000000000 2 0 8 268 269 270 300 302 332 333 334 
302 302 1.057500000 -0.111224000 0.00000000000000000000 1.00000000000000000000 2 0 8 269 270 271 301 303 333 334 335 
303 303 1.049240000 -0.123171000 0.00000000000000000000 1.00000000000000000000 2 0 8 270 271 272 302 304 334 335 336 
304 304 1.040150000 -0.134982000 0.00000000000000000000 1.00000000000000000000 2 0 8 271 272 273 303 305 335 336 337 
305 305 1.030240000 -0.146641000 0.00000000000000000000 1.00000000000000000000 2 0 8 272 273 274 304 306 336 337 338 
306 306 1.019520000 -0.158132000 0.00000000000000000000 1.00000000000000000000 2 0 8 273 274 275 305 307 337 338 339 
307 307 1.008000000 -0.169438000 0.00000000000000000000 1.00000000000000000000 2 0 8 274 275 276 306 308 338 339 340 
308 308 0.995692000 -0.180543000 0.00000000000000000000 1.00000000000000000000 2 0 8 275 276 277 307 309 339 340 341 
309 309 0.982621000 -0.191429000 0.00000000000000000000 1.00000000000000000000 2 0 8 276 277 278 308 310 340 341 342 
310 310 0.968799000 -0.202081000 0.00000000000000000000 1.00000000000000000000 2 0 8 277 278 279 309 311 341 342 343 
311 311 0.954248000 -0.212480000 0.00000000000000000000 1.00000000000000000000 2 0 8 278 279 280 310 312 342 343 344 
312 312 0.938985000 -0.222610000 0.00000000000000000000 1.00000000000000000000 2 0 8 279 280 281 311 313 343 344 345 
313 313 0.923033000 -0.232455000 0.00000000000000000000 1.00000000000000000000 2 0 8 280 281 627 312 629 344 345 631 
314 314 1.040160000 0.134975000 0.00000000000000000000 1.00000000000000000000 2 0 8 628 282 283 630 315 632 346 347 
315 315 1.049250000 0.123164000 0.00000000000000000000 1.00000000000000000000 2 0 8 282 283 284 314 316 346 347 348 
316 316 1.057500000 0.111217000 0.00000000000000000000 1.00000000000000000000 2 0 8 283 284 285 315 317 347 348 349 
317 317 1.064910000 0.099149800 0.00000000000000000000 1.00000000000000000000 2 0 8 284 285 286 316 318 348 349 350 
318 318 1.071460000 0.086977300 0.00000000000000000000 1.00000000000000000000 2 0 8 285 286 287 317 319 349 350 351 
319 319 1.077160000 0.074714200 0.00000000000000000000 1.00000000000000000000 2 0 8 286 287 288 318 320 350 351 352 
320 320 1.081990000 0.062374800 0.00000000000000000000 1.00000000000000000000 2 0 8 287 288 289 319 321 351 352 353 
321 321 1.085940000 0.049972700 0.00000000000000000000 1.00000000000000000000 2 0 8 288 289 290 320 322 352 353 354 
322 322 1.089020000 0.037521200 0.00000000000000000000 1.00000000000000000000 2 0 8 289 290 291 321 323 353 354 355 
323 323 1.091230000 0.025033000 0.00000000000000000000 1.00000000000000000000 2 0 8 290 291 292 322 324 354 355 356 
324 324 1.092550000 0.012520600 0.00000000000000000000 1.00000000000000000000 2 0 8 291 292 261 323 293 355 356 325 
325 325 1.114540000 -0.000004696 0.00000000000000000000 1.00000000000000000000 2 0 8 324 293 294 356 326 388 357 358 
326 326 1.114080000 -0.014039300 0.00000000000000000000 1.00000000000000000000 2 0 8 293 294 295 325 327 357 358 359 
327 327 1.112710000 -0.028058800 0.00000000000000000000 1.00000000000000000000 2 0 8 294 295 296 326 328 358 359 360 
328 328 1.110420000 -0.042048300 0.00000000000000000000 1.00000000000000000000 2 0 8 295 296 297 327 329 359 360 361 
329 329 1.107220000 -0.055992500 0.00000000000000000000 1.00000000000000000000 2 0 8 296 297 298 328 330 360 361 362 
330 330 1.103120000 -0.069875800 0.00000000000000000000 1.00000000000000000000 2 0 8 297 298 299 329 331 361 362 363 
331 331 1.098110000 -0.083682500 0.00000000000000000000 1.00000000000000000000 2 0 8 298 299 300 330 332 362 363 364 
332 332 1.092200000 -0.097396200 0.00000000000000000000 1.00000000000000000000 2 0 8 299 300 301 331 333 363 364 365 
333 333 1.085400000 -0.111001000 0.00000000000000000000 1.00000000000000000000 2 0 8 300 301 302 332 334 364 365 366 
334 334 1.077720000 -0.124478000 0.00000000000000000000 1.00000000000000000000 2 0 8 301 302 303 333 335 365 366 367 
335 335 1.069170000 -0.137813000 0.00000000000000000000 1.00000000000000000000 2 0 8 302 303 304 334 336 366 367 368 
336 336 1.059740000 -0.150985000 0.00000000000000000000 1.00000000000000000000 2 0 8 303 304 305 335 337 367 368 369 
337 337 1.049470000 -0.163979000 0.00000000000000000000 1.00000000000000000000 2 0 8 304 305 306 336 338 368 369 370 
338 338 1.038360000 -0.176775000 0.00000000000000000000 1.00000000000000000000 2 0 8 305 306 307 337 339 369 370 371 
339 339 1.026420000 -0.189355000 0.00000000000000000000 1.00000000000000000000 2 0 8 306 307 308 338 340 370 371 372 
340 340 1.013660000 -0.201701000 0.00000000000000000000 1.00000000000000000000 2 0 8 307 308 309 339 341 371 372 373 
341 341 1.000120000 -0.213794000 0.00000000000000000000 1.00000000000000000000 2 0 8 308 309 310 340 342 372 373 374 
342 342 0.985798000 -0.225615000 0.00000000000000000000 1.00000000000000000000 2 0 8 309 310 311 341 343 373 374 375 
343 343 0.970720000 -0.237147000 0.00000000000000000000 1.00000000000000000000 2 0 8 310 311 312 342 344 374 375 376 
344 344 0.954907000 -0.248370000 0.00000000000000000000 1.00000000000000000000 2 0 8 311 312 313 343 345 375 376 377 
345 345 0.938380000 -0.259266000 0.00000000000000000000 1.00000000000000000000 2 0 8 312 313 629 344 631 376 377 633 
346 346 1.059750000 0.150977000 0.00000000000000000000 1.00000000000000000000 2 0 8 630 314 315 632 347 634 378 379 
347 347 1.069170000 0.137804000 0.00000000000000000000 1.00000000000000000000 2 0 8 314 315 316 346 348 378 379 380 
348 348 1.077730000 0.124470000 0.00000000000000000000 1.00000000000000000000 2 0 8 315 316 317 347 349 379 380 381 
349 349 1.085410000 0.110992000 0.00000000000000000000 1.00000000000000000000 2 0 8 316 317 318 348 350 380 381 382 
350 350 1.092210000 0.097387200 0.00000000000000000000 1.00000000000000000000 2 0 8 317 318 319 349 351 381 382 383 
351 351 1.098110000 0.083673400 0.00000000000000000000 1.00000000000000000000 2 0 8 318 319 320 350 352 382 383 384 
352 352 1.103120000 0.069866700 0.00000000000000000000 1.00000000000000000000 2 0 8 319 320 321 351 353 383 384 385 
353 353 1.107220000 0.055983300 0.00000000000000000000 1.00000000000000000000 2 0 8 320 321 322 352 354 384 385 386 
354 354 1.110420000 0.042039100 0.00000000000000000000 1.00000000000000000000 2 0 8 321 322 323 353 355 385 386 387 
355 355 1.112710000 0.028049500 0.00000000000000000000 1.00000000000000000000 2 0 8 322 323 324 354 356 386 387 388 
356 356 1.114080000 0.014029900 0.00000000000000000000 1.00000000000000000000 2 0 8 323 324 293 355 325 387 388 357 
357 357 1.138490000 -0.000005667 0.00000000000000000000 1.00000000000000000000 2 0 8 356 325 326 388 358 420 389 390 
358 358 1.138010000 -0.015601200 0.00000000000000000000 1.00000000000000000000 2 0 8 325 326 327 357 359 389 390 391 
359 359 1.136580000 -0.031178800 0.00000000000000000000 1.00000000000000000000 2 0 8 326 327 328 358 360 390 391 392 
360 360 1.134210000 -0.046720600 0.00000000000000000000 1.00000000000000000000 2 0 8 327 328 329 359 361 391 392 393 
361 361 1.130880000 -0.062208500 0.00000000000000000000 1.00000000000000000000 2 0 8 328 329 330 360 362 392 393 394 
362 362 1.126610000 -0.077624200 0.00000000000000000000 1.00000000000000000000 2 0 8 329 330 331 361 363 393 394 395 
363 363 1.121400000 -0.092949200 0.00000000000000000000 1.00000000000000000000 2 0 8 330 331 332 362 364 394 395 396 
364 364 1.115260000 -0.108165000 0.00000000000000000000 1.00000000000000000000 2 0 8 331 332 333 363 365 395 396 397 
365 365 1.108190000 -0.123252000 0.00000000000000000000 1.00000000000000000000 2 0 8 332 333 334 364 366 396 397 398 
366 366 1.100200000 -0.138191000 0.00000000000000000000 1.00000000000000000000 2 0 8 333 334 335 365 367 397 398 399 
367 367 1.091310000 -0.152963000 0.00000000000000000000 1.00000000000000000000 2 0 8 334 335 336 366 368 398 399 400 
368 368 1.081510000 -0.167548000 0.00000000000000000000 1.00000000000000000000 2 0 8 335 336 337 367 369 399 400 401 
369 369 1.070830000 -0.181925000 0.00000000000000000000 1.00000000000000000000 2 0 8 336 337 338 368 370 400 401 402 
370 370 1.059280000 -0.196075000 0.00000000000000000000 1.00000000000000000000 2 0 8 337 338 339 369 371 401 402 403 
371 371 1.046870000 -0.209977000 0.00000000000000000000 1.00000000000000000000 2 0 8 338 339 340 370 372 402 403 404 
372 372 1.033620000 -0.223611000 0.00000000000000000000 1.00000000000000000000 2 0 8 339 340 341 371 373 403 404 405 
373 373 1.019550000 -0.236957000 0.00000000000000000000 1.00000000000000000000 2 0 8 340 341 342 372 374 404 405 406 
374 374 1.004670000 -0.249994000 0.00000000000000000000 1.00000000000000000000 2 0 8 341 342 343 373 375 405 406 407 
375 375 0.989004000 -0.262701000 0.00000000000000000000 1.00000000000000000000 2 0 8 342 343 344 374 376 406 407 408 
376 376 0.972575000 -0.275059000 0.00000000000000000000 1.00000000000000000000 2 0 8 343 344 345 375 377 407 408 409 
377 377 0.955406000 -0.287049000 0.00000000000000000000 1.00000000000000000000 2 0 8 344 345 631 376 633 408 409 635 
378 378 1.081520000 0.167538000 0.00000000000000000000 1.00000000000000000000 2 0 8 632 346 347 634 379 636 410 411 
379 379 1.091310000 0.152953000 0.00000000000000000000 1.00000000000000000000 2 0 8 346 347 348 378 380 410 411 412 
380 380 1.100210000 0.138181000 0.00000000000000000000 1.00000000000000000000 2 0 8 347 348 349 379 381 411 412 413 
381 381 1.108190000 0.123241000 0.00000000000000000000 1.00000000000000000000 2 0 8 348 349 350 380 382 412 413 414 
382 382 1.115260000 0.108154000 0.00000000000000000000 1.00000000000000000000 2 0 8 349 350 351 381 383 413 414 415 
383 383 1.121400000 0.092938300 0.00000000000000000000 1.00000000000000000000 2 0 8 350 351 352 382 384 414 415 416 
384 384 1.126610000 0.077613200 0.00000000000000000000 1.00000000000000000000 2 0 8 351 352 353 383 385 415 416 417 
385 385 1.130880000 0.062197400 0.00000000000000000000 1.00000000000000000000 2 0 8 352 353 354 384 386 416 417 418 
386 386 1.134210000 0.046709400 0.00000000000000000000 1.00000000000000000000 2 0 8 353 354 355 385 387 417 418 419 
387 387 1.136580000 0.031167600 0.00000000000000000000 1.00000000000000000000 2 0 8 354 355 356 386 388 418 419 420 
388 388 1.138010000 0.015589900 0.00000000000000000000 1.00000000000000000000 2 0 8 355 356 325 387 357 419 420 389 
389 389 1.164920000 -0.000006733 0.00000000000000000000 1.00000000000000000000 2 0 8 388 357 358 420 390 451 421 422 
390 390 1.164430000 -0.017220400 0.00000000000000000000 1.00000000000000000000 2 0 8 357 358 359 389 391 421 422 423 
391 391 1.162940000 -0.034413300 0.00000000000000000000 1.00000000000000000000 2 0 8 358 359 360 390 392 422 423 424 
392 392 1.160460000 -0.051564500 0.00000000000000000000 1.00000000000000000000 2 0 8 359 360 361 391 393 423 424 425 
393 393 1.156990000 -0.068653300 0.00000000000000000000 1.00000000000000000000 2 0 8 360 361 362 392 394 424 425 426 
394 394 1.152540000 -0.085658500 0.00000000000000000000 1.00000000000000000000 2 0 8 361 362 363 393 395 425 426 427 
395 395 1.147110000 -0.102559000 0.00000000000000000000 1.00000000000000000000 2 0 8 362 363 364 394 396 426 427 428 
396 396 1.140700000 -0.119333000 0.00000000000000000000 1.00000000000000000000 2 0 8 363 364 365 395 397 427 428 429 
397 397 1.133330000 -0.135960000 0.00000000000000000000 1.00000000000000000000 2 0 8 364 365 366 396 398 428 429 430 
398 398 1.125010000 -0.152417000 0.00000000000000000000 1.00000000000000000000 2 0 8 365 366 367 397 399 429 430 431 
399 399 1.115740000 -0.168682000 0.00000000000000000000 1.00000000000000000000 2 0 8 366 367 368 398 400 430 431 432 
400 400 1.105530000 -0.184734000 0.00000000000000000000 1.00000000000000000000 2 0 8 367 368 369 399 401 431 432 433 
401 401 1.094410000 -0.200550000 0.00000000000000000000 1.00000000000000000000 2 0 8 368 369 370 400 402 432 433 434 
402 402 1.082370000 -0.216108000 0.00000000000000000000 1.00000000000000000000 2 0 8 369 370 371 401 403 433 434 435 
403 403 1.069440000 -0.231385000 0.00000000000000000000 1.00000000000000000000 2 0 8 370 371 372 402 404 434 435 436 
404 404 1.055640000 -0.246359000 0.00000000000000000000 1.00000000000000000000 2 0 8 371 372 373 403 405 435 436 437 
405 405 1.040980000 -0.261008000 0.00000000000000000000 1.00000000000000000000 2 0 8 372 373 374 404 406 436 437 438 
406 406 1.025480000 -0.275309000 0.00000000000000000000 1.00000000000000000000 2 0 8 373 374 375 405 407 437 438 439 
407 407 1.009160000 -0.289241000 0.00000000000000000000 1.00000000000000000000 2 0 8 374 375 376 406 408 438 439 440 
408 408 0.992053000 -0.302781000 0.00000000000000000000 1.00000000000000000000 2 0 8 375 376 377 407 409 439 440 441 
409 409 0.974172000 -0.315908000 0.00000000000000000000 1.00000000000000000000 2 0 8 376 377 633 408 635 440 441 637 
410 410 1.105540000 0.184722000 0.00000000000000000000 1.00000000000000000000 2 0 8 634 378 379 636 411 638 639 442 
411 411 1.115750000 0.168670000 0.00000000000000000000 1.00000000000000000000 2 0 8 378 379 380 410 412 639 442 443 
412 412 1.125020000 0.152404000 0.00000000000000000000 1.00000000000000000000 2 0 8 379 380 381 411 413 442 443 444 
413 413 1.133340000 0.135947000 0.00000000000000000000 1.00000000000000000000 2 0 8 380 381 382 412 414 443 444 445 
414 414 1.140710000 0.119320000 0.00000000000000000000 1.00000000000000000000 2 0 8 381 382 383 413 415 444 445 446 
415 415 1.147110000 0.102546000 0.00000000000000000000 1.00000000000000000000 2 0 8 382 383 384 414 416 445 446 447 
416 416 1.152540000 0.085645400 0.00000000000000000000 1.00000000000000000000 2 0 8 383 384 385 415 417 446 447 448 
417 417 1.156990000 0.068640100 0.00000000000000000000 1.00000000000000000000 2 0 8 384 385 386 416 418 447 448 449 
418 418 1.160460000 0.051551300 0.00000000000000000000 1.00000000000000000000 2 0 8 385 386 387 417 419 448 449 450 
419 419 1.162940000 0.034399900 0.00000000000000000000 1.00000000000000000000 2 0 8 386 387 388 418 420 449 450 451 
420 420 1.164430000 0.017207000 0.00000000000000000000 1.00000000000000000000 2 0 8 387 388 357 419 389 450 451 421 
421 421 1.193940000 -0.000007892 0.00000000000000000000 1.00000000000000000000 2 0 8 420 389 390 451 422 481 452 453 
422 422 1.193420000 -0.018903400 0.00000000000000000000 1.00000000000000000000 2 0 8 389 390 391 421 423 452 453 454 
423 423 1.191860000 -0.037775200 0.00000000000000000000 1.00000000000000000000 2 0 8 390 391 392 422 424 453 454 455 
424 424 1.189270000 -0.056599500 0.00000000000000000000 1.00000000000000000000 2 0 8 391 392 393 423 425 454 455 456 
425 425 1.185640000 -0.075352600 0.00000000000000000000 1.00000000000000000000 2 0 8 392 393 394 424 426 455 456 457 
426 426 1.180990000 -0.094010600 0.00000000000000000000 1.00000000000000000000 2 0 8 393 394 395 425 427 456 457 458 
427 427 1.175320000 -0.112550000 0.00000000000000000000 1.00000000000000000000 2 0 8 394 395 396 426 428 457 458 459 
428 428 1.168630000 -0.130945000 0.00000000000000000000 1.00000000000000000000 2 0 8 395 396 397 427 429 458 459 460 
429 429 1.160930000 -0.149174000 0.00000000000000000000 1.00000000000000000000 2 0 8 396 397 398 428 430 459 460 461 
430 430 1.152230000 -0.167210000 0.00000000000000000000 1.00000000000000000000 2 0 8 397 398 399 429 431 460 461 462 
431 431 1.142550000 -0.185031000 0.00000000000000000000 1.00000000000000000000 2 0 8 398 399 400 430 432 461 462 463 
432 432 1.131890000 -0.202610000 0.00000000000000000000 1.00000000000000000000 2 0 8 399 400 401 431 433 462 463 464 
433 433 1.120270000 -0.219925000 0.00000000000000000000 1.00000000000000000000 2 0 8 400 401 402 432 434 463 464 465 
434 434 1.107700000 -0.236949000 0.00000000000000000000 1.00000000000000000000 2 0 8 401 402 403 433 435 464 465 466 
435 435 1.094200000 -0.253659000 0.00000000000000000000 1.00000000000000000000 2 0 8 402 403 404 434 436 465 466 467 
436 436 1.079790000 -0.270030000 0.00000000000000000000 1.00000000000000000000 2 0 8 403 404 405 435 437 466 467 468 
437 437 1.064480000 -0.286037000 0.00000000000000000000 1.00000000000000000000 2 0 8 404 405 406 436 438 467 468 469 
438 438 1.048300000 -0.301657000 0.00000000000000000000 1.00000000000000000000 2 0 8 405 406 407 437 439 468 469 470 
439 439 1.031270000 -0.316866000 0.00000000000000000000 1.00000000000000000000 2 0 8 406 407 408 438 440 469 470 471 
440 440 1.013410000 -0.331639000 0.00000000000000000000 1.00000000000000000000 2 0 8 407 408 409 439 441 470 471 472 
441 441 0.994746000 -0.345954000 0.00000000000000000000 1.00000000000000000000 2 0 8 408 409 635 440 637 471 472 640 
442 442 1.142560000 0.185016000 0.00000000000000000000 1.00000000000000000000 2 0 8 410 411 412 639 443 641 642 473 
443 443 1.152240000 0.167196000 0.00000000000000000000 1.00000000000000000000 2 0 8 411 412 413 442 444 642 473 474 
444 444 1.160940000 0.149159000 0.00000000000000000000 1.00000000000000000000 2 0 8 412 413 414 443 445 473 474 475 
445 445 1.168630000 0.130930000 0.00000000000000000000 1.00000000000000000000 2 0 8 413 414 415 444 446 474 475 476 
446 446 1.175320000 0.112534000 0.00000000000000000000 1.00000000000000000000 2 0 8 414 415 416 445 447 475 476 477 
447 447 1.181000000 0.093995300 0.00000000000000000000 1.00000000000000000000 2 0 8 415 416 417 446 448 476 477 478 
448 448 1.185650000 0.075337100 0.00000000000000000000 1.00000000000000000000 2 0 8 416 417 418 447 449 477 478 479 
449 449 1.189270000 0.056583900 0.00000000000000000000 1.00000000000000000000 2 0 8 417 418 419 448 450 478 479 480 
450 450 1.191860000 0.037759500 0.00000000000000000000 1.00000000000000000000 2 0 8 418 419 420 449 451 479 480 481 
451 451 1.193420000 0.018887700 0.00000000000000000000 1.00000000000000000000 2 0 8 419 420 389 450 421 480 481 452 
452 452 1.225620000 -0.000009146 0.00000000000000000000 1.00000000000000000000 2 0 8 451 421 422 481 453 508 482 483 
453 453 1.225080000 -0.020656800 0.00000000000000000000 1.00000000000000000000 2 0 8 421 422 423 452 454 482 483 484 
454 454 1.223450000 -0.041277700 0.00000000000000000000 1.00000000000000000000 2 0 8 422 423 424 453 455 483 484 485 
455 455 1.220740000 -0.061845300 0.00000000000000000000 1.00000000000000000000 2 0 8 423 424 425 454 456 484 485 486 
456 456 1.216940000 -0.082332800 0.00000000000000000000 1.00000000000000000000 2 0 8 424 425 426 455 457 485 486 487 
457 457 1.212070000 -0.102713000 0.00000000000000000000 1.00000000000000000000 2 0 8 425 426 427 456 458 486 487 488 
458 458 1.206130000 -0.122960000 0.00000000000000000000 1.00000000000000000000 2 0 8 426 427 428 457 459 487 488 489 
459 459 1.199130000 -0.143046000 0.00000000000000000000 1.00000000000000000000 2 0 8 427 428 429 458 460 488 489 490 
460 460 1.191070000 -0.162945000 0.00000000000000000000 1.00000000000000000000 2 0 8 428 429 430 459 461 489 490 491 
461 461 1.181960000 -0.182629000 0.00000000000000000000 1.00000000000000000000 2 0 8 429 430 431 460 462 490 491 492 
462 462 1.171830000 -0.202072000 0.00000000000000000000 1.00000000000000000000 2 0 8 430 431 432 461 463 491 492 493 
463 463 1.160670000 -0.221246000 0.00000000000000000000 1.00000000000000000000 2 0 8 431 432 433 462 464 492 493 494 
464 464 1.148510000 -0.240124000 0.00000000000000000000 1.00000000000000000000 2 0 8 432 433 434 463 465 493 494 495 
465 465 1.135360000 -0.258679000 0.00000000000000000000 1.00000000000000000000 2 0 8 433 434 435 464 466 494 495 496 
466 466 1.121230000 -0.276885000 0.00000000000000000000 1.00000000000000000000 2 0 8 434 435 436 465 467 495 496 497 
467 467 1.106160000 -0.294714000 0.00000000000000000000 1.00000000000000000000 2 0 8 435 436 437 466 468 496 497 498 
468 468 1.090140000 -0.312141000 0.00000000000000000000 1.00000000000000000000 2 0 8 436 437 438 467 469 497 498 499 
469 469 1.073220000 -0.329138000 0.00000000000000000000 1.00000000000000000000 2 0 8 437 438 439 468 470 498 499 500 
470 470 1.055400000 -0.345681000 0.00000000000000000000 1.00000000000000000000 2 0 8 438 439 440 469 471 499 500 643 
471 471 1.036720000 -0.361742000 0.00000000000000000000 1.00000000000000000000 2 0 8 439 440 441 470 472 500 643 644 
472 472 1.017200000 -0.377298000 0.00000000000000000000 1.00000000000000000000 2 0 8 440 441 637 471 640 643 644 645 
473 473 1.181970000 0.182612000 0.00000000000000000000 1.00000000000000000000 2 0 8 442 443 444 642 474 646 647 501 
474 474 1.191070000 0.162928000 0.00000000000000000000 1.00000000000000000000 2 0 8 443 444 445 473 475 647 501 502 
475 475 1.199130000 0.143029000 0.00000000000000000000 1.00000000000000000000 2 0 8 444 445 446 474 476 501 502 503 
476 476 1.206130000 0.122943000 0.00000000000000000000 1.00000000000000000000 2 0 8 445 446 447 475 477 502 503 504 
477 477 1.212070000 0.102696000 0.00000000000000000000 1.00000000000000000000 2 0 8 446 447 448 476 478 503 504 505 
478 478 1.216940000 0.082314800 0.00000000000000000000 1.00000000000000000000 2 0 8 447 448 449 477 479 504 505 506 
479 479 1.220740000 0.061827300 0.00000000000000000000 1.00000000000000000000 2 0 8 448 449 450 478 480 505 506 507 
480 480 1.223450000 0.041259600 0.00000000000000000000 1.00000000000000000000 2 0 8 449 450 451 479 481 506 507 508 
481 481 1.225080000 0.020638600 0.00000000000000000000 1.00000000000000000000 2 0 8 450 451 421 480 452 507 508 482 
482 482 1.260100000 -0.000010495 0.00000000000000000000 1.00000000000000000000 2 0 8 481 452 453 508 483 532 509 510 
483 483 1.259530000 -0.022487500 0.00000000000000000000 1.00000000000000000000 2 0 8 452 453 454 482 484 509 510 511 
484 484 1.257820000 -0.044934700 0.00000000000000000000 1.00000000000000000000 2 0 8 453 454 455 483 485 510 511 512 
485 485 1.254970000 -0.067322400 0.00000000000000000000 1.00000000000000000000 2 0 8 454 455 456 484 486 511 512 513 
486 486 1.250990000 -0.089620900 0.00000000000000000000 1.00000000000000000000 2 0 8 455 456 457 485 487 512 513 514 
487 487 1.245880000 -0.111800000 0.00000000000000000000 1.00000000000000000000 2 0 8 456 457 458 486 488 513 514 515 
488 488 1.239650000 -0.133831000 0.00000000000000000000 1.00000000000000000000 2 0 8 457 458 459 487 489 514 515 516 
489 489 1.232310000 -0.155683000 0.00000000000000000000 1.00000000000000000000 2 0 8 458 459 460 488 490 515 516 517 
490 490 1.223860000 -0.177327000 0.00000000000000000000 1.00000000000000000000 2 0 8 459 460 461 489 491 516 517 518 
491 491 1.214310000 -0.198733000 0.00000000000000000000 1.00000000000000000000 2 0 8 460 461 462 490 492 517 518 519 
492 492 1.203680000 -0.219871000 0.00000000000000000000 1.00000000000000000000 2 0 8 461 462 463 491 493 518 519 520 
493 493 1.191990000 -0.240711000 0.00000000000000000000 1.00000000000000000000 2 0 8 462 463 464 492 494 519 520 521 
494 494 1.179240000 -0.261224000 0.00000000000000000000 1.00000000000000000000 2 0 8 463 464 465 493 495 520 521 522 
495 495 1.165450000 -0.281380000 0.00000000000000000000 1.00000000000000000000 2 0 8 464 465 466 494 496 521 522 523 
496 496 1.150640000 -0.301151000 0.00000000000000000000 1.00000000000000000000 2 0 8 465 466 467 495 497 522 523 524 
497 497 1.134840000 -0.320506000 0.00000000000000000000 1.00000000000000000000 2 0 8 466 467 468 496 498 523 524 648 
498 498 1.118050000 -0.339417000 0.00000000000000000000 1.00000000000000000000 2 0 8 467 468 469 497 499 524 648 649 
499 499 1.100320000 -0.357856000 0.00000000000000000000 1.00000000000000000000 2 0 8 468 469 470 498 500 648 649 650 
500 500 1.081650000 -0.375795000 0.00000000000000000000 1.00000000000000000000 2 0 8 469 470 471 499 643 649 650 651 
501 501 1.223860000 0.177308000 0.00000000000000000000 1.00000000000000000000 2 0 8 473 474 475 647 502 652 525 526 
502 502 1.232310000 0.155663000 0.00000000000000000000 1.00000000000000000000 2 0 8 474 475 476 501 503 525 526 527 
503 503 1.239660000 0.133811000 0.00000000000000000000 1.00000000000000000000 2 0 8 475 476 477 502 504 526 527 528 
504 504 1.245890000 0.111780000 0.00000000000000000000 1.00000000000000000000 2 0 8 476 477 478 503 505 527 528 529 
505 505 1.251000000 0.089600400 0.00000000000000000000 1.00000000000000000000 2 0 8 477 478 479 504 506 528 529 530 
506 506 1.254980000 0.067301700 0.00000000000000000000 1.00000000000000000000 2 0 8 478 479 480 505 507 529 530 531 
507 507 1.257820000 0.044913900 0.00000000000000000000 1.00000000000000000000 2 0 8 479 480 481 506 508 530 531 532 
508 508 1.259530000 0.022466600 0.00000000000000000000 1.00000000000000000000 2 0 8 480 481 452 507 482 531 532 509 
509 509 1.297490000 -0.000011940 0.00000000000000000000 1.00000000000000000000 2 0 8 508 482 483 532 510 554 533 534 
510 510 1.296890000 -0.024402500 0.00000000000000000000 1.00000000000000000000 2 0 8 482 483 484 509 511 533 534 535 
511 511 1.295090000 -0.048760100 0.00000000000000000000 1.00000000000000000000 2 0 8 483 484 485 510 512 534 535 536 
512 512 1.292100000 -0.073052000 0.00000000000000000000 1.00000000000000000000 2 0 8 484 485 486 511 513 535 536 537 
513 513 1.287920000 -0.097245200 0.00000000000000000000 1.00000000000000000000 2 0 8 485 486 487 512 514 536 537 538 
514 514 1.282550000 -0.121307000 0.00000000000000000000 1.00000000000000000000 2 0 8 486 487 488 513 515 537 538 539 
515 515 1.276010000 -0.145204000 0.00000000000000000000 1.00000000000000000000 2 0 8 487 488 489 514 516 538 539 540 
516 516 1.268290000 -0.168905000 0.00000000000000000000 1.00000000000000000000 2 0 8 488 489 490 515 517 539 540 541 
517 517 1.259420000 -0.192375000 0.00000000000000000000 1.00000000000000000000 2 0 8 489 490 491 516 518 540 541 542 
518 518 1.249390000 -0.215583000 0.00000000000000000000 1.00000000000000000000 2 0 8 490 491 492 517 519 541 542 543 
519 519 1.238230000 -0.238496000 0.00000000000000000000 1.00000000000000000000 2 0 8 491 492 493 518 520 542 543 544 
520 520 1.225940000 -0.261081000 0.00000000000000000000 1.00000000000000000000 2 0 8 492 493 494 519 521 543 544 545 
521 521 1.212560000 -0.283306000 0.00000000000000000000 1.00000000000000000000 2 0 8 493 494 495 520 522 544 545 546 
522 522 1.198080000 -0.305139000 0.00000000000000000000 1.00000000000000000000 2 0 8 494 495 496 521 523 545 546 547 
523 523 1.182530000 -0.326549000 0.00000000000000000000 1.00000000000000000000 2 0 8 495 496 497 522 524 546 547 653 
524 524 1.165940000 -0.347503000 0.00000000000000000000 1.00000000000000000000 2 0 8 496 497 498 523 648 547 653 654 
525 525 1.259430000 0.192353000 0.00000000000000000000 1.00000000000000000000 2 0 8 647 501 502 652 526 655 656 548 
526 526 1.268300000 0.168882000 0.00000000000000000000 1.00000000000000000000 2 0 8 501 502 503 525 527 656 548 549 
527 527 1.276020000 0.145181000 0.00000000000000000000 1.00000000000000000000 2 0 8 502 503 504 526 528 548 549 550 
528 528 1.282560000 0.121284000 0.00000000000000000000 1.00000000000000000000 2 0 8 503 504 505 527 529 549 550 551 
529 529 1.287930000 0.097221800 0.00000000000000000000 1.00000000000000000000 2 0 8 504 505 506 528 530 550 551 552 
530 530 1.292110000 0.073028400 0.00000000000000000000 1.00000000000000000000 2 0 8 505 506 507 529 531 551 552 553 
531 531 1.295100000 0.048736400 0.00000000000000000000 1.00000000000000000000 2 0 8 506 507 508 530 532 552 553 554 
532 532 1.296890000 0.024378700 0.00000000000000000000 1.00000000000000000000 2 0 8 507 508 482 531 509 553 554 533 
533 533 1.337930000 -0.000013481 0.00000000000000000000 1.00000000000000000000 2 0 8 532 509 510 554 534 574 555 556 
534 534 1.337300000 -0.026409200 0.00000000000000000000 1.00000000000000000000 2 0 8 509 510 511 533 535 555 556 557 
535 535 1.335410000 -0.052768700 0.00000000000000000000 1.00000000000000000000 2 0 8 510 511 512 534 536 556 557 558 
536 536 1.332260000 -0.079056000 0.00000000000000000000 1.00000000000000000000 2 0 8 511 512 513 535 537 557 558 559 
537 537 1.327860000 -0.105235000 0.00000000000000000000 1.00000000000000000000 2 0 8 512 513 514 536 538 558 559 560 
538 538 1.322210000 -0.131269000 0.00000000000000000000 1.00000000000000000000 2 0 8 513 514 515 537 539 559 560 561 
539 539 1.315330000 -0.157123000 0.00000000000000000000 1.00000000000000000000 2 0 8 514 515 516 538 540 560 561 562 
540 540 1.307210000 -0.182761000 0.00000000000000000000 1.00000000000000000000 2 0 8 515 516 517 539 541 561 562 563 
541 541 1.297870000 -0.208146000 0.00000000000000000000 1.00000000000000000000 2 0 8 516 517 518 540 542 562 563 564 
542 542 1.287330000 -0.233244000 0.00000000000000000000 1.00000000000000000000 2 0 8 517 518 519 541 543 563 564 565 
543 543 1.275590000 -0.258018000 0.00000000000000000000 1.00000000000000000000 2 0 8 518 519 520 542 544 564 565 566 
544 544 1.262670000 -0.282433000 0.00000000000000000000 1.00000000000000000000 2 0 8 519 520 521 543 545 565 566 567 
545 545 1.248590000 -0.306454000 0.00000000000000000000 1.00000000000000000000 2 0 8 520 521 522 544 546 566 567 568 
546 546 1.233360000 -0.330046000 0.00000000000000000000 1.00000000000000000000 2 0 8 521 522 523 545 547 567 568 657 
547 547 1.217020000 -0.353175000 0.00000000000000000000 1.00000000000000000000 2 0 8 522 523 524 546 653 568 657 658 
548 548 1.307220000 0.182735000 0.00000000000000000000 1.00000000000000000000 2 0 8 525 526 527 656 549 659 660 569 
549 549 1.315330000 0.157097000 0.00000000000000000000 1.00000000000000000000 2 0 8 526 527 528 548 550 660 569 570 
550 550 1.322220000 0.131243000 0.00000000000000000000 1.00000000000000000000 2 0 8 527 528 529 549 551 569 570 571 
551 551 1.327860000 0.105208000 0.00000000000000000000 1.00000000000000000000 2 0 8 528 529 530 550 552 570 571 572 
552 552 1.332260000 0.079029400 0.00000000000000000000 1.00000000000000000000 2 0 8 529 530 531 551 553 571 572 573 
553 553 1.335410000 0.052742000 0.00000000000000000000 1.00000000000000000000 2 0 8 530 531 532 552 554 572 573 574 
554 554 1.337300000 0.026382400 0.00000000000000000000 1.00000000000000000000 2 0 8 531 532 509 553 533 573 574 555 
555 555 1.381560000 -0.000015118 0.00000000000000000000 1.00000000000000000000 2 0 8 554 533 534 574 556 592 575 576 
556 556 1.380890000 -0.028515200 0.00000000000000000000 1.00000000000000000000 2 0 8 533 534 535 555 557 575 576 577 
557 557 1.378900000 -0.056975800 0.00000000000000000000 1.00000000000000000000 2 0 8 534 535 536 556 558 576 577 578 
558 558 1.375590000 -0.085357300 0.00000000000000000000 1.00000000000000000000 2 0 8 535 536 537 557 559 577 578 579 
559 559 1.370950000 -0.113620000 0.00000000000000000000 1.00000000000000000000 2 0 8 536 537 538 558 560 578 579 580 
560 560 1.365010000 -0.141725000 0.00000000000000000000 1.00000000000000000000 2 0 8 537 538 539 559 561 579 580 581 
561 561 1.357750000 -0.169633000 0.00000000000000000000 1.00000000000000000000 2 0 8 538 539 540 560 562 580 581 582 
562 562 1.349200000 -0.197304000 0.00000000000000000000 1.00000000000000000000 2 0 8 539 540 541 561 563 581 582 583 
563 563 1.339370000 -0.224700000 0.00000000000000000000 1.00000000000000000000 2 0 8 540 541 542 562 564 582 583 584 
564 564 1.328260000 -0.251782000 0.00000000000000000000 1.00000000000000000000 2 0 8 541 542 543 563 565 583 584 585 
565 565 1.315900000 -0.278510000 0.00000000000000000000 1.00000000000000000000 2 0 8 542 543 544 564 566 584 585 586 
566 566 1.302290000 -0.304847000 0.00000000000000000000 1.00000000000000000000 2 0 8 543 544 545 565 567 585 586 587 
567 567 1.287460000 -0.330755000 0.00000000000000000000 1.00000000000000000000 2 0 8 544 545 546 566 568 586 587 661 
568 568 1.271430000 -0.356195000 0.00000000000000000000 1.00000000000000000000 2 0 8 545 546 547 567 657 587 661 662 
569 569 1.357760000 0.169604000 0.00000000000000000000 1.00000000000000000000 2 0 8 548 549 550 660 570 663 664 588 
570 570 1.365010000 0.141696000 0.00000000000000000000 1.00000000000000000000 2 0 8 549 550 551 569 571 664 588 589 
571 571 1.370960000 0.113591000 0.00000000000000000000 1.00000000000000000000 2 0 8 550 551 552 570 572 588 589 590 
572 572 1.375590000 0.085327500 0.00000000000000000000 1.00000000000000000000 2 0 8 551 552 553 571 573 589 590 591 
573 573 1.378910000 0.056945900 0.00000000000000000000 1.00000000000000000000 2 0 8 552 553 554 572 574 590 591 592 
574 574 1.380890000 0.028485200 0.00000000000000000000 1.00000000000000000000 2 0 8 553 554 533 573 555 591 592 575 
575 575 1.428540000 -0.000016849 0.00000000000000000000 1.00000000000000000000 2 0 8 574 555 556 592 576 608 593 594 
576 576 1.427840000 -0.030728700 0.00000000000000000000 1.00000000000000000000 2 0 8 555 556 557 575 577 593 594 595 
577 577 1.425740000 -0.061397400 0.00000000000000000000 1.00000000000000000000 2 0 8 556 557 558 576 578 594 595 596 
578 578 1.422250000 -0.091979900 0.00000000000000000000 1.00000000000000000000 2 0 8 557 558 559 577 579 595 596 597 
579 579 1.417360000 -0.122433000 0.00000000000000000000 1.00000000000000000000 2 0 8 558 559 560 578 580 596 597 598 
580 580 1.411090000 -0.152715000 0.00000000000000000000 1.00000000000000000000 2 0 8 559 560 561 579 581 597 598 599 
581 581 1.403440000 -0.182781000 0.00000000000000000000 1.00000000000000000000 2 0 8 560 561 562 580 582 598 599 600 
582 582 1.394420000 -0.212591000 0.00000000000000000000 1.00000000000000000000 2 0 8 561 562 563 581 583 599 600 601 
583 583 1.384050000 -0.242100000 0.00000000000000000000 1.00000000000000000000 2 0 8 562 563 564 582 584 600 601 602 
584 584 1.372340000 -0.271267000 0.00000000000000000000 1.00000000000000000000 2 0 8 563 564 565 583 585 601 602 603 
585 585 1.359300000 -0.300051000 0.00000000000000000000 1.00000000000000000000 2 0 8 564 565 566 584 586 602 603 604 
586 586 1.344960000 -0.328409000 0.00000000000000000000 1.00000000000000000000 2 0 8 565 566 567 585 587 603 604 665 
587 587 1.329330000 -0.356300000 0.00000000000000000000 1.00000000000000000000 2 0 8 566 567 568 586 661 604 665 666 
588 588 1.411090000 0.152682000 0.00000000000000000000 1.00000000000000000000 2 0 8 569 570 571 664 589 667 668 605 
589 589 1.417370000 0.122400000 0.00000000000000000000 1.00000000000000000000 2 0 8 570 571 572 588 590 668 605 606 
590 590 1.422250000 0.091946700 0.00000000000000000000 1.00000000000000000000 2 0 8 571 572 573 589 591 605 606 607 
591 591 1.425750000 0.061364000 0.00000000000000000000 1.00000000000000000000 2 0 8 572 573 574 590 592 606 607 608 
592 592 1.427840000 0.030695100 0.00000000000000000000 1.00000000000000000000 2 0 8 573 574 555 591 575 607 608 593 
593 593 1.479060000 -0.000018675 0.00000000000000000000 1.00000000000000000000 2 0 8 592 575 576 608 594 686 669 670 
594 594 1.478320000 -0.033057800 0.00000000000000000000 1.00000000000000000000 2 0 8 575 576 577 593 595 669 670 671 
595 595 1.476100000 -0.066050100 0.00000000000000000000 1.00000000000000000000 2 0 8 576 577 578 594 596 670 671 672 
596 596 1.472410000 -0.098948800 0.00000000000000000000 1.00000000000000000000 2 0 8 577 578 579 595 597 671 672 673 
597 597 1.467250000 -0.131707000 0.00000000000000000000 1.00000000000000000000 2 0 8 578 579 580 596 598 672 673 674 
598 598 1.460630000 -0.164279000 0.00000000000000000000 1.00000000000000000000 2 0 8 579 580 581 597 599 673 674 675 
599 599 1.452550000 -0.196618000 0.00000000000000000000 1.00000000000000000000 2 0 8 580 581 582 598 600 674 675 676 
600 600 1.443040000 -0.228677000 0.00000000000000000000 1.00000000000000000000 2 0 8 581 582 583 599 601 675 676 677 
601 601 1.432090000 -0.260411000 0.00000000000000000000 1.00000000000000000000 2 0 8 582 583 584 600 602 676 677 678 
602 602 1.419730000 -0.291774000 0.00000000000000000000 1.00000000000000000000 2 0 8 583 584 585 601 603 677 678 679 
603 603 1.405970000 -0.322721000 0.00000000000000000000 1.00000000000000000000 2 0 8 584 585 586 602 604 678 679 680 
604 604 1.390830000 -0.353207000 0.00000000000000000000 1.00000000000000000000 2 0 8 585 586 587 603 665 679 680 681 
605 605 1.467250000 0.131671000 0.00000000000000000000 1.00000000000000000000 2 0 8 588 589 590 668 606 682 683 684 
606 606 1.472410000 0.098912000 0.00000000000000000000 1.00000000000000000000 2 0 8 589 590 591 605 607 683 684 685 
607 607 1.476100000 0.066013100 0.00000000000000000000 1.00000000000000000000 2 0 8 590 591 592 606 608 684 685 686 
608 608 1.478320000 0.033020600 0.00000000000000000000 1.00000000000000000000 2 0 8 591 592 575 607 593 685 686 669 
609 2397 0.824724 -0.022408 1 1
610 7207 0.936248 0.00869752 1 1
611 2424 0.82663 -0.0463012 2 0
612 7229 0.93817 0.0244286 2 0
613 2450 0.844607 -0.0671075 2 0
614 2451 0.829809 -0.0703607 2 0
615 7250 0.94189 0.0402396 2 0
616 7251 0.951139 0.0368889 2 0
617 2477 0.849225 -0.0906324 2 0
618 7273 0.956737 0.0517509 2 0
619 2504 0.855206 -0.11449 2 0
620 7295 0.964197 0.0667876 2 0
621 2531 0.862569 -0.138771 2 0
622 7317 0.973537 0.0820555 2 0
623 2558 0.87134 -0.163568 2 0
624 7339 0.984778 0.0976129 2 0
625 2585 0.881546 -0.188973 2 0
626 7361 0.99795 0.11352 2 0
627 2612 0.893224 -0.215083 2 0
628 7383 1.01309 0.129839 2 0
629 2639 0.906414 -0.241997 2 0
630 7405 1.03025 0.146634 2 0
631 2666 0.921161 -0.269818 2 0
632 7426 1.04948 0.16397 2 0
633 2693 0.937519 -0.298649 2 0
634 7446 1.07084 0.181915 2 0
635 2720 0.955546 -0.328601 2 0
636 7465 1.09441 0.200538 2 0
637 2747 0.975305 -0.359787 2 0
638 7483 1.12028 0.219911 2 0
639 7484 1.1319 0.202596 2 0
640 2774 0.996869 -0.392323 2 0
641 7502 1.16068 0.221229 2 0
642 7503 1.17184 0.202055 2 0
643 609 1.06207 -0.393205 2 0
644 610 1.04162 -0.41006 2 0
645 611 1.02032 -0.426333 2 0
646 7522 1.20369 0.219852 2 0
647 7523 1.21432 0.198714 2 0
648 612 1.14832 -0.36797 2 0
649 613 1.1297 -0.38792 2 0
650 614 1.1101 -0.407322 2 0
651 615 1.08955 -0.426146 2 0
652 7543 1.2494 0.215561 2 0
653 619 1.19957 -0.375806 2 0
654 620 1.18104 -0.397906 2 0
655 7563 1.28734 0.233219 2 0
656 7564 1.29788 0.208121 2 0
657 628 1.25422 -0.38113 2 0
658 629 1.23585 -0.405524 2 0
659 7585 1.33938 0.224672 2 0
660 7586 1.34921 0.197276 2 0
661 639 1.31243 -0.383683 2 0
662 640 1.29428 -0.410519 2 0
663 7608 1.39443 0.212559 2 0
664 7609 1.40345 0.182749 2 0
665 652 1.37433 -0.383186 2 0
666 653 1.3565 -0.412616 2 0
667 7632 1.45256 0.196582 2 0
668 7633 1.46063 0.164243 2 0
669 667 1.53328 -2.05919e-05 2 0
670 668 1.5325 -0.0355114 2 0
671 669 1.53015 -0.0709516 2 0
672 670 1.52625 -0.10629 2 0
673 671 1.5208 -0.141477 2 0
674 672 1.51381 -0.176462 2 0
675 673 1.50528 -0.211195 2 0
676 674 1.49522 -0.245625 2 0
677 675 1.48366 -0.279703 2 0
678 676 1.4706 -0.31338 2 0
679 677 1.45606 -0.346606 2 0
680 678 1.44007 -0.379334 2 0
681 679 1.42264 -0.411514 2 0
682 7657 1.51381 0.176422 2 0
683 695 1.52081 0.141437 2 0
684 696 1.52626 0.10625 2 0
685 697 1.53016 0.0709108 2 0
686 698 1.5325 0.0354705 2 0
