670 594 76
1 4786 0.030904300 -0.028642900 -0.38418259129095816418 -0.92325713457788383121 1 1 8 595 2 597 40 41 599 79 80 
2 4787 0.024471700 -0.025768600 -0.43354514667512245030 -0.90113184706481586073 1 1 8 1 3 40 41 42 79 80 81 
3 4788 0.018772400 -0.022806100 -0.49109968401260284399 -0.87110338098455442069 1 1 8 2 4 41 42 43 80 81 82 
4 4789 0.013815000 -0.019760700 -0.55836492774177581833 -0.82959544807569995939 1 1 8 3 5 42 43 44 81 82 83 
5 4790 0.009607350 -0.016637500 -0.63641749991800211639 -0.77134477751399865841 1 1 8 4 6 43 44 45 82 83 84 
6 4791 0.006155820 -0.013441300 -0.72481203655252612883 -0.68894666823243988496 1 1 8 5 7 44 45 46 83 84 85 
7 4792 0.003465770 -0.010176200 -0.81937412642494089621 -0.57325913943465811595 1 1 8 6 8 45 46 47 84 85 86 
8 4793 0.001541330 -0.006845690 -0.90912859824928027308 -0.41651553613916808549 1 1 8 7 9 46 47 48 85 86 87 
9 4794 0.000385480 -0.003452850 -0.97557776068967227978 -0.21965434857458335238 1 1 8 8 10 47 48 49 86 87 88 
10 4795 0.000000000 0.000000008 -0.99999999999983224530 0.00000057922997167683 1 1 8 9 11 48 49 50 87 88 89 
11 4796 0.000385484 0.003452870 -0.97557741810952258721 0.21965587011222303948 1 1 8 10 12 49 50 51 88 89 90 
12 4797 0.001541340 0.006845700 -0.90912782185563356663 0.41651723076966629122 1 1 8 11 13 50 51 52 89 90 91 
13 4798 0.003465780 0.010176200 -0.81937313464413219499 0.57326055701002920362 1 1 8 12 14 51 52 53 90 91 92 
14 4799 0.006155840 0.013441300 -0.72481147638704601643 0.68894725755868302386 1 1 8 13 15 52 53 54 91 92 93 
15 4800 0.009607370 0.016637500 -0.63641354493036150775 0.77134804065944884144 1 1 8 14 16 53 54 55 92 93 94 
16 4801 0.013815100 0.019760700 -0.55836576632566370382 0.82959488366042521967 1 1 8 15 17 54 55 56 93 94 95 
17 4802 0.018772400 0.022806100 -0.49109968401260289950 0.87110338098455442069 1 1 8 16 18 55 56 57 94 95 96 
18 4803 0.024471800 0.025768600 -0.43354514667512245030 0.90113184706481586073 1 1 8 17 19 56 57 58 95 96 97 
19 4804 0.030904300 0.028642900 -0.38418259129095821969 0.92325713457788372018 1 1 8 18 20 57 58 59 96 97 98 
20 4805 0.038060300 0.031423000 -0.34157127800295350450 0.93985587301640516333 1 1 8 19 21 58 59 60 97 98 99 
21 4806 0.045928400 0.034103100 -0.30447712317726122189 0.95251964885859385923 1 1 8 20 22 59 60 61 98 99 100 
22 4807 0.054496800 0.036677000 -0.27187678892410499509 0.96233206932135306744 1 1 8 21 23 60 61 62 99 100 101 
23 4808 0.063752000 0.039138600 -0.24296988293173765738 0.97003383239356022472 1 1 8 22 24 61 62 63 100 101 102 
24 4809 0.073679900 0.041481900 -0.21710327690304251358 0.97614863988941802386 1 1 8 23 25 62 63 64 101 102 103 
25 4810 0.084265200 0.043700900 -0.19377498132558371169 0.98104600127224916850 1 1 8 24 26 63 64 65 102 103 104 
26 4811 0.095491500 0.045790100 -0.17258160514598719359 0.98499522311797771401 1 1 8 25 27 64 65 66 103 104 105 
27 4812 0.107342000 0.047744200 -0.15320063262743277566 0.98819510531197951586 1 1 8 26 28 65 66 67 104 105 106 
28 4813 0.119797000 0.049558200 -0.13537400638470598047 0.99079456921975184169 1 1 8 27 29 66 67 68 105 106 107 
29 4814 0.132839000 0.051227900 -0.11889179065823295145 0.99290721727363773219 1 1 8 28 30 67 68 69 106 107 108 
30 4815 0.146447000 0.052749300 -0.10359294066850163740 0.99461977792704903134 1 1 8 29 31 68 69 70 107 108 109 
31 4816 0.160600000 0.054119300 -0.08934604967822146193 0.99600064428036227948 1 1 8 30 32 69 70 71 108 109 110 
32 4817 0.175276000 0.055335400 -0.07603623282026070185 0.99710505529683435277 1 1 8 31 33 70 71 72 109 110 111 
33 4818 0.190453000 0.056395800 -0.06356681202896688476 0.99797758512327017222 1 1 8 32 34 71 72 73 110 111 112 
34 4819 0.206107000 0.057299200 -0.05186637158812959503 0.99865403393681939637 1 1 8 33 35 72 73 74 111 112 113 
35 4820 0.222215000 0.058045400 -0.04087684655611406592 0.99916419242065912520 1 1 8 34 36 73 74 75 112 113 114 
36 4821 0.238751000 0.058634700 -0.03054378757292246921 0.99953342967641667371 1 1 8 35 37 74 75 76 113 114 115 
37 4822 0.255689000 0.059068300 -0.02081933190970869721 0.99978325422005009937 1 1 8 36 38 75 76 77 114 115 116 
38 4823 0.273005000 0.059348000 -0.01166268120857801363 0.99993198862073962019 1 1 8 37 39 76 77 78 115 116 117 
39 4824 0.290670000 0.059476300 -0.00304320807739406679 0.99999536943157796287 1 1 8 38 596 77 78 598 116 117 600 
40 4825 0.025709800 -0.038605100 0.00000000000000000000 1.00000000000000000000 2 0 8 595 1 2 597 41 599 79 80 
41 4826 0.019174600 -0.034642200 0.00000000000000000000 1.00000000000000000000 2 0 8 1 2 3 40 42 79 80 81 
42 4827 0.013381900 -0.030578700 0.00000000000000000000 1.00000000000000000000 2 0 8 2 3 4 41 43 80 81 82 
43 4828 0.008341030 -0.026422100 0.00000000000000000000 1.00000000000000000000 2 0 8 3 4 5 42 44 81 82 83 
44 4829 0.004060040 -0.022180400 0.00000000000000000000 1.00000000000000000000 2 0 8 4 5 6 43 45 82 83 84 
45 4830 0.000546003 -0.017861100 0.00000000000000000000 1.00000000000000000000 2 0 8 5 6 7 44 46 83 84 85 
46 4831 -0.002194960 -0.013472600 0.00000000000000000000 1.00000000000000000000 2 0 8 6 7 8 45 47 84 85 86 
47 4832 -0.004157630 -0.009024210 0.00000000000000000000 1.00000000000000000000 2 0 8 7 8 9 46 48 85 86 87 
48 4833 -0.005337590 -0.004527500 0.00000000000000000000 1.00000000000000000000 2 0 8 8 9 10 47 49 86 87 88 
49 4834 -0.005731350 0.000000149 0.00000000000000000000 1.00000000000000000000 2 0 8 9 10 11 48 50 87 88 89 
50 4835 -0.005337540 0.004527790 0.00000000000000000000 1.00000000000000000000 2 0 8 10 11 12 49 51 88 89 90 
51 4836 -0.004157530 0.009024500 0.00000000000000000000 1.00000000000000000000 2 0 8 11 12 13 50 52 89 90 91 
52 4837 -0.002194810 0.013472900 0.00000000000000000000 1.00000000000000000000 2 0 8 12 13 14 51 53 90 91 92 
53 4838 0.000546206 0.017861400 0.00000000000000000000 1.00000000000000000000 2 0 8 13 14 15 52 54 91 92 93 
54 4839 0.004060290 0.022180600 0.00000000000000000000 1.00000000000000000000 2 0 8 14 15 16 53 55 92 93 94 
55 4840 0.008341340 0.026422400 0.00000000000000000000 1.00000000000000000000 2 0 8 15 16 17 54 56 93 94 95 
56 4841 0.013382300 0.030578900 0.00000000000000000000 1.00000000000000000000 2 0 8 16 17 18 55 57 94 95 96 
57 4842 0.019175000 0.034642500 0.00000000000000000000 1.00000000000000000000 2 0 8 17 18 19 56 58 95 96 97 
58 4843 0.025710300 0.038605400 0.00000000000000000000 1.00000000000000000000 2 0 8 18 19 20 57 59 96 97 98 
59 4844 0.032977900 0.042460000 0.00000000000000000000 1.00000000000000000000 2 0 8 19 20 21 58 60 97 98 99 
60 4845 0.040966400 0.046198600 0.00000000000000000000 1.00000000000000000000 2 0 8 20 21 22 59 61 98 99 100 
61 4846 0.049663300 0.049813600 0.00000000000000000000 1.00000000000000000000 2 0 8 21 22 23 60 62 99 100 101 
62 4847 0.059055100 0.053297400 0.00000000000000000000 1.00000000000000000000 2 0 8 22 23 24 61 63 100 101 102 
63 4848 0.069127200 0.056642800 0.00000000000000000000 1.00000000000000000000 2 0 8 23 24 25 62 64 101 102 103 
64 4849 0.079863700 0.059842400 0.00000000000000000000 1.00000000000000000000 2 0 8 24 25 26 63 65 102 103 104 
65 4850 0.091248000 0.062889600 0.00000000000000000000 1.00000000000000000000 2 0 8 25 26 27 64 66 103 104 105 
66 4851 0.103262000 0.065777800 0.00000000000000000000 1.00000000000000000000 2 0 8 26 27 28 65 67 104 105 106 
67 4852 0.115888000 0.068501100 0.00000000000000000000 1.00000000000000000000 2 0 8 27 28 29 66 68 105 106 107 
68 4853 0.129105000 0.071054000 0.00000000000000000000 1.00000000000000000000 2 0 8 28 29 30 67 69 106 107 108 
69 4854 0.142893000 0.073431600 0.00000000000000000000 1.00000000000000000000 2 0 8 29 30 31 68 70 107 108 109 
70 4855 0.157230000 0.075629500 0.00000000000000000000 1.00000000000000000000 2 0 8 30 31 32 69 71 108 109 110 
71 4856 0.172095000 0.077644100 0.00000000000000000000 1.00000000000000000000 2 0 8 31 32 33 70 72 109 110 111 
72 4857 0.187463000 0.079472500 0.00000000000000000000 1.00000000000000000000 2 0 8 32 33 34 71 73 110 111 112 
73 4858 0.203311000 0.081112300 0.00000000000000000000 1.00000000000000000000 2 0 8 33 34 35 72 74 111 112 113 
74 4859 0.219613000 0.082562100 0.00000000000000000000 1.00000000000000000000 2 0 8 34 35 36 73 75 112 113 114 
75 4860 0.236346000 0.083821100 0.00000000000000000000 1.00000000000000000000 2 0 8 35 36 37 74 76 113 114 115 
76 4861 0.253482000 0.084889300 0.00000000000000000000 1.00000000000000000000 2 0 8 36 37 38 75 77 114 115 116 
77 4862 0.270995000 0.085767400 0.00000000000000000000 1.00000000000000000000 2 0 8 37 38 39 76 78 115 116 117 
78 4863 0.288857000 0.086456700 0.00000000000000000000 1.00000000000000000000 2 0 8 38 39 596 77 598 116 117 600 
79 4864 0.018914900 -0.048729800 0.00000000000000000000 1.00000000000000000000 2 0 8 597 40 41 599 80 601 118 119 
80 4865 0.012260100 -0.043663700 0.00000000000000000000 1.00000000000000000000 2 0 8 40 41 42 79 81 118 119 120 
81 4866 0.006360160 -0.038485100 0.00000000000000000000 1.00000000000000000000 2 0 8 41 42 43 80 82 119 120 121 
82 4867 0.001224920 -0.033203800 0.00000000000000000000 1.00000000000000000000 2 0 8 42 43 44 81 83 120 121 122 
83 4868 -0.003136990 -0.027830200 0.00000000000000000000 1.00000000000000000000 2 0 8 43 44 45 82 84 121 122 123 
84 4869 -0.006717960 -0.022375100 0.00000000000000000000 1.00000000000000000000 2 0 8 44 45 46 83 85 122 123 124 
85 4870 -0.009511310 -0.016850100 0.00000000000000000000 1.00000000000000000000 2 0 8 45 46 47 84 86 123 124 125 
86 4871 -0.011511400 -0.011268400 0.00000000000000000000 1.00000000000000000000 2 0 8 46 47 48 85 87 124 125 126 
87 4872 -0.012713600 -0.005645320 0.00000000000000000000 1.00000000000000000000 2 0 8 47 48 49 86 88 125 126 127 
88 4873 -0.013114600 0.000000357 0.00000000000000000000 1.00000000000000000000 2 0 8 48 49 50 87 89 126 127 128 
89 4874 -0.012713500 0.005646040 0.00000000000000000000 1.00000000000000000000 2 0 8 49 50 51 88 90 127 128 129 
90 4875 -0.011511200 0.011269100 0.00000000000000000000 1.00000000000000000000 2 0 8 50 51 52 89 91 128 129 130 
91 4876 -0.009511010 0.016850800 0.00000000000000000000 1.00000000000000000000 2 0 8 51 52 53 90 92 129 130 131 
92 4877 -0.006717560 0.022375800 0.00000000000000000000 1.00000000000000000000 2 0 8 52 53 54 91 93 130 131 132 
93 4878 -0.003136500 0.027830900 0.00000000000000000000 1.00000000000000000000 2 0 8 53 54 55 92 94 131 132 133 
94 4879 0.001225520 0.033204500 0.00000000000000000000 1.00000000000000000000 2 0 8 54 55 56 93 95 132 133 134 
95 4880 0.006360850 0.038485700 0.00000000000000000000 1.00000000000000000000 2 0 8 55 56 57 94 96 133 134 135 
96 4881 0.012260800 0.043664400 0.00000000000000000000 1.00000000000000000000 2 0 8 56 57 58 95 97 134 135 136 
97 4882 0.018915800 0.048730400 0.00000000000000000000 1.00000000000000000000 2 0 8 57 58 59 96 98 135 136 137 
98 4883 0.026315000 0.053674200 0.00000000000000000000 1.00000000000000000000 2 0 8 58 59 60 97 99 136 137 138 
99 4884 0.034446500 0.058486100 0.00000000000000000000 1.00000000000000000000 2 0 8 59 60 61 98 100 137 138 139 
100 4885 0.043297400 0.063157000 0.00000000000000000000 1.00000000000000000000 2 0 8 60 61 62 99 101 138 139 140 
101 4886 0.052853700 0.067677600 0.00000000000000000000 1.00000000000000000000 2 0 8 61 62 63 100 102 139 140 141 
102 4887 0.063100300 0.072039200 0.00000000000000000000 1.00000000000000000000 2 0 8 62 63 64 101 103 140 141 142 
103 4888 0.074020800 0.076233200 0.00000000000000000000 1.00000000000000000000 2 0 8 63 64 65 102 104 141 142 143 
104 4889 0.085598200 0.080251500 0.00000000000000000000 1.00000000000000000000 2 0 8 64 65 66 103 105 142 143 144 
105 4890 0.097814000 0.084086400 0.00000000000000000000 1.00000000000000000000 2 0 8 65 66 67 104 106 143 144 145 
106 4891 0.110649000 0.087730800 0.00000000000000000000 1.00000000000000000000 2 0 8 66 67 68 105 107 144 145 146 
107 4892 0.124083000 0.091177700 0.00000000000000000000 1.00000000000000000000 2 0 8 67 68 69 106 108 145 146 147 
108 4893 0.138095000 0.094421300 0.00000000000000000000 1.00000000000000000000 2 0 8 68 69 70 107 109 146 147 148 
109 4894 0.152662000 0.097455900 0.00000000000000000000 1.00000000000000000000 2 0 8 69 70 71 108 110 147 148 149 
110 4895 0.167762000 0.100277000 0.00000000000000000000 1.00000000000000000000 2 0 8 70 71 72 109 111 148 149 150 
111 4896 0.183371000 0.102880000 0.00000000000000000000 1.00000000000000000000 2 0 8 71 72 73 110 112 149 150 151 
112 4897 0.199463000 0.105262000 0.00000000000000000000 1.00000000000000000000 2 0 8 72 73 74 111 113 150 151 152 
113 4898 0.216015000 0.107420000 0.00000000000000000000 1.00000000000000000000 2 0 8 73 74 75 112 114 151 152 153 
114 4899 0.232999000 0.109352000 0.00000000000000000000 1.00000000000000000000 2 0 8 74 75 76 113 115 152 153 154 
115 4900 0.250389000 0.111057000 0.00000000000000000000 1.00000000000000000000 2 0 8 75 76 77 114 116 153 154 155 
116 4901 0.268158000 0.112535000 0.00000000000000000000 1.00000000000000000000 2 0 8 76 77 78 115 117 154 155 156 
117 4902 0.286277000 0.113785000 0.00000000000000000000 1.00000000000000000000 2 0 8 77 78 598 116 600 155 156 602 
118 4903 0.010487200 -0.059052600 0.00000000000000000000 1.00000000000000000000 2 0 8 599 79 80 601 119 603 157 158 
119 4904 0.003694670 -0.052865100 0.00000000000000000000 1.00000000000000000000 2 0 8 79 80 81 118 120 157 158 159 
120 4905 -0.002327770 -0.046553000 0.00000000000000000000 1.00000000000000000000 2 0 8 80 81 82 119 121 158 159 160 
121 4906 -0.007569930 -0.040128700 0.00000000000000000000 1.00000000000000000000 2 0 8 81 82 83 120 122 159 160 161 
122 4907 -0.012022700 -0.033604800 0.00000000000000000000 1.00000000000000000000 2 0 8 82 83 84 121 123 160 161 162 
123 4908 -0.015678100 -0.026994700 0.00000000000000000000 1.00000000000000000000 2 0 8 83 84 85 122 124 161 162 163 
124 4909 -0.018529200 -0.020312700 0.00000000000000000000 1.00000000000000000000 2 0 8 84 85 86 123 125 162 163 164 
125 4910 -0.020570200 -0.013574500 0.00000000000000000000 1.00000000000000000000 2 0 8 85 86 87 124 126 163 164 165 
126 4911 -0.021796600 -0.006797060 0.00000000000000000000 1.00000000000000000000 2 0 8 86 87 88 125 127 164 165 166 
127 4912 -0.022205800 0.000000636 0.00000000000000000000 1.00000000000000000000 2 0 8 87 88 89 126 128 165 166 167 
128 4913 -0.021796500 0.006798330 0.00000000000000000000 1.00000000000000000000 2 0 8 88 89 90 127 129 166 167 168 
129 4914 -0.020569900 0.013575700 0.00000000000000000000 1.00000000000000000000 2 0 8 89 90 91 128 130 167 168 169 
130 4915 -0.018528700 0.020314000 0.00000000000000000000 1.00000000000000000000 2 0 8 90 91 92 129 131 168 169 170 
131 4916 -0.015677500 0.026996000 0.00000000000000000000 1.00000000000000000000 2 0 8 91 92 93 130 132 169 170 171 
132 4917 -0.012022000 0.033606000 0.00000000000000000000 1.00000000000000000000 2 0 8 92 93 94 131 133 170 171 172 
133 4918 -0.007569030 0.040129900 0.00000000000000000000 1.00000000000000000000 2 0 8 93 94 95 132 134 171 172 173 
134 4919 -0.002326730 0.046554200 0.00000000000000000000 1.00000000000000000000 2 0 8 94 95 96 133 135 172 173 174 
135 4920 0.003695850 0.052866200 0.00000000000000000000 1.00000000000000000000 2 0 8 95 96 97 134 136 173 174 175 
136 4921 0.010488500 0.059053700 0.00000000000000000000 1.00000000000000000000 2 0 8 96 97 98 135 137 174 175 176 
137 4922 0.018040100 0.065104900 0.00000000000000000000 1.00000000000000000000 2 0 8 97 98 99 136 138 175 176 177 
138 4923 0.026338100 0.071008400 0.00000000000000000000 1.00000000000000000000 2 0 8 98 99 100 137 139 176 177 178 
139 4924 0.035369100 0.076753100 0.00000000000000000000 1.00000000000000000000 2 0 8 99 100 101 138 140 177 178 179 
140 4925 0.045118600 0.082328200 0.00000000000000000000 1.00000000000000000000 2 0 8 100 101 102 139 141 178 179 180 
141 4926 0.055570800 0.087723300 0.00000000000000000000 1.00000000000000000000 2 0 8 101 102 103 140 142 179 180 181 
142 4927 0.066709000 0.092928500 0.00000000000000000000 1.00000000000000000000 2 0 8 102 103 104 141 143 180 181 182 
143 4928 0.078515300 0.097934100 0.00000000000000000000 1.00000000000000000000 2 0 8 103 104 105 142 144 181 182 183 
144 4929 0.090971000 0.102731000 0.00000000000000000000 1.00000000000000000000 2 0 8 104 105 106 143 145 182 183 184 
145 4930 0.104056000 0.107311000 0.00000000000000000000 1.00000000000000000000 2 0 8 105 106 107 144 146 183 184 185 
146 4931 0.117750000 0.111666000 0.00000000000000000000 1.00000000000000000000 2 0 8 106 107 108 145 147 184 185 186 
147 4932 0.132030000 0.115788000 0.00000000000000000000 1.00000000000000000000 2 0 8 107 108 109 146 148 185 186 187 
148 4933 0.146874000 0.119671000 0.00000000000000000000 1.00000000000000000000 2 0 8 108 109 110 147 149 186 187 188 
149 4934 0.162258000 0.123309000 0.00000000000000000000 1.00000000000000000000 2 0 8 109 110 111 148 150 187 188 189 
150 4935 0.178158000 0.126697000 0.00000000000000000000 1.00000000000000000000 2 0 8 110 111 112 149 151 188 189 190 
151 4936 0.194549000 0.129829000 0.00000000000000000000 1.00000000000000000000 2 0 8 111 112 113 150 152 189 190 191 
152 4937 0.211403000 0.132703000 0.00000000000000000000 1.00000000000000000000 2 0 8 112 113 114 151 153 190 191 192 
153 4938 0.228696000 0.135314000 0.00000000000000000000 1.00000000000000000000 2 0 8 113 114 115 152 154 191 192 193 
154 4939 0.246398000 0.137661000 0.00000000000000000000 1.00000000000000000000 2 0 8 114 115 116 153 155 192 193 194 
155 4940 0.264483000 0.139742000 0.00000000000000000000 1.00000000000000000000 2 0 8 115 116 117 154 156 193 194 195 
156 4941 0.282921000 0.141557000 0.00000000000000000000 1.00000000000000000000 2 0 8 116 117 600 155 602 194 195 604 
157 4942 0.000387454 -0.069609400 0.00000000000000000000 1.00000000000000000000 2 0 8 601 118 119 603 158 605 196 197 
158 4943 -0.006562140 -0.062278000 0.00000000000000000000 1.00000000000000000000 2 0 8 118 119 120 157 159 196 197 198 
159 4944 -0.012723900 -0.054809900 0.00000000000000000000 1.00000000000000000000 2 0 8 119 120 121 158 160 197 198 199 
160 4945 -0.018087200 -0.047219400 0.00000000000000000000 1.00000000000000000000 2 0 8 120 121 122 159 161 198 199 200 
161 4946 -0.022642700 -0.039521500 0.00000000000000000000 1.00000000000000000000 2 0 8 121 122 123 160 162 199 200 201 
162 4947 -0.026382100 -0.031731800 0.00000000000000000000 1.00000000000000000000 2 0 8 122 123 124 161 163 200 201 202 
163 4948 -0.029298200 -0.023866800 0.00000000000000000000 1.00000000000000000000 2 0 8 123 124 125 162 164 201 202 203 
164 4949 -0.031385500 -0.015943800 0.00000000000000000000 1.00000000000000000000 2 0 8 124 125 126 163 165 202 203 204 
165 4950 -0.032639600 -0.007981450 0.00000000000000000000 1.00000000000000000000 2 0 8 125 126 127 164 166 203 204 205 
166 4951 -0.033057900 0.000000985 0.00000000000000000000 1.00000000000000000000 2 0 8 126 127 128 165 167 204 205 206 
167 4952 -0.032639400 0.007983410 0.00000000000000000000 1.00000000000000000000 2 0 8 127 128 129 166 168 205 206 207 
168 4953 -0.031385100 0.015945800 0.00000000000000000000 1.00000000000000000000 2 0 8 128 129 130 167 169 206 207 208 
169 4954 -0.029297600 0.023868700 0.00000000000000000000 1.00000000000000000000 2 0 8 129 130 131 168 170 207 208 209 
170 4955 -0.026381200 0.031733800 0.00000000000000000000 1.00000000000000000000 2 0 8 130 131 132 169 171 208 209 210 
171 4956 -0.022641700 0.039523400 0.00000000000000000000 1.00000000000000000000 2 0 8 131 132 133 170 172 209 210 211 
172 4957 -0.018086000 0.047221300 0.00000000000000000000 1.00000000000000000000 2 0 8 132 133 134 171 173 210 211 212 
173 4958 -0.012722500 0.054811800 0.00000000000000000000 1.00000000000000000000 2 0 8 133 134 135 172 174 211 212 213 
174 4959 -0.006560540 0.062279800 0.00000000000000000000 1.00000000000000000000 2 0 8 134 135 136 173 175 212 213 214 
175 4960 0.000389245 0.069611200 0.00000000000000000000 1.00000000000000000000 2 0 8 135 136 137 174 176 213 214 215 
176 4961 0.008115110 0.076792000 0.00000000000000000000 1.00000000000000000000 2 0 8 136 137 138 175 177 214 215 216 
177 4962 0.016604200 0.083808800 0.00000000000000000000 1.00000000000000000000 2 0 8 137 138 139 176 178 215 216 217 
178 4963 0.025842400 0.090648900 0.00000000000000000000 1.00000000000000000000 2 0 8 138 139 140 177 179 216 217 218 
179 4964 0.035814800 0.097299500 0.00000000000000000000 1.00000000000000000000 2 0 8 139 140 141 178 180 217 218 219 
180 4965 0.046504900 0.103749000 0.00000000000000000000 1.00000000000000000000 2 0 8 140 141 142 179 181 218 219 220 
181 4966 0.057895400 0.109985000 0.00000000000000000000 1.00000000000000000000 2 0 8 141 142 143 180 182 219 220 221 
182 4967 0.069967900 0.115998000 0.00000000000000000000 1.00000000000000000000 2 0 8 142 143 144 181 183 220 221 222 
183 4968 0.082702800 0.121775000 0.00000000000000000000 1.00000000000000000000 2 0 8 143 144 145 182 184 221 222 223 
184 4969 0.096079600 0.127309000 0.00000000000000000000 1.00000000000000000000 2 0 8 144 145 146 183 185 222 223 224 
185 4970 0.110077000 0.132588000 0.00000000000000000000 1.00000000000000000000 2 0 8 145 146 147 184 186 223 224 225 
186 4971 0.124672000 0.137605000 0.00000000000000000000 1.00000000000000000000 2 0 8 146 147 148 185 187 224 225 226 
187 4972 0.139841000 0.142351000 0.00000000000000000000 1.00000000000000000000 2 0 8 147 148 149 186 188 225 226 227 
188 4973 0.155560000 0.146820000 0.00000000000000000000 1.00000000000000000000 2 0 8 148 149 150 187 189 226 227 228 
189 4974 0.171803000 0.151004000 0.00000000000000000000 1.00000000000000000000 2 0 8 149 150 151 188 190 227 228 229 
190 4975 0.188546000 0.154899000 0.00000000000000000000 1.00000000000000000000 2 0 8 150 151 152 189 191 228 229 230 
191 4976 0.205760000 0.158498000 0.00000000000000000000 1.00000000000000000000 2 0 8 151 152 153 190 192 229 230 231 
192 4977 0.223418000 0.161797000 0.00000000000000000000 1.00000000000000000000 2 0 8 152 153 154 191 193 230 231 232 
193 4978 0.241493000 0.164794000 0.00000000000000000000 1.00000000000000000000 2 0 8 153 154 155 192 194 231 232 233 
194 4979 0.259954000 0.167486000 0.00000000000000000000 1.00000000000000000000 2 0 8 154 155 156 193 195 232 233 234 
195 4980 0.278774000 0.169870000 0.00000000000000000000 1.00000000000000000000 2 0 8 155 156 602 194 604 233 234 606 
196 4981 -0.011430000 -0.080436400 0.00000000000000000000 1.00000000000000000000 2 0 8 603 157 158 605 197 607 235 236 
197 4982 -0.018557300 -0.071934500 0.00000000000000000000 1.00000000000000000000 2 0 8 157 158 159 196 198 235 236 237 
198 4983 -0.024876600 -0.063283100 0.00000000000000000000 1.00000000000000000000 2 0 8 158 159 160 197 199 236 237 238 
199 4984 -0.030376800 -0.054498700 0.00000000000000000000 1.00000000000000000000 2 0 8 159 160 161 198 200 237 238 239 
200 4985 -0.035048200 -0.045598200 0.00000000000000000000 1.00000000000000000000 2 0 8 160 161 162 199 201 238 239 240 
201 4986 -0.038882400 -0.036599400 0.00000000000000000000 1.00000000000000000000 2 0 8 161 162 163 200 202 239 240 241 
202 4987 -0.041872200 -0.027520600 0.00000000000000000000 1.00000000000000000000 2 0 8 162 163 164 201 203 240 241 242 
203 4988 -0.044012000 -0.018380900 0.00000000000000000000 1.00000000000000000000 2 0 8 163 164 165 202 204 241 242 243 
204 4989 -0.045297500 -0.009200110 0.00000000000000000000 1.00000000000000000000 2 0 8 164 165 166 203 205 242 243 244 
205 4990 -0.045726200 0.000001406 0.00000000000000000000 1.00000000000000000000 2 0 8 165 166 167 204 206 243 244 245 
206 4991 -0.045297200 0.009202920 0.00000000000000000000 1.00000000000000000000 2 0 8 166 167 168 205 207 244 245 246 
207 4992 -0.044011500 0.018383700 0.00000000000000000000 1.00000000000000000000 2 0 8 167 168 169 206 208 245 246 247 
208 4993 -0.041871400 0.027523400 0.00000000000000000000 1.00000000000000000000 2 0 8 168 169 170 207 209 246 247 248 
209 4994 -0.038881300 0.036602200 0.00000000000000000000 1.00000000000000000000 2 0 8 169 170 171 208 210 247 248 249 
210 4995 -0.035046900 0.045601000 0.00000000000000000000 1.00000000000000000000 2 0 8 170 171 172 209 211 248 249 250 
211 4996 -0.030375200 0.054501400 0.00000000000000000000 1.00000000000000000000 2 0 8 171 172 173 210 212 249 250 251 
212 4997 -0.024874800 0.063285800 0.00000000000000000000 1.00000000000000000000 2 0 8 172 173 174 211 213 250 251 252 
213 4998 -0.018555300 0.071937100 0.00000000000000000000 1.00000000000000000000 2 0 8 173 174 175 212 214 251 252 253 
214 4999 -0.011427700 0.080439000 0.00000000000000000000 1.00000000000000000000 2 0 8 174 175 176 213 215 252 253 254 
215 5000 -0.003504240 0.088775700 0.00000000000000000000 1.00000000000000000000 2 0 8 175 176 177 214 216 253 254 255 
216 5001 0.005201730 0.096931700 0.00000000000000000000 1.00000000000000000000 2 0 8 176 177 178 215 217 254 255 256 
217 5002 0.014675600 0.104892000 0.00000000000000000000 1.00000000000000000000 2 0 8 177 178 179 216 218 255 256 257 
218 5003 0.024901800 0.112643000 0.00000000000000000000 1.00000000000000000000 2 0 8 178 179 180 217 219 256 257 258 
219 5004 0.035863200 0.120171000 0.00000000000000000000 1.00000000000000000000 2 0 8 179 180 181 218 220 257 258 259 
220 5005 0.047542000 0.127462000 0.00000000000000000000 1.00000000000000000000 2 0 8 180 181 182 219 221 258 259 260 
221 5006 0.059919000 0.134504000 0.00000000000000000000 1.00000000000000000000 2 0 8 181 182 183 220 222 259 260 261 
222 5007 0.072974000 0.141284000 0.00000000000000000000 1.00000000000000000000 2 0 8 182 183 184 221 223 260 261 262 
223 5008 0.086685700 0.147792000 0.00000000000000000000 1.00000000000000000000 2 0 8 183 184 185 222 224 261 262 263 
224 5009 0.101032000 0.154016000 0.00000000000000000000 1.00000000000000000000 2 0 8 184 185 186 223 225 262 263 264 
225 5010 0.115989000 0.159946000 0.00000000000000000000 1.00000000000000000000 2 0 8 185 186 187 224 226 263 264 265 
226 5011 0.131533000 0.165574000 0.00000000000000000000 1.00000000000000000000 2 0 8 186 187 188 225 227 264 265 266 
227 5012 0.147639000 0.170890000 0.00000000000000000000 1.00000000000000000000 2 0 8 187 188 189 226 228 265 266 267 
228 5013 0.164280000 0.175887000 0.00000000000000000000 1.00000000000000000000 2 0 8 188 189 190 227 229 266 267 268 
229 5014 0.181430000 0.180557000 0.00000000000000000000 1.00000000000000000000 2 0 8 189 190 191 228 230 267 268 269 
230 5015 0.199062000 0.184895000 0.00000000000000000000 1.00000000000000000000 2 0 8 190 191 192 229 231 268 269 270 
231 5016 0.217146000 0.188894000 0.00000000000000000000 1.00000000000000000000 2 0 8 191 192 193 230 232 269 270 271 
232 5017 0.235653000 0.192552000 0.00000000000000000000 1.00000000000000000000 2 0 8 192 193 194 231 233 270 271 272 
233 5018 0.254555000 0.195863000 0.00000000000000000000 1.00000000000000000000 2 0 8 193 194 195 232 234 271 272 273 
234 5019 0.273821000 0.198824000 0.00000000000000000000 1.00000000000000000000 2 0 8 194 195 604 233 606 272 273 608 
235 5020 -0.025016800 -0.091570900 0.00000000000000000000 1.00000000000000000000 2 0 8 605 196 197 607 236 609 274 275 
236 5021 -0.032343900 -0.081867200 0.00000000000000000000 1.00000000000000000000 2 0 8 196 197 198 235 237 274 275 276 
237 5022 -0.038840000 -0.072000800 0.00000000000000000000 1.00000000000000000000 2 0 8 197 198 199 236 238 275 276 277 
238 5023 -0.044493900 -0.061990000 0.00000000000000000000 1.00000000000000000000 2 0 8 198 199 200 237 239 276 277 278 
239 5024 -0.049295600 -0.051853800 0.00000000000000000000 1.00000000000000000000 2 0 8 199 200 201 238 240 277 278 279 
240 5025 -0.053236500 -0.041611800 0.00000000000000000000 1.00000000000000000000 2 0 8 200 201 202 239 241 278 279 280 
241 5026 -0.056309300 -0.031284300 0.00000000000000000000 1.00000000000000000000 2 0 8 201 202 203 240 242 279 280 281 
242 5027 -0.058508200 -0.020891900 0.00000000000000000000 1.00000000000000000000 2 0 8 202 203 204 241 243 280 281 282 
243 5028 -0.059829200 -0.010455900 0.00000000000000000000 1.00000000000000000000 2 0 8 203 204 205 242 244 281 282 283 
244 5029 -0.060269700 0.000001901 0.00000000000000000000 1.00000000000000000000 2 0 8 204 205 206 243 245 282 283 284 
245 5030 -0.059828900 0.010459700 0.00000000000000000000 1.00000000000000000000 2 0 8 205 206 207 244 246 283 284 285 
246 5031 -0.058507600 0.020895700 0.00000000000000000000 1.00000000000000000000 2 0 8 206 207 208 245 247 284 285 286 
247 5032 -0.056308300 0.031288000 0.00000000000000000000 1.00000000000000000000 2 0 8 207 208 209 246 248 285 286 287 
248 5033 -0.053235200 0.041615600 0.00000000000000000000 1.00000000000000000000 2 0 8 208 209 210 247 249 286 287 288 
249 5034 -0.049294100 0.051857500 0.00000000000000000000 1.00000000000000000000 2 0 8 209 210 211 248 250 287 288 289 
250 5035 -0.044492100 0.061993700 0.00000000000000000000 1.00000000000000000000 2 0 8 210 211 212 249 251 288 289 290 
251 5036 -0.038837800 0.072004400 0.00000000000000000000 1.00000000000000000000 2 0 8 211 212 213 250 252 289 290 291 
252 5037 -0.032341400 0.081870800 0.00000000000000000000 1.00000000000000000000 2 0 8 212 213 214 251 253 290 291 292 
253 5038 -0.025014000 0.091574400 0.00000000000000000000 1.00000000000000000000 2 0 8 213 214 215 252 254 291 292 293 
254 5039 -0.016868400 0.101097000 0.00000000000000000000 1.00000000000000000000 2 0 8 214 215 216 253 255 292 293 294 
255 5040 -0.007918360 0.110423000 0.00000000000000000000 1.00000000000000000000 2 0 8 215 216 217 254 256 293 294 295 
256 5041 0.001820970 0.119533000 0.00000000000000000000 1.00000000000000000000 2 0 8 216 217 218 255 257 294 295 296 
257 5042 0.012333300 0.128413000 0.00000000000000000000 1.00000000000000000000 2 0 8 217 218 219 256 258 295 296 297 
258 5043 0.023601000 0.137047000 0.00000000000000000000 1.00000000000000000000 2 0 8 218 219 220 257 259 296 297 298 
259 5044 0.035605500 0.145420000 0.00000000000000000000 1.00000000000000000000 2 0 8 219 220 221 258 260 297 298 299 
260 5045 0.048326900 0.153517000 0.00000000000000000000 1.00000000000000000000 2 0 8 220 221 222 259 261 298 299 300 
261 5046 0.061744300 0.161326000 0.00000000000000000000 1.00000000000000000000 2 0 8 221 222 223 260 262 299 300 301 
262 5047 0.075835600 0.168832000 0.00000000000000000000 1.00000000000000000000 2 0 8 222 223 224 261 263 300 301 302 
263 5048 0.090577700 0.176024000 0.00000000000000000000 1.00000000000000000000 2 0 8 223 224 225 262 264 301 302 303 
264 5049 0.105947000 0.182890000 0.00000000000000000000 1.00000000000000000000 2 0 8 224 225 226 263 265 302 303 304 
265 5050 0.121917000 0.189420000 0.00000000000000000000 1.00000000000000000000 2 0 8 225 226 227 264 266 303 304 305 
266 5051 0.138463000 0.195603000 0.00000000000000000000 1.00000000000000000000 2 0 8 226 227 228 265 267 304 305 306 
267 5052 0.155558000 0.201430000 0.00000000000000000000 1.00000000000000000000 2 0 8 227 228 229 266 268 305 306 307 
268 5053 0.173174000 0.206894000 0.00000000000000000000 1.00000000000000000000 2 0 8 228 229 230 267 269 306 307 308 
269 5054 0.191282000 0.211986000 0.00000000000000000000 1.00000000000000000000 2 0 8 229 230 231 268 270 307 308 309 
270 5055 0.209853000 0.216701000 0.00000000000000000000 1.00000000000000000000 2 0 8 230 231 232 269 271 308 309 310 
271 5056 0.228858000 0.221031000 0.00000000000000000000 1.00000000000000000000 2 0 8 231 232 233 270 272 309 310 311 
272 5057 0.248265000 0.224973000 0.00000000000000000000 1.00000000000000000000 2 0 8 232 233 234 271 273 310 311 312 
273 5058 0.268044000 0.228523000 0.00000000000000000000 1.00000000000000000000 2 0 8 233 234 606 272 608 311 312 610 
274 5059 -0.040430800 -0.103051000 0.00000000000000000000 1.00000000000000000000 2 0 8 607 235 236 609 275 611 612 313 
275 5060 -0.047980800 -0.092110000 0.00000000000000000000 1.00000000000000000000 2 0 8 235 236 237 274 276 612 313 314 
276 5061 -0.054674400 -0.080992200 0.00000000000000000000 1.00000000000000000000 2 0 8 236 237 238 275 277 313 314 315 
277 5062 -0.060500000 -0.069718000 0.00000000000000000000 1.00000000000000000000 2 0 8 237 238 239 276 278 314 315 316 
278 5063 -0.065447200 -0.058308400 0.00000000000000000000 1.00000000000000000000 2 0 8 238 239 240 277 279 315 316 317 
279 5064 -0.069507300 -0.046784700 0.00000000000000000000 1.00000000000000000000 2 0 8 239 240 241 278 280 316 317 318 
280 5065 -0.072672900 -0.035169100 0.00000000000000000000 1.00000000000000000000 2 0 8 240 241 242 279 281 317 318 319 
281 5066 -0.074938100 -0.023484100 0.00000000000000000000 1.00000000000000000000 2 0 8 241 242 243 280 282 318 319 320 
282 5067 -0.076298900 -0.011752500 0.00000000000000000000 1.00000000000000000000 2 0 8 242 243 244 281 283 319 320 321 
283 5068 -0.076752600 0.000002470 0.00000000000000000000 1.00000000000000000000 2 0 8 243 244 245 282 284 320 321 322 
284 5069 -0.076298500 0.011757400 0.00000000000000000000 1.00000000000000000000 2 0 8 244 245 246 283 285 321 322 323 
285 5070 -0.074937400 0.023489000 0.00000000000000000000 1.00000000000000000000 2 0 8 245 246 247 284 286 322 323 324 
286 5071 -0.072671700 0.035174000 0.00000000000000000000 1.00000000000000000000 2 0 8 246 247 248 285 287 323 324 325 
287 5072 -0.069505800 0.046789600 0.00000000000000000000 1.00000000000000000000 2 0 8 247 248 249 286 288 324 325 326 
288 5073 -0.065445400 0.058313200 0.00000000000000000000 1.00000000000000000000 2 0 8 248 249 250 287 289 325 326 327 
289 5074 -0.060497800 0.069722800 0.00000000000000000000 1.00000000000000000000 2 0 8 249 250 251 288 290 326 327 328 
290 5075 -0.054671800 0.080997000 0.00000000000000000000 1.00000000000000000000 2 0 8 250 251 252 289 291 327 328 329 
291 5076 -0.047977900 0.092114600 0.00000000000000000000 1.00000000000000000000 2 0 8 251 252 253 290 292 328 329 330 
292 5077 -0.040427500 0.103056000 0.00000000000000000000 1.00000000000000000000 2 0 8 252 253 254 291 293 329 330 331 
293 5078 -0.032033800 0.113800000 0.00000000000000000000 1.00000000000000000000 2 0 8 253 254 255 292 294 330 331 332 
294 5079 -0.022811200 0.124328000 0.00000000000000000000 1.00000000000000000000 2 0 8 254 255 256 293 295 331 332 333 
295 5080 -0.012775300 0.134622000 0.00000000000000000000 1.00000000000000000000 2 0 8 255 256 257 294 296 332 333 334 
296 5081 -0.001943000 0.144664000 0.00000000000000000000 1.00000000000000000000 2 0 8 256 257 258 295 297 333 334 335 
297 5082 0.009667420 0.154436000 0.00000000000000000000 1.00000000000000000000 2 0 8 257 258 259 296 298 334 335 336 
298 5083 0.022036600 0.163921000 0.00000000000000000000 1.00000000000000000000 2 0 8 258 259 260 297 299 335 336 337 
299 5084 0.035144000 0.173104000 0.00000000000000000000 1.00000000000000000000 2 0 8 259 260 261 298 300 336 337 338 
300 5085 0.048967700 0.181969000 0.00000000000000000000 1.00000000000000000000 2 0 8 260 261 262 299 301 337 338 339 
301 5086 0.063485100 0.190502000 0.00000000000000000000 1.00000000000000000000 2 0 8 261 262 263 300 302 338 339 340 
302 5087 0.078672100 0.198689000 0.00000000000000000000 1.00000000000000000000 2 0 8 262 263 264 301 303 339 340 341 
303 5088 0.094503800 0.206516000 0.00000000000000000000 1.00000000000000000000 2 0 8 263 264 265 302 304 340 341 342 
304 5089 0.110954000 0.213972000 0.00000000000000000000 1.00000000000000000000 2 0 8 264 265 266 303 305 341 342 343 
305 5090 0.127996000 0.221046000 0.00000000000000000000 1.00000000000000000000 2 0 8 265 266 267 304 306 342 343 344 
306 5091 0.145602000 0.227726000 0.00000000000000000000 1.00000000000000000000 2 0 8 266 267 268 305 307 343 344 345 
307 5092 0.163743000 0.234003000 0.00000000000000000000 1.00000000000000000000 2 0 8 267 268 269 306 308 344 345 346 
308 5093 0.182390000 0.239868000 0.00000000000000000000 1.00000000000000000000 2 0 8 268 269 270 307 309 345 346 347 
309 5094 0.201513000 0.245314000 0.00000000000000000000 1.00000000000000000000 2 0 8 269 270 271 308 310 346 347 348 
310 5095 0.221079000 0.250334000 0.00000000000000000000 1.00000000000000000000 2 0 8 270 271 272 309 311 347 348 349 
311 5096 0.241059000 0.254922000 0.00000000000000000000 1.00000000000000000000 2 0 8 271 272 273 310 312 348 349 613 
312 5097 0.261419000 0.259072000 0.00000000000000000000 1.00000000000000000000 2 0 8 272 273 608 311 610 349 613 614 
313 5098 -0.065533400 -0.102698000 0.00000000000000000000 1.00000000000000000000 2 0 8 274 275 276 612 314 615 350 351 
314 5099 -0.072446200 -0.090288000 0.00000000000000000000 1.00000000000000000000 2 0 8 275 276 277 313 315 350 351 352 
315 5100 -0.078462300 -0.077708700 0.00000000000000000000 1.00000000000000000000 2 0 8 276 277 278 314 316 351 352 353 
316 5101 -0.083571100 -0.064983200 0.00000000000000000000 1.00000000000000000000 2 0 8 277 278 279 315 317 352 353 354 
317 5102 -0.087763600 -0.052134800 0.00000000000000000000 1.00000000000000000000 2 0 8 278 279 280 316 318 353 354 355 
318 5103 -0.091032300 -0.039187500 0.00000000000000000000 1.00000000000000000000 2 0 8 279 280 281 317 319 354 355 356 
319 5104 -0.093371200 -0.026165600 0.00000000000000000000 1.00000000000000000000 2 0 8 280 281 282 318 320 355 356 357 
320 5105 -0.094776200 -0.013093800 0.00000000000000000000 1.00000000000000000000 2 0 8 281 282 283 319 321 356 357 358 
321 5106 -0.095244700 0.000003115 0.00000000000000000000 1.00000000000000000000 2 0 8 282 283 284 320 322 357 358 359 
322 5107 -0.094775800 0.013100000 0.00000000000000000000 1.00000000000000000000 2 0 8 283 284 285 321 323 358 359 360 
323 5108 -0.093370300 0.026171800 0.00000000000000000000 1.00000000000000000000 2 0 8 284 285 286 322 324 359 360 361 
324 5109 -0.091030900 0.039193700 0.00000000000000000000 1.00000000000000000000 2 0 8 285 286 287 323 325 360 361 362 
325 5110 -0.087761800 0.052141000 0.00000000000000000000 1.00000000000000000000 2 0 8 286 287 288 324 326 361 362 363 
326 5111 -0.083568900 0.064989300 0.00000000000000000000 1.00000000000000000000 2 0 8 287 288 289 325 327 362 363 364 
327 5112 -0.078459600 0.077714800 0.00000000000000000000 1.00000000000000000000 2 0 8 288 289 290 326 328 363 364 365 
328 5113 -0.072443100 0.090293900 0.00000000000000000000 1.00000000000000000000 2 0 8 289 290 291 327 329 364 365 366 
329 5114 -0.065529900 0.102704000 0.00000000000000000000 1.00000000000000000000 2 0 8 290 291 292 328 330 365 366 367 
330 5115 -0.057732100 0.114922000 0.00000000000000000000 1.00000000000000000000 2 0 8 291 292 293 329 331 366 367 368 
331 5116 -0.049063200 0.126927000 0.00000000000000000000 1.00000000000000000000 2 0 8 292 293 294 330 332 367 368 369 
332 5117 -0.039538000 0.138697000 0.00000000000000000000 1.00000000000000000000 2 0 8 293 294 295 331 333 368 369 370 
333 5118 -0.029172800 0.150212000 0.00000000000000000000 1.00000000000000000000 2 0 8 294 295 296 332 334 369 370 371 
334 5119 -0.017985200 0.161452000 0.00000000000000000000 1.00000000000000000000 2 0 8 295 296 297 333 335 370 371 372 
335 5120 -0.005994020 0.172398000 0.00000000000000000000 1.00000000000000000000 2 0 8 296 297 298 334 336 371 372 373 
336 5121 0.006780550 0.183031000 0.00000000000000000000 1.00000000000000000000 2 0 8 297 298 299 335 337 372 373 374 
337 5122 0.020317200 0.193334000 0.00000000000000000000 1.00000000000000000000 2 0 8 298 299 300 336 338 373 374 375 
338 5123 0.034593200 0.203288000 0.00000000000000000000 1.00000000000000000000 2 0 8 299 300 301 337 339 374 375 376 
339 5124 0.049585100 0.212879000 0.00000000000000000000 1.00000000000000000000 2 0 8 300 301 302 338 340 375 376 377 
340 5125 0.065267800 0.222091000 0.00000000000000000000 1.00000000000000000000 2 0 8 301 302 303 339 341 376 377 378 
341 5126 0.081615500 0.230909000 0.00000000000000000000 1.00000000000000000000 2 0 8 302 303 304 340 342 377 378 379 
342 5127 0.098601300 0.239319000 0.00000000000000000000 1.00000000000000000000 2 0 8 303 304 305 341 343 378 379 380 
343 5128 0.116197000 0.247308000 0.00000000000000000000 1.00000000000000000000 2 0 8 304 305 306 342 344 379 380 381 
344 5129 0.134374000 0.254866000 0.00000000000000000000 1.00000000000000000000 2 0 8 305 306 307 343 345 380 381 382 
345 5130 0.153103000 0.261979000 0.00000000000000000000 1.00000000000000000000 2 0 8 306 307 308 344 346 381 382 383 
346 5131 0.172353000 0.268640000 0.00000000000000000000 1.00000000000000000000 2 0 8 307 308 309 345 347 382 383 384 
347 5132 0.192092000 0.274838000 0.00000000000000000000 1.00000000000000000000 2 0 8 308 309 310 346 348 383 384 385 
348 5133 0.212289000 0.280566000 0.00000000000000000000 1.00000000000000000000 2 0 8 309 310 311 347 349 384 385 386 
349 5134 0.232910000 0.285816000 0.00000000000000000000 1.00000000000000000000 2 0 8 310 311 312 348 613 385 386 616 
350 5135 -0.085073200 -0.113668000 0.00000000000000000000 1.00000000000000000000 2 0 8 612 313 314 615 351 617 387 388 
351 5136 -0.092227900 -0.099919900 0.00000000000000000000 1.00000000000000000000 2 0 8 313 314 315 350 352 387 388 389 
352 5137 -0.098454300 -0.085989300 0.00000000000000000000 1.00000000000000000000 2 0 8 314 315 316 351 353 388 389 390 
353 5138 -0.103742000 -0.071900900 0.00000000000000000000 1.00000000000000000000 2 0 8 315 316 317 352 354 389 390 391 
354 5139 -0.108080000 -0.057680100 0.00000000000000000000 1.00000000000000000000 2 0 8 316 317 318 353 355 390 391 392 
355 5140 -0.111463000 -0.043352800 0.00000000000000000000 1.00000000000000000000 2 0 8 317 318 319 354 356 391 392 393 
356 5141 -0.113883000 -0.028945300 0.00000000000000000000 1.00000000000000000000 2 0 8 318 319 320 355 357 392 393 394 
357 5142 -0.115337000 -0.014484200 0.00000000000000000000 1.00000000000000000000 2 0 8 319 320 321 356 358 393 394 395 
358 5143 -0.115822000 0.000003837 0.00000000000000000000 1.00000000000000000000 2 0 8 320 321 322 357 359 394 395 396 
359 5144 -0.115337000 0.014491800 0.00000000000000000000 1.00000000000000000000 2 0 8 321 322 323 358 360 395 396 397 
360 5145 -0.113882000 0.028953000 0.00000000000000000000 1.00000000000000000000 2 0 8 322 323 324 359 361 396 397 398 
361 5146 -0.111461000 0.043360400 0.00000000000000000000 1.00000000000000000000 2 0 8 323 324 325 360 362 397 398 399 
362 5147 -0.108078000 0.057687700 0.00000000000000000000 1.00000000000000000000 2 0 8 324 325 326 361 363 398 399 400 
363 5148 -0.103739000 0.071908400 0.00000000000000000000 1.00000000000000000000 2 0 8 325 326 327 362 364 399 400 401 
364 5149 -0.098451300 0.085996700 0.00000000000000000000 1.00000000000000000000 2 0 8 326 327 328 363 365 400 401 402 
365 5150 -0.092224400 0.099927200 0.00000000000000000000 1.00000000000000000000 2 0 8 327 328 329 364 366 401 402 403 
366 5151 -0.085069200 0.113675000 0.00000000000000000000 1.00000000000000000000 2 0 8 328 329 330 365 367 402 403 404 
367 5152 -0.076998300 0.127215000 0.00000000000000000000 1.00000000000000000000 2 0 8 329 330 331 366 368 403 404 405 
368 5153 -0.068025600 0.140525000 0.00000000000000000000 1.00000000000000000000 2 0 8 330 331 332 367 369 404 405 406 
369 5154 -0.058166400 0.153580000 0.00000000000000000000 1.00000000000000000000 2 0 8 331 332 333 368 370 405 406 407 
370 5155 -0.047437700 0.166358000 0.00000000000000000000 1.00000000000000000000 2 0 8 332 333 334 369 371 406 407 408 
371 5156 -0.035857700 0.178838000 0.00000000000000000000 1.00000000000000000000 2 0 8 333 334 335 370 372 407 408 409 
372 5157 -0.023446000 0.190998000 0.00000000000000000000 1.00000000000000000000 2 0 8 334 335 336 371 373 408 409 410 
373 5158 -0.010223500 0.202818000 0.00000000000000000000 1.00000000000000000000 2 0 8 335 336 337 372 374 409 410 411 
374 5159 0.003787630 0.214277000 0.00000000000000000000 1.00000000000000000000 2 0 8 336 337 338 373 375 410 411 412 
375 5160 0.018563800 0.225358000 0.00000000000000000000 1.00000000000000000000 2 0 8 337 338 339 374 376 411 412 413 
376 5161 0.034080500 0.236043000 0.00000000000000000000 1.00000000000000000000 2 0 8 338 339 340 375 377 412 413 414 
377 5162 0.050311900 0.246313000 0.00000000000000000000 1.00000000000000000000 2 0 8 339 340 341 376 378 413 414 415 
378 5163 0.067231100 0.256154000 0.00000000000000000000 1.00000000000000000000 2 0 8 340 341 342 377 379 414 415 416 
379 5164 0.084810100 0.265549000 0.00000000000000000000 1.00000000000000000000 2 0 8 341 342 343 378 380 415 416 417 
380 5165 0.103020000 0.274485000 0.00000000000000000000 1.00000000000000000000 2 0 8 342 343 344 379 381 416 417 418 
381 5166 0.121830000 0.282947000 0.00000000000000000000 1.00000000000000000000 2 0 8 343 344 345 380 382 417 418 419 
382 5167 0.141211000 0.290924000 0.00000000000000000000 1.00000000000000000000 2 0 8 344 345 346 381 383 418 419 420 
383 5168 0.161130000 0.298405000 0.00000000000000000000 1.00000000000000000000 2 0 8 345 346 347 382 384 419 420 421 
384 5169 0.181555000 0.305378000 0.00000000000000000000 1.00000000000000000000 2 0 8 346 347 348 383 385 420 421 422 
385 5170 0.202452000 0.311835000 0.00000000000000000000 1.00000000000000000000 2 0 8 347 348 349 384 386 421 422 423 
386 5171 0.223788000 0.317767000 0.00000000000000000000 1.00000000000000000000 2 0 8 348 349 613 385 616 422 423 618 
387 5172 -0.106679000 -0.125057000 0.00000000000000000000 1.00000000000000000000 2 0 8 615 350 351 617 388 619 424 425 
388 5173 -0.114099000 -0.109921000 0.00000000000000000000 1.00000000000000000000 2 0 8 350 351 352 387 389 424 425 426 
389 5174 -0.120557000 -0.094588300 0.00000000000000000000 1.00000000000000000000 2 0 8 351 352 353 388 390 425 426 427 
390 5175 -0.126040000 -0.079085100 0.00000000000000000000 1.00000000000000000000 2 0 8 352 353 354 389 391 426 427 428 
391 5176 -0.130540000 -0.063439400 0.00000000000000000000 1.00000000000000000000 2 0 8 353 354 355 390 392 427 428 429 
392 5177 -0.134047000 -0.047679100 0.00000000000000000000 1.00000000000000000000 2 0 8 354 355 356 391 393 428 429 430 
393 5178 -0.136557000 -0.031832600 0.00000000000000000000 1.00000000000000000000 2 0 8 355 356 357 392 394 429 430 431 
394 5179 -0.138065000 -0.015928400 0.00000000000000000000 1.00000000000000000000 2 0 8 356 357 358 393 395 430 431 432 
395 5180 -0.138568000 0.000004637 0.00000000000000000000 1.00000000000000000000 2 0 8 357 358 359 394 396 431 432 433 
396 5181 -0.138065000 0.015937700 0.00000000000000000000 1.00000000000000000000 2 0 8 358 359 360 395 397 432 433 434 
397 5182 -0.136556000 0.031841800 0.00000000000000000000 1.00000000000000000000 2 0 8 359 360 361 396 398 433 434 435 
398 5183 -0.134046000 0.047688300 0.00000000000000000000 1.00000000000000000000 2 0 8 360 361 362 397 399 434 435 436 
399 5184 -0.130537000 0.063448500 0.00000000000000000000 1.00000000000000000000 2 0 8 361 362 363 398 400 435 436 437 
400 5185 -0.126037000 0.079094200 0.00000000000000000000 1.00000000000000000000 2 0 8 362 363 364 399 401 436 437 438 
401 5186 -0.120553000 0.094597300 0.00000000000000000000 1.00000000000000000000 2 0 8 363 364 365 400 402 437 438 439 
402 5187 -0.114095000 0.109930000 0.00000000000000000000 1.00000000000000000000 2 0 8 364 365 366 401 403 438 439 440 
403 5188 -0.106674000 0.125066000 0.00000000000000000000 1.00000000000000000000 2 0 8 365 366 367 402 404 439 440 441 
404 5189 -0.098303100 0.139979000 0.00000000000000000000 1.00000000000000000000 2 0 8 366 367 368 403 405 440 441 442 
405 5190 -0.088996600 0.154641000 0.00000000000000000000 1.00000000000000000000 2 0 8 367 368 369 404 406 441 442 443 
406 5191 -0.078770500 0.169029000 0.00000000000000000000 1.00000000000000000000 2 0 8 368 369 370 405 407 442 443 444 
407 5192 -0.067642400 0.183117000 0.00000000000000000000 1.00000000000000000000 2 0 8 369 370 371 406 408 443 444 445 
408 5193 -0.055631200 0.196882000 0.00000000000000000000 1.00000000000000000000 2 0 8 370 371 372 407 409 444 445 446 
409 5194 -0.042757300 0.210301000 0.00000000000000000000 1.00000000000000000000 2 0 8 371 372 373 408 410 445 446 447 
410 5195 -0.029042400 0.223351000 0.00000000000000000000 1.00000000000000000000 2 0 8 372 373 374 409 411 446 447 448 
411 5196 -0.014509500 0.236010000 0.00000000000000000000 1.00000000000000000000 2 0 8 373 374 375 410 412 447 448 449 
412 5197 0.000816796 0.248258000 0.00000000000000000000 1.00000000000000000000 2 0 8 374 375 376 411 413 448 449 450 
413 5198 0.016911000 0.260075000 0.00000000000000000000 1.00000000000000000000 2 0 8 375 376 377 412 414 449 450 451 
414 5199 0.033746400 0.271442000 0.00000000000000000000 1.00000000000000000000 2 0 8 376 377 378 413 415 450 451 452 
415 5200 0.051294800 0.282342000 0.00000000000000000000 1.00000000000000000000 2 0 8 377 378 379 414 416 451 452 453 
416 5201 0.069527200 0.292757000 0.00000000000000000000 1.00000000000000000000 2 0 8 378 379 380 415 417 452 453 454 
417 5202 0.088413400 0.302672000 0.00000000000000000000 1.00000000000000000000 2 0 8 379 380 381 416 418 453 454 455 
418 5203 0.107922000 0.312071000 0.00000000000000000000 1.00000000000000000000 2 0 8 380 381 382 417 419 454 455 456 
419 5204 0.128022000 0.320941000 0.00000000000000000000 1.00000000000000000000 2 0 8 381 382 383 418 420 455 456 457 
420 5205 0.148680000 0.329269000 0.00000000000000000000 1.00000000000000000000 2 0 8 382 383 384 419 421 456 457 458 
421 5206 0.169861000 0.337044000 0.00000000000000000000 1.00000000000000000000 2 0 8 383 384 385 420 422 457 458 459 
422 5207 0.191532000 0.344254000 0.00000000000000000000 1.00000000000000000000 2 0 8 384 385 386 421 423 458 459 460 
423 5208 0.213657000 0.350890000 0.00000000000000000000 1.00000000000000000000 2 0 8 385 386 616 422 618 459 460 620 
424 5209 -0.130435000 -0.136908000 0.00000000000000000000 1.00000000000000000000 2 0 8 617 387 388 619 425 621 461 462 
425 5210 -0.138146000 -0.120328000 0.00000000000000000000 1.00000000000000000000 2 0 8 387 388 389 424 426 461 462 463 
426 5211 -0.144856000 -0.103536000 0.00000000000000000000 1.00000000000000000000 2 0 8 388 389 390 425 427 462 463 464 
427 5212 -0.150554000 -0.086560900 0.00000000000000000000 1.00000000000000000000 2 0 8 389 390 391 426 428 463 464 465 
428 5213 -0.155230000 -0.069432700 0.00000000000000000000 1.00000000000000000000 2 0 8 390 391 392 427 429 464 465 466 
429 5214 -0.158875000 -0.052181300 0.00000000000000000000 1.00000000000000000000 2 0 8 391 392 393 428 430 465 466 467 
430 5215 -0.161483000 -0.034837300 0.00000000000000000000 1.00000000000000000000 2 0 8 392 393 394 429 431 466 467 468 
431 5216 -0.163050000 -0.017431400 0.00000000000000000000 1.00000000000000000000 2 0 8 393 394 395 430 432 467 468 469 
432 5217 -0.163572000 0.000005516 0.00000000000000000000 1.00000000000000000000 2 0 8 394 395 396 431 433 468 469 470 
433 5218 -0.163049000 0.017442400 0.00000000000000000000 1.00000000000000000000 2 0 8 395 396 397 432 434 469 470 471 
434 5219 -0.161482000 0.034848300 0.00000000000000000000 1.00000000000000000000 2 0 8 396 397 398 433 435 470 471 472 
435 5220 -0.158873000 0.052192300 0.00000000000000000000 1.00000000000000000000 2 0 8 397 398 399 434 436 471 472 473 
436 5221 -0.155227000 0.069443600 0.00000000000000000000 1.00000000000000000000 2 0 8 398 399 400 435 437 472 473 474 
437 5222 -0.150551000 0.086571700 0.00000000000000000000 1.00000000000000000000 2 0 8 399 400 401 436 438 473 474 475 
438 5223 -0.144853000 0.103547000 0.00000000000000000000 1.00000000000000000000 2 0 8 400 401 402 437 439 474 475 476 
439 5224 -0.138142000 0.120338000 0.00000000000000000000 1.00000000000000000000 2 0 8 401 402 403 438 440 475 476 477 
440 5225 -0.130430000 0.136918000 0.00000000000000000000 1.00000000000000000000 2 0 8 402 403 404 439 441 476 477 478 
441 5226 -0.121731000 0.153257000 0.00000000000000000000 1.00000000000000000000 2 0 8 403 404 405 440 442 477 478 479 
442 5227 -0.112059000 0.169326000 0.00000000000000000000 1.00000000000000000000 2 0 8 404 405 406 441 443 478 479 480 
443 5228 -0.101431000 0.185099000 0.00000000000000000000 1.00000000000000000000 2 0 8 405 406 407 442 444 479 480 481 
444 5229 -0.089866300 0.200549000 0.00000000000000000000 1.00000000000000000000 2 0 8 406 407 408 443 445 480 481 482 
445 5230 -0.077383300 0.215650000 0.00000000000000000000 1.00000000000000000000 2 0 8 407 408 409 444 446 481 482 483 
446 5231 -0.064003500 0.230376000 0.00000000000000000000 1.00000000000000000000 2 0 8 408 409 410 445 447 482 483 484 
447 5232 -0.049749600 0.244704000 0.00000000000000000000 1.00000000000000000000 2 0 8 409 410 411 446 448 483 484 485 
448 5233 -0.034645600 0.258609000 0.00000000000000000000 1.00000000000000000000 2 0 8 410 411 412 447 449 484 485 486 
449 5234 -0.018716800 0.272069000 0.00000000000000000000 1.00000000000000000000 2 0 8 411 412 413 448 450 485 486 487 
450 5235 -0.001989960 0.285062000 0.00000000000000000000 1.00000000000000000000 2 0 8 412 413 414 449 451 486 487 488 
451 5236 0.015507000 0.297569000 0.00000000000000000000 1.00000000000000000000 2 0 8 413 414 415 450 452 487 488 489 
452 5237 0.033745000 0.309568000 0.00000000000000000000 1.00000000000000000000 2 0 8 414 415 416 451 453 488 489 490 
453 5238 0.052693800 0.321042000 0.00000000000000000000 1.00000000000000000000 2 0 8 415 416 417 452 454 489 490 491 
454 5239 0.072321900 0.331972000 0.00000000000000000000 1.00000000000000000000 2 0 8 416 417 418 453 455 490 491 492 
455 5240 0.092597100 0.342343000 0.00000000000000000000 1.00000000000000000000 2 0 8 417 418 419 454 456 491 492 493 
456 5241 0.113486000 0.352139000 0.00000000000000000000 1.00000000000000000000 2 0 8 418 419 420 455 457 492 493 494 
457 5242 0.134954000 0.361346000 0.00000000000000000000 1.00000000000000000000 2 0 8 419 420 421 456 458 493 494 495 
458 5243 0.156966000 0.369950000 0.00000000000000000000 1.00000000000000000000 2 0 8 420 421 422 457 459 494 495 496 
459 5244 0.179487000 0.377941000 0.00000000000000000000 1.00000000000000000000 2 0 8 421 422 423 458 460 495 496 497 
460 5245 0.202480000 0.385306000 0.00000000000000000000 1.00000000000000000000 2 0 8 422 423 618 459 620 496 497 622 
461 5246 -0.156435000 -0.149260000 0.00000000000000000000 1.00000000000000000000 2 0 8 619 424 425 621 462 623 624 498 
462 5247 -0.164463000 -0.131176000 0.00000000000000000000 1.00000000000000000000 2 0 8 424 425 426 461 463 624 498 499 
463 5248 -0.171449000 -0.112864000 0.00000000000000000000 1.00000000000000000000 2 0 8 425 426 427 462 464 498 499 500 
464 5249 -0.177381000 -0.094354600 0.00000000000000000000 1.00000000000000000000 2 0 8 426 427 428 463 465 499 500 501 
465 5250 -0.182249000 -0.075681100 0.00000000000000000000 1.00000000000000000000 2 0 8 427 428 429 464 466 500 501 502 
466 5251 -0.186043000 -0.056875300 0.00000000000000000000 1.00000000000000000000 2 0 8 428 429 430 465 467 501 502 503 
467 5252 -0.188758000 -0.037970100 0.00000000000000000000 1.00000000000000000000 2 0 8 429 430 431 466 468 502 503 504 
468 5253 -0.190389000 -0.018998500 0.00000000000000000000 1.00000000000000000000 2 0 8 430 431 432 467 469 503 504 505 
469 5254 -0.190933000 0.000006475 0.00000000000000000000 1.00000000000000000000 2 0 8 431 432 433 468 470 504 505 506 
470 5255 -0.190389000 0.019011400 0.00000000000000000000 1.00000000000000000000 2 0 8 432 433 434 469 471 505 506 507 
471 5256 -0.188757000 0.037983000 0.00000000000000000000 1.00000000000000000000 2 0 8 433 434 435 470 472 506 507 508 
472 5257 -0.186041000 0.056888200 0.00000000000000000000 1.00000000000000000000 2 0 8 434 435 436 471 473 507 508 509 
473 5258 -0.182246000 0.075693900 0.00000000000000000000 1.00000000000000000000 2 0 8 435 436 437 472 474 508 509 510 
474 5259 -0.177377000 0.094367300 0.00000000000000000000 1.00000000000000000000 2 0 8 436 437 438 473 475 509 510 511 
475 5260 -0.171445000 0.112876000 0.00000000000000000000 1.00000000000000000000 2 0 8 437 438 439 474 476 510 511 512 
476 5261 -0.164458000 0.131188000 0.00000000000000000000 1.00000000000000000000 2 0 8 438 439 440 475 477 511 512 513 
477 5262 -0.156429000 0.149272000 0.00000000000000000000 1.00000000000000000000 2 0 8 439 440 441 476 478 512 513 514 
478 5263 -0.147372000 0.167097000 0.00000000000000000000 1.00000000000000000000 2 0 8 440 441 442 477 479 513 514 515 
479 5264 -0.137302000 0.184632000 0.00000000000000000000 1.00000000000000000000 2 0 8 441 442 443 478 480 514 515 516 
480 5265 -0.126237000 0.201848000 0.00000000000000000000 1.00000000000000000000 2 0 8 442 443 444 479 481 515 516 517 
481 5266 -0.114196000 0.218716000 0.00000000000000000000 1.00000000000000000000 2 0 8 443 444 445 480 482 516 517 518 
482 5267 -0.101198000 0.235208000 0.00000000000000000000 1.00000000000000000000 2 0 8 444 445 446 481 483 517 518 519 
483 5268 -0.087266900 0.251296000 0.00000000000000000000 1.00000000000000000000 2 0 8 445 446 447 482 484 518 519 520 
484 5269 -0.072425200 0.266954000 0.00000000000000000000 1.00000000000000000000 2 0 8 446 447 448 483 485 519 520 521 
485 5270 -0.056698200 0.282156000 0.00000000000000000000 1.00000000000000000000 2 0 8 447 448 449 484 486 520 521 522 
486 5271 -0.040112200 0.296877000 0.00000000000000000000 1.00000000000000000000 2 0 8 448 449 450 485 487 521 522 523 
487 5272 -0.022695100 0.311095000 0.00000000000000000000 1.00000000000000000000 2 0 8 449 450 451 486 488 522 523 524 
488 5273 -0.004476060 0.324786000 0.00000000000000000000 1.00000000000000000000 2 0 8 450 451 452 487 489 523 524 525 
489 5274 0.014514700 0.337929000 0.00000000000000000000 1.00000000000000000000 2 0 8 451 452 453 488 490 524 525 526 
490 5275 0.034245600 0.350504000 0.00000000000000000000 1.00000000000000000000 2 0 8 452 453 454 489 491 525 526 527 
491 5276 0.054684000 0.362491000 0.00000000000000000000 1.00000000000000000000 2 0 8 453 454 455 490 492 526 527 528 
492 5277 0.075796000 0.373872000 0.00000000000000000000 1.00000000000000000000 2 0 8 454 455 456 491 493 527 528 529 
493 5278 0.097547000 0.384631000 0.00000000000000000000 1.00000000000000000000 2 0 8 455 456 457 492 494 528 529 530 
494 5279 0.119901000 0.394751000 0.00000000000000000000 1.00000000000000000000 2 0 8 456 457 458 493 495 529 530 531 
495 5280 0.142822000 0.404217000 0.00000000000000000000 1.00000000000000000000 2 0 8 457 458 459 494 496 530 531 532 
496 5281 0.166272000 0.413018000 0.00000000000000000000 1.00000000000000000000 2 0 8 458 459 460 495 497 531 532 625 
497 5282 0.190214000 0.421141000 0.00000000000000000000 1.00000000000000000000 2 0 8 459 460 620 496 622 532 625 626 
498 5283 -0.193152000 -0.142504000 0.00000000000000000000 1.00000000000000000000 2 0 8 461 462 463 624 499 627 628 533 
499 5284 -0.200438000 -0.122604000 0.00000000000000000000 1.00000000000000000000 2 0 8 462 463 464 498 500 628 533 534 
500 5285 -0.206624000 -0.102494000 0.00000000000000000000 1.00000000000000000000 2 0 8 463 464 465 499 501 533 534 629 
501 5286 -0.211700000 -0.082206700 0.00000000000000000000 1.00000000000000000000 2 0 8 464 465 466 500 502 534 629 535 
502 5287 -0.215657000 -0.061777700 0.00000000000000000000 1.00000000000000000000 2 0 8 465 466 467 501 503 629 535 536 
503 5288 -0.218489000 -0.041242000 0.00000000000000000000 1.00000000000000000000 2 0 8 466 467 468 502 504 535 536 537 
504 5289 -0.220189000 -0.020635100 0.00000000000000000000 1.00000000000000000000 2 0 8 467 468 469 503 505 536 537 538 
505 5290 -0.220756000 0.000007515 0.00000000000000000000 1.00000000000000000000 2 0 8 468 469 470 504 506 537 538 539 
506 5291 -0.220189000 0.020650100 0.00000000000000000000 1.00000000000000000000 2 0 8 469 470 471 505 507 538 539 540 
507 5292 -0.218487000 0.041257000 0.00000000000000000000 1.00000000000000000000 2 0 8 470 471 472 506 508 539 540 541 
508 5293 -0.215655000 0.061792600 0.00000000000000000000 1.00000000000000000000 2 0 8 471 472 473 507 509 540 541 542 
509 5294 -0.211697000 0.082221600 0.00000000000000000000 1.00000000000000000000 2 0 8 472 473 474 508 510 541 542 543 
510 5295 -0.206620000 0.102509000 0.00000000000000000000 1.00000000000000000000 2 0 8 473 474 475 509 511 542 543 544 
511 5296 -0.200433000 0.122619000 0.00000000000000000000 1.00000000000000000000 2 0 8 474 475 476 510 512 543 544 545 
512 5297 -0.193146000 0.142518000 0.00000000000000000000 1.00000000000000000000 2 0 8 475 476 477 511 513 544 545 546 
513 5298 -0.184773000 0.162173000 0.00000000000000000000 1.00000000000000000000 2 0 8 476 477 478 512 514 545 546 547 
514 5299 -0.175327000 0.181549000 0.00000000000000000000 1.00000000000000000000 2 0 8 477 478 479 513 515 546 547 548 
515 5300 -0.164824000 0.200614000 0.00000000000000000000 1.00000000000000000000 2 0 8 478 479 480 514 516 547 548 549 
516 5301 -0.153284000 0.219336000 0.00000000000000000000 1.00000000000000000000 2 0 8 479 480 481 515 517 548 549 550 
517 5302 -0.140725000 0.237684000 0.00000000000000000000 1.00000000000000000000 2 0 8 480 481 482 516 518 549 550 551 
518 5303 -0.127168000 0.255627000 0.00000000000000000000 1.00000000000000000000 2 0 8 481 482 483 517 519 550 551 552 
519 5304 -0.112637000 0.273135000 0.00000000000000000000 1.00000000000000000000 2 0 8 482 483 484 518 520 551 552 553 
520 5305 -0.097156300 0.290181000 0.00000000000000000000 1.00000000000000000000 2 0 8 483 484 485 519 521 552 553 554 
521 5306 -0.080751900 0.306736000 0.00000000000000000000 1.00000000000000000000 2 0 8 484 485 486 520 522 553 554 555 
522 5307 -0.063451400 0.322773000 0.00000000000000000000 1.00000000000000000000 2 0 8 485 486 487 521 523 554 555 556 
523 5308 -0.045283700 0.338267000 0.00000000000000000000 1.00000000000000000000 2 0 8 486 487 488 522 524 555 556 557 
524 5309 -0.026279200 0.353194000 0.00000000000000000000 1.00000000000000000000 2 0 8 487 488 489 523 525 556 557 558 
525 5310 -0.006469550 0.367529000 0.00000000000000000000 1.00000000000000000000 2 0 8 488 489 490 524 526 557 558 559 
526 5311 0.014112400 0.381252000 0.00000000000000000000 1.00000000000000000000 2 0 8 489 490 491 525 527 558 559 560 
527 5312 0.035432500 0.394340000 0.00000000000000000000 1.00000000000000000000 2 0 8 490 491 492 526 528 559 560 561 
528 5313 0.057455500 0.406773000 0.00000000000000000000 1.00000000000000000000 2 0 8 491 492 493 527 529 560 561 562 
529 5314 0.080145300 0.418534000 0.00000000000000000000 1.00000000000000000000 2 0 8 492 493 494 528 530 561 562 563 
530 5315 0.103464000 0.429605000 0.00000000000000000000 1.00000000000000000000 2 0 8 493 494 495 529 531 562 563 564 
531 5316 0.127375000 0.439970000 0.00000000000000000000 1.00000000000000000000 2 0 8 494 495 496 530 532 563 564 630 
532 5317 0.151838000 0.449614000 0.00000000000000000000 1.00000000000000000000 2 0 8 495 496 497 531 625 564 630 631 
533 5318 -0.231933000 -0.132794000 0.00000000000000000000 1.00000000000000000000 2 0 8 498 499 500 628 534 632 633 634 
534 5319 -0.238395000 -0.111008000 0.00000000000000000000 1.00000000000000000000 2 0 8 499 500 501 533 629 633 634 635 
535 5320 -0.247831000 -0.066906000 0.00000000000000000000 1.00000000000000000000 2 0 8 501 502 503 629 536 635 636 637 
536 5321 -0.250789000 -0.044664800 0.00000000000000000000 1.00000000000000000000 2 0 8 502 503 504 535 537 636 637 638 
537 5322 -0.252565000 -0.022347200 0.00000000000000000000 1.00000000000000000000 2 0 8 503 504 505 536 538 637 638 639 
538 5323 -0.253157000 0.000008638 0.00000000000000000000 1.00000000000000000000 2 0 8 504 505 506 537 539 638 639 640 
539 5324 -0.252564000 0.022364400 0.00000000000000000000 1.00000000000000000000 2 0 8 505 506 507 538 540 639 640 641 
540 5325 -0.250787000 0.044682000 0.00000000000000000000 1.00000000000000000000 2 0 8 506 507 508 539 541 640 641 642 
541 5326 -0.247828000 0.066923200 0.00000000000000000000 1.00000000000000000000 2 0 8 507 508 509 540 542 641 642 643 
542 5327 -0.243694000 0.089050100 0.00000000000000000000 1.00000000000000000000 2 0 8 508 509 510 541 543 642 643 644 
543 5328 -0.238391000 0.111025000 0.00000000000000000000 1.00000000000000000000 2 0 8 509 510 511 542 544 643 644 645 
544 5329 -0.231928000 0.132810000 0.00000000000000000000 1.00000000000000000000 2 0 8 510 511 512 543 545 644 645 646 
545 5330 -0.224316000 0.154370000 0.00000000000000000000 1.00000000000000000000 2 0 8 511 512 513 544 546 645 646 647 
546 5331 -0.215569000 0.175666000 0.00000000000000000000 1.00000000000000000000 2 0 8 512 513 514 545 547 646 647 565 
547 5332 -0.205702000 0.196665000 0.00000000000000000000 1.00000000000000000000 2 0 8 513 514 515 546 548 647 565 566 
548 5333 -0.194731000 0.217329000 0.00000000000000000000 1.00000000000000000000 2 0 8 514 515 516 547 549 565 566 567 
549 5334 -0.182675000 0.237625000 0.00000000000000000000 1.00000000000000000000 2 0 8 515 516 517 548 550 566 567 568 
550 5335 -0.169554000 0.257520000 0.00000000000000000000 1.00000000000000000000 2 0 8 516 517 518 549 551 567 568 569 
551 5336 -0.155392000 0.276980000 0.00000000000000000000 1.00000000000000000000 2 0 8 517 518 519 550 552 568 569 570 
552 5337 -0.140211000 0.295973000 0.00000000000000000000 1.00000000000000000000 2 0 8 518 519 520 551 553 569 570 571 
553 5338 -0.124037000 0.314469000 0.00000000000000000000 1.00000000000000000000 2 0 8 519 520 521 552 554 570 571 572 
554 5339 -0.106899000 0.332438000 0.00000000000000000000 1.00000000000000000000 2 0 8 520 521 522 553 555 571 572 573 
555 5340 -0.088823300 0.349850000 0.00000000000000000000 1.00000000000000000000 2 0 8 521 522 523 554 556 572 573 574 
556 5341 -0.069841600 0.366677000 0.00000000000000000000 1.00000000000000000000 2 0 8 522 523 524 555 557 573 574 575 
557 5342 -0.049985300 0.382895000 0.00000000000000000000 1.00000000000000000000 2 0 8 523 524 525 556 558 574 575 576 
558 5343 -0.029287400 0.398476000 0.00000000000000000000 1.00000000000000000000 2 0 8 524 525 526 557 559 575 576 577 
559 5344 -0.007782260 0.413396000 0.00000000000000000000 1.00000000000000000000 2 0 8 525 526 527 558 560 576 577 578 
560 5345 0.014494500 0.427634000 0.00000000000000000000 1.00000000000000000000 2 0 8 526 527 528 559 561 577 578 579 
561 5346 0.037506200 0.441166000 0.00000000000000000000 1.00000000000000000000 2 0 8 527 528 529 560 562 578 579 580 
562 5347 0.061214800 0.453974000 0.00000000000000000000 1.00000000000000000000 2 0 8 528 529 530 561 563 579 580 581 
563 5348 0.085581600 0.466037000 0.00000000000000000000 1.00000000000000000000 2 0 8 529 530 531 562 564 580 581 648 
564 5349 0.110567000 0.477339000 0.00000000000000000000 1.00000000000000000000 2 0 8 530 531 532 563 630 581 648 649 
565 5350 -0.238614000 0.212499000 0.00000000000000000000 1.00000000000000000000 2 0 8 546 547 548 647 566 650 651 652 
566 5351 -0.227136000 0.234838000 0.00000000000000000000 1.00000000000000000000 2 0 8 547 548 549 565 567 651 652 653 
567 5352 -0.214522000 0.256783000 0.00000000000000000000 1.00000000000000000000 2 0 8 548 549 550 566 568 652 653 582 
568 5353 -0.200795000 0.278297000 0.00000000000000000000 1.00000000000000000000 2 0 8 549 550 551 567 569 653 582 583 
569 5354 -0.185977000 0.299345000 0.00000000000000000000 1.00000000000000000000 2 0 8 550 551 552 568 570 582 583 584 
570 5355 -0.170093000 0.319893000 0.00000000000000000000 1.00000000000000000000 2 0 8 551 552 553 569 571 583 584 585 
571 5356 -0.153171000 0.339907000 0.00000000000000000000 1.00000000000000000000 2 0 8 552 553 554 570 572 584 585 586 
572 5357 -0.135238000 0.359355000 0.00000000000000000000 1.00000000000000000000 2 0 8 553 554 555 571 573 585 586 587 
573 5358 -0.116324000 0.378206000 0.00000000000000000000 1.00000000000000000000 2 0 8 554 555 556 572 574 586 587 588 
574 5359 -0.096462000 0.396429000 0.00000000000000000000 1.00000000000000000000 2 0 8 555 556 557 573 575 587 588 589 
575 5360 -0.075684200 0.413997000 0.00000000000000000000 1.00000000000000000000 2 0 8 556 557 558 574 576 588 589 590 
576 5361 -0.054025200 0.430881000 0.00000000000000000000 1.00000000000000000000 2 0 8 557 558 559 575 577 589 590 591 
577 5362 -0.031521000 0.447055000 0.00000000000000000000 1.00000000000000000000 2 0 8 558 559 560 576 578 590 591 592 
578 5363 -0.008208870 0.462495000 0.00000000000000000000 1.00000000000000000000 2 0 8 559 560 561 577 579 591 592 593 
579 5364 0.015872800 0.477177000 0.00000000000000000000 1.00000000000000000000 2 0 8 560 561 562 578 580 592 593 594 
580 5365 0.040684500 0.491078000 0.00000000000000000000 1.00000000000000000000 2 0 8 561 562 563 579 581 593 594 654 
581 5366 0.066185400 0.504180000 0.00000000000000000000 1.00000000000000000000 2 0 8 562 563 564 580 648 594 654 655 
582 5367 -0.234565000 0.300091000 0.00000000000000000000 1.00000000000000000000 2 0 8 567 568 569 653 583 656 657 658 
583 5368 -0.219040000 0.322805000 0.00000000000000000000 1.00000000000000000000 2 0 8 568 569 570 582 584 657 658 659 
584 5369 -0.202397000 0.344982000 0.00000000000000000000 1.00000000000000000000 2 0 8 569 570 571 583 585 658 659 660 
585 5370 -0.184666000 0.366588000 0.00000000000000000000 1.00000000000000000000 2 0 8 570 571 572 584 586 659 660 661 
586 5371 -0.165876000 0.387587000 0.00000000000000000000 1.00000000000000000000 2 0 8 571 572 573 585 587 660 661 662 
587 5372 -0.146058000 0.407945000 0.00000000000000000000 1.00000000000000000000 2 0 8 572 573 574 586 588 661 662 663 
588 5373 -0.125246000 0.427632000 0.00000000000000000000 1.00000000000000000000 2 0 8 573 574 575 587 589 662 663 664 
589 5374 -0.103473000 0.446614000 0.00000000000000000000 1.00000000000000000000 2 0 8 574 575 576 588 590 663 664 665 
590 5375 -0.080776300 0.464864000 0.00000000000000000000 1.00000000000000000000 2 0 8 575 576 577 589 591 664 665 666 
591 5376 -0.057193400 0.482352000 0.00000000000000000000 1.00000000000000000000 2 0 8 576 577 578 590 592 665 666 667 
592 5377 -0.032763200 0.499051000 0.00000000000000000000 1.00000000000000000000 2 0 8 577 578 579 591 593 666 667 668 
593 5378 -0.007525930 0.514937000 0.00000000000000000000 1.00000000000000000000 2 0 8 578 579 580 592 594 667 668 669 
594 5379 0.018477000 0.529985000 0.00000000000000000000 1.00000000000000000000 2 0 8 579 580 581 593 654 668 669 670 
595 3017 0.0380602 -0.031423 1 1
596 7782 0.308658 0.0594565 1 1
597 3040 0.0329774 -0.0424598 2 0
598 7797 0.307041 0.0869594 2 0
599 3063 0.026314 -0.0536736 2 0
600 7813 0.304719 0.11481 2 0
601 3086 0.0180386 -0.0651038 2 0
602 7830 0.301683 0.143105 2 0
603 3109 0.00811313 -0.0767902 2 0
604 7847 0.297921 0.171946 2 0
605 3132 -0.00350675 -0.0887731 2 0
606 7864 0.29342 0.201435 2 0
607 3155 -0.0168715 -0.101094 2 0
608 7881 0.288162 0.231677 2 0
609 3178 -0.0320375 -0.113795 2 0
610 7898 0.282128 0.262781 2 0
611 3201 -0.0490675 -0.126921 2 0
612 3202 -0.057736 -0.114916 2 0
613 7915 0.253924 0.290582 2 0
614 7916 0.275295 0.29486 2 0
615 3226 -0.0770028 -0.127208 2 0
616 7933 0.245528 0.323167 2 0
617 3250 -0.0983082 -0.13997 2 0
618 7951 0.2362 0.356945 2 0
619 3274 -0.121736 -0.153246 2 0
620 7970 0.225906 0.392038 2 0
621 3298 -0.147378 -0.167085 2 0
622 7990 0.214607 0.428575 2 0
623 3322 -0.175334 -0.181535 2 0
624 3323 -0.184779 -0.162159 2 0
625 8011 0.176813 0.458525 2 0
626 8012 0.20226 0.46669 2 0
627 3349 -0.215577 -0.17565 2 0
628 3350 -0.224323 -0.154353 2 0
629 5380 -0.243698 -0.089033 2 0
630 8034 0.136129 0.487863 2 0
631 8035 0.162227 0.497595 2 0
632 3378 -0.258095 -0.166766 2 0
633 5381 -0.266057 -0.143468 2 0
634 5382 -0.272817 -0.119928 2 0
635 5383 -0.278364 -0.0961844 2 0
636 5384 -0.282688 -0.0722787 2 0
637 5385 -0.285781 -0.0482506 2 0
638 5386 -0.28764 -0.0241408 2 0
639 5387 -0.288259 9.84227e-06 2 0
640 5388 -0.287639 0.0241605 2 0
641 5389 -0.285779 0.0482702 2 0
642 5390 -0.282685 0.0722982 2 0
643 5391 -0.27836 0.0962039 2 0
644 5392 -0.272812 0.119947 2 0
645 5393 -0.266051 0.143487 2 0
646 5394 -0.258088 0.166785 2 0
647 5395 -0.248937 0.189802 2 0
648 8059 0.0923338 0.516461 2 0
649 8060 0.119087 0.527905 2 0
650 5411 -0.285002 0.20463 2 0
651 5412 -0.274187 0.229109 2 0
652 5413 -0.262162 0.253205 2 0
653 5414 -0.248947 0.276878 2 0
654 8085 0.045203 0.544173 2 0
655 8086 0.0726084 0.55748 2 0
656 5433 -0.286079 0.297985 2 0
657 5434 -0.270992 0.322981 2 0
658 5435 -0.254705 0.347443 2 0
659 5436 -0.237246 0.371331 2 0
660 5437 -0.218644 0.394608 2 0
661 5438 -0.19893 0.417235 2 0
662 5439 -0.178137 0.439177 2 0
663 5440 -0.156301 0.460399 2 0
664 5441 -0.133456 0.480867 2 0
665 5442 -0.109641 0.500549 2 0
666 5443 -0.084896 0.519416 2 0
667 5444 -0.0592608 0.537437 2 0
668 5445 -0.032778 0.554586 2 0
669 5446 -0.0054909 0.570836 2 0
670 8112 0.0225558 0.586164 2 0
