690 603 87
1 5982 -0.105665000 1.808260000 0.00000000000000000000 1.00000000000000000000 2 0 8 604 605 606 608 609 2 3 4 
2 5983 -0.220022000 1.899740000 0.00000000000000000000 1.00000000000000000000 2 0 8 607 608 1 613 3 6 7 8 
3 5984 -0.142487000 1.925170000 0.00000000000000000000 1.00000000000000000000 2 0 8 608 1 609 2 4 7 8 9 
4 5985 -0.064003800 1.947610000 0.00000000000000000000 1.00000000000000000000 2 0 8 1 609 610 3 614 8 9 10 
5 5986 -0.424880000 1.958480000 0.00000000000000000000 1.00000000000000000000 2 0 8 611 612 613 625 6 19 20 21 
6 5987 -0.345042000 1.991840000 0.00000000000000000000 1.00000000000000000000 2 0 8 612 613 2 5 7 20 21 22 
7 5988 -0.263939000 2.022100000 0.00000000000000000000 1.00000000000000000000 2 0 8 613 2 3 6 8 21 22 23 
8 5989 -0.181697000 2.049220000 0.00000000000000000000 1.00000000000000000000 2 0 8 2 3 4 7 9 22 23 24 
9 5990 -0.098446500 2.073150000 0.00000000000000000000 1.00000000000000000000 2 0 8 3 4 614 8 10 23 24 25 
10 5991 -0.014316500 2.093860000 0.00000000000000000000 1.00000000000000000000 2 0 8 4 614 615 9 626 24 25 26 
11 5992 -1.162040000 1.626290000 0.00000000000000000000 1.00000000000000000000 2 0 8 616 617 618 629 12 27 28 29 
12 5993 -1.095130000 1.688530000 0.00000000000000000000 1.00000000000000000000 2 0 8 617 618 619 11 13 28 29 30 
13 5994 -1.025770000 1.748120000 0.00000000000000000000 1.00000000000000000000 2 0 8 618 619 620 12 14 29 30 31 
14 5995 -0.954076000 1.804980000 0.00000000000000000000 1.00000000000000000000 2 0 8 619 620 621 13 15 30 31 32 
15 5996 -0.880159000 1.859020000 0.00000000000000000000 1.00000000000000000000 2 0 8 620 621 622 14 16 31 32 33 
16 5997 -0.804136000 1.910160000 0.00000000000000000000 1.00000000000000000000 2 0 8 621 622 623 15 17 32 33 34 
17 5998 -0.726127000 1.958310000 0.00000000000000000000 1.00000000000000000000 2 0 8 622 623 624 16 18 33 34 35 
18 5999 -0.646255000 2.003410000 0.00000000000000000000 1.00000000000000000000 2 0 8 623 624 625 17 19 34 35 36 
19 6000 -0.564646000 2.045380000 0.00000000000000000000 1.00000000000000000000 2 0 8 624 625 5 18 20 35 36 37 
20 6001 -0.481428000 2.084170000 0.00000000000000000000 1.00000000000000000000 2 0 8 625 5 6 19 21 36 37 38 
21 6002 -0.396732000 2.119710000 0.00000000000000000000 1.00000000000000000000 2 0 8 5 6 7 20 22 37 38 39 
22 6003 -0.310691000 2.151960000 0.00000000000000000000 1.00000000000000000000 2 0 8 6 7 8 21 23 38 39 40 
23 6004 -0.223440000 2.180860000 0.00000000000000000000 1.00000000000000000000 2 0 8 7 8 9 22 24 39 40 41 
24 6005 -0.135114000 2.206370000 0.00000000000000000000 1.00000000000000000000 2 0 8 8 9 10 23 25 40 41 42 
25 6006 -0.045853000 2.228460000 0.00000000000000000000 1.00000000000000000000 2 0 8 9 10 626 24 26 41 42 43 
26 6007 0.044205000 2.247100000 0.00000000000000000000 1.00000000000000000000 2 0 8 10 626 627 25 630 42 43 44 
27 6008 -1.331950000 1.661190000 0.00000000000000000000 1.00000000000000000000 2 0 8 628 629 11 633 28 45 46 47 
28 6009 -1.263680000 1.730140000 0.00000000000000000000 1.00000000000000000000 2 0 8 629 11 12 27 29 46 47 48 
29 6010 -1.192700000 1.796380000 0.00000000000000000000 1.00000000000000000000 2 0 8 11 12 13 28 30 47 48 49 
30 6011 -1.119120000 1.859810000 0.00000000000000000000 1.00000000000000000000 2 0 8 12 13 14 29 31 48 49 50 
31 6012 -1.043070000 1.920330000 0.00000000000000000000 1.00000000000000000000 2 0 8 13 14 15 30 32 49 50 51 
32 6013 -0.964653000 1.977850000 0.00000000000000000000 1.00000000000000000000 2 0 8 14 15 16 31 33 50 51 52 
33 6014 -0.884000000 2.032290000 0.00000000000000000000 1.00000000000000000000 2 0 8 15 16 17 32 34 51 52 53 
34 6015 -0.801239000 2.083550000 0.00000000000000000000 1.00000000000000000000 2 0 8 16 17 18 33 35 52 53 54 
35 6016 -0.716499000 2.131570000 0.00000000000000000000 1.00000000000000000000 2 0 8 17 18 19 34 36 53 54 55 
36 6017 -0.629913000 2.176270000 0.00000000000000000000 1.00000000000000000000 2 0 8 18 19 20 35 37 54 55 56 
37 6018 -0.541617000 2.217580000 0.00000000000000000000 1.00000000000000000000 2 0 8 19 20 21 36 38 55 56 57 
38 6019 -0.451751000 2.255440000 0.00000000000000000000 1.00000000000000000000 2 0 8 20 21 22 37 39 56 57 58 
39 6020 -0.360454000 2.289790000 0.00000000000000000000 1.00000000000000000000 2 0 8 21 22 23 38 40 57 58 59 
40 6021 -0.267870000 2.320590000 0.00000000000000000000 1.00000000000000000000 2 0 8 22 23 24 39 41 58 59 60 
41 6022 -0.174144000 2.347780000 0.00000000000000000000 1.00000000000000000000 2 0 8 23 24 25 40 42 59 60 61 
42 6023 -0.079421000 2.371330000 0.00000000000000000000 1.00000000000000000000 2 0 8 24 25 26 41 43 60 61 62 
43 6024 0.016150500 2.391210000 0.00000000000000000000 1.00000000000000000000 2 0 8 25 26 630 42 44 61 62 63 
44 6025 0.112422000 2.407390000 0.00000000000000000000 1.00000000000000000000 2 0 8 26 630 631 43 634 62 63 64 
45 6026 -1.513710000 1.690900000 0.00000000000000000000 1.00000000000000000000 2 0 8 632 633 27 637 46 65 66 67 
46 6027 -1.444270000 1.767030000 0.00000000000000000000 1.00000000000000000000 2 0 8 633 27 28 45 47 66 67 68 
47 6028 -1.371840000 1.840390000 0.00000000000000000000 1.00000000000000000000 2 0 8 27 28 29 46 48 67 68 69 
48 6029 -1.296530000 1.910870000 0.00000000000000000000 1.00000000000000000000 2 0 8 28 29 30 47 49 68 69 70 
49 6030 -1.218470000 1.978370000 0.00000000000000000000 1.00000000000000000000 2 0 8 29 30 31 48 50 69 70 71 
50 6031 -1.137770000 2.042780000 0.00000000000000000000 1.00000000000000000000 2 0 8 30 31 32 49 51 70 71 72 
51 6032 -1.054570000 2.104000000 0.00000000000000000000 1.00000000000000000000 2 0 8 31 32 33 50 52 71 72 73 
52 6033 -0.968991000 2.161940000 0.00000000000000000000 1.00000000000000000000 2 0 8 32 33 34 51 53 72 73 74 
53 6034 -0.881172000 2.216520000 0.00000000000000000000 1.00000000000000000000 2 0 8 33 34 35 52 54 73 74 75 
54 6035 -0.791252000 2.267630000 0.00000000000000000000 1.00000000000000000000 2 0 8 34 35 36 53 55 74 75 76 
55 6036 -0.699370000 2.315220000 0.00000000000000000000 1.00000000000000000000 2 0 8 35 36 37 54 56 75 76 77 
56 6037 -0.605671000 2.359210000 0.00000000000000000000 1.00000000000000000000 2 0 8 36 37 38 55 57 76 77 78 
57 6038 -0.510303000 2.399530000 0.00000000000000000000 1.00000000000000000000 2 0 8 37 38 39 56 58 77 78 79 
58 6039 -0.413413000 2.436120000 0.00000000000000000000 1.00000000000000000000 2 0 8 38 39 40 57 59 78 79 80 
59 6040 -0.315155000 2.468930000 0.00000000000000000000 1.00000000000000000000 2 0 8 39 40 41 58 60 79 80 81 
60 6041 -0.215681000 2.497900000 0.00000000000000000000 1.00000000000000000000 2 0 8 40 41 42 59 61 80 81 82 
61 6042 -0.115146000 2.523010000 0.00000000000000000000 1.00000000000000000000 2 0 8 41 42 43 60 62 81 82 83 
62 6043 -0.013706700 2.544200000 0.00000000000000000000 1.00000000000000000000 2 0 8 42 43 44 61 63 82 83 84 
63 6044 0.088478600 2.561460000 0.00000000000000000000 1.00000000000000000000 2 0 8 43 44 634 62 64 83 84 85 
64 6045 0.191251000 2.574750000 0.00000000000000000000 1.00000000000000000000 2 0 8 44 634 635 63 638 84 85 641 
65 6046 -1.707850000 1.714610000 0.00000000000000000000 1.00000000000000000000 2 0 8 636 637 45 640 66 86 87 88 
66 6047 -1.637460000 1.798410000 0.00000000000000000000 1.00000000000000000000 2 0 8 637 45 46 65 67 87 88 89 
67 6048 -1.563780000 1.879390000 0.00000000000000000000 1.00000000000000000000 2 0 8 45 46 47 66 68 88 89 90 
68 6049 -1.486920000 1.957440000 0.00000000000000000000 1.00000000000000000000 2 0 8 46 47 48 67 69 89 90 91 
69 6050 -1.407010000 2.032430000 0.00000000000000000000 1.00000000000000000000 2 0 8 47 48 49 68 70 90 91 92 
70 6051 -1.324170000 2.104250000 0.00000000000000000000 1.00000000000000000000 2 0 8 48 49 50 69 71 91 92 93 
71 6052 -1.238540000 2.172790000 0.00000000000000000000 1.00000000000000000000 2 0 8 49 50 51 70 72 92 93 94 
72 6053 -1.150240000 2.237940000 0.00000000000000000000 1.00000000000000000000 2 0 8 50 51 52 71 73 93 94 95 
73 6054 -1.059420000 2.299600000 0.00000000000000000000 1.00000000000000000000 2 0 8 51 52 53 72 74 94 95 96 
74 6055 -0.966225000 2.357690000 0.00000000000000000000 1.00000000000000000000 2 0 8 52 53 54 73 75 95 96 97 
75 6056 -0.870792000 2.412100000 0.00000000000000000000 1.00000000000000000000 2 0 8 53 54 55 74 76 96 97 98 
76 6057 -0.773276000 2.462750000 0.00000000000000000000 1.00000000000000000000 2 0 8 54 55 56 75 77 97 98 99 
77 6058 -0.673828000 2.509580000 0.00000000000000000000 1.00000000000000000000 2 0 8 55 56 57 76 78 98 99 100 
78 6059 -0.572605000 2.552510000 0.00000000000000000000 1.00000000000000000000 2 0 8 56 57 58 77 79 99 100 101 
79 6060 -0.469765000 2.591480000 0.00000000000000000000 1.00000000000000000000 2 0 8 57 58 59 78 80 100 101 102 
80 6061 -0.365469000 2.626420000 0.00000000000000000000 1.00000000000000000000 2 0 8 58 59 60 79 81 101 102 103 
81 6062 -0.259879000 2.657300000 0.00000000000000000000 1.00000000000000000000 2 0 8 59 60 61 80 82 102 103 104 
82 6063 -0.153160000 2.684050000 0.00000000000000000000 1.00000000000000000000 2 0 8 60 61 62 81 83 103 104 105 
83 6064 -0.045477900 2.706640000 0.00000000000000000000 1.00000000000000000000 2 0 8 61 62 63 82 84 104 105 106 
84 6065 0.062999800 2.725050000 0.00000000000000000000 1.00000000000000000000 2 0 8 62 63 64 83 85 105 106 107 
85 6066 0.172105000 2.739240000 0.00000000000000000000 1.00000000000000000000 2 0 8 63 64 638 84 641 106 107 643 
86 6067 -1.914900000 1.731440000 0.00000000000000000000 1.00000000000000000000 2 0 8 639 640 65 642 87 644 108 109 
87 6068 -1.843820000 1.823430000 0.00000000000000000000 1.00000000000000000000 2 0 8 640 65 66 86 88 108 109 110 
88 6069 -1.769120000 1.912560000 0.00000000000000000000 1.00000000000000000000 2 0 8 65 66 67 87 89 109 110 111 
89 6070 -1.690920000 1.998710000 0.00000000000000000000 1.00000000000000000000 2 0 8 66 67 68 88 90 110 111 112 
90 6071 -1.609360000 2.081740000 0.00000000000000000000 1.00000000000000000000 2 0 8 67 68 69 89 91 111 112 113 
91 6072 -1.524550000 2.161520000 0.00000000000000000000 1.00000000000000000000 2 0 8 68 69 70 90 92 112 113 114 
92 6073 -1.436630000 2.237930000 0.00000000000000000000 1.00000000000000000000 2 0 8 69 70 71 91 93 113 114 115 
93 6074 -1.345740000 2.310850000 0.00000000000000000000 1.00000000000000000000 2 0 8 70 71 72 92 94 114 115 116 
94 6075 -1.252030000 2.380170000 0.00000000000000000000 1.00000000000000000000 2 0 8 71 72 73 93 95 115 116 117 
95 6076 -1.155640000 2.445780000 0.00000000000000000000 1.00000000000000000000 2 0 8 72 73 74 94 96 116 117 118 
96 6077 -1.056710000 2.507590000 0.00000000000000000000 1.00000000000000000000 2 0 8 73 74 75 95 97 117 118 119 
97 6078 -0.955416000 2.565500000 0.00000000000000000000 1.00000000000000000000 2 0 8 74 75 76 96 98 118 119 120 
98 6079 -0.851905000 2.619420000 0.00000000000000000000 1.00000000000000000000 2 0 8 75 76 77 97 99 119 120 121 
99 6080 -0.746342000 2.669270000 0.00000000000000000000 1.00000000000000000000 2 0 8 76 77 78 98 100 120 121 122 
100 6081 -0.638891000 2.714970000 0.00000000000000000000 1.00000000000000000000 2 0 8 77 78 79 99 101 121 122 123 
101 6082 -0.529720000 2.756460000 0.00000000000000000000 1.00000000000000000000 2 0 8 78 79 80 100 102 122 123 124 
102 6083 -0.419000000 2.793670000 0.00000000000000000000 1.00000000000000000000 2 0 8 79 80 81 101 103 123 124 125 
103 6084 -0.306904000 2.826550000 0.00000000000000000000 1.00000000000000000000 2 0 8 80 81 82 102 104 124 125 126 
104 6085 -0.193606000 2.855060000 0.00000000000000000000 1.00000000000000000000 2 0 8 81 82 83 103 105 125 126 127 
105 6086 -0.079281600 2.879140000 0.00000000000000000000 1.00000000000000000000 2 0 8 82 83 84 104 106 126 127 128 
106 6087 0.035890700 2.898770000 0.00000000000000000000 1.00000000000000000000 2 0 8 83 84 85 105 107 127 128 129 
107 6088 0.151732000 2.913910000 0.00000000000000000000 1.00000000000000000000 2 0 8 84 85 641 106 643 128 129 645 
108 6089 -2.063900000 1.841160000 0.00000000000000000000 1.00000000000000000000 2 0 8 642 86 87 644 109 646 130 131 
109 6090 -1.988450000 1.938990000 0.00000000000000000000 1.00000000000000000000 2 0 8 86 87 88 108 110 130 131 132 
110 6091 -1.909170000 2.033790000 0.00000000000000000000 1.00000000000000000000 2 0 8 87 88 89 109 111 131 132 133 
111 6092 -1.826170000 2.125420000 0.00000000000000000000 1.00000000000000000000 2 0 8 88 89 90 110 112 132 133 134 
112 6093 -1.739600000 2.213740000 0.00000000000000000000 1.00000000000000000000 2 0 8 89 90 91 111 113 133 134 135 
113 6094 -1.649580000 2.298600000 0.00000000000000000000 1.00000000000000000000 2 0 8 90 91 92 112 114 134 135 136 
114 6095 -1.556260000 2.379890000 0.00000000000000000000 1.00000000000000000000 2 0 8 91 92 93 113 115 135 136 137 
115 6096 -1.459790000 2.457460000 0.00000000000000000000 1.00000000000000000000 2 0 8 92 93 94 114 116 136 137 138 
116 6097 -1.360310000 2.531210000 0.00000000000000000000 1.00000000000000000000 2 0 8 93 94 95 115 117 137 138 139 
117 6098 -1.257980000 2.601030000 0.00000000000000000000 1.00000000000000000000 2 0 8 94 95 96 116 118 138 139 140 
118 6099 -1.152970000 2.666790000 0.00000000000000000000 1.00000000000000000000 2 0 8 95 96 97 117 119 139 140 141 
119 6100 -1.045440000 2.728410000 0.00000000000000000000 1.00000000000000000000 2 0 8 96 97 98 118 120 140 141 142 
120 6101 -0.935552000 2.785790000 0.00000000000000000000 1.00000000000000000000 2 0 8 97 98 99 119 121 141 142 143 
121 6102 -0.823482000 2.838850000 0.00000000000000000000 1.00000000000000000000 2 0 8 98 99 100 120 122 142 143 144 
122 6103 -0.709406000 2.887500000 0.00000000000000000000 1.00000000000000000000 2 0 8 99 100 101 121 123 143 144 145 
123 6104 -0.593501000 2.931670000 0.00000000000000000000 1.00000000000000000000 2 0 8 100 101 102 122 124 144 145 146 
124 6105 -0.475948000 2.971290000 0.00000000000000000000 1.00000000000000000000 2 0 8 101 102 103 123 125 145 146 147 
125 6106 -0.356931000 3.006310000 0.00000000000000000000 1.00000000000000000000 2 0 8 102 103 104 124 126 146 147 148 
126 6107 -0.236633000 3.036670000 0.00000000000000000000 1.00000000000000000000 2 0 8 103 104 105 125 127 147 148 149 
127 6108 -0.115244000 3.062340000 0.00000000000000000000 1.00000000000000000000 2 0 8 104 105 106 126 128 148 149 150 
128 6109 0.007050210 3.083260000 0.00000000000000000000 1.00000000000000000000 2 0 8 105 106 107 127 129 149 150 151 
129 6110 0.130059000 3.099420000 0.00000000000000000000 1.00000000000000000000 2 0 8 106 107 643 128 645 150 151 647 
130 6111 -2.222380000 1.957680000 0.00000000000000000000 1.00000000000000000000 2 0 8 644 108 109 646 131 649 152 153 
131 6112 -2.142300000 2.061720000 0.00000000000000000000 1.00000000000000000000 2 0 8 108 109 110 130 132 152 153 154 
132 6113 -2.058140000 2.162550000 0.00000000000000000000 1.00000000000000000000 2 0 8 109 110 111 131 133 153 154 155 
133 6114 -1.970040000 2.260000000 0.00000000000000000000 1.00000000000000000000 2 0 8 110 111 112 132 134 154 155 156 
134 6115 -1.878140000 2.353940000 0.00000000000000000000 1.00000000000000000000 2 0 8 111 112 113 133 135 155 156 157 
135 6116 -1.782580000 2.444200000 0.00000000000000000000 1.00000000000000000000 2 0 8 112 113 114 134 136 156 157 158 
136 6117 -1.683510000 2.530660000 0.00000000000000000000 1.00000000000000000000 2 0 8 113 114 115 135 137 157 158 159 
137 6118 -1.581090000 2.613180000 0.00000000000000000000 1.00000000000000000000 2 0 8 114 115 116 136 138 158 159 160 
138 6119 -1.475480000 2.691640000 0.00000000000000000000 1.00000000000000000000 2 0 8 115 116 117 137 139 159 160 161 
139 6120 -1.366850000 2.765910000 0.00000000000000000000 1.00000000000000000000 2 0 8 116 117 118 138 140 160 161 162 
140 6121 -1.255360000 2.835880000 0.00000000000000000000 1.00000000000000000000 2 0 8 117 118 119 139 141 161 162 163 
141 6122 -1.141200000 2.901450000 0.00000000000000000000 1.00000000000000000000 2 0 8 118 119 120 140 142 162 163 164 
142 6123 -1.024530000 2.962510000 0.00000000000000000000 1.00000000000000000000 2 0 8 119 120 121 141 143 163 164 165 
143 6124 -0.905536000 3.018970000 0.00000000000000000000 1.00000000000000000000 2 0 8 120 121 122 142 144 164 165 166 
144 6125 -0.784413000 3.070740000 0.00000000000000000000 1.00000000000000000000 2 0 8 121 122 123 143 145 165 166 167 
145 6126 -0.661345000 3.117760000 0.00000000000000000000 1.00000000000000000000 2 0 8 122 123 124 144 146 166 167 168 
146 6127 -0.536525000 3.159940000 0.00000000000000000000 1.00000000000000000000 2 0 8 123 124 125 145 147 167 168 169 
147 6128 -0.410145000 3.197230000 0.00000000000000000000 1.00000000000000000000 2 0 8 124 125 126 146 148 168 169 170 
148 6129 -0.282404000 3.229570000 0.00000000000000000000 1.00000000000000000000 2 0 8 125 126 127 147 149 169 170 171 
149 6130 -0.153498000 3.256910000 0.00000000000000000000 1.00000000000000000000 2 0 8 126 127 128 148 150 170 171 172 
150 6131 -0.023629200 3.279220000 0.00000000000000000000 1.00000000000000000000 2 0 8 127 128 129 149 151 171 172 173 
151 6132 0.107002000 3.296450000 0.00000000000000000000 1.00000000000000000000 2 0 8 128 129 645 150 647 172 173 650 
152 6133 -2.390940000 2.081460000 0.00000000000000000000 1.00000000000000000000 2 0 8 646 130 131 649 153 174 175 176 
153 6134 -2.305920000 2.192090000 0.00000000000000000000 1.00000000000000000000 2 0 8 130 131 132 152 154 175 176 177 
154 6135 -2.216570000 2.299310000 0.00000000000000000000 1.00000000000000000000 2 0 8 131 132 133 153 155 176 177 178 
155 6136 -2.123040000 2.402950000 0.00000000000000000000 1.00000000000000000000 2 0 8 132 133 134 154 156 177 178 179 
156 6137 -2.025480000 2.502850000 0.00000000000000000000 1.00000000000000000000 2 0 8 133 134 135 155 157 178 179 180 
157 6138 -1.924020000 2.598860000 0.00000000000000000000 1.00000000000000000000 2 0 8 134 135 136 156 158 179 180 181 
158 6139 -1.818850000 2.690820000 0.00000000000000000000 1.00000000000000000000 2 0 8 135 136 137 157 159 180 181 182 
159 6140 -1.710110000 2.778590000 0.00000000000000000000 1.00000000000000000000 2 0 8 136 137 138 158 160 181 182 183 
160 6141 -1.597980000 2.862040000 0.00000000000000000000 1.00000000000000000000 2 0 8 137 138 139 159 161 182 183 184 
161 6142 -1.482640000 2.941050000 0.00000000000000000000 1.00000000000000000000 2 0 8 138 139 140 160 162 183 184 185 
162 6143 -1.364270000 3.015490000 0.00000000000000000000 1.00000000000000000000 2 0 8 139 140 141 161 163 184 185 186 
163 6144 -1.243040000 3.085240000 0.00000000000000000000 1.00000000000000000000 2 0 8 140 141 142 162 164 185 186 187 
164 6145 -1.119160000 3.150210000 0.00000000000000000000 1.00000000000000000000 2 0 8 141 142 143 163 165 186 187 188 
165 6146 -0.992810000 3.210290000 0.00000000000000000000 1.00000000000000000000 2 0 8 142 143 144 164 166 187 188 189 
166 6147 -0.864192000 3.265390000 0.00000000000000000000 1.00000000000000000000 2 0 8 143 144 145 165 167 188 189 190 
167 6148 -0.733506000 3.315430000 0.00000000000000000000 1.00000000000000000000 2 0 8 144 145 146 166 168 189 190 191 
168 6149 -0.600956000 3.360330000 0.00000000000000000000 1.00000000000000000000 2 0 8 145 146 147 167 169 190 191 192 
169 6150 -0.466746000 3.400030000 0.00000000000000000000 1.00000000000000000000 2 0 8 146 147 148 168 170 191 192 193 
170 6151 -0.331087000 3.434470000 0.00000000000000000000 1.00000000000000000000 2 0 8 147 148 149 169 171 192 193 194 
171 6152 -0.194188000 3.463600000 0.00000000000000000000 1.00000000000000000000 2 0 8 148 149 150 170 172 193 194 195 
172 6153 -0.056262000 3.487370000 0.00000000000000000000 1.00000000000000000000 2 0 8 149 150 151 171 173 194 195 196 
173 6154 0.082477300 3.505750000 0.00000000000000000000 1.00000000000000000000 2 0 8 150 151 647 172 650 195 196 652 
174 6155 -2.655720000 2.091850000 0.00000000000000000000 1.00000000000000000000 2 0 8 648 649 152 651 175 653 197 198 
175 6156 -2.570190000 2.212940000 0.00000000000000000000 1.00000000000000000000 2 0 8 649 152 153 174 176 197 198 199 
176 6157 -2.479930000 2.330580000 0.00000000000000000000 1.00000000000000000000 2 0 8 152 153 154 175 177 198 199 200 
177 6158 -2.385070000 2.444600000 0.00000000000000000000 1.00000000000000000000 2 0 8 153 154 155 176 178 199 200 201 
178 6159 -2.285760000 2.554810000 0.00000000000000000000 1.00000000000000000000 2 0 8 154 155 156 177 179 200 201 202 
179 6160 -2.182170000 2.661040000 0.00000000000000000000 1.00000000000000000000 2 0 8 155 156 157 178 180 201 202 203 
180 6161 -2.074450000 2.763140000 0.00000000000000000000 1.00000000000000000000 2 0 8 156 157 158 179 181 202 203 204 
181 6162 -1.962780000 2.860940000 0.00000000000000000000 1.00000000000000000000 2 0 8 157 158 159 180 182 203 204 205 
182 6163 -1.847320000 2.954300000 0.00000000000000000000 1.00000000000000000000 2 0 8 158 159 160 181 183 204 205 206 
183 6164 -1.728260000 3.043060000 0.00000000000000000000 1.00000000000000000000 2 0 8 159 160 161 182 184 205 206 207 
184 6165 -1.605780000 3.127100000 0.00000000000000000000 1.00000000000000000000 2 0 8 160 161 162 183 185 206 207 208 
185 6166 -1.480080000 3.206280000 0.00000000000000000000 1.00000000000000000000 2 0 8 161 162 163 184 186 207 208 209 
186 6167 -1.351360000 3.280490000 0.00000000000000000000 1.00000000000000000000 2 0 8 162 163 164 185 187 208 209 210 
187 6168 -1.219800000 3.349610000 0.00000000000000000000 1.00000000000000000000 2 0 8 163 164 165 186 188 209 210 211 
188 6169 -1.085630000 3.413530000 0.00000000000000000000 1.00000000000000000000 2 0 8 164 165 166 187 189 210 211 212 
189 6170 -0.949039000 3.472160000 0.00000000000000000000 1.00000000000000000000 2 0 8 165 166 167 188 190 211 212 213 
190 6171 -0.810252000 3.525420000 0.00000000000000000000 1.00000000000000000000 2 0 8 166 167 168 189 191 212 213 214 
191 6172 -0.669481000 3.573210000 0.00000000000000000000 1.00000000000000000000 2 0 8 167 168 169 190 192 213 214 215 
192 6173 -0.526944000 3.615470000 0.00000000000000000000 1.00000000000000000000 2 0 8 168 169 170 191 193 214 215 216 
193 6174 -0.382864000 3.652140000 0.00000000000000000000 1.00000000000000000000 2 0 8 169 170 171 192 194 215 216 217 
194 6175 -0.237464000 3.683160000 0.00000000000000000000 1.00000000000000000000 2 0 8 170 171 172 193 195 216 217 218 
195 6176 -0.090970000 3.708490000 0.00000000000000000000 1.00000000000000000000 2 0 8 171 172 173 194 196 217 218 219 
196 6177 0.056392200 3.728080000 0.00000000000000000000 1.00000000000000000000 2 0 8 172 173 650 195 652 218 219 654 
197 6178 -2.851620000 2.223860000 0.00000000000000000000 1.00000000000000000000 2 0 8 651 174 175 653 198 655 220 221 
198 6179 -2.760810000 2.352610000 0.00000000000000000000 1.00000000000000000000 2 0 8 174 175 176 197 199 220 221 222 
199 6180 -2.664970000 2.477700000 0.00000000000000000000 1.00000000000000000000 2 0 8 175 176 177 198 200 221 222 223 
200 6181 -2.564250000 2.598940000 0.00000000000000000000 1.00000000000000000000 2 0 8 176 177 178 199 201 222 223 224 
201 6182 -2.458800000 2.716130000 0.00000000000000000000 1.00000000000000000000 2 0 8 177 178 179 200 202 223 224 225 
202 6183 -2.348800000 2.829100000 0.00000000000000000000 1.00000000000000000000 2 0 8 178 179 180 201 203 224 225 226 
203 6184 -2.234420000 2.937670000 0.00000000000000000000 1.00000000000000000000 2 0 8 179 180 181 202 204 225 226 227 
204 6185 -2.115840000 3.041680000 0.00000000000000000000 1.00000000000000000000 2 0 8 180 181 182 203 205 226 227 228 
205 6186 -1.993230000 3.140960000 0.00000000000000000000 1.00000000000000000000 2 0 8 181 182 183 204 206 227 228 229 
206 6187 -1.866800000 3.235370000 0.00000000000000000000 1.00000000000000000000 2 0 8 182 183 184 205 207 228 229 230 
207 6188 -1.736740000 3.324750000 0.00000000000000000000 1.00000000000000000000 2 0 8 183 184 185 206 208 229 230 231 
208 6189 -1.603250000 3.408980000 0.00000000000000000000 1.00000000000000000000 2 0 8 184 185 186 207 209 230 231 232 
209 6190 -1.466540000 3.487910000 0.00000000000000000000 1.00000000000000000000 2 0 8 185 186 187 208 210 231 232 233 
210 6191 -1.326830000 3.561440000 0.00000000000000000000 1.00000000000000000000 2 0 8 186 187 188 209 211 232 233 234 
211 6192 -1.184330000 3.629450000 0.00000000000000000000 1.00000000000000000000 2 0 8 187 188 189 210 212 233 234 235 
212 6193 -1.039270000 3.691840000 0.00000000000000000000 1.00000000000000000000 2 0 8 188 189 190 211 213 234 235 236 
213 6194 -0.891868000 3.748510000 0.00000000000000000000 1.00000000000000000000 2 0 8 189 190 191 212 214 235 236 237 
214 6195 -0.742355000 3.799370000 0.00000000000000000000 1.00000000000000000000 2 0 8 190 191 192 213 215 236 237 238 
215 6196 -0.590964000 3.844350000 0.00000000000000000000 1.00000000000000000000 2 0 8 191 192 193 214 216 237 238 239 
216 6197 -0.437929000 3.883390000 0.00000000000000000000 1.00000000000000000000 2 0 8 192 193 194 215 217 238 239 240 
217 6198 -0.283489000 3.916430000 0.00000000000000000000 1.00000000000000000000 2 0 8 193 194 195 216 218 239 240 241 
218 6199 -0.127883000 3.943410000 0.00000000000000000000 1.00000000000000000000 2 0 8 194 195 196 217 219 240 241 242 
219 6200 0.028649500 3.964300000 0.00000000000000000000 1.00000000000000000000 2 0 8 195 196 652 218 654 241 242 656 
220 6201 -3.059930000 2.364120000 0.00000000000000000000 1.00000000000000000000 2 0 8 653 197 198 655 221 657 243 244 
221 6202 -2.963500000 2.501010000 0.00000000000000000000 1.00000000000000000000 2 0 8 197 198 199 220 222 243 244 245 
222 6203 -2.861730000 2.634000000 0.00000000000000000000 1.00000000000000000000 2 0 8 198 199 200 221 223 244 245 246 
223 6204 -2.754770000 2.762910000 0.00000000000000000000 1.00000000000000000000 2 0 8 199 200 201 222 224 245 246 247 
224 6205 -2.642800000 2.887520000 0.00000000000000000000 1.00000000000000000000 2 0 8 200 201 202 223 225 246 247 248 
225 6206 -2.525990000 3.007640000 0.00000000000000000000 1.00000000000000000000 2 0 8 201 202 203 224 226 247 248 249 
226 6207 -2.404520000 3.123100000 0.00000000000000000000 1.00000000000000000000 2 0 8 202 203 204 225 227 248 249 250 
227 6208 -2.278590000 3.233700000 0.00000000000000000000 1.00000000000000000000 2 0 8 203 204 205 226 228 249 250 251 
228 6209 -2.148390000 3.339280000 0.00000000000000000000 1.00000000000000000000 2 0 8 204 205 206 227 229 250 251 252 
229 6210 -2.014120000 3.439680000 0.00000000000000000000 1.00000000000000000000 2 0 8 205 206 207 228 230 251 252 253 
230 6211 -1.875990000 3.534750000 0.00000000000000000000 1.00000000000000000000 2 0 8 206 207 208 229 231 252 253 254 
231 6212 -1.734220000 3.624330000 0.00000000000000000000 1.00000000000000000000 2 0 8 207 208 209 230 232 253 254 255 
232 6213 -1.589030000 3.708290000 0.00000000000000000000 1.00000000000000000000 2 0 8 208 209 210 231 233 254 255 256 
233 6214 -1.440640000 3.786510000 0.00000000000000000000 1.00000000000000000000 2 0 8 209 210 211 232 234 255 256 257 
234 6215 -1.289300000 3.858860000 0.00000000000000000000 1.00000000000000000000 2 0 8 210 211 212 233 235 256 257 258 
235 6216 -1.135220000 3.925230000 0.00000000000000000000 1.00000000000000000000 2 0 8 211 212 213 234 236 257 258 259 
236 6217 -0.978659000 3.985530000 0.00000000000000000000 1.00000000000000000000 2 0 8 212 213 214 235 237 258 259 260 
237 6218 -0.819850000 4.039650000 0.00000000000000000000 1.00000000000000000000 2 0 8 213 214 215 236 238 259 260 261 
238 6219 -0.659043000 4.087530000 0.00000000000000000000 1.00000000000000000000 2 0 8 214 215 216 237 239 260 261 262 
239 6220 -0.496487000 4.129090000 0.00000000000000000000 1.00000000000000000000 2 0 8 215 216 217 238 240 261 262 263 
240 6221 -0.332433000 4.164260000 0.00000000000000000000 1.00000000000000000000 2 0 8 216 217 218 239 241 262 263 264 
241 6222 -0.167137000 4.193000000 0.00000000000000000000 1.00000000000000000000 2 0 8 217 218 219 240 242 263 264 265 
242 6223 -0.000854222 4.215270000 0.00000000000000000000 1.00000000000000000000 2 0 8 218 219 654 241 656 264 265 658 
243 6224 -3.281420000 2.513140000 0.00000000000000000000 1.00000000000000000000 2 0 8 655 220 221 657 244 659 266 267 
244 6225 -3.179020000 2.658670000 0.00000000000000000000 1.00000000000000000000 2 0 8 220 221 222 243 245 266 267 268 
245 6226 -3.070940000 2.800070000 0.00000000000000000000 1.00000000000000000000 2 0 8 221 222 223 244 246 267 268 269 
246 6227 -2.957350000 2.937130000 0.00000000000000000000 1.00000000000000000000 2 0 8 222 223 224 245 247 268 269 270 
247 6228 -2.838440000 3.069620000 0.00000000000000000000 1.00000000000000000000 2 0 8 223 224 225 246 248 269 270 271 
248 6229 -2.714390000 3.197340000 0.00000000000000000000 1.00000000000000000000 2 0 8 224 225 226 247 249 270 271 272 
249 6230 -2.585390000 3.320110000 0.00000000000000000000 1.00000000000000000000 2 0 8 225 226 227 248 250 271 272 273 
250 6231 -2.451650000 3.437720000 0.00000000000000000000 1.00000000000000000000 2 0 8 226 227 228 249 251 272 273 274 
251 6232 -2.313360000 3.549990000 0.00000000000000000000 1.00000000000000000000 2 0 8 227 228 229 250 252 273 274 275 
252 6233 -2.170760000 3.656760000 0.00000000000000000000 1.00000000000000000000 2 0 8 228 229 230 251 253 274 275 276 
253 6234 -2.024050000 3.757860000 0.00000000000000000000 1.00000000000000000000 2 0 8 229 230 231 252 254 275 276 277 
254 6235 -1.873480000 3.853140000 0.00000000000000000000 1.00000000000000000000 2 0 8 230 231 232 253 255 276 277 278 
255 6236 -1.719270000 3.942440000 0.00000000000000000000 1.00000000000000000000 2 0 8 231 232 233 254 256 277 278 279 
256 6237 -1.561660000 4.025640000 0.00000000000000000000 1.00000000000000000000 2 0 8 232 233 234 255 257 278 279 280 
257 6238 -1.400910000 4.102600000 0.00000000000000000000 1.00000000000000000000 2 0 8 233 234 235 256 258 279 280 281 
258 6239 -1.237250000 4.173210000 0.00000000000000000000 1.00000000000000000000 2 0 8 234 235 236 257 259 280 281 282 
259 6240 -1.070950000 4.237360000 0.00000000000000000000 1.00000000000000000000 2 0 8 235 236 237 258 260 281 282 283 
260 6241 -0.902254000 4.294960000 0.00000000000000000000 1.00000000000000000000 2 0 8 236 237 238 259 261 282 283 284 
261 6242 -0.731435000 4.345910000 0.00000000000000000000 1.00000000000000000000 2 0 8 237 238 239 260 262 283 284 285 
262 6243 -0.558755000 4.390150000 0.00000000000000000000 1.00000000000000000000 2 0 8 238 239 240 261 263 284 285 286 
263 6244 -0.384480000 4.427600000 0.00000000000000000000 1.00000000000000000000 2 0 8 239 240 241 262 264 285 286 287 
264 6245 -0.208881000 4.458210000 0.00000000000000000000 1.00000000000000000000 2 0 8 240 241 242 263 265 286 287 288 
265 6246 -0.032229300 4.481930000 0.00000000000000000000 1.00000000000000000000 2 0 8 241 242 656 264 658 287 288 660 
266 6247 -3.516910000 2.671470000 0.00000000000000000000 1.00000000000000000000 2 0 8 657 243 244 659 267 661 289 290 
267 6248 -3.408150000 2.826190000 0.00000000000000000000 1.00000000000000000000 2 0 8 243 244 245 266 268 289 290 291 
268 6249 -3.293370000 2.976530000 0.00000000000000000000 1.00000000000000000000 2 0 8 244 245 246 267 269 290 291 292 
269 6250 -3.172740000 3.122240000 0.00000000000000000000 1.00000000000000000000 2 0 8 245 246 247 268 270 291 292 293 
270 6251 -3.046450000 3.263100000 0.00000000000000000000 1.00000000000000000000 2 0 8 246 247 248 269 271 292 293 294 
271 6252 -2.914700000 3.398910000 0.00000000000000000000 1.00000000000000000000 2 0 8 247 248 249 270 272 293 294 295 
272 6253 -2.777700000 3.529440000 0.00000000000000000000 1.00000000000000000000 2 0 8 248 249 250 271 273 294 295 296 
273 6254 -2.635640000 3.654490000 0.00000000000000000000 1.00000000000000000000 2 0 8 249 250 251 272 274 295 296 297 
274 6255 -2.488770000 3.773880000 0.00000000000000000000 1.00000000000000000000 2 0 8 250 251 252 273 275 296 297 298 
275 6256 -2.337310000 3.887420000 0.00000000000000000000 1.00000000000000000000 2 0 8 251 252 253 274 276 297 298 299 
276 6257 -2.181490000 3.994940000 0.00000000000000000000 1.00000000000000000000 2 0 8 252 253 254 275 277 298 299 300 
277 6258 -2.021550000 4.096260000 0.00000000000000000000 1.00000000000000000000 2 0 8 253 254 255 276 278 299 300 301 
278 6259 -1.857750000 4.191240000 0.00000000000000000000 1.00000000000000000000 2 0 8 254 255 256 277 279 300 301 302 
279 6260 -1.690340000 4.279730000 0.00000000000000000000 1.00000000000000000000 2 0 8 255 256 257 278 280 301 302 303 
280 6261 -1.519580000 4.361600000 0.00000000000000000000 1.00000000000000000000 2 0 8 256 257 258 279 281 302 303 304 
281 6262 -1.345740000 4.436710000 0.00000000000000000000 1.00000000000000000000 2 0 8 257 258 259 280 282 303 304 305 
282 6263 -1.169080000 4.504960000 0.00000000000000000000 1.00000000000000000000 2 0 8 258 259 260 281 283 304 305 306 
283 6264 -0.989875000 4.566250000 0.00000000000000000000 1.00000000000000000000 2 0 8 259 260 261 282 284 305 306 307 
284 6265 -0.808411000 4.620470000 0.00000000000000000000 1.00000000000000000000 2 0 8 260 261 262 283 285 306 307 308 
285 6266 -0.624966000 4.667550000 0.00000000000000000000 1.00000000000000000000 2 0 8 261 262 263 284 286 307 308 309 
286 6267 -0.439823000 4.707420000 0.00000000000000000000 1.00000000000000000000 2 0 8 262 263 264 285 287 308 309 310 
287 6268 -0.253269000 4.740020000 0.00000000000000000000 1.00000000000000000000 2 0 8 263 264 265 286 288 309 310 311 
288 6269 -0.065592900 4.765300000 0.00000000000000000000 1.00000000000000000000 2 0 8 264 265 658 287 660 310 311 662 
289 6270 -3.767270000 2.839720000 0.00000000000000000000 1.00000000000000000000 2 0 8 659 266 267 661 290 664 312 313 
290 6271 -3.651770000 3.004200000 0.00000000000000000000 1.00000000000000000000 2 0 8 266 267 268 289 291 312 313 314 
291 6272 -3.529860000 3.164020000 0.00000000000000000000 1.00000000000000000000 2 0 8 267 268 269 290 292 313 314 315 
292 6273 -3.401740000 3.318940000 0.00000000000000000000 1.00000000000000000000 2 0 8 268 269 270 291 293 314 315 316 
293 6274 -3.267610000 3.468700000 0.00000000000000000000 1.00000000000000000000 2 0 8 269 270 271 292 294 315 316 317 
294 6275 -3.127670000 3.613090000 0.00000000000000000000 1.00000000000000000000 2 0 8 270 271 272 293 295 316 317 318 
295 6276 -2.982150000 3.751870000 0.00000000000000000000 1.00000000000000000000 2 0 8 271 272 273 294 296 317 318 319 
296 6277 -2.831270000 3.884840000 0.00000000000000000000 1.00000000000000000000 2 0 8 272 273 274 295 297 318 319 320 
297 6278 -2.675270000 4.011790000 0.00000000000000000000 1.00000000000000000000 2 0 8 273 274 275 296 298 319 320 321 
298 6279 -2.514380000 4.132520000 0.00000000000000000000 1.00000000000000000000 2 0 8 274 275 276 297 299 320 321 322 
299 6280 -2.348870000 4.246850000 0.00000000000000000000 1.00000000000000000000 2 0 8 275 276 277 298 300 321 322 323 
300 6281 -2.178980000 4.354610000 0.00000000000000000000 1.00000000000000000000 2 0 8 276 277 278 299 301 322 323 324 
301 6282 -2.004990000 4.455620000 0.00000000000000000000 1.00000000000000000000 2 0 8 277 278 279 300 302 323 324 325 
302 6283 -1.827150000 4.549740000 0.00000000000000000000 1.00000000000000000000 2 0 8 278 279 280 301 303 324 325 326 
303 6284 -1.645760000 4.636810000 0.00000000000000000000 1.00000000000000000000 2 0 8 279 280 281 302 304 325 326 327 
304 6285 -1.461080000 4.716710000 0.00000000000000000000 1.00000000000000000000 2 0 8 280 281 282 303 305 326 327 328 
305 6286 -1.273410000 4.789320000 0.00000000000000000000 1.00000000000000000000 2 0 8 281 282 283 304 306 327 328 329 
306 6287 -1.083040000 4.854520000 0.00000000000000000000 1.00000000000000000000 2 0 8 282 283 284 305 307 328 329 330 
307 6288 -0.890256000 4.912220000 0.00000000000000000000 1.00000000000000000000 2 0 8 283 284 285 306 308 329 330 331 
308 6289 -0.695366000 4.962330000 0.00000000000000000000 1.00000000000000000000 2 0 8 284 285 286 307 309 330 331 332 
309 6290 -0.498668000 5.004770000 0.00000000000000000000 1.00000000000000000000 2 0 8 285 286 287 308 310 331 332 333 
310 6291 -0.300467000 5.039480000 0.00000000000000000000 1.00000000000000000000 2 0 8 286 287 288 309 311 332 333 334 
311 6292 -0.101070000 5.066410000 0.00000000000000000000 1.00000000000000000000 2 0 8 287 288 660 310 662 333 334 665 
312 6293 -4.033430000 3.018490000 0.00000000000000000000 1.00000000000000000000 2 0 8 661 289 290 664 313 335 336 337 
313 6294 -3.910760000 3.193350000 0.00000000000000000000 1.00000000000000000000 2 0 8 289 290 291 312 314 336 337 338 
314 6295 -3.781270000 3.363260000 0.00000000000000000000 1.00000000000000000000 2 0 8 290 291 292 313 315 337 338 339 
315 6296 -3.645190000 3.527950000 0.00000000000000000000 1.00000000000000000000 2 0 8 291 292 293 314 316 338 339 340 
316 6297 -3.502720000 3.687170000 0.00000000000000000000 1.00000000000000000000 2 0 8 292 293 294 315 317 339 340 341 
317 6298 -3.354090000 3.840680000 0.00000000000000000000 1.00000000000000000000 2 0 8 293 294 295 316 318 340 341 342 
318 6299 -3.199520000 3.988240000 0.00000000000000000000 1.00000000000000000000 2 0 8 294 295 296 317 319 341 342 343 
319 6300 -3.039250000 4.129620000 0.00000000000000000000 1.00000000000000000000 2 0 8 295 296 297 318 320 342 343 344 
320 6301 -2.873540000 4.264600000 0.00000000000000000000 1.00000000000000000000 2 0 8 296 297 298 319 321 343 344 345 
321 6302 -2.702640000 4.392980000 0.00000000000000000000 1.00000000000000000000 2 0 8 297 298 299 320 322 344 345 346 
322 6303 -2.526820000 4.514560000 0.00000000000000000000 1.00000000000000000000 2 0 8 298 299 300 321 323 345 346 347 
323 6304 -2.346360000 4.629140000 0.00000000000000000000 1.00000000000000000000 2 0 8 299 300 301 322 324 346 347 348 
324 6305 -2.161520000 4.736570000 0.00000000000000000000 1.00000000000000000000 2 0 8 300 301 302 323 325 347 348 349 
325 6306 -1.972610000 4.836660000 0.00000000000000000000 1.00000000000000000000 2 0 8 301 302 303 324 326 348 349 350 
326 6307 -1.779910000 4.929270000 0.00000000000000000000 1.00000000000000000000 2 0 8 302 303 304 325 327 349 350 351 
327 6308 -1.583710000 5.014260000 0.00000000000000000000 1.00000000000000000000 2 0 8 303 304 305 326 328 350 351 352 
328 6309 -1.384340000 5.091500000 0.00000000000000000000 1.00000000000000000000 2 0 8 304 305 306 327 329 351 352 353 
329 6310 -1.182090000 5.160870000 0.00000000000000000000 1.00000000000000000000 2 0 8 305 306 307 328 330 352 353 354 
330 6311 -0.977275000 5.222260000 0.00000000000000000000 1.00000000000000000000 2 0 8 306 307 308 329 331 353 354 355 
331 6312 -0.770217000 5.275580000 0.00000000000000000000 1.00000000000000000000 2 0 8 307 308 309 330 332 354 355 356 
332 6313 -0.561235000 5.320760000 0.00000000000000000000 1.00000000000000000000 2 0 8 308 309 310 331 333 355 356 357 
333 6314 -0.350651000 5.357720000 0.00000000000000000000 1.00000000000000000000 2 0 8 309 310 311 332 334 356 357 358 
334 6315 -0.138792000 5.386410000 0.00000000000000000000 1.00000000000000000000 2 0 8 310 311 662 333 665 357 358 668 
335 6316 -4.439260000 3.017620000 0.00000000000000000000 1.00000000000000000000 2 0 8 663 664 312 667 336 359 360 361 
336 6317 -4.316390000 3.208470000 0.00000000000000000000 1.00000000000000000000 2 0 8 664 312 313 335 337 360 361 362 
337 6318 -4.186080000 3.394360000 0.00000000000000000000 1.00000000000000000000 2 0 8 312 313 314 336 338 361 362 363 
338 6319 -4.048550000 3.574980000 0.00000000000000000000 1.00000000000000000000 2 0 8 313 314 315 337 339 362 363 364 
339 6320 -3.904000000 3.750070000 0.00000000000000000000 1.00000000000000000000 2 0 8 314 315 316 338 340 363 364 365 
340 6321 -3.752670000 3.919340000 0.00000000000000000000 1.00000000000000000000 2 0 8 315 316 317 339 341 364 365 366 
341 6322 -3.594790000 4.082540000 0.00000000000000000000 1.00000000000000000000 2 0 8 316 317 318 340 342 365 366 367 
342 6323 -3.430600000 4.239430000 0.00000000000000000000 1.00000000000000000000 2 0 8 317 318 319 341 343 366 367 368 
343 6324 -3.260350000 4.389740000 0.00000000000000000000 1.00000000000000000000 2 0 8 318 319 320 342 344 367 368 369 
344 6325 -3.084330000 4.533260000 0.00000000000000000000 1.00000000000000000000 2 0 8 319 320 321 343 345 368 369 370 
345 6326 -2.902780000 4.669760000 0.00000000000000000000 1.00000000000000000000 2 0 8 320 321 322 344 346 369 370 371 
346 6327 -2.716010000 4.799040000 0.00000000000000000000 1.00000000000000000000 2 0 8 321 322 323 345 347 370 371 372 
347 6328 -2.524300000 4.920890000 0.00000000000000000000 1.00000000000000000000 2 0 8 322 323 324 346 348 371 372 373 
348 6329 -2.327940000 5.035130000 0.00000000000000000000 1.00000000000000000000 2 0 8 323 324 325 347 349 372 373 374 
349 6330 -2.127250000 5.141580000 0.00000000000000000000 1.00000000000000000000 2 0 8 324 325 326 348 350 373 374 375 
350 6331 -1.922530000 5.240080000 0.00000000000000000000 1.00000000000000000000 2 0 8 325 326 327 349 351 374 375 376 
351 6332 -1.714090000 5.330480000 0.00000000000000000000 1.00000000000000000000 2 0 8 326 327 328 350 352 375 376 377 
352 6333 -1.502270000 5.412640000 0.00000000000000000000 1.00000000000000000000 2 0 8 327 328 329 351 353 376 377 378 
353 6334 -1.287400000 5.486430000 0.00000000000000000000 1.00000000000000000000 2 0 8 328 329 330 352 354 377 378 379 
354 6335 -1.069790000 5.551750000 0.00000000000000000000 1.00000000000000000000 2 0 8 329 330 331 353 355 378 379 380 
355 6336 -0.849799000 5.608500000 0.00000000000000000000 1.00000000000000000000 2 0 8 330 331 332 354 356 379 380 381 
356 6337 -0.627757000 5.656580000 0.00000000000000000000 1.00000000000000000000 2 0 8 331 332 333 355 357 380 381 382 
357 6338 -0.404009000 5.695930000 0.00000000000000000000 1.00000000000000000000 2 0 8 332 333 334 356 358 381 382 383 
358 6339 -0.178901000 5.726490000 0.00000000000000000000 1.00000000000000000000 2 0 8 333 334 665 357 668 382 383 671 
359 6340 -4.870120000 2.999630000 0.00000000000000000000 1.00000000000000000000 2 0 8 666 667 335 670 360 384 385 386 
360 6341 -4.747700000 3.207480000 0.00000000000000000000 1.00000000000000000000 2 0 8 667 335 336 359 361 385 386 387 
361 6342 -4.617180000 3.410370000 0.00000000000000000000 1.00000000000000000000 2 0 8 335 336 337 360 362 386 387 388 
362 6343 -4.478760000 3.607970000 0.00000000000000000000 1.00000000000000000000 2 0 8 336 337 338 361 363 387 388 389 
363 6344 -4.332670000 3.799980000 0.00000000000000000000 1.00000000000000000000 2 0 8 337 338 339 362 364 388 389 390 
364 6345 -4.179130000 3.986110000 0.00000000000000000000 1.00000000000000000000 2 0 8 338 339 340 363 365 389 390 391 
365 6346 -4.018380000 4.166070000 0.00000000000000000000 1.00000000000000000000 2 0 8 339 340 341 364 366 390 391 392 
366 6347 -3.850660000 4.339570000 0.00000000000000000000 1.00000000000000000000 2 0 8 340 341 342 365 367 391 392 393 
367 6348 -3.676250000 4.506360000 0.00000000000000000000 1.00000000000000000000 2 0 8 341 342 343 366 368 392 393 394 
368 6349 -3.495400000 4.666180000 0.00000000000000000000 1.00000000000000000000 2 0 8 342 343 344 367 369 393 394 395 
369 6350 -3.308400000 4.818780000 0.00000000000000000000 1.00000000000000000000 2 0 8 343 344 345 368 370 394 395 396 
370 6351 -3.115550000 4.963910000 0.00000000000000000000 1.00000000000000000000 2 0 8 344 345 346 369 371 395 396 397 
371 6352 -2.917130000 5.101380000 0.00000000000000000000 1.00000000000000000000 2 0 8 345 346 347 370 372 396 397 398 
372 6353 -2.713470000 5.230950000 0.00000000000000000000 1.00000000000000000000 2 0 8 346 347 348 371 373 397 398 399 
373 6354 -2.504860000 5.352430000 0.00000000000000000000 1.00000000000000000000 2 0 8 347 348 349 372 374 398 399 400 
374 6355 -2.291640000 5.465630000 0.00000000000000000000 1.00000000000000000000 2 0 8 348 349 350 373 375 399 400 401 
375 6356 -2.074150000 5.570390000 0.00000000000000000000 1.00000000000000000000 2 0 8 349 350 351 374 376 400 401 402 
376 6357 -1.852700000 5.666540000 0.00000000000000000000 1.00000000000000000000 2 0 8 350 351 352 375 377 401 402 403 
377 6358 -1.627650000 5.753930000 0.00000000000000000000 1.00000000000000000000 2 0 8 351 352 353 376 378 402 403 404 
378 6359 -1.399350000 5.832430000 0.00000000000000000000 1.00000000000000000000 2 0 8 352 353 354 377 379 403 404 405 
379 6360 -1.168150000 5.901930000 0.00000000000000000000 1.00000000000000000000 2 0 8 353 354 355 378 380 404 405 406 
380 6361 -0.934407000 5.962310000 0.00000000000000000000 1.00000000000000000000 2 0 8 354 355 356 379 381 405 406 407 
381 6362 -0.698481000 6.013480000 0.00000000000000000000 1.00000000000000000000 2 0 8 355 356 357 380 382 406 407 408 
382 6363 -0.460738000 6.055370000 0.00000000000000000000 1.00000000000000000000 2 0 8 356 357 358 381 383 407 408 409 
383 6364 -0.221545000 6.087920000 0.00000000000000000000 1.00000000000000000000 2 0 8 357 358 668 382 671 408 409 410 
384 6365 -5.326830000 2.962440000 0.00000000000000000000 1.00000000000000000000 2 0 8 669 670 359 673 385 675 411 412 
385 6366 -5.205600000 3.188320000 0.00000000000000000000 1.00000000000000000000 2 0 8 670 359 360 384 386 411 412 413 
386 6367 -5.075550000 3.409260000 0.00000000000000000000 1.00000000000000000000 2 0 8 359 360 361 385 387 412 413 414 
387 6368 -4.936910000 3.624930000 0.00000000000000000000 1.00000000000000000000 2 0 8 360 361 362 386 388 413 414 415 
388 6369 -4.789880000 3.834980000 0.00000000000000000000 1.00000000000000000000 2 0 8 361 362 363 387 389 414 415 416 
389 6370 -4.634700000 4.039100000 0.00000000000000000000 1.00000000000000000000 2 0 8 362 363 364 388 390 415 416 417 
390 6371 -4.471590000 4.236970000 0.00000000000000000000 1.00000000000000000000 2 0 8 363 364 365 389 391 416 417 418 
391 6372 -4.300830000 4.428280000 0.00000000000000000000 1.00000000000000000000 2 0 8 364 365 366 390 392 417 418 419 
392 6373 -4.122670000 4.612730000 0.00000000000000000000 1.00000000000000000000 2 0 8 365 366 367 391 393 418 419 420 
393 6374 -3.937380000 4.790060000 0.00000000000000000000 1.00000000000000000000 2 0 8 366 367 368 392 394 419 420 421 
394 6375 -3.745260000 4.959970000 0.00000000000000000000 1.00000000000000000000 2 0 8 367 368 369 393 395 420 421 422 
395 6376 -3.546610000 5.122210000 0.00000000000000000000 1.00000000000000000000 2 0 8 368 369 370 394 396 421 422 423 
396 6377 -3.341730000 5.276530000 0.00000000000000000000 1.00000000000000000000 2 0 8 369 370 371 395 397 422 423 424 
397 6378 -3.130930000 5.422690000 0.00000000000000000000 1.00000000000000000000 2 0 8 370 371 372 396 398 423 424 425 
398 6379 -2.914560000 5.560470000 0.00000000000000000000 1.00000000000000000000 2 0 8 371 372 373 397 399 424 425 426 
399 6380 -2.692940000 5.689650000 0.00000000000000000000 1.00000000000000000000 2 0 8 372 373 374 398 400 425 426 427 
400 6381 -2.466410000 5.810040000 0.00000000000000000000 1.00000000000000000000 2 0 8 373 374 375 399 401 426 427 428 
401 6382 -2.235330000 5.921450000 0.00000000000000000000 1.00000000000000000000 2 0 8 374 375 376 400 402 427 428 429 
402 6383 -2.000050000 6.023710000 0.00000000000000000000 1.00000000000000000000 2 0 8 375 376 377 401 403 428 429 430 
403 6384 -1.760940000 6.116660000 0.00000000000000000000 1.00000000000000000000 2 0 8 376 377 378 402 404 429 430 431 
404 6385 -1.518380000 6.200170000 0.00000000000000000000 1.00000000000000000000 2 0 8 377 378 379 403 405 430 431 432 
405 6386 -1.272720000 6.274100000 0.00000000000000000000 1.00000000000000000000 2 0 8 378 379 380 404 406 431 432 433 
406 6387 -1.024360000 6.338350000 0.00000000000000000000 1.00000000000000000000 2 0 8 379 380 381 405 407 432 433 434 
407 6388 -0.773671000 6.392810000 0.00000000000000000000 1.00000000000000000000 2 0 8 380 381 382 406 408 433 434 435 
408 6389 -0.521051000 6.437410000 0.00000000000000000000 1.00000000000000000000 2 0 8 381 382 383 407 409 434 435 436 
409 6390 -0.266886000 6.472070000 0.00000000000000000000 1.00000000000000000000 2 0 8 382 383 671 408 410 435 436 437 
410 6391 -0.011567500 6.496750000 0.00000000000000000000 1.00000000000000000000 2 0 8 383 671 672 409 674 436 437 676 
411 6392 -5.690980000 3.148750000 0.00000000000000000000 1.00000000000000000000 2 0 8 673 384 385 675 412 678 438 439 
412 6393 -5.562190000 3.388850000 0.00000000000000000000 1.00000000000000000000 2 0 8 384 385 386 411 413 438 439 440 
413 6394 -5.424060000 3.623700000 0.00000000000000000000 1.00000000000000000000 2 0 8 385 386 387 412 414 439 440 441 
414 6395 -5.276780000 3.852950000 0.00000000000000000000 1.00000000000000000000 2 0 8 386 387 388 413 415 440 441 442 
415 6396 -5.120590000 4.076240000 0.00000000000000000000 1.00000000000000000000 2 0 8 387 388 389 414 416 441 442 443 
416 6397 -4.955740000 4.293230000 0.00000000000000000000 1.00000000000000000000 2 0 8 388 389 390 415 417 442 443 444 
417 6398 -4.782480000 4.503570000 0.00000000000000000000 1.00000000000000000000 2 0 8 389 390 391 416 418 443 444 445 
418 6399 -4.601070000 4.706950000 0.00000000000000000000 1.00000000000000000000 2 0 8 390 391 392 417 419 444 445 446 
419 6400 -4.411800000 4.903050000 0.00000000000000000000 1.00000000000000000000 2 0 8 391 392 393 418 420 445 446 447 
420 6401 -4.214960000 5.091560000 0.00000000000000000000 1.00000000000000000000 2 0 8 392 393 394 419 421 446 447 448 
421 6402 -4.010860000 5.272210000 0.00000000000000000000 1.00000000000000000000 2 0 8 393 394 395 420 422 447 448 449 
422 6403 -3.799820000 5.444700000 0.00000000000000000000 1.00000000000000000000 2 0 8 394 395 396 421 423 448 449 450 
423 6404 -3.582150000 5.608780000 0.00000000000000000000 1.00000000000000000000 2 0 8 395 396 397 422 424 449 450 451 
424 6405 -3.358210000 5.764190000 0.00000000000000000000 1.00000000000000000000 2 0 8 396 397 398 423 425 450 451 452 
425 6406 -3.128330000 5.910690000 0.00000000000000000000 1.00000000000000000000 2 0 8 397 398 399 424 426 451 452 453 
426 6407 -2.892870000 6.048050000 0.00000000000000000000 1.00000000000000000000 2 0 8 398 399 400 425 427 452 453 454 
427 6408 -2.652190000 6.176080000 0.00000000000000000000 1.00000000000000000000 2 0 8 399 400 401 426 428 453 454 455 
428 6409 -2.406670000 6.294560000 0.00000000000000000000 1.00000000000000000000 2 0 8 400 401 402 427 429 454 455 456 
429 6410 -2.156690000 6.403320000 0.00000000000000000000 1.00000000000000000000 2 0 8 401 402 403 428 430 455 456 457 
430 6411 -1.902640000 6.502190000 0.00000000000000000000 1.00000000000000000000 2 0 8 402 403 404 429 431 456 457 458 
431 6412 -1.644900000 6.591020000 0.00000000000000000000 1.00000000000000000000 2 0 8 403 404 405 430 432 457 458 459 
432 6413 -1.383880000 6.669670000 0.00000000000000000000 1.00000000000000000000 2 0 8 404 405 406 431 433 458 459 460 
433 6414 -1.119980000 6.738030000 0.00000000000000000000 1.00000000000000000000 2 0 8 405 406 407 432 434 459 460 461 
434 6415 -0.853608000 6.795990000 0.00000000000000000000 1.00000000000000000000 2 0 8 406 407 408 433 435 460 461 462 
435 6416 -0.585172000 6.843460000 0.00000000000000000000 1.00000000000000000000 2 0 8 407 408 409 434 436 461 462 463 
436 6417 -0.315090000 6.880370000 0.00000000000000000000 1.00000000000000000000 2 0 8 408 409 410 435 437 462 463 464 
437 6418 -0.043778500 6.906670000 0.00000000000000000000 1.00000000000000000000 2 0 8 409 410 674 436 676 463 464 679 
438 6419 -6.078030000 3.346750000 0.00000000000000000000 1.00000000000000000000 2 0 8 675 411 412 678 439 465 466 467 
439 6420 -5.941220000 3.601970000 0.00000000000000000000 1.00000000000000000000 2 0 8 411 412 413 438 440 466 467 468 
440 6421 -5.794480000 3.851610000 0.00000000000000000000 1.00000000000000000000 2 0 8 412 413 414 439 441 467 468 469 
441 6422 -5.638030000 4.095300000 0.00000000000000000000 1.00000000000000000000 2 0 8 413 414 415 440 442 468 469 470 
442 6423 -5.472110000 4.332660000 0.00000000000000000000 1.00000000000000000000 2 0 8 414 415 416 441 443 469 470 471 
443 6424 -5.296990000 4.563320000 0.00000000000000000000 1.00000000000000000000 2 0 8 415 416 417 442 444 470 471 472 
444 6425 -5.112920000 4.786920000 0.00000000000000000000 1.00000000000000000000 2 0 8 416 417 418 443 445 471 472 473 
445 6426 -4.920200000 5.003130000 0.00000000000000000000 1.00000000000000000000 2 0 8 417 418 419 444 446 472 473 474 
446 6427 -4.719130000 5.211600000 0.00000000000000000000 1.00000000000000000000 2 0 8 418 419 420 445 447 473 474 475 
447 6428 -4.510020000 5.412010000 0.00000000000000000000 1.00000000000000000000 2 0 8 419 420 421 446 448 474 475 476 
448 6429 -4.293190000 5.604070000 0.00000000000000000000 1.00000000000000000000 2 0 8 420 421 422 447 449 475 476 477 
449 6430 -4.068970000 5.787460000 0.00000000000000000000 1.00000000000000000000 2 0 8 421 422 423 448 450 476 477 478 
450 6431 -3.837720000 5.961910000 0.00000000000000000000 1.00000000000000000000 2 0 8 422 423 424 449 451 477 478 479 
451 6432 -3.599790000 6.127150000 0.00000000000000000000 1.00000000000000000000 2 0 8 423 424 425 450 452 478 479 480 
452 6433 -3.355560000 6.282920000 0.00000000000000000000 1.00000000000000000000 2 0 8 424 425 426 451 453 479 480 481 
453 6434 -3.105390000 6.428990000 0.00000000000000000000 1.00000000000000000000 2 0 8 425 426 427 452 454 480 481 482 
454 6435 -2.849680000 6.565130000 0.00000000000000000000 1.00000000000000000000 2 0 8 426 427 428 453 455 481 482 483 
455 6436 -2.588810000 6.691130000 0.00000000000000000000 1.00000000000000000000 2 0 8 427 428 429 454 456 482 483 484 
456 6437 -2.323210000 6.806800000 0.00000000000000000000 1.00000000000000000000 2 0 8 428 429 430 455 457 483 484 485 
457 6438 -2.053270000 6.911960000 0.00000000000000000000 1.00000000000000000000 2 0 8 429 430 431 456 458 484 485 486 
458 6439 -1.779410000 7.006450000 0.00000000000000000000 1.00000000000000000000 2 0 8 430 431 432 457 459 485 486 487 
459 6440 -1.502060000 7.090120000 0.00000000000000000000 1.00000000000000000000 2 0 8 431 432 433 458 460 486 487 488 
460 6441 -1.221640000 7.162850000 0.00000000000000000000 1.00000000000000000000 2 0 8 432 433 434 459 461 487 488 489 
461 6442 -0.938587000 7.224530000 0.00000000000000000000 1.00000000000000000000 2 0 8 433 434 435 460 462 488 489 490 
462 6443 -0.653341000 7.275060000 0.00000000000000000000 1.00000000000000000000 2 0 8 434 435 436 461 463 489 490 491 
463 6444 -0.366340000 7.314370000 0.00000000000000000000 1.00000000000000000000 2 0 8 435 436 437 462 464 490 491 492 
464 6445 -0.078026200 7.342390000 0.00000000000000000000 1.00000000000000000000 2 0 8 436 437 676 463 679 491 492 681 
465 6446 -6.623970000 3.280420000 0.00000000000000000000 1.00000000000000000000 2 0 8 677 678 438 680 466 682 493 494 
466 6447 -6.489420000 3.557200000 0.00000000000000000000 1.00000000000000000000 2 0 8 678 438 439 465 467 493 494 495 
467 6448 -6.344090000 3.828480000 0.00000000000000000000 1.00000000000000000000 2 0 8 438 439 440 466 468 494 495 496 
468 6449 -6.188200000 4.093840000 0.00000000000000000000 1.00000000000000000000 2 0 8 439 440 441 467 469 495 496 497 
469 6450 -6.022000000 4.352880000 0.00000000000000000000 1.00000000000000000000 2 0 8 440 441 442 468 470 496 497 498 
470 6451 -5.845740000 4.605190000 0.00000000000000000000 1.00000000000000000000 2 0 8 441 442 443 469 471 497 498 499 
471 6452 -5.659700000 4.850380000 0.00000000000000000000 1.00000000000000000000 2 0 8 442 443 444 470 472 498 499 500 
472 6453 -5.464150000 5.088080000 0.00000000000000000000 1.00000000000000000000 2 0 8 443 444 445 471 473 499 500 501 
473 6454 -5.259410000 5.317920000 0.00000000000000000000 1.00000000000000000000 2 0 8 444 445 446 472 474 500 501 502 
474 6455 -5.045800000 5.539540000 0.00000000000000000000 1.00000000000000000000 2 0 8 445 446 447 473 475 501 502 503 
475 6456 -4.823640000 5.752610000 0.00000000000000000000 1.00000000000000000000 2 0 8 446 447 448 474 476 502 503 504 
476 6457 -4.593270000 5.956790000 0.00000000000000000000 1.00000000000000000000 2 0 8 447 448 449 475 477 503 504 505 
477 6458 -4.355060000 6.151760000 0.00000000000000000000 1.00000000000000000000 2 0 8 448 449 450 476 478 504 505 506 
478 6459 -4.109370000 6.337240000 0.00000000000000000000 1.00000000000000000000 2 0 8 449 450 451 477 479 505 506 507 
479 6460 -3.856590000 6.512930000 0.00000000000000000000 1.00000000000000000000 2 0 8 450 451 452 478 480 506 507 508 
480 6461 -3.597090000 6.678560000 0.00000000000000000000 1.00000000000000000000 2 0 8 451 452 453 479 481 507 508 509 
481 6462 -3.331290000 6.833880000 0.00000000000000000000 1.00000000000000000000 2 0 8 452 453 454 480 482 508 509 510 
482 6463 -3.059600000 6.978650000 0.00000000000000000000 1.00000000000000000000 2 0 8 453 454 455 481 483 509 510 511 
483 6464 -2.782430000 7.112650000 0.00000000000000000000 1.00000000000000000000 2 0 8 454 455 456 482 484 510 511 512 
484 6465 -2.500210000 7.235660000 0.00000000000000000000 1.00000000000000000000 2 0 8 455 456 457 483 485 511 512 513 
485 6466 -2.213380000 7.347510000 0.00000000000000000000 1.00000000000000000000 2 0 8 456 457 458 484 486 512 513 514 
486 6467 -1.922390000 7.448020000 0.00000000000000000000 1.00000000000000000000 2 0 8 457 458 459 485 487 513 514 515 
487 6468 -1.627680000 7.537030000 0.00000000000000000000 1.00000000000000000000 2 0 8 458 459 460 486 488 514 515 516 
488 6469 -1.329700000 7.614410000 0.00000000000000000000 1.00000000000000000000 2 0 8 459 460 461 487 489 515 516 517 
489 6470 -1.028930000 7.680050000 0.00000000000000000000 1.00000000000000000000 2 0 8 460 461 462 488 490 516 517 518 
490 6471 -0.725810000 7.733830000 0.00000000000000000000 1.00000000000000000000 2 0 8 461 462 463 489 491 517 518 519 
491 6472 -0.420824000 7.775690000 0.00000000000000000000 1.00000000000000000000 2 0 8 462 463 464 490 492 518 519 520 
492 6473 -0.114439000 7.805550000 0.00000000000000000000 1.00000000000000000000 2 0 8 463 464 679 491 681 519 520 683 
493 6474 -7.069590000 3.486680000 0.00000000000000000000 1.00000000000000000000 2 0 8 680 465 466 682 494 684 521 522 
494 6475 -6.926660000 3.780870000 0.00000000000000000000 1.00000000000000000000 2 0 8 465 466 467 493 495 521 522 523 
495 6476 -6.772270000 4.069230000 0.00000000000000000000 1.00000000000000000000 2 0 8 466 467 468 494 496 522 523 524 
496 6477 -6.606670000 4.351300000 0.00000000000000000000 1.00000000000000000000 2 0 8 467 468 469 495 497 523 524 525 
497 6478 -6.430100000 4.626650000 0.00000000000000000000 1.00000000000000000000 2 0 8 468 469 470 496 498 524 525 526 
498 6479 -6.242850000 4.894850000 0.00000000000000000000 1.00000000000000000000 2 0 8 469 470 471 497 499 525 526 527 
499 6480 -6.045200000 5.155500000 0.00000000000000000000 1.00000000000000000000 2 0 8 470 471 472 498 500 526 527 528 
500 6481 -5.837460000 5.408180000 0.00000000000000000000 1.00000000000000000000 2 0 8 471 472 473 499 501 527 528 529 
501 6482 -5.619950000 5.652510000 0.00000000000000000000 1.00000000000000000000 2 0 8 472 473 474 500 502 528 529 530 
502 6483 -5.393010000 5.888110000 0.00000000000000000000 1.00000000000000000000 2 0 8 473 474 475 501 503 529 530 531 
503 6484 -5.156980000 6.114620000 0.00000000000000000000 1.00000000000000000000 2 0 8 474 475 476 502 504 530 531 532 
504 6485 -4.912230000 6.331690000 0.00000000000000000000 1.00000000000000000000 2 0 8 475 476 477 503 505 531 532 533 
505 6486 -4.659150000 6.538990000 0.00000000000000000000 1.00000000000000000000 2 0 8 476 477 478 504 506 532 533 534 
506 6487 -4.398110000 6.736190000 0.00000000000000000000 1.00000000000000000000 2 0 8 477 478 479 505 507 533 534 535 
507 6488 -4.129530000 6.922990000 0.00000000000000000000 1.00000000000000000000 2 0 8 478 479 480 506 508 534 535 536 
508 6489 -3.853820000 7.099100000 0.00000000000000000000 1.00000000000000000000 2 0 8 479 480 481 507 509 535 536 537 
509 6490 -3.571410000 7.264260000 0.00000000000000000000 1.00000000000000000000 2 0 8 480 481 482 508 510 536 537 538 
510 6491 -3.282730000 7.418200000 0.00000000000000000000 1.00000000000000000000 2 0 8 481 482 483 509 511 537 538 539 
511 6492 -2.988230000 7.560690000 0.00000000000000000000 1.00000000000000000000 2 0 8 482 483 484 510 512 538 539 540 
512 6493 -2.688360000 7.691520000 0.00000000000000000000 1.00000000000000000000 2 0 8 483 484 485 511 513 539 540 541 
513 6494 -2.383580000 7.810480000 0.00000000000000000000 1.00000000000000000000 2 0 8 484 485 486 512 514 540 541 542 
514 6495 -2.074370000 7.917390000 0.00000000000000000000 1.00000000000000000000 2 0 8 485 486 487 513 515 541 542 543 
515 6496 -1.761210000 8.012080000 0.00000000000000000000 1.00000000000000000000 2 0 8 486 487 488 514 516 542 543 544 
516 6497 -1.444580000 8.094410000 0.00000000000000000000 1.00000000000000000000 2 0 8 487 488 489 515 517 543 544 545 
517 6498 -1.124960000 8.164250000 0.00000000000000000000 1.00000000000000000000 2 0 8 488 489 490 516 518 544 545 546 
518 6499 -0.802850000 8.221500000 0.00000000000000000000 1.00000000000000000000 2 0 8 489 490 491 517 519 545 546 547 
519 6500 -0.478747000 8.266070000 0.00000000000000000000 1.00000000000000000000 2 0 8 490 491 492 518 520 546 547 548 
520 6501 -0.153152000 8.297890000 0.00000000000000000000 1.00000000000000000000 2 0 8 491 492 681 519 683 547 548 685 
521 6502 -7.543200000 3.705900000 0.00000000000000000000 1.00000000000000000000 2 0 8 682 493 494 684 522 686 549 550 
522 6503 -7.391360000 4.018610000 0.00000000000000000000 1.00000000000000000000 2 0 8 493 494 495 521 523 549 550 551 
523 6504 -7.227350000 4.325120000 0.00000000000000000000 1.00000000000000000000 2 0 8 494 495 496 522 524 550 551 552 
524 6505 -7.051420000 4.624950000 0.00000000000000000000 1.00000000000000000000 2 0 8 495 496 497 523 525 551 552 553 
525 6506 -6.863840000 4.917630000 0.00000000000000000000 1.00000000000000000000 2 0 8 496 497 498 524 526 552 553 554 
526 6507 -6.664910000 5.202730000 0.00000000000000000000 1.00000000000000000000 2 0 8 497 498 499 525 527 553 554 555 
527 6508 -6.454930000 5.479800000 0.00000000000000000000 1.00000000000000000000 2 0 8 498 499 500 526 528 554 555 556 
528 6509 -6.234230000 5.748410000 0.00000000000000000000 1.00000000000000000000 2 0 8 499 500 501 527 529 555 556 557 
529 6510 -6.003150000 6.008150000 0.00000000000000000000 1.00000000000000000000 2 0 8 500 501 502 528 530 556 557 558 
530 6511 -5.762040000 6.258610000 0.00000000000000000000 1.00000000000000000000 2 0 8 501 502 503 529 531 557 558 559 
531 6512 -5.511270000 6.499420000 0.00000000000000000000 1.00000000000000000000 2 0 8 502 503 504 530 532 558 559 560 
532 6513 -5.251240000 6.730190000 0.00000000000000000000 1.00000000000000000000 2 0 8 503 504 505 531 533 559 560 561 
533 6514 -4.982350000 6.950580000 0.00000000000000000000 1.00000000000000000000 2 0 8 504 505 506 532 534 560 561 562 
534 6515 -4.705010000 7.160240000 0.00000000000000000000 1.00000000000000000000 2 0 8 505 506 507 533 535 561 562 563 
535 6516 -4.419650000 7.358860000 0.00000000000000000000 1.00000000000000000000 2 0 8 506 507 508 534 536 562 563 564 
536 6517 -4.126700000 7.546110000 0.00000000000000000000 1.00000000000000000000 2 0 8 507 508 509 535 537 563 564 565 
537 6518 -3.826630000 7.721730000 0.00000000000000000000 1.00000000000000000000 2 0 8 508 509 510 536 538 564 565 566 
538 6519 -3.519900000 7.885430000 0.00000000000000000000 1.00000000000000000000 2 0 8 509 510 511 537 539 565 566 567 
539 6520 -3.206970000 8.036960000 0.00000000000000000000 1.00000000000000000000 2 0 8 510 511 512 538 540 566 567 568 
540 6521 -2.888340000 8.176090000 0.00000000000000000000 1.00000000000000000000 2 0 8 511 512 513 539 541 567 568 569 
541 6522 -2.564490000 8.302620000 0.00000000000000000000 1.00000000000000000000 2 0 8 512 513 514 540 542 568 569 570 
542 6523 -2.235930000 8.416330000 0.00000000000000000000 1.00000000000000000000 2 0 8 513 514 515 541 543 569 570 571 
543 6524 -1.903160000 8.517060000 0.00000000000000000000 1.00000000000000000000 2 0 8 514 515 516 542 544 570 571 572 
544 6525 -1.566690000 8.604650000 0.00000000000000000000 1.00000000000000000000 2 0 8 515 516 517 543 545 571 572 573 
545 6526 -1.227040000 8.678970000 0.00000000000000000000 1.00000000000000000000 2 0 8 516 517 518 544 546 572 573 574 
546 6527 -0.884746000 8.739910000 0.00000000000000000000 1.00000000000000000000 2 0 8 517 518 519 545 547 573 574 575 
547 6528 -0.540325000 8.787360000 0.00000000000000000000 1.00000000000000000000 2 0 8 518 519 520 546 548 574 575 576 
548 6529 -0.194311000 8.821270000 0.00000000000000000000 1.00000000000000000000 2 0 8 519 520 683 547 685 575 576 687 
549 6530 -8.046530000 3.938920000 0.00000000000000000000 1.00000000000000000000 2 0 8 684 521 522 686 550 688 689 577 
550 6531 -7.885220000 4.271300000 0.00000000000000000000 1.00000000000000000000 2 0 8 521 522 523 549 551 689 577 578 
551 6532 -7.710980000 4.597100000 0.00000000000000000000 1.00000000000000000000 2 0 8 522 523 524 550 552 577 578 579 
552 6533 -7.524080000 4.915810000 0.00000000000000000000 1.00000000000000000000 2 0 8 523 524 525 551 553 578 579 580 
553 6534 -7.324810000 5.226930000 0.00000000000000000000 1.00000000000000000000 2 0 8 524 525 526 552 554 579 580 581 
554 6535 -7.113470000 5.529990000 0.00000000000000000000 1.00000000000000000000 2 0 8 525 526 527 553 555 580 581 582 
555 6536 -6.890390000 5.824520000 0.00000000000000000000 1.00000000000000000000 2 0 8 526 527 528 554 556 581 582 583 
556 6537 -6.655910000 6.110060000 0.00000000000000000000 1.00000000000000000000 2 0 8 527 528 529 555 557 582 583 584 
557 6538 -6.410410000 6.386170000 0.00000000000000000000 1.00000000000000000000 2 0 8 528 529 530 556 558 583 584 585 
558 6539 -6.154240000 6.652440000 0.00000000000000000000 1.00000000000000000000 2 0 8 529 530 531 557 559 584 585 586 
559 6540 -5.887820000 6.908440000 0.00000000000000000000 1.00000000000000000000 2 0 8 530 531 532 558 560 585 586 587 
560 6541 -5.611550000 7.153780000 0.00000000000000000000 1.00000000000000000000 2 0 8 531 532 533 559 561 586 587 588 
561 6542 -5.325860000 7.388090000 0.00000000000000000000 1.00000000000000000000 2 0 8 532 533 534 560 562 587 588 589 
562 6543 -5.031190000 7.611000000 0.00000000000000000000 1.00000000000000000000 2 0 8 533 534 535 561 563 588 589 590 
563 6544 -4.727990000 7.822180000 0.00000000000000000000 1.00000000000000000000 2 0 8 534 535 536 562 564 589 590 591 
564 6545 -4.416730000 8.021280000 0.00000000000000000000 1.00000000000000000000 2 0 8 535 536 537 563 565 590 591 592 
565 6546 -4.097900000 8.208020000 0.00000000000000000000 1.00000000000000000000 2 0 8 536 537 538 564 566 591 592 593 
566 6547 -3.771980000 8.382090000 0.00000000000000000000 1.00000000000000000000 2 0 8 537 538 539 565 567 592 593 594 
567 6548 -3.439480000 8.543240000 0.00000000000000000000 1.00000000000000000000 2 0 8 538 539 540 566 568 593 594 595 
568 6549 -3.100910000 8.691200000 0.00000000000000000000 1.00000000000000000000 2 0 8 539 540 541 567 569 594 595 596 
569 6550 -2.756790000 8.825770000 0.00000000000000000000 1.00000000000000000000 2 0 8 540 541 542 568 570 595 596 597 
570 6551 -2.407650000 8.946720000 0.00000000000000000000 1.00000000000000000000 2 0 8 541 542 543 569 571 596 597 598 
571 6552 -2.054030000 9.053870000 0.00000000000000000000 1.00000000000000000000 2 0 8 542 543 544 570 572 597 598 599 
572 6553 -1.696490000 9.147060000 0.00000000000000000000 1.00000000000000000000 2 0 8 543 544 545 571 573 598 599 600 
573 6554 -1.335560000 9.226150000 0.00000000000000000000 1.00000000000000000000 2 0 8 544 545 546 572 574 599 600 601 
574 6555 -0.971803000 9.291010000 0.00000000000000000000 1.00000000000000000000 2 0 8 545 546 547 573 575 600 601 602 
575 6556 -0.605786000 9.341540000 0.00000000000000000000 1.00000000000000000000 2 0 8 546 547 548 574 576 601 602 603 
576 6557 -0.238070000 9.377660000 0.00000000000000000000 1.00000000000000000000 2 0 8 547 548 685 575 687 602 603 690 
577 6558 -8.410070000 4.539910000 -0.89100606038921459362 0.45399140999548787123 3 0 8 549 550 551 689 578 521 522 523 
578 6559 -8.224960000 4.886210000 -0.87249233372822920796 0.48862780066781752453 3 0 8 550 551 552 577 579 522 523 524 
579 6560 -8.026400000 5.224990000 -0.85264243366699354887 0.52249486151581092663 3 0 8 551 552 553 578 580 523 524 525 
580 6561 -7.814700000 5.555700000 -0.83146790944808679491 0.55557278151294298141 3 0 8 552 553 554 579 581 524 525 526 
581 6562 -7.590170000 5.877850000 -0.80901631335569235137 0.58778618963392137431 3 0 8 553 554 555 580 582 525 526 527 
582 6563 -7.353170000 6.190940000 -0.78531810464800855254 0.61909246039025511710 3 0 8 554 555 556 581 583 526 527 528 
583 6564 -7.104060000 6.494480000 -0.76040971087001563156 0.64944366315684309843 3 0 8 555 556 557 582 584 527 528 529 
584 6565 -6.843230000 6.788010000 -0.73432524777927377091 0.67879778319755001981 3 0 8 556 557 558 583 585 528 529 530 
585 6566 -6.571070000 7.071070000 -0.70710678118654757274 0.70710678118654757274 3 0 8 557 558 559 584 586 529 530 531 
586 6567 -6.288010000 7.343230000 -0.67879778319755001981 0.73432524777927377091 3 0 8 558 559 560 585 587 530 531 532 
587 6568 -5.994480000 7.604060000 -0.64944366315684309843 0.76040971087001563156 3 0 8 559 560 561 586 588 531 532 533 
588 6569 -5.690940000 7.853170000 -0.61909246039025589425 0.78531810464800799743 3 0 8 560 561 562 587 589 532 533 534 
589 6570 -5.377850000 8.090170000 -0.58778618963392137431 0.80901631335569235137 3 0 8 561 562 563 588 590 533 534 535 
590 6571 -5.055700000 8.314700000 -0.55557278151294220425 0.83146790944808723900 3 0 8 562 563 564 589 591 534 535 536 
591 6572 -4.724990000 8.526400000 -0.52249486151581092663 0.85264243366699354887 3 0 8 563 564 565 590 592 535 536 537 
592 6573 -4.386210000 8.724960000 -0.48862780066781752453 0.87249233372822920796 3 0 8 564 565 566 591 593 536 537 538 
593 6574 -4.039910000 8.910070000 -0.45399140999548764919 0.89100606038921470464 3 0 8 565 566 567 592 594 537 538 539 
594 6575 -3.686600000 9.081430000 -0.41865513425978917450 0.90814529595099369175 3 0 8 566 567 568 593 595 538 539 540 
595 6576 -3.326830000 9.238800000 -0.38268023147519480975 0.92388085835679656377 3 0 8 567 568 569 594 596 539 540 541 
596 6577 -2.961170000 9.381910000 -0.34611905021161554208 0.93819060061408054985 3 0 8 568 569 570 595 597 540 541 542 
597 6578 -2.590170000 9.510570000 -0.30901667003776622789 0.95105662167863069811 3 0 8 569 570 571 596 598 541 542 543 
598 6579 -2.214400000 9.624550000 -0.27143445322643250384 0.96245692766048884792 3 0 8 570 571 572 597 599 542 543 544 
599 6580 -1.834450000 9.723700000 -0.23344520423477366222 0.97236995871930587132 3 0 8 571 572 573 598 600 543 544 545 
600 6581 -1.450900000 9.807850000 -0.19508492762544765720 0.98078635339882969113 3 0 8 572 573 574 599 601 544 545 546 
601 6582 -1.064340000 9.876880000 -0.15643291020981753281 0.98768858685482807669 3 0 8 573 574 575 600 602 545 546 547 
602 6583 -0.675374000 9.930680000 -0.11753818129968457429 0.99306836418081634310 3 0 8 574 575 576 601 603 546 547 548 
603 6584 -0.284591000 9.969170000 -0.07846440258575274052 0.99691691606014043447 3 0 8 575 576 687 602 690 547 548 685 
604 5914 -0.140055 1.6757 2 0
605 5915 -0.0710912 1.69805 2 0
606 8420 -0.00128864 1.71776 2 0
607 5935 -0.250887 1.75778 2 0
608 5936 -0.178779 1.78441 2 0
609 8441 -0.031658 1.8293 2 0
610 8442 0.0431246 1.84749 2 0
611 5953 -0.445726 1.80587 2 0
612 5954 -0.371761 1.84004 2 0
613 5955 -0.296487 1.87135 2 0
614 8462 0.0153059 1.96703 2 0
615 8463 0.0953178 1.98339 2 0
616 5962 -1.12723 1.46758 2 0
617 5963 -1.06654 1.52845 2 0
618 5964 -1.00345 1.58692 2 0
619 5965 -0.93806 1.6429 2 0
620 5966 -0.870464 1.69631 2 0
621 5967 -0.800774 1.74707 2 0
622 5968 -0.729101 1.79509 2 0
623 5969 -0.655557 1.84031 2 0
624 5970 -0.58026 1.88266 2 0
625 5971 -0.503327 1.92207 2 0
626 8482 0.0705614 2.11133 2 0
627 8483 0.156055 2.12552 2 0
628 5976 -1.2881 1.49427 2 0
629 5977 -1.2264 1.5615 2 0
630 8501 0.13492 2.26225 2 0
631 8502 0.22615 2.27391 2 0
632 5979 -1.45993 1.51561 2 0
633 5980 -1.3974 1.58965 2 0
634 8519 0.209244 2.41983 2 0
635 8520 0.306466 2.42854 2 0
636 6823 -1.64318 1.53084 2 0
637 5981 -1.58004 1.61213 2 0
638 8537 0.294453 2.58407 2 0
639 6849 -1.83831 1.53911 2 0
640 6850 -1.77484 1.62813 2 0
641 8554 0.281668 2.7492 2 0
642 6876 -1.98227 1.63675 2 0
643 8572 0.268064 2.92456 2 0
644 6901 -2.1354 1.74045 2 0
645 8590 0.253591 3.11079 2 0
646 6925 -2.29827 1.85059 2 0
647 8608 0.238194 3.3086 2 0
648 6947 -2.54748 1.85063 2 0
649 6948 -2.4715 1.96758 2 0
650 8626 0.221815 3.51871 2 0
651 6969 -2.73638 1.9675 2 0
652 8645 0.204394 3.74192 2 0
653 6989 -2.93727 2.09165 2 0
654 8665 0.185865 3.97907 2 0
655 7008 -3.15087 2.22356 2 0
656 8685 0.166159 4.23102 2 0
657 7026 -3.37799 2.3637 2 0
658 8705 0.145202 4.49874 2 0
659 7044 -3.61946 2.5126 2 0
660 8725 0.122915 4.78322 2 0
661 7062 -3.87619 2.67082 2 0
662 8745 0.0992164 5.08552 2 0
663 7078 -4.25763 2.65501 2 0
664 7079 -4.14912 2.83895 2 0
665 8765 0.074016 5.40678 2 0
666 7093 -4.66197 2.62218 2 0
667 7094 -4.55452 2.82208 2 0
668 8785 0.0472197 5.74821 2 0
669 7106 -5.08993 2.57032 2 0
670 7107 -4.98425 2.78713 2 0
671 8805 0.0187275 6.11107 2 0
672 8806 0.25971 6.1248 2 0
673 7118 -5.43908 2.73197 2 0
674 8825 0.244509 6.5114 2 0
675 7128 -5.81021 2.90377 2 0
676 8844 0.228344 6.92232 2 0
677 7137 -6.321 2.8212 2 0
678 7138 -6.20469 3.08636 2 0
679 8863 0.211154 7.35909 2 0
680 7147 -6.74752 2.99857 2 0
681 8882 0.192874 7.82337 2 0
682 7156 -7.20085 3.18709 2 0
683 8902 0.173434 8.31691 2 0
684 7164 -7.68264 3.38747 2 0
685 8922 0.152762 8.84157 2 0
686 7173 -8.19466 3.60045 2 0
687 8942 0.130779 9.39932 2 0
688 7183 -8.7388 3.82683 3 0
689 7184 -8.58143 4.1866 3 0
690 8962 0.107402 9.99229 3 0
