735 595 140
1 609 1.062070000 -0.393205000 0.00000000000000000000 1.00000000000000000000 2 0 8 596 597 598 604 2 6 7 8 
2 610 1.041620000 -0.410060000 0.00000000000000000000 1.00000000000000000000 2 0 8 597 598 599 1 3 7 8 9 
3 611 1.020320000 -0.426333000 0.00000000000000000000 1.00000000000000000000 2 0 8 598 599 600 2 605 8 9 10 
4 612 1.148320000 -0.367970000 0.00000000000000000000 1.00000000000000000000 2 0 8 601 602 603 608 5 11 12 13 
5 613 1.129700000 -0.387920000 0.00000000000000000000 1.00000000000000000000 2 0 8 602 603 604 4 6 12 13 14 
6 614 1.110100000 -0.407322000 0.00000000000000000000 1.00000000000000000000 2 0 8 603 604 1 5 7 13 14 15 
7 615 1.089550000 -0.426146000 0.00000000000000000000 1.00000000000000000000 2 0 8 604 1 2 6 8 14 15 16 
8 616 1.068090000 -0.444363000 0.00000000000000000000 1.00000000000000000000 2 0 8 1 2 3 7 9 15 16 17 
9 617 1.045730000 -0.461944000 0.00000000000000000000 1.00000000000000000000 2 0 8 2 3 605 8 10 16 17 18 
10 618 1.022520000 -0.478862000 0.00000000000000000000 1.00000000000000000000 2 0 8 3 605 606 9 609 17 18 19 
11 619 1.199570000 -0.375806000 0.00000000000000000000 1.00000000000000000000 2 0 8 607 608 4 612 12 20 21 22 
12 620 1.181040000 -0.397906000 0.00000000000000000000 1.00000000000000000000 2 0 8 608 4 5 11 13 21 22 23 
13 621 1.161470000 -0.419442000 0.00000000000000000000 1.00000000000000000000 2 0 8 4 5 6 12 14 22 23 24 
14 622 1.140860000 -0.440379000 0.00000000000000000000 1.00000000000000000000 2 0 8 5 6 7 13 15 23 24 25 
15 623 1.119270000 -0.460688000 0.00000000000000000000 1.00000000000000000000 2 0 8 6 7 8 14 16 24 25 26 
16 624 1.096700000 -0.480335000 0.00000000000000000000 1.00000000000000000000 2 0 8 7 8 9 15 17 25 26 27 
17 625 1.073210000 -0.499290000 0.00000000000000000000 1.00000000000000000000 2 0 8 8 9 10 16 18 26 27 28 
18 626 1.048810000 -0.517524000 0.00000000000000000000 1.00000000000000000000 2 0 8 9 10 609 17 19 27 28 29 
19 627 1.023540000 -0.535006000 0.00000000000000000000 1.00000000000000000000 2 0 8 10 609 610 18 613 28 29 30 
20 628 1.254220000 -0.381130000 0.00000000000000000000 1.00000000000000000000 2 0 8 611 612 11 616 21 31 32 33 
21 629 1.235850000 -0.405524000 0.00000000000000000000 1.00000000000000000000 2 0 8 612 11 12 20 22 32 33 34 
22 630 1.216350000 -0.429339000 0.00000000000000000000 1.00000000000000000000 2 0 8 11 12 13 21 23 33 34 35 
23 631 1.195740000 -0.452541000 0.00000000000000000000 1.00000000000000000000 2 0 8 12 13 14 22 24 34 35 36 
24 632 1.174050000 -0.475093000 0.00000000000000000000 1.00000000000000000000 2 0 8 13 14 15 23 25 35 36 37 
25 633 1.151320000 -0.496961000 0.00000000000000000000 1.00000000000000000000 2 0 8 14 15 16 24 26 36 37 38 
26 634 1.127570000 -0.518112000 0.00000000000000000000 1.00000000000000000000 2 0 8 15 16 17 25 27 37 38 39 
27 635 1.102840000 -0.538512000 0.00000000000000000000 1.00000000000000000000 2 0 8 16 17 18 26 28 38 39 40 
28 636 1.077170000 -0.558128000 0.00000000000000000000 1.00000000000000000000 2 0 8 17 18 19 27 29 39 40 41 
29 637 1.050580000 -0.576931000 0.00000000000000000000 1.00000000000000000000 2 0 8 18 19 613 28 30 40 41 42 
30 638 1.023130000 -0.594889000 0.00000000000000000000 1.00000000000000000000 2 0 8 19 613 614 29 617 41 42 43 
31 639 1.312430000 -0.383683000 0.00000000000000000000 1.00000000000000000000 2 0 8 615 616 20 620 32 44 45 46 
32 640 1.294280000 -0.410519000 0.00000000000000000000 1.00000000000000000000 2 0 8 616 20 21 31 33 45 46 47 
33 641 1.274920000 -0.436766000 0.00000000000000000000 1.00000000000000000000 2 0 8 20 21 22 32 34 46 47 48 
34 642 1.254360000 -0.462387000 0.00000000000000000000 1.00000000000000000000 2 0 8 21 22 23 33 35 47 48 49 
35 643 1.232640000 -0.487341000 0.00000000000000000000 1.00000000000000000000 2 0 8 22 23 24 34 36 48 49 50 
36 644 1.209790000 -0.511592000 0.00000000000000000000 1.00000000000000000000 2 0 8 23 24 25 35 37 49 50 51 
37 645 1.185830000 -0.535102000 0.00000000000000000000 1.00000000000000000000 2 0 8 24 25 26 36 38 50 51 52 
38 646 1.160810000 -0.557835000 0.00000000000000000000 1.00000000000000000000 2 0 8 25 26 27 37 39 51 52 53 
39 647 1.134750000 -0.579755000 0.00000000000000000000 1.00000000000000000000 2 0 8 26 27 28 38 40 52 53 54 
40 648 1.107700000 -0.600828000 0.00000000000000000000 1.00000000000000000000 2 0 8 27 28 29 39 41 53 54 55 
41 649 1.079690000 -0.621020000 0.00000000000000000000 1.00000000000000000000 2 0 8 28 29 30 40 42 54 55 56 
42 650 1.050770000 -0.640300000 0.00000000000000000000 1.00000000000000000000 2 0 8 29 30 617 41 43 55 56 57 
43 651 1.020970000 -0.658635000 0.00000000000000000000 1.00000000000000000000 2 0 8 30 617 618 42 621 56 57 58 
44 652 1.374330000 -0.383186000 0.00000000000000000000 1.00000000000000000000 2 0 8 619 620 31 634 45 70 71 72 
45 653 1.356500000 -0.412616000 0.00000000000000000000 1.00000000000000000000 2 0 8 620 31 32 44 46 71 72 73 
46 654 1.337350000 -0.441452000 0.00000000000000000000 1.00000000000000000000 2 0 8 31 32 33 45 47 72 73 74 
47 655 1.316920000 -0.469652000 0.00000000000000000000 1.00000000000000000000 2 0 8 32 33 34 46 48 73 74 75 
48 656 1.295230000 -0.497173000 0.00000000000000000000 1.00000000000000000000 2 0 8 33 34 35 47 49 74 75 76 
49 657 1.272310000 -0.523974000 0.00000000000000000000 1.00000000000000000000 2 0 8 34 35 36 48 50 75 76 77 
50 658 1.248200000 -0.550014000 0.00000000000000000000 1.00000000000000000000 2 0 8 35 36 37 49 51 76 77 78 
51 659 1.222930000 -0.575253000 0.00000000000000000000 1.00000000000000000000 2 0 8 36 37 38 50 52 77 78 79 
52 660 1.196540000 -0.599653000 0.00000000000000000000 1.00000000000000000000 2 0 8 37 38 39 51 53 78 79 80 
53 661 1.169050000 -0.623175000 0.00000000000000000000 1.00000000000000000000 2 0 8 38 39 40 52 54 79 80 81 
54 662 1.140520000 -0.645782000 0.00000000000000000000 1.00000000000000000000 2 0 8 39 40 41 53 55 80 81 82 
55 663 1.110980000 -0.667439000 0.00000000000000000000 1.00000000000000000000 2 0 8 40 41 42 54 56 81 82 83 
56 664 1.080470000 -0.688111000 0.00000000000000000000 1.00000000000000000000 2 0 8 41 42 43 55 57 82 83 84 
57 665 1.049050000 -0.707764000 0.00000000000000000000 1.00000000000000000000 2 0 8 42 43 621 56 58 83 84 85 
58 666 1.016750000 -0.726368000 0.00000000000000000000 1.00000000000000000000 2 0 8 43 621 622 57 635 84 85 86 
59 667 1.533280000 -0.000020592 0.00000000000000000000 1.00000000000000000000 2 0 8 641 623 624 90 60 123 91 92 
60 668 1.532500000 -0.035511400 0.00000000000000000000 1.00000000000000000000 2 0 8 623 624 625 59 61 91 92 93 
61 669 1.530150000 -0.070951600 0.00000000000000000000 1.00000000000000000000 2 0 8 624 625 626 60 62 92 93 94 
62 670 1.526250000 -0.106290000 0.00000000000000000000 1.00000000000000000000 2 0 8 625 626 627 61 63 93 94 95 
63 671 1.520800000 -0.141477000 0.00000000000000000000 1.00000000000000000000 2 0 8 626 627 628 62 64 94 95 96 
64 672 1.513810000 -0.176462000 0.00000000000000000000 1.00000000000000000000 2 0 8 627 628 629 63 65 95 96 97 
65 673 1.505280000 -0.211195000 0.00000000000000000000 1.00000000000000000000 2 0 8 628 629 630 64 66 96 97 98 
66 674 1.495220000 -0.245625000 0.00000000000000000000 1.00000000000000000000 2 0 8 629 630 631 65 67 97 98 99 
67 675 1.483660000 -0.279703000 0.00000000000000000000 1.00000000000000000000 2 0 8 630 631 632 66 68 98 99 100 
68 676 1.470600000 -0.313380000 0.00000000000000000000 1.00000000000000000000 2 0 8 631 632 633 67 69 99 100 101 
69 677 1.456060000 -0.346606000 0.00000000000000000000 1.00000000000000000000 2 0 8 632 633 634 68 70 100 101 102 
70 678 1.440070000 -0.379334000 0.00000000000000000000 1.00000000000000000000 2 0 8 633 634 44 69 71 101 102 103 
71 679 1.422640000 -0.411514000 0.00000000000000000000 1.00000000000000000000 2 0 8 634 44 45 70 72 102 103 104 
72 680 1.403800000 -0.443101000 0.00000000000000000000 1.00000000000000000000 2 0 8 44 45 46 71 73 103 104 105 
73 681 1.383580000 -0.474046000 0.00000000000000000000 1.00000000000000000000 2 0 8 45 46 47 72 74 104 105 106 
74 682 1.362000000 -0.504303000 0.00000000000000000000 1.00000000000000000000 2 0 8 46 47 48 73 75 105 106 107 
75 683 1.339100000 -0.533828000 0.00000000000000000000 1.00000000000000000000 2 0 8 47 48 49 74 76 106 107 108 
76 684 1.314900000 -0.562576000 0.00000000000000000000 1.00000000000000000000 2 0 8 48 49 50 75 77 107 108 109 
77 685 1.289440000 -0.590502000 0.00000000000000000000 1.00000000000000000000 2 0 8 49 50 51 76 78 108 109 110 
78 686 1.262750000 -0.617565000 0.00000000000000000000 1.00000000000000000000 2 0 8 50 51 52 77 79 109 110 111 
79 687 1.234880000 -0.643722000 0.00000000000000000000 1.00000000000000000000 2 0 8 51 52 53 78 80 110 111 112 
80 688 1.205870000 -0.668933000 0.00000000000000000000 1.00000000000000000000 2 0 8 52 53 54 79 81 111 112 113 
81 689 1.175740000 -0.693158000 0.00000000000000000000 1.00000000000000000000 2 0 8 53 54 55 80 82 112 113 114 
82 690 1.144560000 -0.716360000 0.00000000000000000000 1.00000000000000000000 2 0 8 54 55 56 81 83 113 114 115 
83 691 1.112360000 -0.738501000 0.00000000000000000000 1.00000000000000000000 2 0 8 55 56 57 82 84 114 115 116 
84 692 1.079190000 -0.759545000 0.00000000000000000000 1.00000000000000000000 2 0 8 56 57 58 83 85 115 116 117 
85 693 1.045100000 -0.779459000 0.00000000000000000000 1.00000000000000000000 2 0 8 57 58 635 84 86 116 117 118 
86 694 1.010130000 -0.798210000 0.00000000000000000000 1.00000000000000000000 2 0 8 58 635 636 85 642 117 118 119 
87 695 1.520810000 0.141437000 0.00000000000000000000 1.00000000000000000000 2 0 8 637 638 639 644 88 648 120 121 
88 696 1.526260000 0.106250000 0.00000000000000000000 1.00000000000000000000 2 0 8 638 639 640 87 89 120 121 122 
89 697 1.530160000 0.070910800 0.00000000000000000000 1.00000000000000000000 2 0 8 639 640 641 88 90 121 122 123 
90 698 1.532500000 0.035470500 0.00000000000000000000 1.00000000000000000000 2 0 8 640 641 623 89 59 122 123 91 
91 699 1.591410000 -0.000022599 0.00000000000000000000 1.00000000000000000000 2 0 8 90 59 60 123 92 158 124 125 
92 700 1.590590000 -0.038098800 0.00000000000000000000 1.00000000000000000000 2 0 8 59 60 61 91 93 124 125 126 
93 701 1.588110000 -0.076120300 0.00000000000000000000 1.00000000000000000000 2 0 8 60 61 62 92 94 125 126 127 
94 702 1.583990000 -0.114032000 0.00000000000000000000 1.00000000000000000000 2 0 8 61 62 63 93 95 126 127 128 
95 703 1.578220000 -0.151780000 0.00000000000000000000 1.00000000000000000000 2 0 8 62 63 64 94 96 127 128 129 
96 704 1.570820000 -0.189310000 0.00000000000000000000 1.00000000000000000000 2 0 8 63 64 65 95 97 128 129 130 
97 705 1.561800000 -0.226567000 0.00000000000000000000 1.00000000000000000000 2 0 8 64 65 66 96 98 129 130 131 
98 706 1.551170000 -0.263497000 0.00000000000000000000 1.00000000000000000000 2 0 8 65 66 67 97 99 130 131 132 
99 707 1.538940000 -0.300047000 0.00000000000000000000 1.00000000000000000000 2 0 8 66 67 68 98 100 131 132 133 
100 708 1.525130000 -0.336164000 0.00000000000000000000 1.00000000000000000000 2 0 8 67 68 69 99 101 132 133 134 
101 709 1.509770000 -0.371795000 0.00000000000000000000 1.00000000000000000000 2 0 8 68 69 70 100 102 133 134 135 
102 710 1.492860000 -0.406888000 0.00000000000000000000 1.00000000000000000000 2 0 8 69 70 71 101 103 134 135 136 
103 711 1.474440000 -0.441391000 0.00000000000000000000 1.00000000000000000000 2 0 8 70 71 72 102 104 135 136 137 
104 712 1.454520000 -0.475252000 0.00000000000000000000 1.00000000000000000000 2 0 8 71 72 73 103 105 136 137 138 
105 713 1.433150000 -0.508422000 0.00000000000000000000 1.00000000000000000000 2 0 8 72 73 74 104 106 137 138 139 
106 714 1.410340000 -0.540851000 0.00000000000000000000 1.00000000000000000000 2 0 8 73 74 75 105 107 138 139 140 
107 715 1.386130000 -0.572490000 0.00000000000000000000 1.00000000000000000000 2 0 8 74 75 76 106 108 139 140 141 
108 716 1.360550000 -0.603292000 0.00000000000000000000 1.00000000000000000000 2 0 8 75 76 77 107 109 140 141 142 
109 717 1.333640000 -0.633209000 0.00000000000000000000 1.00000000000000000000 2 0 8 76 77 78 108 110 141 142 143 
110 718 1.305440000 -0.662196000 0.00000000000000000000 1.00000000000000000000 2 0 8 77 78 79 109 111 142 143 144 
111 719 1.275990000 -0.690208000 0.00000000000000000000 1.00000000000000000000 2 0 8 78 79 80 110 112 143 144 145 
112 720 1.245330000 -0.717202000 0.00000000000000000000 1.00000000000000000000 2 0 8 79 80 81 111 113 144 145 146 
113 721 1.213500000 -0.743135000 0.00000000000000000000 1.00000000000000000000 2 0 8 80 81 82 112 114 145 146 147 
114 722 1.180560000 -0.767967000 0.00000000000000000000 1.00000000000000000000 2 0 8 81 82 83 113 115 146 147 148 
115 723 1.146540000 -0.791658000 0.00000000000000000000 1.00000000000000000000 2 0 8 82 83 84 114 116 147 148 149 
116 724 1.111490000 -0.814170000 0.00000000000000000000 1.00000000000000000000 2 0 8 83 84 85 115 117 148 149 150 
117 725 1.075480000 -0.835468000 0.00000000000000000000 1.00000000000000000000 2 0 8 84 85 86 116 118 149 150 151 
118 726 1.038550000 -0.855516000 0.00000000000000000000 1.00000000000000000000 2 0 8 85 86 642 117 119 150 151 152 
119 727 1.000760000 -0.874281000 0.00000000000000000000 1.00000000000000000000 2 0 8 86 642 643 118 645 151 152 153 
120 728 1.578230000 0.151736000 0.00000000000000000000 1.00000000000000000000 2 0 8 644 87 88 648 121 154 155 156 
121 729 1.583990000 0.113988000 0.00000000000000000000 1.00000000000000000000 2 0 8 87 88 89 120 122 155 156 157 
122 730 1.588110000 0.076075500 0.00000000000000000000 1.00000000000000000000 2 0 8 88 89 90 121 123 156 157 158 
123 731 1.590590000 0.038053800 0.00000000000000000000 1.00000000000000000000 2 0 8 89 90 59 122 91 157 158 124 
124 732 1.653670000 -0.000024693 0.00000000000000000000 1.00000000000000000000 2 0 8 123 91 92 158 125 195 159 160 
125 733 1.652800000 -0.040829600 0.00000000000000000000 1.00000000000000000000 2 0 8 91 92 93 124 126 159 160 161 
126 734 1.650180000 -0.081575500 0.00000000000000000000 1.00000000000000000000 2 0 8 92 93 94 125 127 160 161 162 
127 735 1.645810000 -0.122203000 0.00000000000000000000 1.00000000000000000000 2 0 8 93 94 95 126 128 161 162 163 
128 736 1.639710000 -0.162654000 0.00000000000000000000 1.00000000000000000000 2 0 8 94 95 96 127 129 162 163 164 
129 737 1.631890000 -0.202870000 0.00000000000000000000 1.00000000000000000000 2 0 8 95 96 97 128 130 163 164 165 
130 738 1.622340000 -0.242792000 0.00000000000000000000 1.00000000000000000000 2 0 8 96 97 98 129 131 164 165 166 
131 739 1.611090000 -0.282361000 0.00000000000000000000 1.00000000000000000000 2 0 8 97 98 99 130 132 165 166 167 
132 740 1.598150000 -0.321521000 0.00000000000000000000 1.00000000000000000000 2 0 8 98 99 100 131 133 166 167 168 
133 741 1.583540000 -0.360214000 0.00000000000000000000 1.00000000000000000000 2 0 8 99 100 101 132 134 167 168 169 
134 742 1.567280000 -0.398384000 0.00000000000000000000 1.00000000000000000000 2 0 8 100 101 102 133 135 168 169 170 
135 743 1.549400000 -0.435973000 0.00000000000000000000 1.00000000000000000000 2 0 8 101 102 103 134 136 169 170 171 
136 744 1.529910000 -0.472927000 0.00000000000000000000 1.00000000000000000000 2 0 8 102 103 104 135 137 170 171 172 
137 745 1.508840000 -0.509191000 0.00000000000000000000 1.00000000000000000000 2 0 8 103 104 105 136 138 171 172 173 
138 746 1.486230000 -0.544710000 0.00000000000000000000 1.00000000000000000000 2 0 8 104 105 106 137 139 172 173 174 
139 747 1.462100000 -0.579432000 0.00000000000000000000 1.00000000000000000000 2 0 8 105 106 107 138 140 173 174 175 
140 748 1.436490000 -0.613303000 0.00000000000000000000 1.00000000000000000000 2 0 8 106 107 108 139 141 174 175 176 
141 749 1.409440000 -0.646274000 0.00000000000000000000 1.00000000000000000000 2 0 8 107 108 109 140 142 175 176 177 
142 750 1.380980000 -0.678293000 0.00000000000000000000 1.00000000000000000000 2 0 8 108 109 110 141 143 176 177 178 
143 751 1.351160000 -0.709313000 0.00000000000000000000 1.00000000000000000000 2 0 8 109 110 111 142 144 177 178 179 
144 752 1.320010000 -0.739284000 0.00000000000000000000 1.00000000000000000000 2 0 8 110 111 112 143 145 178 179 180 
145 753 1.287590000 -0.768160000 0.00000000000000000000 1.00000000000000000000 2 0 8 111 112 113 144 146 179 180 181 
146 754 1.253940000 -0.795897000 0.00000000000000000000 1.00000000000000000000 2 0 8 112 113 114 145 147 180 181 182 
147 755 1.219100000 -0.822452000 0.00000000000000000000 1.00000000000000000000 2 0 8 113 114 115 146 148 181 182 183 
148 756 1.183140000 -0.847781000 0.00000000000000000000 1.00000000000000000000 2 0 8 114 115 116 147 149 182 183 184 
149 757 1.146090000 -0.871844000 0.00000000000000000000 1.00000000000000000000 2 0 8 115 116 117 148 150 183 184 185 
150 758 1.108020000 -0.894604000 0.00000000000000000000 1.00000000000000000000 2 0 8 116 117 118 149 151 184 185 186 
151 759 1.068980000 -0.916022000 0.00000000000000000000 1.00000000000000000000 2 0 8 117 118 119 150 152 185 186 187 
152 760 1.029030000 -0.936065000 0.00000000000000000000 1.00000000000000000000 2 0 8 118 119 645 151 153 186 187 188 
153 761 0.988228000 -0.954698000 0.00000000000000000000 1.00000000000000000000 2 0 8 119 645 646 152 649 187 188 189 
154 762 1.631900000 0.202822000 0.00000000000000000000 1.00000000000000000000 2 0 8 647 648 120 652 155 190 191 192 
155 763 1.639720000 0.162606000 0.00000000000000000000 1.00000000000000000000 2 0 8 648 120 121 154 156 191 192 193 
156 764 1.645820000 0.122155000 0.00000000000000000000 1.00000000000000000000 2 0 8 120 121 122 155 157 192 193 194 
157 765 1.650180000 0.081526600 0.00000000000000000000 1.00000000000000000000 2 0 8 121 122 123 156 158 193 194 195 
158 766 1.652800000 0.040780500 0.00000000000000000000 1.00000000000000000000 2 0 8 122 123 91 157 124 194 195 159 
159 767 1.720290000 -0.000026870 0.00000000000000000000 1.00000000000000000000 2 0 8 158 124 125 195 160 234 196 197 
160 768 1.719370000 -0.043714200 0.00000000000000000000 1.00000000000000000000 2 0 8 124 125 126 159 161 196 197 198 
161 769 1.716590000 -0.087337900 0.00000000000000000000 1.00000000000000000000 2 0 8 125 126 127 160 162 197 198 199 
162 770 1.711970000 -0.130835000 0.00000000000000000000 1.00000000000000000000 2 0 8 126 127 128 161 163 198 199 200 
163 771 1.705510000 -0.174141000 0.00000000000000000000 1.00000000000000000000 2 0 8 127 128 129 162 164 199 200 201 
164 772 1.697220000 -0.217194000 0.00000000000000000000 1.00000000000000000000 2 0 8 128 129 130 163 165 200 201 202 
165 773 1.687110000 -0.259930000 0.00000000000000000000 1.00000000000000000000 2 0 8 129 130 131 164 166 201 202 203 
166 774 1.675200000 -0.302288000 0.00000000000000000000 1.00000000000000000000 2 0 8 130 131 132 165 167 202 203 204 
167 775 1.661510000 -0.344205000 0.00000000000000000000 1.00000000000000000000 2 0 8 131 132 133 166 168 203 204 205 
168 776 1.646040000 -0.385620000 0.00000000000000000000 1.00000000000000000000 2 0 8 132 133 134 167 169 204 205 206 
169 777 1.628830000 -0.426471000 0.00000000000000000000 1.00000000000000000000 2 0 8 133 134 135 168 170 205 206 207 
170 778 1.609890000 -0.466698000 0.00000000000000000000 1.00000000000000000000 2 0 8 134 135 136 169 171 206 207 208 
171 779 1.589260000 -0.506242000 0.00000000000000000000 1.00000000000000000000 2 0 8 135 136 137 170 172 207 208 209 
172 780 1.566960000 -0.545044000 0.00000000000000000000 1.00000000000000000000 2 0 8 136 137 138 171 173 208 209 210 
173 781 1.543020000 -0.583045000 0.00000000000000000000 1.00000000000000000000 2 0 8 137 138 139 172 174 209 210 211 
174 782 1.517480000 -0.620190000 0.00000000000000000000 1.00000000000000000000 2 0 8 138 139 140 173 175 210 211 212 
175 783 1.490380000 -0.656421000 0.00000000000000000000 1.00000000000000000000 2 0 8 139 140 141 174 176 211 212 213 
176 784 1.461750000 -0.691683000 0.00000000000000000000 1.00000000000000000000 2 0 8 140 141 142 175 177 212 213 214 
177 785 1.431630000 -0.725924000 0.00000000000000000000 1.00000000000000000000 2 0 8 141 142 143 176 178 213 214 215 
178 786 1.400070000 -0.759091000 0.00000000000000000000 1.00000000000000000000 2 0 8 142 143 144 177 179 214 215 216 
179 787 1.367120000 -0.791133000 0.00000000000000000000 1.00000000000000000000 2 0 8 143 144 145 178 180 215 216 217 
180 788 1.332810000 -0.822000000 0.00000000000000000000 1.00000000000000000000 2 0 8 144 145 146 179 181 216 217 218 
181 789 1.297200000 -0.851644000 0.00000000000000000000 1.00000000000000000000 2 0 8 145 146 147 180 182 217 218 219 
182 790 1.260340000 -0.880018000 0.00000000000000000000 1.00000000000000000000 2 0 8 146 147 148 181 183 218 219 220 
183 791 1.222290000 -0.907078000 0.00000000000000000000 1.00000000000000000000 2 0 8 147 148 149 182 184 219 220 221 
184 792 1.183100000 -0.932782000 0.00000000000000000000 1.00000000000000000000 2 0 8 148 149 150 183 185 220 221 222 
185 793 1.142830000 -0.957087000 0.00000000000000000000 1.00000000000000000000 2 0 8 149 150 151 184 186 221 222 223 
186 794 1.101540000 -0.979954000 0.00000000000000000000 1.00000000000000000000 2 0 8 150 151 152 185 187 222 223 224 
187 795 1.059280000 -1.001350000 0.00000000000000000000 1.00000000000000000000 2 0 8 151 152 153 186 188 223 224 225 
188 796 1.016120000 -1.021230000 0.00000000000000000000 1.00000000000000000000 2 0 8 152 153 649 187 189 224 225 226 
189 797 0.972136000 -1.039570000 0.00000000000000000000 1.00000000000000000000 2 0 8 153 649 650 188 653 225 226 227 
190 798 1.687130000 0.259879000 0.00000000000000000000 1.00000000000000000000 2 0 8 651 652 154 656 191 228 229 230 
191 799 1.697230000 0.217142000 0.00000000000000000000 1.00000000000000000000 2 0 8 652 154 155 190 192 229 230 231 
192 800 1.705520000 0.174088000 0.00000000000000000000 1.00000000000000000000 2 0 8 154 155 156 191 193 230 231 232 
193 801 1.711970000 0.130782000 0.00000000000000000000 1.00000000000000000000 2 0 8 155 156 157 192 194 231 232 233 
194 802 1.716590000 0.087284700 0.00000000000000000000 1.00000000000000000000 2 0 8 156 157 158 193 195 232 233 234 
195 803 1.719370000 0.043660700 0.00000000000000000000 1.00000000000000000000 2 0 8 157 158 124 194 159 233 234 196 
196 804 1.791510000 -0.000029126 0.00000000000000000000 1.00000000000000000000 2 0 8 195 159 160 234 197 274 235 236 
197 805 1.790530000 -0.046763200 0.00000000000000000000 1.00000000000000000000 2 0 8 159 160 161 196 198 235 236 237 
198 806 1.787590000 -0.093429000 0.00000000000000000000 1.00000000000000000000 2 0 8 160 161 162 197 199 236 237 238 
199 807 1.782700000 -0.139958000 0.00000000000000000000 1.00000000000000000000 2 0 8 161 162 163 198 200 237 238 239 
200 808 1.775850000 -0.186283000 0.00000000000000000000 1.00000000000000000000 2 0 8 162 163 164 199 201 238 239 240 
201 809 1.767070000 -0.232335000 0.00000000000000000000 1.00000000000000000000 2 0 8 163 164 165 200 202 239 240 241 
202 810 1.756360000 -0.278047000 0.00000000000000000000 1.00000000000000000000 2 0 8 164 165 166 201 203 240 241 242 
203 811 1.743750000 -0.323352000 0.00000000000000000000 1.00000000000000000000 2 0 8 165 166 167 202 204 241 242 243 
204 812 1.729240000 -0.368183000 0.00000000000000000000 1.00000000000000000000 2 0 8 166 167 168 203 205 242 243 244 
205 813 1.712850000 -0.412475000 0.00000000000000000000 1.00000000000000000000 2 0 8 167 168 169 204 206 243 244 245 
206 814 1.694620000 -0.456161000 0.00000000000000000000 1.00000000000000000000 2 0 8 168 169 170 205 207 244 245 246 
207 815 1.674560000 -0.499178000 0.00000000000000000000 1.00000000000000000000 2 0 8 169 170 171 206 208 245 246 247 
208 816 1.652710000 -0.541460000 0.00000000000000000000 1.00000000000000000000 2 0 8 170 171 172 207 209 246 247 248 
209 817 1.629090000 -0.582945000 0.00000000000000000000 1.00000000000000000000 2 0 8 171 172 173 208 210 247 248 249 
210 818 1.603740000 -0.623571000 0.00000000000000000000 1.00000000000000000000 2 0 8 172 173 174 209 211 248 249 250 
211 819 1.576690000 -0.663277000 0.00000000000000000000 1.00000000000000000000 2 0 8 173 174 175 210 212 249 250 251 
212 820 1.547990000 -0.702003000 0.00000000000000000000 1.00000000000000000000 2 0 8 174 175 176 211 213 250 251 252 
213 821 1.517670000 -0.739689000 0.00000000000000000000 1.00000000000000000000 2 0 8 175 176 177 212 214 251 252 253 
214 822 1.485780000 -0.776280000 0.00000000000000000000 1.00000000000000000000 2 0 8 176 177 178 213 215 252 253 254 
215 823 1.452370000 -0.811718000 0.00000000000000000000 1.00000000000000000000 2 0 8 177 178 179 214 216 253 254 255 
216 824 1.417470000 -0.845949000 0.00000000000000000000 1.00000000000000000000 2 0 8 178 179 180 215 217 254 255 256 
217 825 1.381150000 -0.878921000 0.00000000000000000000 1.00000000000000000000 2 0 8 179 180 181 216 218 255 256 257 
218 826 1.343450000 -0.910581000 0.00000000000000000000 1.00000000000000000000 2 0 8 180 181 182 217 219 256 257 258 
219 827 1.304430000 -0.940881000 0.00000000000000000000 1.00000000000000000000 2 0 8 181 182 183 218 220 257 258 259 
220 828 1.264150000 -0.969773000 0.00000000000000000000 1.00000000000000000000 2 0 8 182 183 184 219 221 258 259 260 
221 829 1.222670000 -0.997210000 0.00000000000000000000 1.00000000000000000000 2 0 8 183 184 185 220 222 259 260 261 
222 830 1.180040000 -1.023150000 0.00000000000000000000 1.00000000000000000000 2 0 8 184 185 186 221 223 260 261 262 
223 831 1.136340000 -1.047550000 0.00000000000000000000 1.00000000000000000000 2 0 8 185 186 187 222 224 261 262 263 
224 832 1.091610000 -1.070370000 0.00000000000000000000 1.00000000000000000000 2 0 8 186 187 188 223 225 262 263 264 
225 833 1.045940000 -1.091580000 0.00000000000000000000 1.00000000000000000000 2 0 8 187 188 189 224 226 263 264 265 
226 834 0.999394000 -1.111130000 0.00000000000000000000 1.00000000000000000000 2 0 8 188 189 653 225 227 264 265 266 
227 835 0.952034000 -1.129000000 0.00000000000000000000 1.00000000000000000000 2 0 8 189 653 654 226 657 265 266 267 
228 836 1.743760000 0.323297000 0.00000000000000000000 1.00000000000000000000 2 0 8 655 656 190 659 229 662 268 269 
229 837 1.756380000 0.277991000 0.00000000000000000000 1.00000000000000000000 2 0 8 656 190 191 228 230 268 269 270 
230 838 1.767080000 0.232278000 0.00000000000000000000 1.00000000000000000000 2 0 8 190 191 192 229 231 269 270 271 
231 839 1.775860000 0.186226000 0.00000000000000000000 1.00000000000000000000 2 0 8 191 192 193 230 232 270 271 272 
232 840 1.782700000 0.139901000 0.00000000000000000000 1.00000000000000000000 2 0 8 192 193 194 231 233 271 272 273 
233 841 1.787590000 0.093371200 0.00000000000000000000 1.00000000000000000000 2 0 8 193 194 195 232 234 272 273 274 
234 842 1.790530000 0.046705300 0.00000000000000000000 1.00000000000000000000 2 0 8 194 195 159 233 196 273 274 235 
235 843 1.867600000 -0.000031454 0.00000000000000000000 1.00000000000000000000 2 0 8 234 196 197 274 236 315 275 276 
236 844 1.866560000 -0.049988100 0.00000000000000000000 1.00000000000000000000 2 0 8 196 197 198 235 237 275 276 277 
237 845 1.863440000 -0.099871500 0.00000000000000000000 1.00000000000000000000 2 0 8 197 198 199 236 238 276 277 278 
238 846 1.858260000 -0.149608000 0.00000000000000000000 1.00000000000000000000 2 0 8 198 199 200 237 239 277 278 279 
239 847 1.851000000 -0.199125000 0.00000000000000000000 1.00000000000000000000 2 0 8 199 200 201 238 240 278 279 280 
240 848 1.841700000 -0.248350000 0.00000000000000000000 1.00000000000000000000 2 0 8 200 201 202 239 241 279 280 281 
241 849 1.830350000 -0.297209000 0.00000000000000000000 1.00000000000000000000 2 0 8 201 202 203 240 242 280 281 282 
242 850 1.816980000 -0.345632000 0.00000000000000000000 1.00000000000000000000 2 0 8 202 203 204 241 243 281 282 283 
243 851 1.801600000 -0.393546000 0.00000000000000000000 1.00000000000000000000 2 0 8 203 204 205 242 244 282 283 284 
244 852 1.784230000 -0.440881000 0.00000000000000000000 1.00000000000000000000 2 0 8 204 205 206 243 245 283 284 285 
245 853 1.764910000 -0.487567000 0.00000000000000000000 1.00000000000000000000 2 0 8 205 206 207 244 246 284 285 286 
246 854 1.743650000 -0.533533000 0.00000000000000000000 1.00000000000000000000 2 0 8 206 207 208 245 247 285 286 287 
247 855 1.720500000 -0.578713000 0.00000000000000000000 1.00000000000000000000 2 0 8 207 208 209 246 248 286 287 288 
248 856 1.695470000 -0.623037000 0.00000000000000000000 1.00000000000000000000 2 0 8 208 209 210 247 249 287 288 289 
249 857 1.668610000 -0.666439000 0.00000000000000000000 1.00000000000000000000 2 0 8 209 210 211 248 250 288 289 290 
250 858 1.639950000 -0.708855000 0.00000000000000000000 1.00000000000000000000 2 0 8 210 211 212 249 251 289 290 291 
251 859 1.609540000 -0.750220000 0.00000000000000000000 1.00000000000000000000 2 0 8 211 212 213 250 252 290 291 292 
252 860 1.577420000 -0.790471000 0.00000000000000000000 1.00000000000000000000 2 0 8 212 213 214 251 253 291 292 293 
253 861 1.543630000 -0.829548000 0.00000000000000000000 1.00000000000000000000 2 0 8 213 214 215 252 254 292 293 294 
254 862 1.508230000 -0.867389000 0.00000000000000000000 1.00000000000000000000 2 0 8 214 215 216 253 255 293 294 295 
255 863 1.471260000 -0.903937000 0.00000000000000000000 1.00000000000000000000 2 0 8 215 216 217 254 256 294 295 296 
256 864 1.432790000 -0.939136000 0.00000000000000000000 1.00000000000000000000 2 0 8 216 217 218 255 257 295 296 297 
257 865 1.392860000 -0.972930000 0.00000000000000000000 1.00000000000000000000 2 0 8 217 218 219 256 258 296 297 298 
258 866 1.351530000 -1.005270000 0.00000000000000000000 1.00000000000000000000 2 0 8 218 219 220 257 259 297 298 299 
259 867 1.308870000 -1.036100000 0.00000000000000000000 1.00000000000000000000 2 0 8 219 220 221 258 260 298 299 300 
260 868 1.264930000 -1.065370000 0.00000000000000000000 1.00000000000000000000 2 0 8 220 221 222 259 261 299 300 301 
261 869 1.219790000 -1.093040000 0.00000000000000000000 1.00000000000000000000 2 0 8 221 222 223 260 262 300 301 302 
262 870 1.173510000 -1.119060000 0.00000000000000000000 1.00000000000000000000 2 0 8 222 223 224 261 263 301 302 303 
263 871 1.126150000 -1.143390000 0.00000000000000000000 1.00000000000000000000 2 0 8 223 224 225 262 264 302 303 304 
264 872 1.077800000 -1.166000000 0.00000000000000000000 1.00000000000000000000 2 0 8 224 225 226 263 265 303 304 305 
265 873 1.028510000 -1.186840000 0.00000000000000000000 1.00000000000000000000 2 0 8 225 226 227 264 266 304 305 306 
266 874 0.978369000 -1.205870000 0.00000000000000000000 1.00000000000000000000 2 0 8 226 227 657 265 267 305 306 307 
267 875 0.927447000 -1.223070000 0.00000000000000000000 1.00000000000000000000 2 0 8 227 657 658 266 660 306 307 308 
268 876 1.816990000 0.345572000 0.00000000000000000000 1.00000000000000000000 2 0 8 659 228 229 662 269 665 309 310 
269 877 1.830360000 0.297149000 0.00000000000000000000 1.00000000000000000000 2 0 8 228 229 230 268 270 309 310 311 
270 878 1.841710000 0.248289000 0.00000000000000000000 1.00000000000000000000 2 0 8 229 230 231 269 271 310 311 312 
271 879 1.851010000 0.199064000 0.00000000000000000000 1.00000000000000000000 2 0 8 230 231 232 270 272 311 312 313 
272 880 1.858260000 0.149546000 0.00000000000000000000 1.00000000000000000000 2 0 8 231 232 233 271 273 312 313 314 
273 881 1.863450000 0.099809100 0.00000000000000000000 1.00000000000000000000 2 0 8 232 233 234 272 274 313 314 315 
274 882 1.866560000 0.049925600 0.00000000000000000000 1.00000000000000000000 2 0 8 233 234 196 273 235 314 315 275 
275 883 1.948840000 -0.000033848 0.00000000000000000000 1.00000000000000000000 2 0 8 274 235 236 315 276 357 316 317 
276 884 1.947740000 -0.053401000 0.00000000000000000000 1.00000000000000000000 2 0 8 235 236 237 275 277 316 317 318 
277 885 1.944430000 -0.106690000 0.00000000000000000000 1.00000000000000000000 2 0 8 236 237 238 276 278 317 318 319 
278 886 1.938930000 -0.159821000 0.00000000000000000000 1.00000000000000000000 2 0 8 237 238 239 277 279 318 319 320 
279 887 1.931240000 -0.212716000 0.00000000000000000000 1.00000000000000000000 2 0 8 238 239 240 278 280 319 320 321 
280 888 1.921370000 -0.265298000 0.00000000000000000000 1.00000000000000000000 2 0 8 239 240 241 279 281 320 321 322 
281 889 1.909340000 -0.317489000 0.00000000000000000000 1.00000000000000000000 2 0 8 240 241 242 280 282 321 322 323 
282 890 1.895160000 -0.369211000 0.00000000000000000000 1.00000000000000000000 2 0 8 241 242 243 281 283 322 323 324 
283 891 1.878850000 -0.420389000 0.00000000000000000000 1.00000000000000000000 2 0 8 242 243 244 282 284 323 324 325 
284 892 1.860440000 -0.470945000 0.00000000000000000000 1.00000000000000000000 2 0 8 243 244 245 283 285 324 325 326 
285 893 1.839960000 -0.520804000 0.00000000000000000000 1.00000000000000000000 2 0 8 244 245 246 284 286 325 326 327 
286 894 1.817420000 -0.569894000 0.00000000000000000000 1.00000000000000000000 2 0 8 245 246 247 285 287 326 327 328 
287 895 1.792870000 -0.618139000 0.00000000000000000000 1.00000000000000000000 2 0 8 246 247 248 286 288 327 328 329 
288 896 1.766340000 -0.665468000 0.00000000000000000000 1.00000000000000000000 2 0 8 247 248 249 287 289 328 329 330 
289 897 1.737860000 -0.711810000 0.00000000000000000000 1.00000000000000000000 2 0 8 248 249 250 288 290 329 330 331 
290 898 1.707490000 -0.757095000 0.00000000000000000000 1.00000000000000000000 2 0 8 249 250 251 289 291 330 331 332 
291 899 1.675250000 -0.801253000 0.00000000000000000000 1.00000000000000000000 2 0 8 250 251 252 290 292 331 332 333 
292 900 1.641200000 -0.844219000 0.00000000000000000000 1.00000000000000000000 2 0 8 251 252 253 291 293 332 333 334 
293 901 1.605390000 -0.885927000 0.00000000000000000000 1.00000000000000000000 2 0 8 252 253 254 292 294 333 334 335 
294 902 1.567870000 -0.926312000 0.00000000000000000000 1.00000000000000000000 2 0 8 253 254 255 293 295 334 335 336 
295 903 1.528700000 -0.965313000 0.00000000000000000000 1.00000000000000000000 2 0 8 254 255 256 294 296 335 336 337 
296 904 1.487920000 -1.002870000 0.00000000000000000000 1.00000000000000000000 2 0 8 255 256 257 295 297 336 337 338 
297 905 1.445610000 -1.038920000 0.00000000000000000000 1.00000000000000000000 2 0 8 256 257 258 296 298 337 338 339 
298 906 1.401810000 -1.073420000 0.00000000000000000000 1.00000000000000000000 2 0 8 257 258 259 297 299 338 339 340 
299 907 1.356610000 -1.106300000 0.00000000000000000000 1.00000000000000000000 2 0 8 258 259 260 298 300 339 340 341 
300 908 1.310060000 -1.137520000 0.00000000000000000000 1.00000000000000000000 2 0 8 259 260 261 299 301 340 341 342 
301 909 1.262230000 -1.167020000 0.00000000000000000000 1.00000000000000000000 2 0 8 260 261 262 300 302 341 342 343 
302 910 1.213200000 -1.194760000 0.00000000000000000000 1.00000000000000000000 2 0 8 261 262 263 301 303 342 343 344 
303 911 1.163030000 -1.220690000 0.00000000000000000000 1.00000000000000000000 2 0 8 262 263 264 302 304 343 344 345 
304 912 1.111800000 -1.244780000 0.00000000000000000000 1.00000000000000000000 2 0 8 263 264 265 303 305 344 345 346 
305 913 1.059590000 -1.266970000 0.00000000000000000000 1.00000000000000000000 2 0 8 264 265 266 304 306 345 346 347 
306 914 1.006480000 -1.287240000 0.00000000000000000000 1.00000000000000000000 2 0 8 265 266 267 305 307 346 347 348 
307 915 0.952549000 -1.305560000 0.00000000000000000000 1.00000000000000000000 2 0 8 266 267 660 306 308 347 348 349 
308 916 0.897872000 -1.321880000 0.00000000000000000000 1.00000000000000000000 2 0 8 267 660 661 307 663 348 349 350 
309 917 1.895180000 0.369147000 0.00000000000000000000 1.00000000000000000000 2 0 8 662 268 269 665 310 667 351 352 
310 918 1.909350000 0.317424000 0.00000000000000000000 1.00000000000000000000 2 0 8 268 269 270 309 311 351 352 353 
311 919 1.921380000 0.265233000 0.00000000000000000000 1.00000000000000000000 2 0 8 269 270 271 310 312 352 353 354 
312 920 1.931250000 0.212650000 0.00000000000000000000 1.00000000000000000000 2 0 8 270 271 272 311 313 353 354 355 
313 921 1.938940000 0.159754000 0.00000000000000000000 1.00000000000000000000 2 0 8 271 272 273 312 314 354 355 356 
314 922 1.944440000 0.106622000 0.00000000000000000000 1.00000000000000000000 2 0 8 272 273 274 313 315 355 356 357 
315 923 1.947740000 0.053333700 0.00000000000000000000 1.00000000000000000000 2 0 8 273 274 235 314 275 356 357 316 
316 924 2.035530000 -0.000036300 0.00000000000000000000 1.00000000000000000000 2 0 8 315 275 276 357 317 398 358 359 
317 925 2.034360000 -0.057014700 0.00000000000000000000 1.00000000000000000000 2 0 8 275 276 277 316 318 358 359 360 
318 926 2.030850000 -0.113909000 0.00000000000000000000 1.00000000000000000000 2 0 8 276 277 278 317 319 359 360 361 
319 927 2.025020000 -0.170634000 0.00000000000000000000 1.00000000000000000000 2 0 8 277 278 279 318 320 360 361 362 
320 928 2.016860000 -0.227107000 0.00000000000000000000 1.00000000000000000000 2 0 8 278 279 280 319 321 361 362 363 
321 929 2.006390000 -0.283244000 0.00000000000000000000 1.00000000000000000000 2 0 8 279 280 281 320 322 362 363 364 
322 930 1.993630000 -0.338962000 0.00000000000000000000 1.00000000000000000000 2 0 8 280 281 282 321 323 363 364 365 
323 931 1.978590000 -0.394178000 0.00000000000000000000 1.00000000000000000000 2 0 8 281 282 283 322 324 364 365 366 
324 932 1.961300000 -0.448811000 0.00000000000000000000 1.00000000000000000000 2 0 8 282 283 284 323 325 365 366 367 
325 933 1.941770000 -0.502777000 0.00000000000000000000 1.00000000000000000000 2 0 8 283 284 285 324 326 366 367 368 
326 934 1.920040000 -0.555999000 0.00000000000000000000 1.00000000000000000000 2 0 8 284 285 286 325 327 367 368 369 
327 935 1.896140000 -0.608395000 0.00000000000000000000 1.00000000000000000000 2 0 8 285 286 287 326 328 368 369 370 
328 936 1.870100000 -0.659887000 0.00000000000000000000 1.00000000000000000000 2 0 8 286 287 288 327 329 369 370 371 
329 937 1.841970000 -0.710398000 0.00000000000000000000 1.00000000000000000000 2 0 8 287 288 289 328 330 370 371 372 
330 938 1.811770000 -0.759853000 0.00000000000000000000 1.00000000000000000000 2 0 8 288 289 290 329 331 371 372 373 
331 939 1.779550000 -0.808175000 0.00000000000000000000 1.00000000000000000000 2 0 8 289 290 291 330 332 372 373 374 
332 940 1.745370000 -0.855293000 0.00000000000000000000 1.00000000000000000000 2 0 8 290 291 292 331 333 373 374 375 
333 941 1.709270000 -0.901134000 0.00000000000000000000 1.00000000000000000000 2 0 8 291 292 293 332 334 374 375 376 
334 942 1.671300000 -0.945628000 0.00000000000000000000 1.00000000000000000000 2 0 8 292 293 294 333 335 375 376 377 
335 943 1.631520000 -0.988708000 0.00000000000000000000 1.00000000000000000000 2 0 8 293 294 295 334 336 376 377 378 
336 944 1.589980000 -1.030310000 0.00000000000000000000 1.00000000000000000000 2 0 8 294 295 296 335 337 377 378 379 
337 945 1.546750000 -1.070360000 0.00000000000000000000 1.00000000000000000000 2 0 8 295 296 297 336 338 378 379 380 
338 946 1.501890000 -1.108810000 0.00000000000000000000 1.00000000000000000000 2 0 8 296 297 298 337 339 379 380 381 
339 947 1.455470000 -1.145590000 0.00000000000000000000 1.00000000000000000000 2 0 8 297 298 299 338 340 380 381 382 
340 948 1.407550000 -1.180640000 0.00000000000000000000 1.00000000000000000000 2 0 8 298 299 300 339 341 381 382 383 
341 949 1.358210000 -1.213920000 0.00000000000000000000 1.00000000000000000000 2 0 8 299 300 301 340 342 382 383 384 
342 950 1.307510000 -1.245360000 0.00000000000000000000 1.00000000000000000000 2 0 8 300 301 302 341 343 383 384 385 
343 951 1.255540000 -1.274920000 0.00000000000000000000 1.00000000000000000000 2 0 8 301 302 303 342 344 384 385 386 
344 952 1.202370000 -1.302550000 0.00000000000000000000 1.00000000000000000000 2 0 8 302 303 304 343 345 385 386 387 
345 953 1.148090000 -1.328200000 0.00000000000000000000 1.00000000000000000000 2 0 8 303 304 305 344 346 386 387 388 
346 954 1.092760000 -1.351840000 0.00000000000000000000 1.00000000000000000000 2 0 8 304 305 306 345 347 387 388 389 
347 955 1.036480000 -1.373420000 0.00000000000000000000 1.00000000000000000000 2 0 8 305 306 307 346 348 388 389 390 
348 956 0.979331000 -1.392910000 0.00000000000000000000 1.00000000000000000000 2 0 8 306 307 308 347 349 389 390 391 
349 957 0.921398000 -1.410270000 0.00000000000000000000 1.00000000000000000000 2 0 8 307 308 663 348 350 390 391 392 
350 958 0.862769000 -1.425490000 0.00000000000000000000 1.00000000000000000000 2 0 8 308 663 664 349 666 391 392 668 
351 959 1.978610000 0.394110000 0.00000000000000000000 1.00000000000000000000 2 0 8 665 309 310 667 352 669 670 393 
352 960 1.993650000 0.338893000 0.00000000000000000000 1.00000000000000000000 2 0 8 309 310 311 351 353 670 393 394 
353 961 2.006410000 0.283174000 0.00000000000000000000 1.00000000000000000000 2 0 8 310 311 312 352 354 393 394 395 
354 962 2.016870000 0.227036000 0.00000000000000000000 1.00000000000000000000 2 0 8 311 312 313 353 355 394 395 396 
355 963 2.025030000 0.170563000 0.00000000000000000000 1.00000000000000000000 2 0 8 312 313 314 354 356 395 396 397 
356 964 2.030860000 0.113837000 0.00000000000000000000 1.00000000000000000000 2 0 8 313 314 315 355 357 396 397 398 
357 965 2.034360000 0.056942400 0.00000000000000000000 1.00000000000000000000 2 0 8 314 315 275 356 316 397 398 358 
358 966 2.127990000 -0.000038801 0.00000000000000000000 1.00000000000000000000 2 0 8 357 316 317 398 359 437 399 400 
359 967 2.126750000 -0.060842500 0.00000000000000000000 1.00000000000000000000 2 0 8 316 317 318 358 360 399 400 401 
360 968 2.123030000 -0.121556000 0.00000000000000000000 1.00000000000000000000 2 0 8 317 318 319 359 361 400 401 402 
361 969 2.116840000 -0.182089000 0.00000000000000000000 1.00000000000000000000 2 0 8 318 319 320 360 362 401 402 403 
362 970 2.108180000 -0.242352000 0.00000000000000000000 1.00000000000000000000 2 0 8 319 320 321 361 363 402 403 404 
363 971 2.097080000 -0.302255000 0.00000000000000000000 1.00000000000000000000 2 0 8 320 321 322 362 364 403 404 405 
364 972 2.083540000 -0.361709000 0.00000000000000000000 1.00000000000000000000 2 0 8 321 322 323 363 365 404 405 406 
365 973 2.067580000 -0.420626000 0.00000000000000000000 1.00000000000000000000 2 0 8 322 323 324 364 366 405 406 407 
366 974 2.049230000 -0.478919000 0.00000000000000000000 1.00000000000000000000 2 0 8 323 324 325 365 367 406 407 408 
367 975 2.028510000 -0.536499000 0.00000000000000000000 1.00000000000000000000 2 0 8 324 325 326 366 368 407 408 409 
368 976 2.005460000 -0.593281000 0.00000000000000000000 1.00000000000000000000 2 0 8 325 326 327 367 369 408 409 410 
369 977 1.980100000 -0.649180000 0.00000000000000000000 1.00000000000000000000 2 0 8 326 327 328 368 370 409 410 411 
370 978 1.952480000 -0.704112000 0.00000000000000000000 1.00000000000000000000 2 0 8 327 328 329 369 371 410 411 412 
371 979 1.922630000 -0.757995000 0.00000000000000000000 1.00000000000000000000 2 0 8 328 329 330 370 372 411 412 413 
372 980 1.890590000 -0.810747000 0.00000000000000000000 1.00000000000000000000 2 0 8 329 330 331 371 373 412 413 414 
373 981 1.856420000 -0.862288000 0.00000000000000000000 1.00000000000000000000 2 0 8 330 331 332 372 374 413 414 415 
374 982 1.820160000 -0.912540000 0.00000000000000000000 1.00000000000000000000 2 0 8 331 332 333 373 375 414 415 416 
375 983 1.781870000 -0.961427000 0.00000000000000000000 1.00000000000000000000 2 0 8 332 333 334 374 376 415 416 417 
376 984 1.741600000 -1.008870000 0.00000000000000000000 1.00000000000000000000 2 0 8 333 334 335 375 377 416 417 418 
377 985 1.699400000 -1.054810000 0.00000000000000000000 1.00000000000000000000 2 0 8 334 335 336 376 378 417 418 419 
378 986 1.655350000 -1.099160000 0.00000000000000000000 1.00000000000000000000 2 0 8 335 336 337 377 379 418 419 420 
379 987 1.609500000 -1.141860000 0.00000000000000000000 1.00000000000000000000 2 0 8 336 337 338 378 380 419 420 421 
380 988 1.561930000 -1.182840000 0.00000000000000000000 1.00000000000000000000 2 0 8 337 338 339 379 381 420 421 422 
381 989 1.512700000 -1.222040000 0.00000000000000000000 1.00000000000000000000 2 0 8 338 339 340 380 382 421 422 423 
382 990 1.461880000 -1.259400000 0.00000000000000000000 1.00000000000000000000 2 0 8 339 340 341 381 383 422 423 424 
383 991 1.409560000 -1.294860000 0.00000000000000000000 1.00000000000000000000 2 0 8 340 341 342 382 384 423 424 425 
384 992 1.355810000 -1.328350000 0.00000000000000000000 1.00000000000000000000 2 0 8 341 342 343 383 385 424 425 426 
385 993 1.300710000 -1.359840000 0.00000000000000000000 1.00000000000000000000 2 0 8 342 343 344 384 386 425 426 427 
386 994 1.244340000 -1.389270000 0.00000000000000000000 1.00000000000000000000 2 0 8 343 344 345 385 387 426 427 428 
387 995 1.186790000 -1.416580000 0.00000000000000000000 1.00000000000000000000 2 0 8 344 345 346 386 388 427 428 429 
388 996 1.128130000 -1.441750000 0.00000000000000000000 1.00000000000000000000 2 0 8 345 346 347 387 389 428 429 430 
389 997 1.068470000 -1.464720000 0.00000000000000000000 1.00000000000000000000 2 0 8 346 347 348 388 390 429 430 431 
390 998 1.007890000 -1.485450000 0.00000000000000000000 1.00000000000000000000 2 0 8 347 348 349 389 391 430 431 432 
391 999 0.946488000 -1.503920000 0.00000000000000000000 1.00000000000000000000 2 0 8 348 349 350 390 392 431 432 671 
392 1000 0.884347000 -1.520100000 0.00000000000000000000 1.00000000000000000000 2 0 8 349 350 666 391 668 432 671 672 
393 1001 2.083550000 0.361635000 0.00000000000000000000 1.00000000000000000000 2 0 8 351 352 353 670 394 673 674 433 
394 1002 2.097090000 0.302180000 0.00000000000000000000 1.00000000000000000000 2 0 8 352 353 354 393 395 674 433 434 
395 1003 2.108200000 0.242276000 0.00000000000000000000 1.00000000000000000000 2 0 8 353 354 355 394 396 433 434 435 
396 1004 2.116850000 0.182012000 0.00000000000000000000 1.00000000000000000000 2 0 8 354 355 356 395 397 434 435 436 
397 1005 2.123040000 0.121479000 0.00000000000000000000 1.00000000000000000000 2 0 8 355 356 357 396 398 435 436 437 
398 1006 2.126750000 0.060765300 0.00000000000000000000 1.00000000000000000000 2 0 8 356 357 316 397 358 436 437 399 
399 1007 2.226580000 -0.000041339 0.00000000000000000000 1.00000000000000000000 2 0 8 398 358 359 437 400 474 438 439 
400 1008 2.225260000 -0.064898800 0.00000000000000000000 1.00000000000000000000 2 0 8 358 359 360 399 401 438 439 440 
401 1009 2.221310000 -0.129660000 0.00000000000000000000 1.00000000000000000000 2 0 8 359 360 361 400 402 439 440 441 
402 1010 2.214740000 -0.194228000 0.00000000000000000000 1.00000000000000000000 2 0 8 360 361 362 401 403 440 441 442 
403 1011 2.205550000 -0.258507000 0.00000000000000000000 1.00000000000000000000 2 0 8 361 362 363 402 404 441 442 443 
404 1012 2.193760000 -0.322401000 0.00000000000000000000 1.00000000000000000000 2 0 8 362 363 364 403 405 442 443 444 
405 1013 2.179390000 -0.385815000 0.00000000000000000000 1.00000000000000000000 2 0 8 363 364 365 404 406 443 444 445 
406 1014 2.162450000 -0.448654000 0.00000000000000000000 1.00000000000000000000 2 0 8 364 365 366 405 407 444 445 446 
407 1015 2.142980000 -0.510825000 0.00000000000000000000 1.00000000000000000000 2 0 8 365 366 367 406 408 445 446 447 
408 1016 2.120990000 -0.572235000 0.00000000000000000000 1.00000000000000000000 2 0 8 366 367 368 407 409 446 447 448 
409 1017 2.096530000 -0.632791000 0.00000000000000000000 1.00000000000000000000 2 0 8 367 368 369 408 410 447 448 449 
410 1018 2.069620000 -0.692402000 0.00000000000000000000 1.00000000000000000000 2 0 8 368 369 370 409 411 448 449 450 
411 1019 2.040310000 -0.750980000 0.00000000000000000000 1.00000000000000000000 2 0 8 369 370 371 410 412 449 450 451 
412 1020 2.008630000 -0.808436000 0.00000000000000000000 1.00000000000000000000 2 0 8 370 371 372 411 413 450 451 452 
413 1021 1.974640000 -0.864682000 0.00000000000000000000 1.00000000000000000000 2 0 8 371 372 373 412 414 451 452 453 
414 1022 1.938380000 -0.919634000 0.00000000000000000000 1.00000000000000000000 2 0 8 372 373 374 413 415 452 453 454 
415 1023 1.899900000 -0.973209000 0.00000000000000000000 1.00000000000000000000 2 0 8 373 374 375 414 416 453 454 455 
416 1024 1.859270000 -1.025320000 0.00000000000000000000 1.00000000000000000000 2 0 8 374 375 376 415 417 454 455 456 
417 1025 1.816540000 -1.075900000 0.00000000000000000000 1.00000000000000000000 2 0 8 375 376 377 416 418 455 456 457 
418 1026 1.771770000 -1.124860000 0.00000000000000000000 1.00000000000000000000 2 0 8 376 377 378 417 419 456 457 458 
419 1027 1.725040000 -1.172130000 0.00000000000000000000 1.00000000000000000000 2 0 8 377 378 379 418 420 457 458 459 
420 1028 1.676400000 -1.217640000 0.00000000000000000000 1.00000000000000000000 2 0 8 378 379 380 419 421 458 459 460 
421 1029 1.625930000 -1.261300000 0.00000000000000000000 1.00000000000000000000 2 0 8 379 380 381 420 422 459 460 461 
422 1030 1.573710000 -1.303070000 0.00000000000000000000 1.00000000000000000000 2 0 8 380 381 382 421 423 460 461 462 
423 1031 1.519810000 -1.342870000 0.00000000000000000000 1.00000000000000000000 2 0 8 381 382 383 422 424 461 462 463 
424 1032 1.464310000 -1.380640000 0.00000000000000000000 1.00000000000000000000 2 0 8 382 383 384 423 425 462 463 464 
425 1033 1.407300000 -1.416320000 0.00000000000000000000 1.00000000000000000000 2 0 8 383 384 385 424 426 463 464 465 
426 1034 1.348860000 -1.449850000 0.00000000000000000000 1.00000000000000000000 2 0 8 384 385 386 425 427 464 465 466 
427 1035 1.289080000 -1.481180000 0.00000000000000000000 1.00000000000000000000 2 0 8 385 386 387 426 428 465 466 467 
428 1036 1.228040000 -1.510260000 0.00000000000000000000 1.00000000000000000000 2 0 8 386 387 388 427 429 466 467 468 
429 1037 1.165840000 -1.537040000 0.00000000000000000000 1.00000000000000000000 2 0 8 387 388 389 428 430 467 468 469 
430 1038 1.102580000 -1.561480000 0.00000000000000000000 1.00000000000000000000 2 0 8 388 389 390 429 431 468 469 470 
431 1039 1.038340000 -1.583540000 0.00000000000000000000 1.00000000000000000000 2 0 8 389 390 391 430 432 469 470 675 
432 1040 0.973235000 -1.603180000 0.00000000000000000000 1.00000000000000000000 2 0 8 390 391 392 431 671 470 675 676 
433 1041 2.193780000 0.322320000 0.00000000000000000000 1.00000000000000000000 2 0 8 393 394 395 674 434 677 678 471 
434 1042 2.205560000 0.258426000 0.00000000000000000000 1.00000000000000000000 2 0 8 394 395 396 433 435 678 471 472 
435 1043 2.214750000 0.194146000 0.00000000000000000000 1.00000000000000000000 2 0 8 395 396 397 434 436 471 472 473 
436 1044 2.221310000 0.129578000 0.00000000000000000000 1.00000000000000000000 2 0 8 396 397 398 435 437 472 473 474 
437 1045 2.225260000 0.064816600 0.00000000000000000000 1.00000000000000000000 2 0 8 397 398 358 436 399 473 474 438 
438 1046 2.331640000 -0.000043903 0.00000000000000000000 1.00000000000000000000 2 0 8 437 399 400 474 439 507 475 476 
439 1047 2.330240000 -0.069198800 0.00000000000000000000 1.00000000000000000000 2 0 8 399 400 401 438 440 475 476 477 
440 1048 2.326050000 -0.138250000 0.00000000000000000000 1.00000000000000000000 2 0 8 400 401 402 439 441 476 477 478 
441 1049 2.319070000 -0.207096000 0.00000000000000000000 1.00000000000000000000 2 0 8 401 402 403 440 442 477 478 479 
442 1050 2.309320000 -0.275632000 0.00000000000000000000 1.00000000000000000000 2 0 8 402 403 404 441 443 478 479 480 
443 1051 2.296810000 -0.343757000 0.00000000000000000000 1.00000000000000000000 2 0 8 403 404 405 442 444 479 480 481 
444 1052 2.281550000 -0.411369000 0.00000000000000000000 1.00000000000000000000 2 0 8 404 405 406 443 445 480 481 482 
445 1053 2.263570000 -0.478366000 0.00000000000000000000 1.00000000000000000000 2 0 8 405 406 407 444 446 481 482 483 
446 1054 2.242900000 -0.544649000 0.00000000000000000000 1.00000000000000000000 2 0 8 406 407 408 445 447 482 483 484 
447 1055 2.219560000 -0.610118000 0.00000000000000000000 1.00000000000000000000 2 0 8 407 408 409 446 448 483 484 485 
448 1056 2.193590000 -0.674675000 0.00000000000000000000 1.00000000000000000000 2 0 8 408 409 410 447 449 484 485 486 
449 1057 2.165030000 -0.738223000 0.00000000000000000000 1.00000000000000000000 2 0 8 409 410 411 448 450 485 486 487 
450 1058 2.133910000 -0.800666000 0.00000000000000000000 1.00000000000000000000 2 0 8 410 411 412 449 451 486 487 488 
451 1059 2.100290000 -0.861909000 0.00000000000000000000 1.00000000000000000000 2 0 8 411 412 413 450 452 487 488 489 
452 1060 2.064210000 -0.921861000 0.00000000000000000000 1.00000000000000000000 2 0 8 412 413 414 451 453 488 489 490 
453 1061 2.025720000 -0.980429000 0.00000000000000000000 1.00000000000000000000 2 0 8 413 414 415 452 454 489 490 491 
454 1062 1.984890000 -1.037530000 0.00000000000000000000 1.00000000000000000000 2 0 8 414 415 416 453 455 490 491 492 
455 1063 1.941760000 -1.093060000 0.00000000000000000000 1.00000000000000000000 2 0 8 415 416 417 454 456 491 492 493 
456 1064 1.896410000 -1.146960000 0.00000000000000000000 1.00000000000000000000 2 0 8 416 417 418 455 457 492 493 494 
457 1065 1.848910000 -1.199130000 0.00000000000000000000 1.00000000000000000000 2 0 8 417 418 419 456 458 493 494 495 
458 1066 1.799310000 -1.249490000 0.00000000000000000000 1.00000000000000000000 2 0 8 418 419 420 457 459 494 495 496 
459 1067 1.747700000 -1.297970000 0.00000000000000000000 1.00000000000000000000 2 0 8 419 420 421 458 460 495 496 497 
460 1068 1.694150000 -1.344490000 0.00000000000000000000 1.00000000000000000000 2 0 8 420 421 422 459 461 496 497 498 
461 1069 1.638730000 -1.388980000 0.00000000000000000000 1.00000000000000000000 2 0 8 421 422 423 460 462 497 498 499 
462 1070 1.581550000 -1.431360000 0.00000000000000000000 1.00000000000000000000 2 0 8 422 423 424 461 463 498 499 500 
463 1071 1.522660000 -1.471580000 0.00000000000000000000 1.00000000000000000000 2 0 8 423 424 425 462 464 499 500 501 
464 1072 1.462180000 -1.509570000 0.00000000000000000000 1.00000000000000000000 2 0 8 424 425 426 463 465 500 501 502 
465 1073 1.400180000 -1.545270000 0.00000000000000000000 1.00000000000000000000 2 0 8 425 426 427 464 466 501 502 503 
466 1074 1.336760000 -1.578620000 0.00000000000000000000 1.00000000000000000000 2 0 8 426 427 428 465 467 502 503 504 
467 1075 1.272010000 -1.609570000 0.00000000000000000000 1.00000000000000000000 2 0 8 427 428 429 466 468 503 504 679 
468 1076 1.206030000 -1.638060000 0.00000000000000000000 1.00000000000000000000 2 0 8 428 429 430 467 469 504 679 680 
469 1077 1.138930000 -1.664060000 0.00000000000000000000 1.00000000000000000000 2 0 8 429 430 431 468 470 679 680 681 
470 1078 1.070800000 -1.687530000 0.00000000000000000000 1.00000000000000000000 2 0 8 430 431 432 469 675 680 681 682 
471 1079 2.309330000 0.275546000 0.00000000000000000000 1.00000000000000000000 2 0 8 433 434 435 678 472 683 684 505 
472 1080 2.319080000 0.207009000 0.00000000000000000000 1.00000000000000000000 2 0 8 434 435 436 471 473 684 505 506 
473 1081 2.326060000 0.138163000 0.00000000000000000000 1.00000000000000000000 2 0 8 435 436 437 472 474 505 506 507 
474 1082 2.330240000 0.069111400 0.00000000000000000000 1.00000000000000000000 2 0 8 436 437 399 473 438 506 507 475 
475 1083 2.443590000 -0.000046478 0.00000000000000000000 1.00000000000000000000 2 0 8 474 438 439 507 476 538 508 509 
476 1084 2.442100000 -0.073758500 0.00000000000000000000 1.00000000000000000000 2 0 8 438 439 440 475 477 508 509 510 
477 1085 2.437650000 -0.147360000 0.00000000000000000000 1.00000000000000000000 2 0 8 439 440 441 476 478 509 510 511 
478 1086 2.430240000 -0.220741000 0.00000000000000000000 1.00000000000000000000 2 0 8 440 441 442 477 479 510 511 512 
479 1087 2.419880000 -0.293792000 0.00000000000000000000 1.00000000000000000000 2 0 8 441 442 443 478 480 511 512 513 
480 1088 2.406600000 -0.366404000 0.00000000000000000000 1.00000000000000000000 2 0 8 442 443 444 479 481 512 513 514 
481 1089 2.390400000 -0.438467000 0.00000000000000000000 1.00000000000000000000 2 0 8 443 444 445 480 482 513 514 515 
482 1090 2.371310000 -0.509874000 0.00000000000000000000 1.00000000000000000000 2 0 8 444 445 446 481 483 514 515 516 
483 1091 2.349360000 -0.580518000 0.00000000000000000000 1.00000000000000000000 2 0 8 445 446 447 482 484 515 516 517 
484 1092 2.324580000 -0.650292000 0.00000000000000000000 1.00000000000000000000 2 0 8 446 447 448 483 485 516 517 518 
485 1093 2.297000000 -0.719091000 0.00000000000000000000 1.00000000000000000000 2 0 8 447 448 449 484 486 517 518 519 
486 1094 2.266670000 -0.786813000 0.00000000000000000000 1.00000000000000000000 2 0 8 448 449 450 485 487 518 519 520 
487 1095 2.233640000 -0.853354000 0.00000000000000000000 1.00000000000000000000 2 0 8 449 450 451 486 488 519 520 521 
488 1096 2.197940000 -0.918615000 0.00000000000000000000 1.00000000000000000000 2 0 8 450 451 452 487 489 520 521 522 
489 1097 2.159640000 -0.982496000 0.00000000000000000000 1.00000000000000000000 2 0 8 451 452 453 488 490 521 522 523 
490 1098 2.118780000 -1.044900000 0.00000000000000000000 1.00000000000000000000 2 0 8 452 453 454 489 491 522 523 524 
491 1099 2.075430000 -1.105730000 0.00000000000000000000 1.00000000000000000000 2 0 8 453 454 455 490 492 523 524 525 
492 1100 2.029650000 -1.164900000 0.00000000000000000000 1.00000000000000000000 2 0 8 454 455 456 491 493 524 525 526 
493 1101 1.981520000 -1.222310000 0.00000000000000000000 1.00000000000000000000 2 0 8 455 456 457 492 494 525 526 527 
494 1102 1.931090000 -1.277890000 0.00000000000000000000 1.00000000000000000000 2 0 8 456 457 458 493 495 526 527 528 
495 1103 1.878440000 -1.331530000 0.00000000000000000000 1.00000000000000000000 2 0 8 457 458 459 494 496 527 528 529 
496 1104 1.823660000 -1.383160000 0.00000000000000000000 1.00000000000000000000 2 0 8 458 459 460 495 497 528 529 530 
497 1105 1.766820000 -1.432700000 0.00000000000000000000 1.00000000000000000000 2 0 8 459 460 461 496 498 529 530 531 
498 1106 1.708010000 -1.480070000 0.00000000000000000000 1.00000000000000000000 2 0 8 460 461 462 497 499 530 531 532 
499 1107 1.647320000 -1.525210000 0.00000000000000000000 1.00000000000000000000 2 0 8 461 462 463 498 500 531 532 533 
500 1108 1.584830000 -1.568030000 0.00000000000000000000 1.00000000000000000000 2 0 8 462 463 464 499 501 532 533 534 
501 1109 1.520640000 -1.608460000 0.00000000000000000000 1.00000000000000000000 2 0 8 463 464 465 500 502 533 534 535 
502 1110 1.454850000 -1.646460000 0.00000000000000000000 1.00000000000000000000 2 0 8 464 465 466 501 503 534 535 536 
503 1111 1.387550000 -1.681950000 0.00000000000000000000 1.00000000000000000000 2 0 8 465 466 467 502 504 535 536 685 
504 1112 1.318850000 -1.714880000 0.00000000000000000000 1.00000000000000000000 2 0 8 466 467 468 503 679 536 685 686 
505 1113 2.430250000 0.220650000 0.00000000000000000000 1.00000000000000000000 2 0 8 471 472 473 684 506 687 688 537 
506 1114 2.437650000 0.147268000 0.00000000000000000000 1.00000000000000000000 2 0 8 472 473 474 505 507 688 537 538 
507 1115 2.442100000 0.073666000 0.00000000000000000000 1.00000000000000000000 2 0 8 473 474 438 506 475 537 538 508 
508 1116 2.562820000 -0.000049049 0.00000000000000000000 1.00000000000000000000 2 0 8 507 475 476 538 509 705 689 690 
509 1117 2.561240000 -0.078594900 0.00000000000000000000 1.00000000000000000000 2 0 8 475 476 477 508 510 689 690 691 
510 1118 2.556520000 -0.157023000 0.00000000000000000000 1.00000000000000000000 2 0 8 476 477 478 509 511 690 691 692 
511 1119 2.548650000 -0.235215000 0.00000000000000000000 1.00000000000000000000 2 0 8 477 478 479 510 512 691 692 693 
512 1120 2.537650000 -0.313055000 0.00000000000000000000 1.00000000000000000000 2 0 8 478 479 480 511 513 692 693 694 
513 1121 2.523540000 -0.390426000 0.00000000000000000000 1.00000000000000000000 2 0 8 479 480 481 512 514 693 694 695 
514 1122 2.506330000 -0.467211000 0.00000000000000000000 1.00000000000000000000 2 0 8 480 481 482 513 515 694 695 696 
515 1123 2.486060000 -0.543295000 0.00000000000000000000 1.00000000000000000000 2 0 8 481 482 483 514 516 695 696 697 
516 1124 2.462750000 -0.618564000 0.00000000000000000000 1.00000000000000000000 2 0 8 482 483 484 515 517 696 697 698 
517 1125 2.436430000 -0.692905000 0.00000000000000000000 1.00000000000000000000 2 0 8 483 484 485 516 518 697 698 699 
518 1126 2.407150000 -0.766205000 0.00000000000000000000 1.00000000000000000000 2 0 8 484 485 486 517 519 698 699 700 
519 1127 2.374950000 -0.838354000 0.00000000000000000000 1.00000000000000000000 2 0 8 485 486 487 518 520 699 700 539 
520 1128 2.339870000 -0.909243000 0.00000000000000000000 1.00000000000000000000 2 0 8 486 487 488 519 521 700 539 540 
521 1129 2.301960000 -0.978765000 0.00000000000000000000 1.00000000000000000000 2 0 8 487 488 489 520 522 539 540 541 
522 1130 2.261290000 -1.046810000 0.00000000000000000000 1.00000000000000000000 2 0 8 488 489 490 521 523 540 541 542 
523 1131 2.217900000 -1.113290000 0.00000000000000000000 1.00000000000000000000 2 0 8 489 490 491 522 524 541 542 543 
524 1132 2.171880000 -1.178080000 0.00000000000000000000 1.00000000000000000000 2 0 8 490 491 492 523 525 542 543 544 
525 1133 2.123270000 -1.241100000 0.00000000000000000000 1.00000000000000000000 2 0 8 491 492 493 524 526 543 544 545 
526 1134 2.072160000 -1.302250000 0.00000000000000000000 1.00000000000000000000 2 0 8 492 493 494 525 527 544 545 546 
527 1135 2.018620000 -1.361430000 0.00000000000000000000 1.00000000000000000000 2 0 8 493 494 495 526 528 545 546 547 
528 1136 1.962730000 -1.418550000 0.00000000000000000000 1.00000000000000000000 2 0 8 494 495 496 527 529 546 547 548 
529 1137 1.904570000 -1.473530000 0.00000000000000000000 1.00000000000000000000 2 0 8 495 496 497 528 530 547 548 549 
530 1138 1.844230000 -1.526280000 0.00000000000000000000 1.00000000000000000000 2 0 8 496 497 498 529 531 548 549 550 
531 1139 1.781800000 -1.576710000 0.00000000000000000000 1.00000000000000000000 2 0 8 497 498 499 530 532 549 550 551 
532 1140 1.717380000 -1.624750000 0.00000000000000000000 1.00000000000000000000 2 0 8 498 499 500 531 533 550 551 552 
533 1141 1.651050000 -1.670330000 0.00000000000000000000 1.00000000000000000000 2 0 8 499 500 501 532 534 551 552 553 
534 1142 1.582910000 -1.713370000 0.00000000000000000000 1.00000000000000000000 2 0 8 500 501 502 533 535 552 553 554 
535 1143 1.513080000 -1.753800000 0.00000000000000000000 1.00000000000000000000 2 0 8 501 502 503 534 536 553 554 701 
536 1144 1.441660000 -1.791570000 0.00000000000000000000 1.00000000000000000000 2 0 8 502 503 504 535 685 554 701 702 
537 1145 2.556520000 0.156926000 0.00000000000000000000 1.00000000000000000000 2 0 8 505 506 507 688 538 703 704 705 
538 1146 2.561250000 0.078497300 0.00000000000000000000 1.00000000000000000000 2 0 8 506 507 475 537 508 704 705 689 
539 1147 2.452980000 -0.968541000 0.00000000000000000000 1.00000000000000000000 2 0 8 519 520 521 700 540 706 707 555 
540 1148 2.412730000 -1.042580000 0.00000000000000000000 1.00000000000000000000 2 0 8 520 521 522 539 541 707 555 556 
541 1149 2.369530000 -1.115060000 0.00000000000000000000 1.00000000000000000000 2 0 8 521 522 523 540 542 555 556 557 
542 1150 2.323460000 -1.185850000 0.00000000000000000000 1.00000000000000000000 2 0 8 522 523 524 541 543 556 557 558 
543 1151 2.274580000 -1.254840000 0.00000000000000000000 1.00000000000000000000 2 0 8 523 524 525 542 544 557 558 559 
544 1152 2.222960000 -1.321950000 0.00000000000000000000 1.00000000000000000000 2 0 8 524 525 526 543 545 558 559 560 
545 1153 2.168690000 -1.387060000 0.00000000000000000000 1.00000000000000000000 2 0 8 525 526 527 544 546 559 560 561 
546 1154 2.111830000 -1.450070000 0.00000000000000000000 1.00000000000000000000 2 0 8 526 527 528 545 547 560 561 562 
547 1155 2.052490000 -1.510880000 0.00000000000000000000 1.00000000000000000000 2 0 8 527 528 529 546 548 561 562 563 
548 1156 1.990730000 -1.569410000 0.00000000000000000000 1.00000000000000000000 2 0 8 528 529 530 547 549 562 563 564 
549 1157 1.926670000 -1.625560000 0.00000000000000000000 1.00000000000000000000 2 0 8 529 530 531 548 550 563 564 565 
550 1158 1.860380000 -1.679240000 0.00000000000000000000 1.00000000000000000000 2 0 8 530 531 532 549 551 564 565 566 
551 1159 1.791980000 -1.730370000 0.00000000000000000000 1.00000000000000000000 2 0 8 531 532 533 550 552 565 566 567 
552 1160 1.721560000 -1.778880000 0.00000000000000000000 1.00000000000000000000 2 0 8 532 533 534 551 553 566 567 568 
553 1161 1.649230000 -1.824680000 0.00000000000000000000 1.00000000000000000000 2 0 8 533 534 535 552 554 567 568 708 
554 1162 1.575090000 -1.867700000 0.00000000000000000000 1.00000000000000000000 2 0 8 534 535 536 553 701 568 708 709 
555 1163 2.530660000 -1.110310000 0.00000000000000000000 1.00000000000000000000 2 0 8 539 540 541 707 556 710 711 712 
556 1164 2.484770000 -1.187480000 0.00000000000000000000 1.00000000000000000000 2 0 8 540 541 542 555 557 711 712 569 
557 1165 2.435840000 -1.262850000 0.00000000000000000000 1.00000000000000000000 2 0 8 541 542 543 556 558 712 569 570 
558 1166 2.383920000 -1.336310000 0.00000000000000000000 1.00000000000000000000 2 0 8 542 543 544 557 559 569 570 571 
559 1167 2.329100000 -1.407750000 0.00000000000000000000 1.00000000000000000000 2 0 8 543 544 545 558 560 570 571 572 
560 1168 2.271450000 -1.477060000 0.00000000000000000000 1.00000000000000000000 2 0 8 544 545 546 559 561 571 572 573 
561 1169 2.211070000 -1.544130000 0.00000000000000000000 1.00000000000000000000 2 0 8 545 546 547 560 562 572 573 574 
562 1170 2.148040000 -1.608870000 0.00000000000000000000 1.00000000000000000000 2 0 8 546 547 548 561 563 573 574 575 
563 1171 2.082460000 -1.671160000 0.00000000000000000000 1.00000000000000000000 2 0 8 547 548 549 562 564 574 575 576 
564 1172 2.014430000 -1.730920000 0.00000000000000000000 1.00000000000000000000 2 0 8 548 549 550 563 565 575 576 577 
565 1173 1.944040000 -1.788050000 0.00000000000000000000 1.00000000000000000000 2 0 8 549 550 551 564 566 576 577 578 
566 1174 1.871400000 -1.842460000 0.00000000000000000000 1.00000000000000000000 2 0 8 550 551 552 565 567 577 578 579 
567 1175 1.796620000 -1.894070000 0.00000000000000000000 1.00000000000000000000 2 0 8 551 552 553 566 568 578 579 713 
568 1176 1.719820000 -1.942800000 0.00000000000000000000 1.00000000000000000000 2 0 8 552 553 554 567 708 579 713 714 
569 1177 2.555460000 -1.344580000 0.00000000000000000000 1.00000000000000000000 2 0 8 556 557 558 712 570 715 716 580 
570 1178 2.500310000 -1.422780000 0.00000000000000000000 1.00000000000000000000 2 0 8 557 558 559 569 571 716 580 581 
571 1179 2.442080000 -1.498820000 0.00000000000000000000 1.00000000000000000000 2 0 8 558 559 560 570 572 580 581 582 
572 1180 2.380840000 -1.572590000 0.00000000000000000000 1.00000000000000000000 2 0 8 559 560 561 571 573 581 582 583 
573 1181 2.316710000 -1.643980000 0.00000000000000000000 1.00000000000000000000 2 0 8 560 561 562 572 574 582 583 584 
574 1182 2.249760000 -1.712880000 0.00000000000000000000 1.00000000000000000000 2 0 8 561 562 563 573 575 583 584 585 
575 1183 2.180110000 -1.779170000 0.00000000000000000000 1.00000000000000000000 2 0 8 562 563 564 574 576 584 585 586 
576 1184 2.107840000 -1.842760000 0.00000000000000000000 1.00000000000000000000 2 0 8 563 564 565 575 577 585 586 717 
577 1185 2.033090000 -1.903550000 0.00000000000000000000 1.00000000000000000000 2 0 8 564 565 566 576 578 586 717 718 
578 1186 1.955940000 -1.961440000 0.00000000000000000000 1.00000000000000000000 2 0 8 565 566 567 577 579 717 718 719 
579 1187 1.876530000 -2.016350000 0.00000000000000000000 1.00000000000000000000 2 0 8 566 567 568 578 713 718 719 720 
580 1188 2.624180000 -1.514570000 0.00000000000000000000 1.00000000000000000000 2 0 8 569 570 571 716 581 721 722 587 
581 1189 2.562320000 -1.595500000 0.00000000000000000000 1.00000000000000000000 2 0 8 570 571 572 580 582 722 587 588 
582 1190 2.497270000 -1.674010000 0.00000000000000000000 1.00000000000000000000 2 0 8 571 572 573 581 583 587 588 589 
583 1191 2.429130000 -1.749980000 0.00000000000000000000 1.00000000000000000000 2 0 8 572 573 574 582 584 588 589 590 
584 1192 2.358020000 -1.823290000 0.00000000000000000000 1.00000000000000000000 2 0 8 573 574 575 583 585 589 590 591 
585 1193 2.284020000 -1.893830000 0.00000000000000000000 1.00000000000000000000 2 0 8 574 575 576 584 586 590 591 723 
586 1194 2.207270000 -1.961490000 0.00000000000000000000 1.00000000000000000000 2 0 8 575 576 577 585 717 591 723 724 
587 1195 2.690270000 -1.698160000 0.00000000000000000000 1.00000000000000000000 2 0 8 580 581 582 722 588 725 726 592 
588 1196 2.621160000 -1.781700000 0.00000000000000000000 1.00000000000000000000 2 0 8 581 582 583 587 589 726 592 593 
589 1197 2.548770000 -1.862530000 0.00000000000000000000 1.00000000000000000000 2 0 8 582 583 584 588 590 592 593 594 
590 1198 2.473210000 -1.940530000 0.00000000000000000000 1.00000000000000000000 2 0 8 583 584 585 589 591 593 594 727 
591 1199 2.394610000 -2.015580000 0.00000000000000000000 1.00000000000000000000 2 0 8 584 585 586 590 723 594 727 728 
592 1200 2.752970000 -1.896050000 0.00000000000000000000 1.00000000000000000000 2 0 8 587 588 589 726 593 729 730 595 
593 1201 2.676060000 -1.982050000 0.00000000000000000000 1.00000000000000000000 2 0 8 588 589 590 592 594 730 595 731 
594 1202 2.595780000 -2.065030000 0.00000000000000000000 1.00000000000000000000 2 0 8 589 590 591 593 727 595 731 732 
595 1203 2.811480000 -2.108990000 0.00000000000000000000 1.00000000000000000000 2 0 8 592 593 594 730 731 733 734 735 
596 470 1.0554 -0.345681 2 0
597 471 1.03672 -0.361742 2 0
598 472 1.0172 -0.377298 2 0
599 2774 0.996869 -0.392323 2 0
600 2775 0.975753 -0.406793 2 0
601 497 1.13484 -0.320506 2 0
602 498 1.11805 -0.339417 2 0
603 499 1.10032 -0.357856 2 0
604 500 1.08165 -0.375795 2 0
605 2800 0.998193 -0.441998 2 0
606 2801 0.975283 -0.457029 2 0
607 523 1.18253 -0.326549 2 0
608 524 1.16594 -0.347503 2 0
609 2824 0.998474 -0.495089 2 0
610 2825 0.973641 -0.510598 2 0
611 546 1.23336 -0.330046 2 0
612 547 1.21702 -0.353175 2 0
613 2846 0.997448 -0.551709 2 0
614 2847 0.970561 -0.567605 2 0
615 567 1.28746 -0.330755 2 0
616 568 1.27143 -0.356195 2 0
617 2867 0.994835 -0.611973 2 0
618 2868 0.965754 -0.628155 2 0
619 586 1.34496 -0.328409 2 0
620 587 1.32933 -0.3563 2 0
621 2887 0.990333 -0.675996 2 0
622 2888 0.958913 -0.692354 2 0
623 593 1.47906 -1.86746e-05 2 0
624 594 1.47832 -0.0330578 2 0
625 595 1.4761 -0.0660501 2 0
626 596 1.47241 -0.0989488 2 0
627 597 1.46725 -0.131707 2 0
628 598 1.46063 -0.164279 2 0
629 599 1.45255 -0.196618 2 0
630 600 1.44304 -0.228677 2 0
631 601 1.43209 -0.260411 2 0
632 602 1.41973 -0.291774 2 0
633 603 1.40597 -0.322721 2 0
634 604 1.39083 -0.353207 2 0
635 2906 0.983619 -0.74389 2 0
636 2907 0.949711 -0.760302 2 0
637 7633 1.46063 0.164243 2 0
638 605 1.46725 0.131671 2 0
639 606 1.47241 0.098912 2 0
640 607 1.4761 0.0660131 2 0
641 608 1.47832 0.0330206 2 0
642 2924 0.974348 -0.815767 2 0
643 2925 0.937797 -0.8321 2 0
644 7657 1.51381 0.176422 2 0
645 2941 0.962151 -0.891733 2 0
646 2942 0.922797 -0.907842 2 0
647 7680 1.56181 0.226523 2 0
648 7681 1.57083 0.189266 2 0
649 2956 0.946635 -0.971891 2 0
650 2957 0.904313 -0.987615 2 0
651 7703 1.6111 0.282314 2 0
652 7704 1.62235 0.242744 2 0
653 2969 0.927379 -1.05633 2 0
654 2970 0.881921 -1.0715 2 0
655 7724 1.66152 0.344155 2 0
656 7725 1.67522 0.302237 2 0
657 2980 0.903934 -1.14515 2 0
658 2981 0.855167 -1.15956 2 0
659 7744 1.72925 0.368129 2 0
660 2987 0.875822 -1.23841 2 0
661 2988 0.823572 -1.25187 2 0
662 7763 1.80162 0.393487 2 0
663 2992 0.842536 -1.33619 2 0
664 2993 0.786624 -1.34845 2 0
665 7781 1.87887 0.420325 2 0
666 2995 0.803533 -1.43852 2 0
667 9000 1.96132 0.448743 2 0
668 3764 0.821566 -1.53394 2 0
669 9019 2.04925 0.478846 2 0
670 9020 2.0676 0.420553 2 0
671 3799 0.907349 -1.62037 2 0
672 3800 0.840789 -1.63508 2 0
673 9040 2.16248 0.448576 2 0
674 9041 2.17941 0.385735 2 0
675 3835 1.00174 -1.70841 2 0
676 3836 0.931863 -1.72668 2 0
677 9062 2.28157 0.411285 2 0
678 9063 2.29682 0.343672 2 0
679 1794 1.24885 -1.7452 2 0
680 1795 1.17765 -1.77286 2 0
681 1796 1.10537 -1.79781 2 0
682 1797 1.03211 -1.82 2 0
683 9085 2.40661 0.366314 2 0
684 9086 2.4199 0.293702 2 0
685 1798 1.36874 -1.8266 2 0
686 1799 1.29445 -1.85885 2 0
687 9109 2.53766 0.312959 2 0
688 9110 2.54866 0.235119 2 0
689 1204 2.6898 -5.15978e-05 2 0
690 1205 2.68812 -0.083726 2 0
691 1206 2.6831 -0.167275 2 0
692 1207 2.67474 -0.250572 2 0
693 1208 2.66306 -0.333493 2 0
694 1209 2.64807 -0.415913 2 0
695 1210 2.62979 -0.497708 2 0
696 1211 2.60826 -0.578755 2 0
697 1212 2.5835 -0.658931 2 0
698 1213 2.55555 -0.738117 2 0
699 1214 2.52445 -0.816192 2 0
700 1215 2.49024 -0.893039 2 0
701 1804 1.49927 -1.90787 2 0
702 1805 1.42187 -1.94514 2 0
703 9134 2.67475 0.25047 2 0
704 9135 2.6831 0.167173 2 0
705 1216 2.68812 0.0836234 2 0
706 1228 2.613 -0.951072 2 0
707 1229 2.57342 -1.03147 2 0
708 1812 1.64111 -1.98857 2 0
709 1813 1.56061 -2.0313 2 0
710 1244 2.70162 -1.09826 2 0
711 1245 2.65619 -1.1822 2 0
712 1246 2.60745 -1.26434 2 0
713 1822 1.79497 -2.06818 2 0
714 1823 1.71138 -2.11687 2 0
715 1264 2.738 -1.34595 2 0
716 1265 2.68277 -1.43135 2 0
717 1834 2.12786 -2.02616 2 0
718 1835 2.04592 -2.08775 2 0
719 1836 1.96157 -2.14616 2 0
720 1837 1.87494 -2.20129 2 0
721 1285 2.81825 -1.52348 2 0
722 1286 2.756 -1.61204 2 0
723 1850 2.31306 -2.08755 2 0
724 1851 2.2287 -2.15635 2 0
725 1307 2.89625 -1.71555 2 0
726 1308 2.82641 -1.80717 2 0
727 1868 2.51226 -2.14486 2 0
728 1869 2.42563 -2.22143 2 0
729 1330 2.97124 -1.92295 2 0
730 1331 2.89321 -2.01751 2 0
731 1888 2.72618 -2.19725 2 0
732 1889 2.63744 -2.28217 2 0
733 1354 3.04239 -2.14651 2 0
734 1355 2.95554 -2.24382 2 0
735 1910 2.86489 -2.3377 2 0
