740 602 138
1 5380 -0.243698000 -0.089033000 0.00000000000000000000 1.00000000000000000000 2 0 8 603 604 605 608 609 3 4 5 
2 5381 -0.266057000 -0.143468000 0.00000000000000000000 1.00000000000000000000 2 0 8 606 607 608 623 3 17 18 19 
3 5382 -0.272817000 -0.119928000 0.00000000000000000000 1.00000000000000000000 2 0 8 607 608 1 2 4 18 19 20 
4 5383 -0.278364000 -0.096184400 0.00000000000000000000 1.00000000000000000000 2 0 8 608 1 609 3 5 19 20 21 
5 5384 -0.282688000 -0.072278700 0.00000000000000000000 1.00000000000000000000 2 0 8 1 609 610 4 6 20 21 22 
6 5385 -0.285781000 -0.048250600 0.00000000000000000000 1.00000000000000000000 2 0 8 609 610 611 5 7 21 22 23 
7 5386 -0.287640000 -0.024140800 0.00000000000000000000 1.00000000000000000000 2 0 8 610 611 612 6 8 22 23 24 
8 5387 -0.288259000 0.000009842 0.00000000000000000000 1.00000000000000000000 2 0 8 611 612 613 7 9 23 24 25 
9 5388 -0.287639000 0.024160500 0.00000000000000000000 1.00000000000000000000 2 0 8 612 613 614 8 10 24 25 26 
10 5389 -0.285779000 0.048270200 0.00000000000000000000 1.00000000000000000000 2 0 8 613 614 615 9 11 25 26 27 
11 5390 -0.282685000 0.072298200 0.00000000000000000000 1.00000000000000000000 2 0 8 614 615 616 10 12 26 27 28 
12 5391 -0.278360000 0.096203900 0.00000000000000000000 1.00000000000000000000 2 0 8 615 616 617 11 13 27 28 29 
13 5392 -0.272812000 0.119947000 0.00000000000000000000 1.00000000000000000000 2 0 8 616 617 618 12 14 28 29 30 
14 5393 -0.266051000 0.143487000 0.00000000000000000000 1.00000000000000000000 2 0 8 617 618 619 13 15 29 30 31 
15 5394 -0.258088000 0.166785000 0.00000000000000000000 1.00000000000000000000 2 0 8 618 619 620 14 16 30 31 32 
16 5395 -0.248937000 0.189802000 0.00000000000000000000 1.00000000000000000000 2 0 8 619 620 621 15 624 31 32 33 
17 5396 -0.294596000 -0.179788000 0.00000000000000000000 1.00000000000000000000 2 0 8 622 623 2 628 18 643 36 37 
18 5397 -0.302937000 -0.154666000 0.00000000000000000000 1.00000000000000000000 2 0 8 623 2 3 17 19 36 37 38 
19 5398 -0.310019000 -0.129285000 0.00000000000000000000 1.00000000000000000000 2 0 8 2 3 4 18 20 37 38 39 
20 5399 -0.315830000 -0.103687000 0.00000000000000000000 1.00000000000000000000 2 0 8 3 4 5 19 21 38 39 40 
21 5400 -0.320359000 -0.077915100 0.00000000000000000000 1.00000000000000000000 2 0 8 4 5 6 20 22 39 40 41 
22 5401 -0.323600000 -0.052012500 0.00000000000000000000 1.00000000000000000000 2 0 8 5 6 7 21 23 40 41 42 
23 5402 -0.325547000 -0.026022500 0.00000000000000000000 1.00000000000000000000 2 0 8 6 7 8 22 24 41 42 43 
24 5403 -0.326196000 0.000011130 0.00000000000000000000 1.00000000000000000000 2 0 8 7 8 9 23 25 42 43 44 
25 5404 -0.325546000 0.026044800 0.00000000000000000000 1.00000000000000000000 2 0 8 8 9 10 24 26 43 44 45 
26 5405 -0.323598000 0.052034700 0.00000000000000000000 1.00000000000000000000 2 0 8 9 10 11 25 27 44 45 46 
27 5406 -0.320356000 0.077937200 0.00000000000000000000 1.00000000000000000000 2 0 8 10 11 12 26 28 45 46 47 
28 5407 -0.315825000 0.103709000 0.00000000000000000000 1.00000000000000000000 2 0 8 11 12 13 27 29 46 47 48 
29 5408 -0.310014000 0.129307000 0.00000000000000000000 1.00000000000000000000 2 0 8 12 13 14 28 30 47 48 49 
30 5409 -0.302931000 0.154687000 0.00000000000000000000 1.00000000000000000000 2 0 8 13 14 15 29 31 48 49 50 
31 5410 -0.294589000 0.179809000 0.00000000000000000000 1.00000000000000000000 2 0 8 14 15 16 30 32 49 50 51 
32 5411 -0.285002000 0.204630000 0.00000000000000000000 1.00000000000000000000 2 0 8 15 16 624 31 33 50 51 52 
33 5412 -0.274187000 0.229109000 0.00000000000000000000 1.00000000000000000000 2 0 8 16 624 625 32 34 51 52 53 
34 5413 -0.262162000 0.253205000 0.00000000000000000000 1.00000000000000000000 2 0 8 624 625 626 33 35 52 53 54 
35 5414 -0.248947000 0.276878000 0.00000000000000000000 1.00000000000000000000 2 0 8 625 626 627 34 629 53 54 55 
36 5415 -0.333966000 -0.193466000 0.00000000000000000000 1.00000000000000000000 2 0 8 628 17 18 643 37 646 68 69 
37 5416 -0.342715000 -0.166428000 0.00000000000000000000 1.00000000000000000000 2 0 8 17 18 19 36 38 68 69 70 
38 5417 -0.350143000 -0.139114000 0.00000000000000000000 1.00000000000000000000 2 0 8 18 19 20 37 39 69 70 71 
39 5418 -0.356238000 -0.111568000 0.00000000000000000000 1.00000000000000000000 2 0 8 19 20 21 38 40 70 71 72 
40 5419 -0.360989000 -0.083835800 0.00000000000000000000 1.00000000000000000000 2 0 8 20 21 22 39 41 71 72 73 
41 5420 -0.364389000 -0.055964100 0.00000000000000000000 1.00000000000000000000 2 0 8 21 22 23 40 42 72 73 74 
42 5421 -0.366430000 -0.027999200 0.00000000000000000000 1.00000000000000000000 2 0 8 22 23 24 41 43 73 74 75 
43 5422 -0.367111000 0.000012501 0.00000000000000000000 1.00000000000000000000 2 0 8 23 24 25 42 44 74 75 76 
44 5423 -0.366429000 0.028024100 0.00000000000000000000 1.00000000000000000000 2 0 8 24 25 26 43 45 75 76 77 
45 5424 -0.364386000 0.055989000 0.00000000000000000000 1.00000000000000000000 2 0 8 25 26 27 44 46 76 77 78 
46 5425 -0.360986000 0.083860600 0.00000000000000000000 1.00000000000000000000 2 0 8 26 27 28 45 47 77 78 79 
47 5426 -0.356233000 0.111592000 0.00000000000000000000 1.00000000000000000000 2 0 8 27 28 29 46 48 78 79 80 
48 5427 -0.350137000 0.139138000 0.00000000000000000000 1.00000000000000000000 2 0 8 28 29 30 47 49 79 80 81 
49 5428 -0.342708000 0.166452000 0.00000000000000000000 1.00000000000000000000 2 0 8 29 30 31 48 50 80 81 82 
50 5429 -0.333958000 0.193490000 0.00000000000000000000 1.00000000000000000000 2 0 8 30 31 32 49 51 81 82 83 
51 5430 -0.323902000 0.220205000 0.00000000000000000000 1.00000000000000000000 2 0 8 31 32 33 50 52 82 83 84 
52 5431 -0.312557000 0.246555000 0.00000000000000000000 1.00000000000000000000 2 0 8 32 33 34 51 53 83 84 85 
53 5432 -0.299942000 0.272496000 0.00000000000000000000 1.00000000000000000000 2 0 8 33 34 35 52 54 84 85 86 
54 5433 -0.286079000 0.297985000 0.00000000000000000000 1.00000000000000000000 2 0 8 34 35 629 53 55 85 86 87 
55 5434 -0.270992000 0.322981000 0.00000000000000000000 1.00000000000000000000 2 0 8 35 629 630 54 56 86 87 88 
56 5435 -0.254705000 0.347443000 0.00000000000000000000 1.00000000000000000000 2 0 8 629 630 631 55 57 87 88 89 
57 5436 -0.237246000 0.371331000 0.00000000000000000000 1.00000000000000000000 2 0 8 630 631 632 56 58 88 89 90 
58 5437 -0.218644000 0.394608000 0.00000000000000000000 1.00000000000000000000 2 0 8 631 632 633 57 59 89 90 91 
59 5438 -0.198930000 0.417235000 0.00000000000000000000 1.00000000000000000000 2 0 8 632 633 634 58 60 90 91 92 
60 5439 -0.178137000 0.439177000 0.00000000000000000000 1.00000000000000000000 2 0 8 633 634 635 59 61 91 92 93 
61 5440 -0.156301000 0.460399000 0.00000000000000000000 1.00000000000000000000 2 0 8 634 635 636 60 62 92 93 94 
62 5441 -0.133456000 0.480867000 0.00000000000000000000 1.00000000000000000000 2 0 8 635 636 637 61 63 93 94 95 
63 5442 -0.109641000 0.500549000 0.00000000000000000000 1.00000000000000000000 2 0 8 636 637 638 62 64 94 95 96 
64 5443 -0.084896000 0.519416000 0.00000000000000000000 1.00000000000000000000 2 0 8 637 638 639 63 65 95 96 97 
65 5444 -0.059260800 0.537437000 0.00000000000000000000 1.00000000000000000000 2 0 8 638 639 640 64 66 96 97 98 
66 5445 -0.032778000 0.554586000 0.00000000000000000000 1.00000000000000000000 2 0 8 639 640 641 65 67 97 98 99 
67 5446 -0.005490900 0.570836000 0.00000000000000000000 1.00000000000000000000 2 0 8 640 641 642 66 644 98 99 100 
68 5447 -0.376352000 -0.207850000 0.00000000000000000000 1.00000000000000000000 2 0 8 643 36 37 646 69 649 101 102 
69 5448 -0.385540000 -0.178798000 0.00000000000000000000 1.00000000000000000000 2 0 8 36 37 38 68 70 101 102 103 
70 5449 -0.393341000 -0.149450000 0.00000000000000000000 1.00000000000000000000 2 0 8 37 38 39 69 71 102 103 104 
71 5450 -0.399741000 -0.119856000 0.00000000000000000000 1.00000000000000000000 2 0 8 38 39 40 70 72 103 104 105 
72 5451 -0.404730000 -0.090062300 0.00000000000000000000 1.00000000000000000000 2 0 8 39 40 41 71 73 104 105 106 
73 5452 -0.408300000 -0.060119900 0.00000000000000000000 1.00000000000000000000 2 0 8 40 41 42 72 74 105 106 107 
74 5453 -0.410444000 -0.030077900 0.00000000000000000000 1.00000000000000000000 2 0 8 41 42 43 73 75 106 107 108 
75 5454 -0.411159000 0.000013954 0.00000000000000000000 1.00000000000000000000 2 0 8 42 43 44 74 76 107 108 109 
76 5455 -0.410443000 0.030105800 0.00000000000000000000 1.00000000000000000000 2 0 8 43 44 45 75 77 108 109 110 
77 5456 -0.408298000 0.060147800 0.00000000000000000000 1.00000000000000000000 2 0 8 44 45 46 76 78 109 110 111 
78 5457 -0.404727000 0.090090100 0.00000000000000000000 1.00000000000000000000 2 0 8 45 46 47 77 79 110 111 112 
79 5458 -0.399736000 0.119883000 0.00000000000000000000 1.00000000000000000000 2 0 8 46 47 48 78 80 111 112 113 
80 5459 -0.393334000 0.149478000 0.00000000000000000000 1.00000000000000000000 2 0 8 47 48 49 79 81 112 113 114 
81 5460 -0.385532000 0.178825000 0.00000000000000000000 1.00000000000000000000 2 0 8 48 49 50 80 82 113 114 115 
82 5461 -0.376343000 0.207876000 0.00000000000000000000 1.00000000000000000000 2 0 8 49 50 51 81 83 114 115 116 
83 5462 -0.365782000 0.236584000 0.00000000000000000000 1.00000000000000000000 2 0 8 50 51 52 82 84 115 116 117 
84 5463 -0.353867000 0.264902000 0.00000000000000000000 1.00000000000000000000 2 0 8 51 52 53 83 85 116 117 118 
85 5464 -0.340619000 0.292782000 0.00000000000000000000 1.00000000000000000000 2 0 8 52 53 54 84 86 117 118 119 
86 5465 -0.326060000 0.320180000 0.00000000000000000000 1.00000000000000000000 2 0 8 53 54 55 85 87 118 119 120 
87 5466 -0.310213000 0.347051000 0.00000000000000000000 1.00000000000000000000 2 0 8 54 55 56 86 88 119 120 121 
88 5467 -0.293107000 0.373351000 0.00000000000000000000 1.00000000000000000000 2 0 8 55 56 57 87 89 120 121 122 
89 5468 -0.274769000 0.399038000 0.00000000000000000000 1.00000000000000000000 2 0 8 56 57 58 88 90 121 122 123 
90 5469 -0.255230000 0.424071000 0.00000000000000000000 1.00000000000000000000 2 0 8 57 58 59 89 91 122 123 124 
91 5470 -0.234523000 0.448410000 0.00000000000000000000 1.00000000000000000000 2 0 8 58 59 60 90 92 123 124 125 
92 5471 -0.212682000 0.472015000 0.00000000000000000000 1.00000000000000000000 2 0 8 59 60 61 91 93 124 125 126 
93 5472 -0.189744000 0.494851000 0.00000000000000000000 1.00000000000000000000 2 0 8 60 61 62 92 94 125 126 127 
94 5473 -0.165746000 0.516880000 0.00000000000000000000 1.00000000000000000000 2 0 8 61 62 63 93 95 126 127 128 
95 5474 -0.140729000 0.538068000 0.00000000000000000000 1.00000000000000000000 2 0 8 62 63 64 94 96 127 128 129 
96 5475 -0.114733000 0.558383000 0.00000000000000000000 1.00000000000000000000 2 0 8 63 64 65 95 97 128 129 130 
97 5476 -0.087801100 0.577793000 0.00000000000000000000 1.00000000000000000000 2 0 8 64 65 66 96 98 129 130 131 
98 5477 -0.059978000 0.596269000 0.00000000000000000000 1.00000000000000000000 2 0 8 65 66 67 97 99 130 131 132 
99 5478 -0.031309000 0.613782000 0.00000000000000000000 1.00000000000000000000 2 0 8 66 67 644 98 100 131 132 133 
100 5479 -0.001840980 0.630307000 0.00000000000000000000 1.00000000000000000000 2 0 8 67 644 645 99 647 132 133 134 
101 5480 -0.421913000 -0.222992000 0.00000000000000000000 1.00000000000000000000 2 0 8 646 68 69 649 102 652 135 136 
102 5481 -0.431573000 -0.191820000 0.00000000000000000000 1.00000000000000000000 2 0 8 68 69 70 101 103 135 136 137 
103 5482 -0.439774000 -0.160332000 0.00000000000000000000 1.00000000000000000000 2 0 8 69 70 71 102 104 136 137 138 
104 5483 -0.446503000 -0.128581000 0.00000000000000000000 1.00000000000000000000 2 0 8 70 71 72 103 105 137 138 139 
105 5484 -0.451748000 -0.096617600 0.00000000000000000000 1.00000000000000000000 2 0 8 71 72 73 104 106 138 139 140 
106 5485 -0.455500000 -0.064495100 0.00000000000000000000 1.00000000000000000000 2 0 8 72 73 74 105 107 139 140 141 
107 5486 -0.457754000 -0.032266400 0.00000000000000000000 1.00000000000000000000 2 0 8 73 74 75 106 108 140 141 142 
108 5487 -0.458506000 0.000015491 0.00000000000000000000 1.00000000000000000000 2 0 8 74 75 76 107 109 141 142 143 
109 5488 -0.457753000 0.032297400 0.00000000000000000000 1.00000000000000000000 2 0 8 75 76 77 108 110 142 143 144 
110 5489 -0.455498000 0.064526000 0.00000000000000000000 1.00000000000000000000 2 0 8 76 77 78 109 111 143 144 145 
111 5490 -0.451743000 0.096648300 0.00000000000000000000 1.00000000000000000000 2 0 8 77 78 79 110 112 144 145 146 
112 5491 -0.446497000 0.128611000 0.00000000000000000000 1.00000000000000000000 2 0 8 78 79 80 111 113 145 146 147 
113 5492 -0.439767000 0.160363000 0.00000000000000000000 1.00000000000000000000 2 0 8 79 80 81 112 114 146 147 148 
114 5493 -0.431564000 0.191850000 0.00000000000000000000 1.00000000000000000000 2 0 8 80 81 82 113 115 147 148 149 
115 5494 -0.421903000 0.223022000 0.00000000000000000000 1.00000000000000000000 2 0 8 81 82 83 114 116 148 149 150 
116 5495 -0.410800000 0.253827000 0.00000000000000000000 1.00000000000000000000 2 0 8 82 83 84 115 117 149 150 151 
117 5496 -0.398274000 0.284216000 0.00000000000000000000 1.00000000000000000000 2 0 8 83 84 85 116 118 150 151 152 
118 5497 -0.384345000 0.314138000 0.00000000000000000000 1.00000000000000000000 2 0 8 84 85 86 117 119 151 152 153 
119 5498 -0.369037000 0.343544000 0.00000000000000000000 1.00000000000000000000 2 0 8 85 86 87 118 120 152 153 154 
120 5499 -0.352376000 0.372388000 0.00000000000000000000 1.00000000000000000000 2 0 8 86 87 88 119 121 153 154 155 
121 5500 -0.334390000 0.400623000 0.00000000000000000000 1.00000000000000000000 2 0 8 87 88 89 120 122 154 155 156 
122 5501 -0.315108000 0.428204000 0.00000000000000000000 1.00000000000000000000 2 0 8 88 89 90 121 123 155 156 157 
123 5502 -0.294563000 0.455085000 0.00000000000000000000 1.00000000000000000000 2 0 8 89 90 91 122 124 156 157 158 
124 5503 -0.272789000 0.481225000 0.00000000000000000000 1.00000000000000000000 2 0 8 90 91 92 123 125 157 158 159 
125 5504 -0.249823000 0.506581000 0.00000000000000000000 1.00000000000000000000 2 0 8 91 92 93 124 126 158 159 160 
126 5505 -0.225701000 0.531114000 0.00000000000000000000 1.00000000000000000000 2 0 8 92 93 94 125 127 159 160 161 
127 5506 -0.200465000 0.554786000 0.00000000000000000000 1.00000000000000000000 2 0 8 93 94 95 126 128 160 161 162 
128 5507 -0.174155000 0.577558000 0.00000000000000000000 1.00000000000000000000 2 0 8 94 95 96 127 129 161 162 163 
129 5508 -0.146815000 0.599397000 0.00000000000000000000 1.00000000000000000000 2 0 8 95 96 97 128 130 162 163 164 
130 5509 -0.118491000 0.620268000 0.00000000000000000000 1.00000000000000000000 2 0 8 96 97 98 129 131 163 164 165 
131 5510 -0.089227900 0.640140000 0.00000000000000000000 1.00000000000000000000 2 0 8 97 98 99 130 132 164 165 166 
132 5511 -0.059074000 0.658982000 0.00000000000000000000 1.00000000000000000000 2 0 8 98 99 100 131 133 165 166 167 
133 5512 -0.028078600 0.676766000 0.00000000000000000000 1.00000000000000000000 2 0 8 99 100 647 132 134 166 167 168 
134 5513 0.003707930 0.693466000 0.00000000000000000000 1.00000000000000000000 2 0 8 100 647 648 133 650 167 168 169 
135 5514 -0.470822000 -0.238949000 0.00000000000000000000 1.00000000000000000000 2 0 8 649 101 102 652 136 655 170 171 
136 5515 -0.480987000 -0.205543000 0.00000000000000000000 1.00000000000000000000 2 0 8 101 102 103 135 137 170 171 172 
137 5516 -0.489617000 -0.171800000 0.00000000000000000000 1.00000000000000000000 2 0 8 102 103 104 136 138 171 172 173 
138 5517 -0.496698000 -0.137776000 0.00000000000000000000 1.00000000000000000000 2 0 8 103 104 105 137 139 172 173 174 
139 5518 -0.502218000 -0.103525000 0.00000000000000000000 1.00000000000000000000 2 0 8 104 105 106 138 140 173 174 175 
140 5519 -0.506167000 -0.069105700 0.00000000000000000000 1.00000000000000000000 2 0 8 105 106 107 139 141 174 175 176 
141 5520 -0.508538000 -0.034572600 0.00000000000000000000 1.00000000000000000000 2 0 8 106 107 108 140 142 175 176 177 
142 5521 -0.509329000 0.000017108 0.00000000000000000000 1.00000000000000000000 2 0 8 107 108 109 141 143 176 177 178 
143 5522 -0.508537000 0.034606800 0.00000000000000000000 1.00000000000000000000 2 0 8 108 109 110 142 144 177 178 179 
144 5523 -0.506163000 0.069139800 0.00000000000000000000 1.00000000000000000000 2 0 8 109 110 111 143 145 178 179 180 
145 5524 -0.502213000 0.103559000 0.00000000000000000000 1.00000000000000000000 2 0 8 110 111 112 144 146 179 180 181 
146 5525 -0.496692000 0.137809000 0.00000000000000000000 1.00000000000000000000 2 0 8 111 112 113 145 147 180 181 182 
147 5526 -0.489609000 0.171833000 0.00000000000000000000 1.00000000000000000000 2 0 8 112 113 114 146 148 181 182 183 
148 5527 -0.480978000 0.205576000 0.00000000000000000000 1.00000000000000000000 2 0 8 113 114 115 147 149 182 183 184 
149 5528 -0.470811000 0.238982000 0.00000000000000000000 1.00000000000000000000 2 0 8 114 115 116 148 150 183 184 185 
150 5529 -0.459126000 0.271997000 0.00000000000000000000 1.00000000000000000000 2 0 8 115 116 117 149 151 184 185 186 
151 5530 -0.445944000 0.304568000 0.00000000000000000000 1.00000000000000000000 2 0 8 116 117 118 150 152 185 186 187 
152 5531 -0.431285000 0.336641000 0.00000000000000000000 1.00000000000000000000 2 0 8 117 118 119 151 153 186 187 188 
153 5532 -0.415175000 0.368164000 0.00000000000000000000 1.00000000000000000000 2 0 8 118 119 120 152 154 187 188 189 
154 5533 -0.397640000 0.399088000 0.00000000000000000000 1.00000000000000000000 2 0 8 119 120 121 153 155 188 189 190 
155 5534 -0.378709000 0.429361000 0.00000000000000000000 1.00000000000000000000 2 0 8 120 121 122 154 156 189 190 191 
156 5535 -0.358415000 0.458935000 0.00000000000000000000 1.00000000000000000000 2 0 8 121 122 123 155 157 190 191 192 
157 5536 -0.336791000 0.487764000 0.00000000000000000000 1.00000000000000000000 2 0 8 122 123 124 156 158 191 192 193 
158 5537 -0.313872000 0.515801000 0.00000000000000000000 1.00000000000000000000 2 0 8 123 124 125 157 159 192 193 194 
159 5538 -0.289698000 0.543001000 0.00000000000000000000 1.00000000000000000000 2 0 8 124 125 126 158 160 193 194 195 
160 5539 -0.264307000 0.569323000 0.00000000000000000000 1.00000000000000000000 2 0 8 125 126 127 159 161 194 195 196 
161 5540 -0.237741000 0.594724000 0.00000000000000000000 1.00000000000000000000 2 0 8 126 127 128 160 162 195 196 197 
162 5541 -0.210045000 0.619166000 0.00000000000000000000 1.00000000000000000000 2 0 8 127 128 129 161 163 196 197 198 
163 5542 -0.181264000 0.642609000 0.00000000000000000000 1.00000000000000000000 2 0 8 128 129 130 162 164 197 198 199 
164 5543 -0.151445000 0.665019000 0.00000000000000000000 1.00000000000000000000 2 0 8 129 130 131 163 165 198 199 200 
165 5544 -0.120637000 0.686360000 0.00000000000000000000 1.00000000000000000000 2 0 8 130 131 132 164 166 199 200 201 
166 5545 -0.088889700 0.706601000 0.00000000000000000000 1.00000000000000000000 2 0 8 131 132 133 165 167 200 201 202 
167 5546 -0.056255200 0.725711000 0.00000000000000000000 1.00000000000000000000 2 0 8 132 133 134 166 168 201 202 203 
168 5547 -0.022786400 0.743662000 0.00000000000000000000 1.00000000000000000000 2 0 8 133 134 650 167 169 202 203 204 
169 5548 0.011462500 0.760427000 0.00000000000000000000 1.00000000000000000000 2 0 8 134 650 651 168 653 203 204 205 
170 5549 -0.523260000 -0.255779000 0.00000000000000000000 1.00000000000000000000 2 0 8 652 135 136 655 171 658 659 206 
171 5550 -0.533967000 -0.220016000 0.00000000000000000000 1.00000000000000000000 2 0 8 135 136 137 170 172 659 206 207 
172 5551 -0.543058000 -0.183895000 0.00000000000000000000 1.00000000000000000000 2 0 8 136 137 138 171 173 206 207 208 
173 5552 -0.550516000 -0.147473000 0.00000000000000000000 1.00000000000000000000 2 0 8 137 138 139 172 174 207 208 209 
174 5553 -0.556329000 -0.110811000 0.00000000000000000000 1.00000000000000000000 2 0 8 138 139 140 173 175 208 209 210 
175 5554 -0.560489000 -0.073968700 0.00000000000000000000 1.00000000000000000000 2 0 8 139 140 141 174 176 209 210 211 
176 5555 -0.562987000 -0.037005100 0.00000000000000000000 1.00000000000000000000 2 0 8 140 141 142 175 177 210 211 212 
177 5556 -0.563819000 0.000018806 0.00000000000000000000 1.00000000000000000000 2 0 8 141 142 143 176 178 211 212 213 
178 5557 -0.562985000 0.037042700 0.00000000000000000000 1.00000000000000000000 2 0 8 142 143 144 177 179 212 213 214 
179 5558 -0.560485000 0.074006100 0.00000000000000000000 1.00000000000000000000 2 0 8 143 144 145 178 180 213 214 215 
180 5559 -0.556324000 0.110849000 0.00000000000000000000 1.00000000000000000000 2 0 8 144 145 146 179 181 214 215 216 
181 5560 -0.550509000 0.147511000 0.00000000000000000000 1.00000000000000000000 2 0 8 145 146 147 180 182 215 216 217 
182 5561 -0.543049000 0.183932000 0.00000000000000000000 1.00000000000000000000 2 0 8 146 147 148 181 183 216 217 218 
183 5562 -0.533957000 0.220053000 0.00000000000000000000 1.00000000000000000000 2 0 8 147 148 149 182 184 217 218 219 
184 5563 -0.523249000 0.255816000 0.00000000000000000000 1.00000000000000000000 2 0 8 148 149 150 183 185 218 219 220 
185 5564 -0.510941000 0.291161000 0.00000000000000000000 1.00000000000000000000 2 0 8 149 150 151 184 186 219 220 221 
186 5565 -0.497055000 0.326033000 0.00000000000000000000 1.00000000000000000000 2 0 8 150 151 152 185 187 220 221 222 
187 5566 -0.481614000 0.360375000 0.00000000000000000000 1.00000000000000000000 2 0 8 151 152 153 186 188 221 222 223 
188 5567 -0.464644000 0.394131000 0.00000000000000000000 1.00000000000000000000 2 0 8 152 153 154 187 189 222 223 224 
189 5568 -0.446173000 0.427246000 0.00000000000000000000 1.00000000000000000000 2 0 8 153 154 155 188 190 223 224 225 
190 5569 -0.426231000 0.459669000 0.00000000000000000000 1.00000000000000000000 2 0 8 154 155 156 189 191 224 225 226 
191 5570 -0.404852000 0.491346000 0.00000000000000000000 1.00000000000000000000 2 0 8 155 156 157 190 192 225 226 227 
192 5571 -0.382071000 0.522228000 0.00000000000000000000 1.00000000000000000000 2 0 8 156 157 158 191 193 226 227 228 
193 5572 -0.357926000 0.552265000 0.00000000000000000000 1.00000000000000000000 2 0 8 157 158 159 192 194 227 228 229 
194 5573 -0.332457000 0.581411000 0.00000000000000000000 1.00000000000000000000 2 0 8 158 159 160 193 195 228 229 230 
195 5574 -0.305706000 0.609618000 0.00000000000000000000 1.00000000000000000000 2 0 8 159 160 161 194 196 229 230 231 
196 5575 -0.277716000 0.636843000 0.00000000000000000000 1.00000000000000000000 2 0 8 160 161 162 195 197 230 231 232 
197 5576 -0.248534000 0.663044000 0.00000000000000000000 1.00000000000000000000 2 0 8 161 162 163 196 198 231 232 233 
198 5577 -0.218208000 0.688179000 0.00000000000000000000 1.00000000000000000000 2 0 8 162 163 164 197 199 232 233 234 
199 5578 -0.186787000 0.712211000 0.00000000000000000000 1.00000000000000000000 2 0 8 163 164 165 198 200 233 234 235 
200 5579 -0.154323000 0.735102000 0.00000000000000000000 1.00000000000000000000 2 0 8 164 165 166 199 201 234 235 236 
201 5580 -0.120867000 0.756817000 0.00000000000000000000 1.00000000000000000000 2 0 8 165 166 167 200 202 235 236 237 
202 5581 -0.086475900 0.777325000 0.00000000000000000000 1.00000000000000000000 2 0 8 166 167 168 201 203 236 237 238 
203 5582 -0.051203800 0.796594000 0.00000000000000000000 1.00000000000000000000 2 0 8 167 168 169 202 204 237 238 239 
204 5583 -0.015108100 0.814595000 0.00000000000000000000 1.00000000000000000000 2 0 8 168 169 653 203 205 238 239 240 
205 5584 0.021753000 0.831304000 0.00000000000000000000 1.00000000000000000000 2 0 8 169 653 654 204 656 239 240 241 
206 5585 -0.590713000 -0.235294000 0.00000000000000000000 1.00000000000000000000 2 0 8 170 171 172 659 207 662 663 242 
207 5586 -0.600295000 -0.196662000 0.00000000000000000000 1.00000000000000000000 2 0 8 171 172 173 206 208 663 242 243 
208 5587 -0.608157000 -0.157710000 0.00000000000000000000 1.00000000000000000000 2 0 8 172 173 174 207 209 242 243 244 
209 5588 -0.614286000 -0.118502000 0.00000000000000000000 1.00000000000000000000 2 0 8 173 174 175 208 210 243 244 245 
210 5589 -0.618670000 -0.079101900 0.00000000000000000000 1.00000000000000000000 2 0 8 174 175 176 209 211 244 245 246 
211 5590 -0.621303000 -0.039572800 0.00000000000000000000 1.00000000000000000000 2 0 8 175 176 177 210 212 245 246 247 
212 5591 -0.622181000 0.000020582 0.00000000000000000000 1.00000000000000000000 2 0 8 176 177 178 211 213 246 247 248 
213 5592 -0.621302000 0.039613900 0.00000000000000000000 1.00000000000000000000 2 0 8 177 178 179 212 214 247 248 249 
214 5593 -0.618666000 0.079142900 0.00000000000000000000 1.00000000000000000000 2 0 8 178 179 180 213 215 248 249 250 
215 5594 -0.614280000 0.118543000 0.00000000000000000000 1.00000000000000000000 2 0 8 179 180 181 214 216 249 250 251 
216 5595 -0.608150000 0.157751000 0.00000000000000000000 1.00000000000000000000 2 0 8 180 181 182 215 217 250 251 252 
217 5596 -0.600286000 0.196702000 0.00000000000000000000 1.00000000000000000000 2 0 8 181 182 183 216 218 251 252 253 
218 5597 -0.590702000 0.235334000 0.00000000000000000000 1.00000000000000000000 2 0 8 182 183 184 217 219 252 253 254 
219 5598 -0.579413000 0.273584000 0.00000000000000000000 1.00000000000000000000 2 0 8 183 184 185 218 220 253 254 255 
220 5599 -0.566439000 0.311390000 0.00000000000000000000 1.00000000000000000000 2 0 8 184 185 186 219 221 254 255 256 
221 5600 -0.551800000 0.348691000 0.00000000000000000000 1.00000000000000000000 2 0 8 185 186 187 220 222 255 256 257 
222 5601 -0.535522000 0.385427000 0.00000000000000000000 1.00000000000000000000 2 0 8 186 187 188 221 223 256 257 258 
223 5602 -0.517631000 0.421539000 0.00000000000000000000 1.00000000000000000000 2 0 8 187 188 189 222 224 257 258 259 
224 5603 -0.498157000 0.456968000 0.00000000000000000000 1.00000000000000000000 2 0 8 188 189 190 223 225 258 259 260 
225 5604 -0.477132000 0.491659000 0.00000000000000000000 1.00000000000000000000 2 0 8 189 190 191 224 226 259 260 261 
226 5605 -0.454592000 0.525556000 0.00000000000000000000 1.00000000000000000000 2 0 8 190 191 192 225 227 260 261 262 
227 5606 -0.430573000 0.558605000 0.00000000000000000000 1.00000000000000000000 2 0 8 191 192 193 226 228 261 262 263 
228 5607 -0.405115000 0.590753000 0.00000000000000000000 1.00000000000000000000 2 0 8 192 193 194 227 229 262 263 264 
229 5608 -0.378260000 0.621951000 0.00000000000000000000 1.00000000000000000000 2 0 8 193 194 195 228 230 263 264 265 
230 5609 -0.350052000 0.652148000 0.00000000000000000000 1.00000000000000000000 2 0 8 194 195 196 229 231 264 265 266 
231 5610 -0.320538000 0.681297000 0.00000000000000000000 1.00000000000000000000 2 0 8 195 196 197 230 232 265 266 267 
232 5611 -0.289765000 0.709354000 0.00000000000000000000 1.00000000000000000000 2 0 8 196 197 198 231 233 266 267 268 
233 5612 -0.257785000 0.736275000 0.00000000000000000000 1.00000000000000000000 2 0 8 197 198 199 232 234 267 268 269 
234 5613 -0.224648000 0.762018000 0.00000000000000000000 1.00000000000000000000 2 0 8 198 199 200 233 235 268 269 270 
235 5614 -0.190411000 0.786543000 0.00000000000000000000 1.00000000000000000000 2 0 8 199 200 201 234 236 269 270 271 
236 5615 -0.155126000 0.809815000 0.00000000000000000000 1.00000000000000000000 2 0 8 200 201 202 235 237 270 271 272 
237 5616 -0.118853000 0.831797000 0.00000000000000000000 1.00000000000000000000 2 0 8 201 202 203 236 238 271 272 273 
238 5617 -0.081650200 0.852456000 0.00000000000000000000 1.00000000000000000000 2 0 8 202 203 204 237 239 272 273 274 
239 5618 -0.043576700 0.871763000 0.00000000000000000000 1.00000000000000000000 2 0 8 203 204 205 238 240 273 274 275 
240 5619 -0.004694130 0.889688000 0.00000000000000000000 1.00000000000000000000 2 0 8 204 205 656 239 241 274 275 276 
241 5620 0.034935000 0.906206000 0.00000000000000000000 1.00000000000000000000 2 0 8 205 656 657 240 660 275 276 277 
242 5621 -0.661544000 -0.210148000 0.00000000000000000000 1.00000000000000000000 2 0 8 206 207 208 663 243 666 667 278 
243 5622 -0.669838000 -0.168524000 0.00000000000000000000 1.00000000000000000000 2 0 8 207 208 209 242 244 667 278 279 
244 5623 -0.676303000 -0.126627000 0.00000000000000000000 1.00000000000000000000 2 0 8 208 209 210 243 245 278 279 280 
245 5624 -0.680928000 -0.084524300 0.00000000000000000000 1.00000000000000000000 2 0 8 209 210 211 244 246 279 280 281 
246 5625 -0.683706000 -0.042285200 0.00000000000000000000 1.00000000000000000000 2 0 8 210 211 212 245 247 280 281 282 
247 5626 -0.684632000 0.000022433 0.00000000000000000000 1.00000000000000000000 2 0 8 211 212 213 246 248 281 282 283 
248 5627 -0.683704000 0.042330000 0.00000000000000000000 1.00000000000000000000 2 0 8 212 213 214 247 249 282 283 284 
249 5628 -0.680924000 0.084569100 0.00000000000000000000 1.00000000000000000000 2 0 8 213 214 215 248 250 283 284 285 
250 5629 -0.676297000 0.126671000 0.00000000000000000000 1.00000000000000000000 2 0 8 214 215 216 249 251 284 285 286 
251 5630 -0.669830000 0.168568000 0.00000000000000000000 1.00000000000000000000 2 0 8 215 216 217 250 252 285 286 287 
252 5631 -0.661534000 0.210192000 0.00000000000000000000 1.00000000000000000000 2 0 8 216 217 218 251 253 286 287 288 
253 5632 -0.651423000 0.251476000 0.00000000000000000000 1.00000000000000000000 2 0 8 217 218 219 252 254 287 288 289 
254 5633 -0.639514000 0.292353000 0.00000000000000000000 1.00000000000000000000 2 0 8 218 219 220 253 255 288 289 290 
255 5634 -0.625826000 0.332758000 0.00000000000000000000 1.00000000000000000000 2 0 8 219 220 221 254 256 289 290 291 
256 5635 -0.610382000 0.372625000 0.00000000000000000000 1.00000000000000000000 2 0 8 220 221 222 255 257 290 291 292 
257 5636 -0.593209000 0.411890000 0.00000000000000000000 1.00000000000000000000 2 0 8 221 222 223 256 258 291 292 293 
258 5637 -0.574333000 0.450490000 0.00000000000000000000 1.00000000000000000000 2 0 8 222 223 224 257 259 292 293 294 
259 5638 -0.553787000 0.488364000 0.00000000000000000000 1.00000000000000000000 2 0 8 223 224 225 258 260 293 294 295 
260 5639 -0.531604000 0.525450000 0.00000000000000000000 1.00000000000000000000 2 0 8 224 225 226 259 261 294 295 296 
261 5640 -0.507821000 0.561691000 0.00000000000000000000 1.00000000000000000000 2 0 8 225 226 227 260 262 295 296 297 
262 5641 -0.482478000 0.597029000 0.00000000000000000000 1.00000000000000000000 2 0 8 226 227 228 261 263 296 297 298 
263 5642 -0.455615000 0.631407000 0.00000000000000000000 1.00000000000000000000 2 0 8 227 228 229 262 264 297 298 299 
264 5643 -0.427278000 0.664771000 0.00000000000000000000 1.00000000000000000000 2 0 8 228 229 230 263 265 298 299 300 
265 5644 -0.397512000 0.697070000 0.00000000000000000000 1.00000000000000000000 2 0 8 229 230 231 264 266 299 300 301 
266 5645 -0.366366000 0.728252000 0.00000000000000000000 1.00000000000000000000 2 0 8 230 231 232 265 267 300 301 302 
267 5646 -0.333892000 0.758269000 0.00000000000000000000 1.00000000000000000000 2 0 8 231 232 233 266 268 301 302 303 
268 5647 -0.300142000 0.787075000 0.00000000000000000000 1.00000000000000000000 2 0 8 232 233 234 267 269 302 303 304 
269 5648 -0.265171000 0.814625000 0.00000000000000000000 1.00000000000000000000 2 0 8 233 234 235 268 270 303 304 305 
270 5649 -0.229035000 0.840877000 0.00000000000000000000 1.00000000000000000000 2 0 8 234 235 236 269 271 304 305 306 
271 5650 -0.191795000 0.865791000 0.00000000000000000000 1.00000000000000000000 2 0 8 235 236 237 270 272 305 306 307 
272 5651 -0.153509000 0.889329000 0.00000000000000000000 1.00000000000000000000 2 0 8 236 237 238 271 273 306 307 308 
273 5652 -0.114239000 0.911457000 0.00000000000000000000 1.00000000000000000000 2 0 8 237 238 239 272 274 307 308 309 
274 5653 -0.074049400 0.932141000 0.00000000000000000000 1.00000000000000000000 2 0 8 238 239 240 273 275 308 309 310 
275 5654 -0.033003900 0.951351000 0.00000000000000000000 1.00000000000000000000 2 0 8 239 240 241 274 276 309 310 311 
276 5655 0.008831600 0.969058000 0.00000000000000000000 1.00000000000000000000 2 0 8 240 241 660 275 277 310 311 312 
277 5656 0.051390100 0.985239000 0.00000000000000000000 1.00000000000000000000 2 0 8 241 660 661 276 664 311 312 313 
278 5657 -0.735788000 -0.179954000 0.00000000000000000000 1.00000000000000000000 2 0 8 242 243 244 667 279 670 671 314 
279 5658 -0.742613000 -0.135214000 0.00000000000000000000 1.00000000000000000000 2 0 8 243 244 245 278 280 671 314 315 
280 5659 -0.747496000 -0.090256000 0.00000000000000000000 1.00000000000000000000 2 0 8 244 245 246 279 281 314 315 316 
281 5660 -0.750428000 -0.045152300 0.00000000000000000000 1.00000000000000000000 2 0 8 245 246 247 280 282 315 316 317 
282 5661 -0.751406000 0.000024356 0.00000000000000000000 1.00000000000000000000 2 0 8 246 247 248 281 283 316 317 318 
283 5662 -0.750426000 0.045201000 0.00000000000000000000 1.00000000000000000000 2 0 8 247 248 249 282 284 317 318 319 
284 5663 -0.747492000 0.090304600 0.00000000000000000000 1.00000000000000000000 2 0 8 248 249 250 283 285 318 319 320 
285 5664 -0.742607000 0.135262000 0.00000000000000000000 1.00000000000000000000 2 0 8 249 250 251 284 286 319 320 321 
286 5665 -0.735780000 0.180002000 0.00000000000000000000 1.00000000000000000000 2 0 8 250 251 252 285 287 320 321 322 
287 5666 -0.727022000 0.224451000 0.00000000000000000000 1.00000000000000000000 2 0 8 251 252 253 286 288 321 322 323 
288 5667 -0.716348000 0.268538000 0.00000000000000000000 1.00000000000000000000 2 0 8 252 253 254 287 289 322 323 324 
289 5668 -0.703776000 0.312193000 0.00000000000000000000 1.00000000000000000000 2 0 8 253 254 255 288 290 323 324 325 
290 5669 -0.689325000 0.355344000 0.00000000000000000000 1.00000000000000000000 2 0 8 254 255 256 289 291 324 325 326 
291 5670 -0.673021000 0.397922000 0.00000000000000000000 1.00000000000000000000 2 0 8 255 256 257 290 292 325 326 327 
292 5671 -0.654890000 0.439861000 0.00000000000000000000 1.00000000000000000000 2 0 8 256 257 258 291 293 326 327 328 
293 5672 -0.634962000 0.481091000 0.00000000000000000000 1.00000000000000000000 2 0 8 257 258 259 292 294 327 328 329 
294 5673 -0.613270000 0.521548000 0.00000000000000000000 1.00000000000000000000 2 0 8 258 259 260 293 295 328 329 330 
295 5674 -0.589849000 0.561167000 0.00000000000000000000 1.00000000000000000000 2 0 8 259 260 261 294 296 329 330 331 
296 5675 -0.564739000 0.599885000 0.00000000000000000000 1.00000000000000000000 2 0 8 260 261 262 295 297 330 331 332 
297 5676 -0.537979000 0.637642000 0.00000000000000000000 1.00000000000000000000 2 0 8 261 262 263 296 298 331 332 333 
298 5677 -0.509616000 0.674376000 0.00000000000000000000 1.00000000000000000000 2 0 8 262 263 264 297 299 332 333 334 
299 5678 -0.479694000 0.710031000 0.00000000000000000000 1.00000000000000000000 2 0 8 263 264 265 298 300 333 334 335 
300 5679 -0.448262000 0.744550000 0.00000000000000000000 1.00000000000000000000 2 0 8 264 265 266 299 301 334 335 336 
301 5680 -0.415373000 0.777880000 0.00000000000000000000 1.00000000000000000000 2 0 8 265 266 267 300 302 335 336 337 
302 5681 -0.381080000 0.809969000 0.00000000000000000000 1.00000000000000000000 2 0 8 266 267 268 301 303 336 337 338 
303 5682 -0.345438000 0.840767000 0.00000000000000000000 1.00000000000000000000 2 0 8 267 268 269 302 304 337 338 339 
304 5683 -0.308505000 0.870226000 0.00000000000000000000 1.00000000000000000000 2 0 8 268 269 270 303 305 338 339 340 
305 5684 -0.270341000 0.898302000 0.00000000000000000000 1.00000000000000000000 2 0 8 269 270 271 304 306 339 340 341 
306 5685 -0.231009000 0.924952000 0.00000000000000000000 1.00000000000000000000 2 0 8 270 271 272 305 307 340 341 342 
307 5686 -0.190571000 0.950135000 0.00000000000000000000 1.00000000000000000000 2 0 8 271 272 273 306 308 341 342 343 
308 5687 -0.149092000 0.973814000 0.00000000000000000000 1.00000000000000000000 2 0 8 272 273 274 307 309 342 343 344 
309 5688 -0.106640000 0.995953000 0.00000000000000000000 1.00000000000000000000 2 0 8 273 274 275 308 310 343 344 345 
310 5689 -0.063281600 1.016520000 0.00000000000000000000 1.00000000000000000000 2 0 8 274 275 276 309 311 344 345 346 
311 5690 -0.019087100 1.035480000 0.00000000000000000000 1.00000000000000000000 2 0 8 275 276 277 310 312 345 346 347 
312 5691 0.025873200 1.052820000 0.00000000000000000000 1.00000000000000000000 2 0 8 276 277 664 311 313 346 347 348 
313 5692 0.071527800 1.068500000 0.00000000000000000000 1.00000000000000000000 2 0 8 277 664 665 312 668 347 348 349 
314 5693 -0.813464000 -0.144297000 0.00000000000000000000 1.00000000000000000000 2 0 8 278 279 280 671 315 674 675 676 
315 5694 -0.818621000 -0.096318200 0.00000000000000000000 1.00000000000000000000 2 0 8 279 280 281 314 316 675 676 350 
316 5695 -0.821719000 -0.048184700 0.00000000000000000000 1.00000000000000000000 2 0 8 280 281 282 315 317 676 350 351 
317 5696 -0.822751000 0.000026347 0.00000000000000000000 1.00000000000000000000 2 0 8 281 282 283 316 318 350 351 352 
318 5697 -0.821716000 0.048237300 0.00000000000000000000 1.00000000000000000000 2 0 8 282 283 284 317 319 351 352 353 
319 5698 -0.818617000 0.096370700 0.00000000000000000000 1.00000000000000000000 2 0 8 283 284 285 318 320 352 353 354 
320 5699 -0.813457000 0.144349000 0.00000000000000000000 1.00000000000000000000 2 0 8 284 285 286 319 321 353 354 355 
321 5700 -0.806245000 0.192095000 0.00000000000000000000 1.00000000000000000000 2 0 8 285 286 287 320 322 354 355 356 
322 5701 -0.796995000 0.239532000 0.00000000000000000000 1.00000000000000000000 2 0 8 286 287 288 321 323 355 356 357 
323 5702 -0.785719000 0.286584000 0.00000000000000000000 1.00000000000000000000 2 0 8 287 288 289 322 324 356 357 358 
324 5703 -0.772438000 0.333175000 0.00000000000000000000 1.00000000000000000000 2 0 8 288 289 290 323 325 357 358 359 
325 5704 -0.757174000 0.379231000 0.00000000000000000000 1.00000000000000000000 2 0 8 289 290 291 324 326 358 359 360 
326 5705 -0.739950000 0.424678000 0.00000000000000000000 1.00000000000000000000 2 0 8 290 291 292 325 327 359 360 361 
327 5706 -0.720797000 0.469443000 0.00000000000000000000 1.00000000000000000000 2 0 8 291 292 293 326 328 360 361 362 
328 5707 -0.699744000 0.513456000 0.00000000000000000000 1.00000000000000000000 2 0 8 292 293 294 327 329 361 362 363 
329 5708 -0.676828000 0.556644000 0.00000000000000000000 1.00000000000000000000 2 0 8 293 294 295 328 330 362 363 364 
330 5709 -0.652085000 0.598942000 0.00000000000000000000 1.00000000000000000000 2 0 8 294 295 296 329 331 363 364 365 
331 5710 -0.625556000 0.640280000 0.00000000000000000000 1.00000000000000000000 2 0 8 295 296 297 330 332 364 365 366 
332 5711 -0.597285000 0.680594000 0.00000000000000000000 1.00000000000000000000 2 0 8 296 297 298 331 333 365 366 367 
333 5712 -0.567318000 0.719820000 0.00000000000000000000 1.00000000000000000000 2 0 8 297 298 299 332 334 366 367 368 
334 5713 -0.535703000 0.757897000 0.00000000000000000000 1.00000000000000000000 2 0 8 298 299 300 333 335 367 368 369 
335 5714 -0.502493000 0.794765000 0.00000000000000000000 1.00000000000000000000 2 0 8 299 300 301 334 336 368 369 370 
336 5715 -0.467741000 0.830366000 0.00000000000000000000 1.00000000000000000000 2 0 8 300 301 302 335 337 369 370 371 
337 5716 -0.431504000 0.864645000 0.00000000000000000000 1.00000000000000000000 2 0 8 301 302 303 336 338 370 371 372 
338 5717 -0.393841000 0.897550000 0.00000000000000000000 1.00000000000000000000 2 0 8 302 303 304 337 339 371 372 373 
339 5718 -0.354813000 0.929028000 0.00000000000000000000 1.00000000000000000000 2 0 8 303 304 305 338 340 372 373 374 
340 5719 -0.314483000 0.959033000 0.00000000000000000000 1.00000000000000000000 2 0 8 304 305 306 339 341 373 374 375 
341 5720 -0.272915000 0.987518000 0.00000000000000000000 1.00000000000000000000 2 0 8 305 306 307 340 342 374 375 376 
342 5721 -0.230178000 1.014440000 0.00000000000000000000 1.00000000000000000000 2 0 8 306 307 308 341 343 375 376 377 
343 5722 -0.186339000 1.039760000 0.00000000000000000000 1.00000000000000000000 2 0 8 307 308 309 342 344 376 377 378 
344 5723 -0.141469000 1.063440000 0.00000000000000000000 1.00000000000000000000 2 0 8 308 309 310 343 345 377 378 379 
345 5724 -0.095640200 1.085440000 0.00000000000000000000 1.00000000000000000000 2 0 8 309 310 311 344 346 378 379 380 
346 5725 -0.048925200 1.105730000 0.00000000000000000000 1.00000000000000000000 2 0 8 310 311 312 345 347 379 380 381 
347 5726 -0.001398500 1.124290000 0.00000000000000000000 1.00000000000000000000 2 0 8 311 312 313 346 348 380 381 382 
348 5727 0.046864200 1.141080000 0.00000000000000000000 1.00000000000000000000 2 0 8 312 313 668 347 349 381 382 383 
349 5728 0.095786500 1.156080000 0.00000000000000000000 1.00000000000000000000 2 0 8 313 668 669 348 672 382 383 384 
350 5729 -0.897843000 -0.051393600 0.00000000000000000000 1.00000000000000000000 2 0 8 315 316 317 676 351 679 680 385 
351 5730 -0.898934000 0.000028401 0.00000000000000000000 1.00000000000000000000 2 0 8 316 317 318 350 352 680 385 386 
352 5731 -0.897841000 0.051450400 0.00000000000000000000 1.00000000000000000000 2 0 8 317 318 319 351 353 385 386 387 
353 5732 -0.894565000 0.102790000 0.00000000000000000000 1.00000000000000000000 2 0 8 318 319 320 352 354 386 387 388 
354 5733 -0.889111000 0.153964000 0.00000000000000000000 1.00000000000000000000 2 0 8 319 320 321 353 355 387 388 389 
355 5734 -0.881489000 0.204892000 0.00000000000000000000 1.00000000000000000000 2 0 8 320 321 322 354 356 388 389 390 
356 5735 -0.871712000 0.255491000 0.00000000000000000000 1.00000000000000000000 2 0 8 321 322 323 355 357 389 390 391 
357 5736 -0.859795000 0.305680000 0.00000000000000000000 1.00000000000000000000 2 0 8 322 323 324 356 358 390 391 392 
358 5737 -0.845758000 0.355379000 0.00000000000000000000 1.00000000000000000000 2 0 8 323 324 325 357 359 391 392 393 
359 5738 -0.829624000 0.404509000 0.00000000000000000000 1.00000000000000000000 2 0 8 324 325 326 358 360 392 393 394 
360 5739 -0.811419000 0.452991000 0.00000000000000000000 1.00000000000000000000 2 0 8 325 326 327 359 361 393 394 395 
361 5740 -0.791174000 0.500748000 0.00000000000000000000 1.00000000000000000000 2 0 8 326 327 328 360 362 394 395 396 
362 5741 -0.768922000 0.547703000 0.00000000000000000000 1.00000000000000000000 2 0 8 327 328 329 361 363 395 396 397 
363 5742 -0.744698000 0.593783000 0.00000000000000000000 1.00000000000000000000 2 0 8 328 329 330 362 364 396 397 398 
364 5743 -0.718544000 0.638914000 0.00000000000000000000 1.00000000000000000000 2 0 8 329 330 331 363 365 397 398 399 
365 5744 -0.690501000 0.683024000 0.00000000000000000000 1.00000000000000000000 2 0 8 330 331 332 364 366 398 399 400 
366 5745 -0.660615000 0.726045000 0.00000000000000000000 1.00000000000000000000 2 0 8 331 332 333 365 367 399 400 401 
367 5746 -0.628936000 0.767908000 0.00000000000000000000 1.00000000000000000000 2 0 8 332 333 334 366 368 400 401 402 
368 5747 -0.595514000 0.808547000 0.00000000000000000000 1.00000000000000000000 2 0 8 333 334 335 367 369 401 402 403 
369 5748 -0.560405000 0.847900000 0.00000000000000000000 1.00000000000000000000 2 0 8 334 335 336 368 370 402 403 404 
370 5749 -0.523665000 0.885904000 0.00000000000000000000 1.00000000000000000000 2 0 8 335 336 337 369 371 403 404 405 
371 5750 -0.485353000 0.922501000 0.00000000000000000000 1.00000000000000000000 2 0 8 336 337 338 370 372 404 405 406 
372 5751 -0.445532000 0.957634000 0.00000000000000000000 1.00000000000000000000 2 0 8 337 338 339 371 373 405 406 407 
373 5752 -0.404267000 0.991249000 0.00000000000000000000 1.00000000000000000000 2 0 8 338 339 340 372 374 406 407 408 
374 5753 -0.361623000 1.023290000 0.00000000000000000000 1.00000000000000000000 2 0 8 339 340 341 373 375 407 408 409 
375 5754 -0.317670000 1.053720000 0.00000000000000000000 1.00000000000000000000 2 0 8 340 341 342 374 376 408 409 410 
376 5755 -0.272477000 1.082480000 0.00000000000000000000 1.00000000000000000000 2 0 8 341 342 343 375 377 409 410 411 
377 5756 -0.226119000 1.109540000 0.00000000000000000000 1.00000000000000000000 2 0 8 342 343 344 376 378 410 411 412 
378 5757 -0.178668000 1.134840000 0.00000000000000000000 1.00000000000000000000 2 0 8 343 344 345 377 379 411 412 413 
379 5758 -0.130200000 1.158360000 0.00000000000000000000 1.00000000000000000000 2 0 8 344 345 346 378 380 412 413 414 
380 5759 -0.080793600 1.180060000 0.00000000000000000000 1.00000000000000000000 2 0 8 345 346 347 379 381 413 414 415 
381 5760 -0.030526500 1.199910000 0.00000000000000000000 1.00000000000000000000 2 0 8 346 347 348 380 382 414 415 416 
382 5761 0.020521300 1.217870000 0.00000000000000000000 1.00000000000000000000 2 0 8 347 348 349 381 383 415 416 417 
383 5762 0.072269100 1.233930000 0.00000000000000000000 1.00000000000000000000 2 0 8 348 349 672 382 384 416 417 418 
384 5763 0.124635000 1.248070000 0.00000000000000000000 1.00000000000000000000 2 0 8 349 672 673 383 677 417 418 419 
385 5764 -0.980239000 0.000030511 0.00000000000000000000 1.00000000000000000000 2 0 8 350 351 352 680 386 683 684 685 
386 5765 -0.979083000 0.054852000 0.00000000000000000000 1.00000000000000000000 2 0 8 351 352 353 385 387 684 685 686 
387 5766 -0.975619000 0.109586000 0.00000000000000000000 1.00000000000000000000 2 0 8 352 353 354 386 388 685 686 420 
388 5767 -0.969852000 0.164144000 0.00000000000000000000 1.00000000000000000000 2 0 8 353 354 355 387 389 686 420 421 
389 5768 -0.961792000 0.218440000 0.00000000000000000000 1.00000000000000000000 2 0 8 354 355 356 388 390 420 421 422 
390 5769 -0.951453000 0.272386000 0.00000000000000000000 1.00000000000000000000 2 0 8 355 356 357 389 391 421 422 423 
391 5770 -0.938851000 0.325897000 0.00000000000000000000 1.00000000000000000000 2 0 8 356 357 358 390 392 422 423 424 
392 5771 -0.924007000 0.378886000 0.00000000000000000000 1.00000000000000000000 2 0 8 357 358 359 391 393 423 424 425 
393 5772 -0.906946000 0.431270000 0.00000000000000000000 1.00000000000000000000 2 0 8 358 359 360 392 394 424 425 426 
394 5773 -0.887694000 0.482965000 0.00000000000000000000 1.00000000000000000000 2 0 8 359 360 361 393 395 425 426 427 
395 5774 -0.866284000 0.533889000 0.00000000000000000000 1.00000000000000000000 2 0 8 360 361 362 394 396 426 427 428 
396 5775 -0.842751000 0.583961000 0.00000000000000000000 1.00000000000000000000 2 0 8 361 362 363 395 397 427 428 429 
397 5776 -0.817134000 0.633101000 0.00000000000000000000 1.00000000000000000000 2 0 8 362 363 364 396 398 428 429 430 
398 5777 -0.789473000 0.681231000 0.00000000000000000000 1.00000000000000000000 2 0 8 363 364 365 397 399 429 430 431 
399 5778 -0.759815000 0.728277000 0.00000000000000000000 1.00000000000000000000 2 0 8 364 365 366 398 400 430 431 432 
400 5779 -0.728207000 0.774162000 0.00000000000000000000 1.00000000000000000000 2 0 8 365 366 367 399 401 431 432 433 
401 5780 -0.694701000 0.818817000 0.00000000000000000000 1.00000000000000000000 2 0 8 366 367 368 400 402 432 433 434 
402 5781 -0.659351000 0.862169000 0.00000000000000000000 1.00000000000000000000 2 0 8 367 368 369 401 403 433 434 435 
403 5782 -0.622215000 0.904152000 0.00000000000000000000 1.00000000000000000000 2 0 8 368 369 370 402 404 434 435 436 
404 5783 -0.583353000 0.944701000 0.00000000000000000000 1.00000000000000000000 2 0 8 369 370 371 403 405 435 436 437 
405 5784 -0.542828000 0.983751000 0.00000000000000000000 1.00000000000000000000 2 0 8 370 371 372 404 406 436 437 438 
406 5785 -0.500704000 1.021240000 0.00000000000000000000 1.00000000000000000000 2 0 8 371 372 373 405 407 437 438 439 
407 5786 -0.457051000 1.057120000 0.00000000000000000000 1.00000000000000000000 2 0 8 372 373 374 406 408 438 439 440 
408 5787 -0.411939000 1.091330000 0.00000000000000000000 1.00000000000000000000 2 0 8 373 374 375 407 409 439 440 441 
409 5788 -0.365439000 1.123810000 0.00000000000000000000 1.00000000000000000000 2 0 8 374 375 376 408 410 440 441 442 
410 5789 -0.317627000 1.154520000 0.00000000000000000000 1.00000000000000000000 2 0 8 375 376 377 409 411 441 442 443 
411 5790 -0.268579000 1.183410000 0.00000000000000000000 1.00000000000000000000 2 0 8 376 377 378 410 412 442 443 444 
412 5791 -0.218373000 1.210440000 0.00000000000000000000 1.00000000000000000000 2 0 8 377 378 379 411 413 443 444 445 
413 5792 -0.167090000 1.235560000 0.00000000000000000000 1.00000000000000000000 2 0 8 378 379 380 412 414 444 445 446 
414 5793 -0.114811000 1.258750000 0.00000000000000000000 1.00000000000000000000 2 0 8 379 380 381 413 415 445 446 447 
415 5794 -0.061619300 1.279960000 0.00000000000000000000 1.00000000000000000000 2 0 8 380 381 382 414 416 446 447 448 
416 5795 -0.007598970 1.299170000 0.00000000000000000000 1.00000000000000000000 2 0 8 381 382 383 415 417 447 448 449 
417 5796 0.047164500 1.316350000 0.00000000000000000000 1.00000000000000000000 2 0 8 382 383 384 416 418 448 449 450 
418 5797 0.102585000 1.331470000 0.00000000000000000000 1.00000000000000000000 2 0 8 383 384 677 417 419 449 450 451 
419 5798 0.158574000 1.344520000 0.00000000000000000000 1.00000000000000000000 2 0 8 384 677 678 418 681 450 451 452 
420 5799 -1.055980000 0.174926000 0.00000000000000000000 1.00000000000000000000 2 0 8 387 388 389 686 421 688 689 453 
421 5800 -1.047450000 0.232789000 0.00000000000000000000 1.00000000000000000000 2 0 8 388 389 390 420 422 689 453 454 
422 5801 -1.036520000 0.290281000 0.00000000000000000000 1.00000000000000000000 2 0 8 389 390 391 421 423 453 454 455 
423 5802 -1.023180000 0.347309000 0.00000000000000000000 1.00000000000000000000 2 0 8 390 391 392 422 424 454 455 456 
424 5803 -1.007480000 0.403784000 0.00000000000000000000 1.00000000000000000000 2 0 8 391 392 393 423 425 455 456 457 
425 5804 -0.989427000 0.459614000 0.00000000000000000000 1.00000000000000000000 2 0 8 392 393 394 424 426 456 457 458 
426 5805 -0.969059000 0.514712000 0.00000000000000000000 1.00000000000000000000 2 0 8 393 394 395 425 427 457 458 459 
427 5806 -0.946408000 0.568990000 0.00000000000000000000 1.00000000000000000000 2 0 8 394 395 396 426 428 458 459 460 
428 5807 -0.921509000 0.622362000 0.00000000000000000000 1.00000000000000000000 2 0 8 395 396 397 427 429 459 460 461 
429 5808 -0.894404000 0.674744000 0.00000000000000000000 1.00000000000000000000 2 0 8 396 397 398 428 430 460 461 462 
430 5809 -0.865137000 0.726052000 0.00000000000000000000 1.00000000000000000000 2 0 8 397 398 399 429 431 461 462 463 
431 5810 -0.833756000 0.776205000 0.00000000000000000000 1.00000000000000000000 2 0 8 398 399 400 430 432 462 463 464 
432 5811 -0.800311000 0.825126000 0.00000000000000000000 1.00000000000000000000 2 0 8 399 400 401 431 433 463 464 465 
433 5812 -0.764857000 0.872736000 0.00000000000000000000 1.00000000000000000000 2 0 8 400 401 402 432 434 464 465 466 
434 5813 -0.727450000 0.918962000 0.00000000000000000000 1.00000000000000000000 2 0 8 401 402 403 433 435 465 466 467 
435 5814 -0.688153000 0.963731000 0.00000000000000000000 1.00000000000000000000 2 0 8 402 403 404 434 436 466 467 468 
436 5815 -0.647028000 1.006970000 0.00000000000000000000 1.00000000000000000000 2 0 8 403 404 405 435 437 467 468 469 
437 5816 -0.604141000 1.048620000 0.00000000000000000000 1.00000000000000000000 2 0 8 404 405 406 436 438 468 469 470 
438 5817 -0.559562000 1.088610000 0.00000000000000000000 1.00000000000000000000 2 0 8 405 406 407 437 439 469 470 471 
439 5818 -0.513363000 1.126880000 0.00000000000000000000 1.00000000000000000000 2 0 8 406 407 408 438 440 470 471 472 
440 5819 -0.465617000 1.163380000 0.00000000000000000000 1.00000000000000000000 2 0 8 407 408 409 439 441 471 472 473 
441 5820 -0.416401000 1.198040000 0.00000000000000000000 1.00000000000000000000 2 0 8 408 409 410 440 442 472 473 474 
442 5821 -0.365795000 1.230810000 0.00000000000000000000 1.00000000000000000000 2 0 8 409 410 411 441 443 473 474 475 
443 5822 -0.313878000 1.261640000 0.00000000000000000000 1.00000000000000000000 2 0 8 410 411 412 442 444 474 475 476 
444 5823 -0.260734000 1.290500000 0.00000000000000000000 1.00000000000000000000 2 0 8 411 412 413 443 445 475 476 477 
445 5824 -0.206447000 1.317320000 0.00000000000000000000 1.00000000000000000000 2 0 8 412 413 414 444 446 476 477 478 
446 5825 -0.151104000 1.342090000 0.00000000000000000000 1.00000000000000000000 2 0 8 413 414 415 445 447 477 478 479 
447 5826 -0.094792600 1.364750000 0.00000000000000000000 1.00000000000000000000 2 0 8 414 415 416 446 448 478 479 480 
448 5827 -0.037601300 1.385270000 0.00000000000000000000 1.00000000000000000000 2 0 8 415 416 417 447 449 479 480 481 
449 5828 0.020379200 1.403630000 0.00000000000000000000 1.00000000000000000000 2 0 8 416 417 418 448 450 480 481 482 
450 5829 0.079057500 1.419810000 0.00000000000000000000 1.00000000000000000000 2 0 8 417 418 419 449 451 481 482 483 
451 5830 0.138341000 1.433770000 0.00000000000000000000 1.00000000000000000000 2 0 8 418 419 681 450 452 482 483 690 
452 5831 0.198138000 1.445500000 0.00000000000000000000 1.00000000000000000000 2 0 8 419 681 682 451 687 483 690 691 
453 5832 -1.138790000 0.247993000 0.00000000000000000000 1.00000000000000000000 2 0 8 420 421 422 689 454 692 693 484 
454 5833 -1.127210000 0.309241000 0.00000000000000000000 1.00000000000000000000 2 0 8 421 422 423 453 455 693 484 485 
455 5834 -1.113100000 0.369997000 0.00000000000000000000 1.00000000000000000000 2 0 8 422 423 424 454 456 484 485 486 
456 5835 -1.096480000 0.430164000 0.00000000000000000000 1.00000000000000000000 2 0 8 423 424 425 455 457 485 486 487 
457 5836 -1.077380000 0.489646000 0.00000000000000000000 1.00000000000000000000 2 0 8 424 425 426 456 458 486 487 488 
458 5837 -1.055820000 0.548350000 0.00000000000000000000 1.00000000000000000000 2 0 8 425 426 427 457 459 487 488 489 
459 5838 -1.031840000 0.606182000 0.00000000000000000000 1.00000000000000000000 2 0 8 426 427 428 458 460 488 489 490 
460 5839 -1.005490000 0.663051000 0.00000000000000000000 1.00000000000000000000 2 0 8 427 428 429 459 461 489 490 491 
461 5840 -0.976798000 0.718866000 0.00000000000000000000 1.00000000000000000000 2 0 8 428 429 430 460 462 490 491 492 
462 5841 -0.945818000 0.773541000 0.00000000000000000000 1.00000000000000000000 2 0 8 429 430 431 461 463 491 492 493 
463 5842 -0.912600000 0.826988000 0.00000000000000000000 1.00000000000000000000 2 0 8 430 431 432 462 464 492 493 494 
464 5843 -0.877196000 0.879123000 0.00000000000000000000 1.00000000000000000000 2 0 8 431 432 433 463 465 493 494 495 
465 5844 -0.839665000 0.929866000 0.00000000000000000000 1.00000000000000000000 2 0 8 432 433 434 464 466 494 495 496 
466 5845 -0.800066000 0.979136000 0.00000000000000000000 1.00000000000000000000 2 0 8 433 434 435 465 467 495 496 497 
467 5846 -0.758465000 1.026860000 0.00000000000000000000 1.00000000000000000000 2 0 8 434 435 436 466 468 496 497 498 
468 5847 -0.714927000 1.072950000 0.00000000000000000000 1.00000000000000000000 2 0 8 435 436 437 467 469 497 498 499 
469 5848 -0.669523000 1.117360000 0.00000000000000000000 1.00000000000000000000 2 0 8 436 437 438 468 470 498 499 500 
470 5849 -0.622325000 1.159990000 0.00000000000000000000 1.00000000000000000000 2 0 8 437 438 439 469 471 499 500 501 
471 5850 -0.573411000 1.200800000 0.00000000000000000000 1.00000000000000000000 2 0 8 438 439 440 470 472 500 501 502 
472 5851 -0.522858000 1.239720000 0.00000000000000000000 1.00000000000000000000 2 0 8 439 440 441 471 473 501 502 503 
473 5852 -0.470746000 1.276680000 0.00000000000000000000 1.00000000000000000000 2 0 8 440 441 442 472 474 502 503 504 
474 5853 -0.417160000 1.311640000 0.00000000000000000000 1.00000000000000000000 2 0 8 441 442 443 473 475 503 504 505 
475 5854 -0.362185000 1.344540000 0.00000000000000000000 1.00000000000000000000 2 0 8 442 443 444 474 476 504 505 506 
476 5855 -0.305908000 1.375320000 0.00000000000000000000 1.00000000000000000000 2 0 8 443 444 445 475 477 505 506 507 
477 5856 -0.248419000 1.403950000 0.00000000000000000000 1.00000000000000000000 2 0 8 444 445 446 476 478 506 507 508 
478 5857 -0.189808000 1.430380000 0.00000000000000000000 1.00000000000000000000 2 0 8 445 446 447 477 479 507 508 509 
479 5858 -0.130170000 1.454580000 0.00000000000000000000 1.00000000000000000000 2 0 8 446 447 448 478 480 508 509 510 
480 5859 -0.069597400 1.476500000 0.00000000000000000000 1.00000000000000000000 2 0 8 447 448 449 479 481 509 510 511 
481 5860 -0.008186440 1.496110000 0.00000000000000000000 1.00000000000000000000 2 0 8 448 449 450 480 482 510 511 512 
482 5861 0.053966300 1.513400000 0.00000000000000000000 1.00000000000000000000 2 0 8 449 450 451 481 483 511 512 694 
483 5862 0.116763000 1.528330000 0.00000000000000000000 1.00000000000000000000 2 0 8 450 451 452 482 690 512 694 695 
484 5863 -1.223890000 0.329337000 0.00000000000000000000 1.00000000000000000000 2 0 8 453 454 455 693 485 696 697 698 
485 5864 -1.208950000 0.394044000 0.00000000000000000000 1.00000000000000000000 2 0 8 454 455 456 484 486 697 698 699 
486 5865 -1.191350000 0.458125000 0.00000000000000000000 1.00000000000000000000 2 0 8 455 456 457 485 487 698 699 700 
487 5866 -1.171120000 0.521478000 0.00000000000000000000 1.00000000000000000000 2 0 8 456 457 458 486 488 699 700 513 
488 5867 -1.148290000 0.584003000 0.00000000000000000000 1.00000000000000000000 2 0 8 457 458 459 487 489 700 513 514 
489 5868 -1.122910000 0.645602000 0.00000000000000000000 1.00000000000000000000 2 0 8 458 459 460 488 490 513 514 515 
490 5869 -1.095000000 0.706177000 0.00000000000000000000 1.00000000000000000000 2 0 8 459 460 461 489 491 514 515 516 
491 5870 -1.064620000 0.765633000 0.00000000000000000000 1.00000000000000000000 2 0 8 460 461 462 490 492 515 516 517 
492 5871 -1.031820000 0.823875000 0.00000000000000000000 1.00000000000000000000 2 0 8 461 462 463 491 493 516 517 518 
493 5872 -0.996640000 0.880813000 0.00000000000000000000 1.00000000000000000000 2 0 8 462 463 464 492 494 517 518 519 
494 5873 -0.959149000 0.936356000 0.00000000000000000000 1.00000000000000000000 2 0 8 463 464 465 493 495 518 519 520 
495 5874 -0.919404000 0.990418000 0.00000000000000000000 1.00000000000000000000 2 0 8 464 465 466 494 496 519 520 521 
496 5875 -0.877469000 1.042910000 0.00000000000000000000 1.00000000000000000000 2 0 8 465 466 467 495 497 520 521 522 
497 5876 -0.833411000 1.093760000 0.00000000000000000000 1.00000000000000000000 2 0 8 466 467 468 496 498 521 522 523 
498 5877 -0.787302000 1.142890000 0.00000000000000000000 1.00000000000000000000 2 0 8 467 468 469 497 499 522 523 524 
499 5878 -0.739215000 1.190210000 0.00000000000000000000 1.00000000000000000000 2 0 8 468 469 470 498 500 523 524 525 
500 5879 -0.689227000 1.235650000 0.00000000000000000000 1.00000000000000000000 2 0 8 469 470 471 499 501 524 525 526 
501 5880 -0.637419000 1.279150000 0.00000000000000000000 1.00000000000000000000 2 0 8 470 471 472 500 502 525 526 527 
502 5881 -0.583874000 1.320630000 0.00000000000000000000 1.00000000000000000000 2 0 8 471 472 473 501 503 526 527 528 
503 5882 -0.528676000 1.360040000 0.00000000000000000000 1.00000000000000000000 2 0 8 472 473 474 502 504 527 528 529 
504 5883 -0.471914000 1.397310000 0.00000000000000000000 1.00000000000000000000 2 0 8 473 474 475 503 505 528 529 530 
505 5884 -0.413679000 1.432390000 0.00000000000000000000 1.00000000000000000000 2 0 8 474 475 476 504 506 529 530 531 
506 5885 -0.354063000 1.465230000 0.00000000000000000000 1.00000000000000000000 2 0 8 475 476 477 505 507 530 531 532 
507 5886 -0.293160000 1.495770000 0.00000000000000000000 1.00000000000000000000 2 0 8 476 477 478 506 508 531 532 533 
508 5887 -0.231067000 1.523970000 0.00000000000000000000 1.00000000000000000000 2 0 8 477 478 479 507 509 532 533 534 
509 5888 -0.167883000 1.549790000 0.00000000000000000000 1.00000000000000000000 2 0 8 478 479 480 508 510 533 534 535 
510 5889 -0.103706000 1.573190000 0.00000000000000000000 1.00000000000000000000 2 0 8 479 480 481 509 511 534 535 536 
511 5890 -0.038638800 1.594130000 0.00000000000000000000 1.00000000000000000000 2 0 8 480 481 482 510 512 535 536 701 
512 5891 0.027217400 1.612590000 0.00000000000000000000 1.00000000000000000000 2 0 8 481 482 483 511 694 536 701 702 
513 5892 -1.246830000 0.621804000 0.00000000000000000000 1.00000000000000000000 2 0 8 487 488 489 700 514 703 704 705 
514 5893 -1.219940000 0.687397000 0.00000000000000000000 1.00000000000000000000 2 0 8 488 489 490 513 515 704 705 537 
515 5894 -1.190380000 0.751902000 0.00000000000000000000 1.00000000000000000000 2 0 8 489 490 491 514 516 705 537 538 
516 5895 -1.158200000 0.815216000 0.00000000000000000000 1.00000000000000000000 2 0 8 490 491 492 515 517 537 538 539 
517 5896 -1.123450000 0.877241000 0.00000000000000000000 1.00000000000000000000 2 0 8 491 492 493 516 518 538 539 540 
518 5897 -1.086190000 0.937880000 0.00000000000000000000 1.00000000000000000000 2 0 8 492 493 494 517 519 539 540 541 
519 5898 -1.046470000 0.997036000 0.00000000000000000000 1.00000000000000000000 2 0 8 493 494 495 518 520 540 541 542 
520 5899 -1.004370000 1.054620000 0.00000000000000000000 1.00000000000000000000 2 0 8 494 495 496 519 521 541 542 543 
521 5900 -0.959947000 1.110540000 0.00000000000000000000 1.00000000000000000000 2 0 8 495 496 497 520 522 542 543 544 
522 5901 -0.913273000 1.164700000 0.00000000000000000000 1.00000000000000000000 2 0 8 496 497 498 521 523 543 544 545 
523 5902 -0.864424000 1.217030000 0.00000000000000000000 1.00000000000000000000 2 0 8 497 498 499 522 524 544 545 546 
524 5903 -0.813478000 1.267440000 0.00000000000000000000 1.00000000000000000000 2 0 8 498 499 500 523 525 545 546 547 
525 5904 -0.760517000 1.315860000 0.00000000000000000000 1.00000000000000000000 2 0 8 499 500 501 524 526 546 547 548 
526 5905 -0.705626000 1.362210000 0.00000000000000000000 1.00000000000000000000 2 0 8 500 501 502 525 527 547 548 549 
527 5906 -0.648892000 1.406420000 0.00000000000000000000 1.00000000000000000000 2 0 8 501 502 503 526 528 548 549 550 
528 5907 -0.590406000 1.448420000 0.00000000000000000000 1.00000000000000000000 2 0 8 502 503 504 527 529 549 550 551 
529 5908 -0.530261000 1.488150000 0.00000000000000000000 1.00000000000000000000 2 0 8 503 504 505 528 530 550 551 552 
530 5909 -0.468553000 1.525540000 0.00000000000000000000 1.00000000000000000000 2 0 8 504 505 506 529 531 551 552 553 
531 5910 -0.405378000 1.560550000 0.00000000000000000000 1.00000000000000000000 2 0 8 505 506 507 530 532 552 553 554 
532 5911 -0.340838000 1.593120000 0.00000000000000000000 1.00000000000000000000 2 0 8 506 507 508 531 533 553 554 555 
533 5912 -0.275035000 1.623190000 0.00000000000000000000 1.00000000000000000000 2 0 8 507 508 509 532 534 554 555 556 
534 5913 -0.208072000 1.650730000 0.00000000000000000000 1.00000000000000000000 2 0 8 508 509 510 533 535 555 556 557 
535 5914 -0.140055000 1.675700000 0.00000000000000000000 1.00000000000000000000 2 0 8 509 510 511 534 536 556 557 706 
536 5915 -0.071091200 1.698050000 0.00000000000000000000 1.00000000000000000000 2 0 8 510 511 512 535 701 557 706 707 
537 5916 -1.291980000 0.800393000 0.00000000000000000000 1.00000000000000000000 2 0 8 514 515 516 705 538 708 709 558 
538 5917 -1.257880000 0.867801000 0.00000000000000000000 1.00000000000000000000 2 0 8 515 516 517 537 539 709 558 559 
539 5918 -1.221060000 0.933838000 0.00000000000000000000 1.00000000000000000000 2 0 8 516 517 518 538 540 558 559 560 
540 5919 -1.181580000 0.998401000 0.00000000000000000000 1.00000000000000000000 2 0 8 517 518 519 539 541 559 560 561 
541 5920 -1.139500000 1.061390000 0.00000000000000000000 1.00000000000000000000 2 0 8 518 519 520 540 542 560 561 562 
542 5921 -1.094880000 1.122700000 0.00000000000000000000 1.00000000000000000000 2 0 8 519 520 521 541 543 561 562 563 
543 5922 -1.047810000 1.182250000 0.00000000000000000000 1.00000000000000000000 2 0 8 520 521 522 542 544 562 563 564 
544 5923 -0.998345000 1.239930000 0.00000000000000000000 1.00000000000000000000 2 0 8 521 522 523 543 545 563 564 565 
545 5924 -0.946578000 1.295660000 0.00000000000000000000 1.00000000000000000000 2 0 8 522 523 524 544 546 564 565 566 
546 5925 -0.892588000 1.349360000 0.00000000000000000000 1.00000000000000000000 2 0 8 523 524 525 545 547 565 566 567 
547 5926 -0.836460000 1.400930000 0.00000000000000000000 1.00000000000000000000 2 0 8 524 525 526 546 548 566 567 568 
548 5927 -0.778285000 1.450300000 0.00000000000000000000 1.00000000000000000000 2 0 8 525 526 527 547 549 567 568 569 
549 5928 -0.718156000 1.497400000 0.00000000000000000000 1.00000000000000000000 2 0 8 526 527 528 548 550 568 569 570 
550 5929 -0.656167000 1.542150000 0.00000000000000000000 1.00000000000000000000 2 0 8 527 528 529 549 551 569 570 571 
551 5930 -0.592418000 1.584480000 0.00000000000000000000 1.00000000000000000000 2 0 8 528 529 530 550 552 570 571 572 
552 5931 -0.527009000 1.624330000 0.00000000000000000000 1.00000000000000000000 2 0 8 529 530 531 551 553 571 572 573 
553 5932 -0.460045000 1.661640000 0.00000000000000000000 1.00000000000000000000 2 0 8 530 531 532 552 554 572 573 574 
554 5933 -0.391631000 1.696350000 0.00000000000000000000 1.00000000000000000000 2 0 8 531 532 533 553 555 573 574 575 
555 5934 -0.321875000 1.728420000 0.00000000000000000000 1.00000000000000000000 2 0 8 532 533 534 554 556 574 575 576 
556 5935 -0.250887000 1.757780000 0.00000000000000000000 1.00000000000000000000 2 0 8 533 534 535 555 557 575 576 710 
557 5936 -0.178779000 1.784410000 0.00000000000000000000 1.00000000000000000000 2 0 8 534 535 536 556 706 576 710 711 
558 5937 -1.364040000 0.923582000 0.00000000000000000000 1.00000000000000000000 2 0 8 537 538 539 709 559 712 713 577 
559 5938 -1.325020000 0.993875000 0.00000000000000000000 1.00000000000000000000 2 0 8 538 539 540 558 560 713 577 578 
560 5939 -1.283170000 1.062600000 0.00000000000000000000 1.00000000000000000000 2 0 8 539 540 541 559 561 577 578 579 
561 5940 -1.238560000 1.129650000 0.00000000000000000000 1.00000000000000000000 2 0 8 540 541 542 560 562 578 579 580 
562 5941 -1.191270000 1.194930000 0.00000000000000000000 1.00000000000000000000 2 0 8 541 542 543 561 563 579 580 581 
563 5942 -1.141370000 1.258320000 0.00000000000000000000 1.00000000000000000000 2 0 8 542 543 544 562 564 580 581 582 
564 5943 -1.088950000 1.319740000 0.00000000000000000000 1.00000000000000000000 2 0 8 543 544 545 563 565 581 582 583 
565 5944 -1.034070000 1.379080000 0.00000000000000000000 1.00000000000000000000 2 0 8 544 545 546 564 566 582 583 584 
566 5945 -0.976839000 1.436250000 0.00000000000000000000 1.00000000000000000000 2 0 8 545 546 547 565 567 583 584 585 
567 5946 -0.917339000 1.491170000 0.00000000000000000000 1.00000000000000000000 2 0 8 546 547 548 566 568 584 585 586 
568 5947 -0.855667000 1.543750000 0.00000000000000000000 1.00000000000000000000 2 0 8 547 548 549 567 569 585 586 587 
569 5948 -0.791922000 1.593910000 0.00000000000000000000 1.00000000000000000000 2 0 8 548 549 550 568 570 586 587 588 
570 5949 -0.726203000 1.641570000 0.00000000000000000000 1.00000000000000000000 2 0 8 549 550 551 569 571 587 588 589 
571 5950 -0.658616000 1.686670000 0.00000000000000000000 1.00000000000000000000 2 0 8 550 551 552 570 572 588 589 590 
572 5951 -0.589267000 1.729120000 0.00000000000000000000 1.00000000000000000000 2 0 8 551 552 553 571 573 589 590 591 
573 5952 -0.518266000 1.768880000 0.00000000000000000000 1.00000000000000000000 2 0 8 552 553 554 572 574 590 591 592 
574 5953 -0.445726000 1.805870000 0.00000000000000000000 1.00000000000000000000 2 0 8 553 554 555 573 575 591 592 714 
575 5954 -0.371761000 1.840040000 0.00000000000000000000 1.00000000000000000000 2 0 8 554 555 556 574 576 592 714 715 
576 5955 -0.296487000 1.871350000 0.00000000000000000000 1.00000000000000000000 2 0 8 555 556 557 575 710 714 715 716 
577 5956 -1.435700000 1.057580000 0.00000000000000000000 1.00000000000000000000 2 0 8 558 559 560 713 578 717 718 593 
578 5957 -1.391330000 1.130720000 0.00000000000000000000 1.00000000000000000000 2 0 8 559 560 561 577 579 718 593 594 
579 5958 -1.344040000 1.202090000 0.00000000000000000000 1.00000000000000000000 2 0 8 560 561 562 578 580 593 594 595 
580 5959 -1.293910000 1.271560000 0.00000000000000000000 1.00000000000000000000 2 0 8 561 562 563 579 581 594 595 596 
581 5960 -1.241000000 1.339040000 0.00000000000000000000 1.00000000000000000000 2 0 8 562 563 564 580 582 595 596 597 
582 5961 -1.185410000 1.404410000 0.00000000000000000000 1.00000000000000000000 2 0 8 563 564 565 581 583 596 597 598 
583 5962 -1.127230000 1.467580000 0.00000000000000000000 1.00000000000000000000 2 0 8 564 565 566 582 584 597 598 719 
584 5963 -1.066540000 1.528450000 0.00000000000000000000 1.00000000000000000000 2 0 8 565 566 567 583 585 598 719 720 
585 5964 -1.003450000 1.586920000 0.00000000000000000000 1.00000000000000000000 2 0 8 566 567 568 584 586 719 720 721 
586 5965 -0.938060000 1.642900000 0.00000000000000000000 1.00000000000000000000 2 0 8 567 568 569 585 587 720 721 722 
587 5966 -0.870464000 1.696310000 0.00000000000000000000 1.00000000000000000000 2 0 8 568 569 570 586 588 721 722 723 
588 5967 -0.800774000 1.747070000 0.00000000000000000000 1.00000000000000000000 2 0 8 569 570 571 587 589 722 723 724 
589 5968 -0.729101000 1.795090000 0.00000000000000000000 1.00000000000000000000 2 0 8 570 571 572 588 590 723 724 725 
590 5969 -0.655557000 1.840310000 0.00000000000000000000 1.00000000000000000000 2 0 8 571 572 573 589 591 724 725 726 
591 5970 -0.580260000 1.882660000 0.00000000000000000000 1.00000000000000000000 2 0 8 572 573 574 590 592 725 726 727 
592 5971 -0.503327000 1.922070000 0.00000000000000000000 1.00000000000000000000 2 0 8 573 574 575 591 714 726 727 728 
593 5972 -1.506470000 1.203010000 0.00000000000000000000 1.00000000000000000000 2 0 8 577 578 579 718 594 729 730 731 
594 5973 -1.456330000 1.278950000 0.00000000000000000000 1.00000000000000000000 2 0 8 578 579 580 593 595 730 731 599 
595 5974 -1.403160000 1.352880000 0.00000000000000000000 1.00000000000000000000 2 0 8 579 580 581 594 596 731 599 600 
596 5975 -1.347050000 1.424700000 0.00000000000000000000 1.00000000000000000000 2 0 8 580 581 582 595 597 599 600 601 
597 5976 -1.288100000 1.494270000 0.00000000000000000000 1.00000000000000000000 2 0 8 581 582 583 596 598 600 601 732 
598 5977 -1.226400000 1.561500000 0.00000000000000000000 1.00000000000000000000 2 0 8 582 583 584 597 719 601 732 733 
599 5978 -1.519440000 1.439200000 0.00000000000000000000 1.00000000000000000000 2 0 8 594 595 596 731 600 734 735 602 
600 5979 -1.459930000 1.515610000 0.00000000000000000000 1.00000000000000000000 2 0 8 595 596 597 599 601 735 602 736 
601 5980 -1.397400000 1.589650000 0.00000000000000000000 1.00000000000000000000 2 0 8 596 597 598 600 732 602 736 737 
602 5981 -1.580040000 1.612130000 0.00000000000000000000 1.00000000000000000000 2 0 8 599 600 601 735 736 738 739 740 
603 5285 -0.206624 -0.102494 2 0
604 5286 -0.2117 -0.0822067 2 0
605 5287 -0.215657 -0.0617777 2 0
606 3350 -0.224323 -0.154353 2 0
607 5318 -0.231933 -0.132794 2 0
608 5319 -0.238395 -0.111008 2 0
609 5320 -0.247831 -0.066906 2 0
610 5321 -0.250789 -0.0446648 2 0
611 5322 -0.252565 -0.0223472 2 0
612 5323 -0.253157 8.63759e-06 2 0
613 5324 -0.252564 0.0223644 2 0
614 5325 -0.250787 0.044682 2 0
615 5326 -0.247828 0.0669232 2 0
616 5327 -0.243694 0.0890501 2 0
617 5328 -0.238391 0.111025 2 0
618 5329 -0.231928 0.13281 2 0
619 5330 -0.224316 0.15437 2 0
620 5331 -0.215569 0.175666 2 0
621 5332 -0.205702 0.196665 2 0
622 3377 -0.248945 -0.189783 2 0
623 3378 -0.258095 -0.166766 2 0
624 5350 -0.238614 0.212499 2 0
625 5351 -0.227136 0.234838 2 0
626 5352 -0.214522 0.256783 2 0
627 5353 -0.200795 0.278297 2 0
628 3406 -0.285011 -0.204609 2 0
629 5367 -0.234565 0.300091 2 0
630 5368 -0.21904 0.322805 2 0
631 5369 -0.202397 0.344982 2 0
632 5370 -0.184666 0.366588 2 0
633 5371 -0.165876 0.387587 2 0
634 5372 -0.146058 0.407945 2 0
635 5373 -0.125246 0.427632 2 0
636 5374 -0.103473 0.446614 2 0
637 5375 -0.0807763 0.464864 2 0
638 5376 -0.0571934 0.482352 2 0
639 5377 -0.0327632 0.499051 2 0
640 5378 -0.00752593 0.514937 2 0
641 5379 0.018477 0.529985 2 0
642 8085 0.045203 0.544173 2 0
643 3434 -0.323911 -0.220182 2 0
644 8112 0.0225558 0.586164 2 0
645 8113 0.0513164 0.600546 2 0
646 3462 -0.365792 -0.236558 2 0
647 8139 0.0283782 0.645819 2 0
648 8140 0.0592993 0.660296 2 0
649 3490 -0.410812 -0.253798 2 0
650 8165 0.0362341 0.709057 2 0
651 8166 0.0694473 0.723517 2 0
652 3518 -0.459139 -0.271965 2 0
653 8190 0.0464362 0.775982 2 0
654 8191 0.0820784 0.790304 2 0
655 3545 -0.510954 -0.291126 2 0
656 8214 0.0593203 0.846695 2 0
657 8215 0.0975336 0.860747 2 0
658 3562 -0.566453 -0.311351 2 0
659 6585 -0.579426 -0.273544 2 0
660 8237 0.0752473 0.921293 2 0
661 8238 0.116178 0.934929 2 0
662 6587 -0.639527 -0.29231 2 0
663 6588 -0.651435 -0.251433 2 0
664 8259 0.0946039 0.999869 2 0
665 8260 0.138404 1.01293 2 0
666 6592 -0.716361 -0.268491 2 0
667 6593 -0.727033 -0.224403 2 0
668 8280 0.117804 1.08251 2 0
669 8281 0.164629 1.09481 2 0
670 6599 -0.797006 -0.239481 2 0
671 6600 -0.806254 -0.192043 2 0
672 8301 0.145291 1.16928 2 0
673 8302 0.195299 1.18065 2 0
674 6607 -0.881499 -0.204836 2 0
675 6608 -0.889118 -0.153908 2 0
676 6609 -0.894569 -0.102733 2 0
677 8322 0.177537 1.26025 2 0
678 8323 0.230891 1.27047 2 0
679 6618 -0.975624 -0.109525 2 0
680 6619 -0.979086 -0.054791 2 0
681 8342 0.215045 1.35547 2 0
682 8343 0.271909 1.36432 2 0
683 6629 -1.06575 -0.0583895 2 0
684 6630 -1.06697 3.26711e-05 2 0
685 6631 -1.06575 0.0584548 2 0
686 6632 -1.06208 0.116784 2 0
687 8362 0.258353 1.45498 2 0
688 6645 -1.15427 0.12441 2 0
689 6646 -1.14782 0.18635 2 0
690 8381 0.180106 1.54088 2 0
691 8382 0.243895 1.55104 2 0
692 6660 -1.2457 0.198458 2 0
693 6661 -1.23615 0.264107 2 0
694 8400 0.0937589 1.62855 2 0
695 8401 0.160882 1.64197 2 0
696 6676 -1.33988 0.281193 2 0
697 6677 -1.3269 0.350644 2 0
698 6678 -1.31107 0.419539 2 0
699 6679 -1.29243 0.48777 2 0
700 6680 -1.27101 0.555227 2 0
701 8420 -0.00128864 1.71776 2 0
702 8421 0.0692432 1.7348 2 0
703 6699 -1.37741 0.591018 2 0
704 6700 -1.35179 0.661893 2 0
705 6701 -1.3233 0.731722 2 0
706 5982 -0.105665 1.80826 2 0
707 8441 -0.031658 1.8293 2 0
708 6722 -1.43337 0.778741 2 0
709 6723 -1.40018 0.851833 2 0
710 5983 -0.220022 1.89974 2 0
711 5984 -0.142487 1.92517 2 0
712 6745 -1.51538 0.906412 2 0
713 6746 -1.47707 0.982767 2 0
714 5986 -0.42488 1.95848 2 0
715 5987 -0.345042 1.99184 2 0
716 5988 -0.263939 2.0221 2 0
717 6769 -1.59739 1.04558 2 0
718 6770 -1.55352 1.12518 2 0
719 5992 -1.16204 1.62629 2 0
720 5993 -1.09513 1.68853 2 0
721 5994 -1.02577 1.74812 2 0
722 5995 -0.954076 1.80498 2 0
723 5996 -0.880159 1.85902 2 0
724 5997 -0.804136 1.91016 2 0
725 5998 -0.726127 1.95831 2 0
726 5999 -0.646255 2.00341 2 0
727 6000 -0.564646 2.04538 2 0
728 6001 -0.481428 2.08417 2 0
729 6794 -1.67892 1.19693 2 0
730 6795 -1.62902 1.27974 2 0
731 6796 -1.57583 1.36054 2 0
732 6008 -1.33195 1.66119 2 0
733 6009 -1.26368 1.73014 2 0
734 6822 -1.703 1.44715 2 0
735 6823 -1.64318 1.53084 2 0
736 6026 -1.51371 1.6909 2 0
737 6027 -1.44427 1.76703 2 0
738 6850 -1.77484 1.62813 2 0
739 6046 -1.70785 1.71461 2 0
740 6047 -1.63746 1.79841 2 0
