728 600 128
1 6585 -0.579426000 -0.273544000 0.00000000000000000000 1.00000000000000000000 2 0 8 601 602 603 605 606 2 3 4 
2 6586 -0.625841000 -0.332715000 0.00000000000000000000 1.00000000000000000000 2 0 8 604 605 1 609 3 5 6 7 
3 6587 -0.639527000 -0.292310000 0.00000000000000000000 1.00000000000000000000 2 0 8 605 1 606 2 4 6 7 8 
4 6588 -0.651435000 -0.251433000 0.00000000000000000000 1.00000000000000000000 2 0 8 1 606 607 3 610 7 8 9 
5 6589 -0.673040000 -0.397877000 0.00000000000000000000 1.00000000000000000000 2 0 8 608 609 2 613 6 10 11 12 
6 6590 -0.689342000 -0.355297000 0.00000000000000000000 1.00000000000000000000 2 0 8 609 2 3 5 7 11 12 13 
7 6591 -0.703790000 -0.312146000 0.00000000000000000000 1.00000000000000000000 2 0 8 2 3 4 6 8 12 13 14 
8 6592 -0.716361000 -0.268491000 0.00000000000000000000 1.00000000000000000000 2 0 8 3 4 610 7 9 13 14 15 
9 6593 -0.727033000 -0.224403000 0.00000000000000000000 1.00000000000000000000 2 0 8 4 610 611 8 614 14 15 16 
10 6594 -0.720819000 -0.469395000 0.00000000000000000000 1.00000000000000000000 2 0 8 612 613 5 616 11 620 17 18 
11 6595 -0.739970000 -0.424629000 0.00000000000000000000 1.00000000000000000000 2 0 8 613 5 6 10 12 17 18 19 
12 6596 -0.757191000 -0.379181000 0.00000000000000000000 1.00000000000000000000 2 0 8 5 6 7 11 13 18 19 20 
13 6597 -0.772454000 -0.333125000 0.00000000000000000000 1.00000000000000000000 2 0 8 6 7 8 12 14 19 20 21 
14 6598 -0.785733000 -0.286533000 0.00000000000000000000 1.00000000000000000000 2 0 8 7 8 9 13 15 20 21 22 
15 6599 -0.797006000 -0.239481000 0.00000000000000000000 1.00000000000000000000 2 0 8 8 9 614 14 16 21 22 23 
16 6600 -0.806254000 -0.192043000 0.00000000000000000000 1.00000000000000000000 2 0 8 9 614 615 15 617 22 23 24 
17 6601 -0.791197000 -0.500695000 0.00000000000000000000 1.00000000000000000000 2 0 8 616 10 11 620 18 623 26 27 
18 6602 -0.811440000 -0.452938000 0.00000000000000000000 1.00000000000000000000 2 0 8 10 11 12 17 19 26 27 28 
19 6603 -0.829643000 -0.404455000 0.00000000000000000000 1.00000000000000000000 2 0 8 11 12 13 18 20 27 28 29 
20 6604 -0.845774000 -0.355325000 0.00000000000000000000 1.00000000000000000000 2 0 8 12 13 14 19 21 28 29 30 
21 6605 -0.859809000 -0.305625000 0.00000000000000000000 1.00000000000000000000 2 0 8 13 14 15 20 22 29 30 31 
22 6606 -0.871724000 -0.255435000 0.00000000000000000000 1.00000000000000000000 2 0 8 14 15 16 21 23 30 31 32 
23 6607 -0.881499000 -0.204836000 0.00000000000000000000 1.00000000000000000000 2 0 8 15 16 617 22 24 31 32 33 
24 6608 -0.889118000 -0.153908000 0.00000000000000000000 1.00000000000000000000 2 0 8 16 617 618 23 25 32 33 34 
25 6609 -0.894569000 -0.102733000 0.00000000000000000000 1.00000000000000000000 2 0 8 617 618 619 24 621 33 34 35 
26 6610 -0.866309000 -0.533833000 0.00000000000000000000 1.00000000000000000000 2 0 8 620 17 18 623 27 628 36 37 
27 6611 -0.887717000 -0.482908000 0.00000000000000000000 1.00000000000000000000 2 0 8 17 18 19 26 28 36 37 38 
28 6612 -0.906966000 -0.431212000 0.00000000000000000000 1.00000000000000000000 2 0 8 18 19 20 27 29 37 38 39 
29 6613 -0.924025000 -0.378828000 0.00000000000000000000 1.00000000000000000000 2 0 8 19 20 21 28 30 38 39 40 
30 6614 -0.938866000 -0.325837000 0.00000000000000000000 1.00000000000000000000 2 0 8 20 21 22 29 31 39 40 41 
31 6615 -0.951466000 -0.272326000 0.00000000000000000000 1.00000000000000000000 2 0 8 21 22 23 30 32 40 41 42 
32 6616 -0.961803000 -0.218379000 0.00000000000000000000 1.00000000000000000000 2 0 8 22 23 24 31 33 41 42 43 
33 6617 -0.969860000 -0.164083000 0.00000000000000000000 1.00000000000000000000 2 0 8 23 24 25 32 34 42 43 44 
34 6618 -0.975624000 -0.109525000 0.00000000000000000000 1.00000000000000000000 2 0 8 24 25 621 33 35 43 44 45 
35 6619 -0.979086000 -0.054791000 0.00000000000000000000 1.00000000000000000000 2 0 8 25 621 622 34 624 44 45 46 
36 6620 -0.946434000 -0.568930000 0.00000000000000000000 1.00000000000000000000 2 0 8 623 26 27 628 37 631 49 50 
37 6621 -0.969083000 -0.514651000 0.00000000000000000000 1.00000000000000000000 2 0 8 26 27 28 36 38 49 50 51 
38 6622 -0.989449000 -0.459552000 0.00000000000000000000 1.00000000000000000000 2 0 8 27 28 29 37 39 50 51 52 
39 6623 -1.007500000 -0.403721000 0.00000000000000000000 1.00000000000000000000 2 0 8 28 29 30 38 40 51 52 53 
40 6624 -1.023200000 -0.347246000 0.00000000000000000000 1.00000000000000000000 2 0 8 29 30 31 39 41 52 53 54 
41 6625 -1.036530000 -0.290217000 0.00000000000000000000 1.00000000000000000000 2 0 8 30 31 32 40 42 53 54 55 
42 6626 -1.047460000 -0.232724000 0.00000000000000000000 1.00000000000000000000 2 0 8 31 32 33 41 43 54 55 56 
43 6627 -1.055990000 -0.174861000 0.00000000000000000000 1.00000000000000000000 2 0 8 32 33 34 42 44 55 56 57 
44 6628 -1.062090000 -0.116718000 0.00000000000000000000 1.00000000000000000000 2 0 8 33 34 35 43 45 56 57 58 
45 6629 -1.065750000 -0.058389500 0.00000000000000000000 1.00000000000000000000 2 0 8 34 35 624 44 46 57 58 59 
46 6630 -1.066970000 0.000032671 0.00000000000000000000 1.00000000000000000000 2 0 8 35 624 625 45 47 58 59 60 
47 6631 -1.065750000 0.058454800 0.00000000000000000000 1.00000000000000000000 2 0 8 624 625 626 46 48 59 60 61 
48 6632 -1.062080000 0.116784000 0.00000000000000000000 1.00000000000000000000 2 0 8 625 626 627 47 629 60 61 62 
49 6633 -1.031870000 -0.606118000 0.00000000000000000000 1.00000000000000000000 2 0 8 628 36 37 631 50 634 63 64 
50 6634 -1.055840000 -0.548285000 0.00000000000000000000 1.00000000000000000000 2 0 8 36 37 38 49 51 63 64 65 
51 6635 -1.077400000 -0.489580000 0.00000000000000000000 1.00000000000000000000 2 0 8 37 38 39 50 52 64 65 66 
52 6636 -1.096500000 -0.430097000 0.00000000000000000000 1.00000000000000000000 2 0 8 38 39 40 51 53 65 66 67 
53 6637 -1.113120000 -0.369929000 0.00000000000000000000 1.00000000000000000000 2 0 8 39 40 41 52 54 66 67 68 
54 6638 -1.127230000 -0.309173000 0.00000000000000000000 1.00000000000000000000 2 0 8 40 41 42 53 55 67 68 69 
55 6639 -1.138800000 -0.247924000 0.00000000000000000000 1.00000000000000000000 2 0 8 41 42 43 54 56 68 69 70 
56 6640 -1.147820000 -0.186281000 0.00000000000000000000 1.00000000000000000000 2 0 8 42 43 44 55 57 69 70 71 
57 6641 -1.154280000 -0.124340000 0.00000000000000000000 1.00000000000000000000 2 0 8 43 44 45 56 58 70 71 72 
58 6642 -1.158150000 -0.062202300 0.00000000000000000000 1.00000000000000000000 2 0 8 44 45 46 57 59 71 72 73 
59 6643 -1.159450000 0.000034873 0.00000000000000000000 1.00000000000000000000 2 0 8 45 46 47 58 60 72 73 74 
60 6644 -1.158150000 0.062272000 0.00000000000000000000 1.00000000000000000000 2 0 8 46 47 48 59 61 73 74 75 
61 6645 -1.154270000 0.124410000 0.00000000000000000000 1.00000000000000000000 2 0 8 47 48 629 60 62 74 75 76 
62 6646 -1.147820000 0.186350000 0.00000000000000000000 1.00000000000000000000 2 0 8 48 629 630 61 632 75 76 77 
63 6647 -1.122940000 -0.645534000 0.00000000000000000000 1.00000000000000000000 2 0 8 631 49 50 634 64 640 78 79 
64 6648 -1.148320000 -0.583934000 0.00000000000000000000 1.00000000000000000000 2 0 8 49 50 51 63 65 78 79 80 
65 6649 -1.171140000 -0.521407000 0.00000000000000000000 1.00000000000000000000 2 0 8 50 51 52 64 66 79 80 81 
66 6650 -1.191370000 -0.458053000 0.00000000000000000000 1.00000000000000000000 2 0 8 51 52 53 65 67 80 81 82 
67 6651 -1.208970000 -0.393972000 0.00000000000000000000 1.00000000000000000000 2 0 8 52 53 54 66 68 81 82 83 
68 6652 -1.223900000 -0.329264000 0.00000000000000000000 1.00000000000000000000 2 0 8 53 54 55 67 69 82 83 84 
69 6653 -1.236160000 -0.264034000 0.00000000000000000000 1.00000000000000000000 2 0 8 54 55 56 68 70 83 84 85 
70 6654 -1.245710000 -0.198384000 0.00000000000000000000 1.00000000000000000000 2 0 8 55 56 57 69 71 84 85 86 
71 6655 -1.252540000 -0.132419000 0.00000000000000000000 1.00000000000000000000 2 0 8 56 57 58 70 72 85 86 87 
72 6656 -1.256650000 -0.066243700 0.00000000000000000000 1.00000000000000000000 2 0 8 57 58 59 71 73 86 87 88 
73 6657 -1.258020000 0.000037106 0.00000000000000000000 1.00000000000000000000 2 0 8 58 59 60 72 74 87 88 89 
74 6658 -1.256650000 0.066317900 0.00000000000000000000 1.00000000000000000000 2 0 8 59 60 61 73 75 88 89 90 
75 6659 -1.252540000 0.132493000 0.00000000000000000000 1.00000000000000000000 2 0 8 60 61 62 74 76 89 90 91 
76 6660 -1.245700000 0.198458000 0.00000000000000000000 1.00000000000000000000 2 0 8 61 62 632 75 77 90 91 92 
77 6661 -1.236150000 0.264107000 0.00000000000000000000 1.00000000000000000000 2 0 8 62 632 633 76 635 91 92 93 
78 6662 -1.219970000 -0.687324000 0.00000000000000000000 1.00000000000000000000 2 0 8 634 63 64 640 79 644 97 98 
79 6663 -1.246860000 -0.621730000 0.00000000000000000000 1.00000000000000000000 2 0 8 63 64 65 78 80 97 98 99 
80 6664 -1.271030000 -0.555152000 0.00000000000000000000 1.00000000000000000000 2 0 8 64 65 66 79 81 98 99 100 
81 6665 -1.292460000 -0.487694000 0.00000000000000000000 1.00000000000000000000 2 0 8 65 66 67 80 82 99 100 101 
82 6666 -1.311090000 -0.419463000 0.00000000000000000000 1.00000000000000000000 2 0 8 66 67 68 81 83 100 101 102 
83 6667 -1.326910000 -0.350567000 0.00000000000000000000 1.00000000000000000000 2 0 8 67 68 69 82 84 101 102 103 
84 6668 -1.339890000 -0.281115000 0.00000000000000000000 1.00000000000000000000 2 0 8 68 69 70 83 85 102 103 104 
85 6669 -1.350010000 -0.211218000 0.00000000000000000000 1.00000000000000000000 2 0 8 69 70 71 84 86 103 104 105 
86 6670 -1.357250000 -0.140985000 0.00000000000000000000 1.00000000000000000000 2 0 8 70 71 72 85 87 104 105 106 
87 6671 -1.361600000 -0.070528800 0.00000000000000000000 1.00000000000000000000 2 0 8 71 72 73 86 88 105 106 107 
88 6672 -1.363040000 0.000039360 0.00000000000000000000 1.00000000000000000000 2 0 8 72 73 74 87 89 106 107 108 
89 6673 -1.361590000 0.070607400 0.00000000000000000000 1.00000000000000000000 2 0 8 73 74 75 88 90 107 108 109 
90 6674 -1.357240000 0.141063000 0.00000000000000000000 1.00000000000000000000 2 0 8 74 75 76 89 91 108 109 110 
91 6675 -1.350000000 0.211296000 0.00000000000000000000 1.00000000000000000000 2 0 8 75 76 77 90 92 109 110 111 
92 6676 -1.339880000 0.281193000 0.00000000000000000000 1.00000000000000000000 2 0 8 76 77 635 91 93 110 111 112 
93 6677 -1.326900000 0.350644000 0.00000000000000000000 1.00000000000000000000 2 0 8 77 635 636 92 94 111 112 113 
94 6678 -1.311070000 0.419539000 0.00000000000000000000 1.00000000000000000000 2 0 8 635 636 637 93 95 112 113 114 
95 6679 -1.292430000 0.487770000 0.00000000000000000000 1.00000000000000000000 2 0 8 636 637 638 94 96 113 114 115 
96 6680 -1.271010000 0.555227000 0.00000000000000000000 1.00000000000000000000 2 0 8 637 638 639 95 641 114 115 116 
97 6681 -1.323330000 -0.731645000 0.00000000000000000000 1.00000000000000000000 2 0 8 640 78 79 644 98 647 118 119 
98 6682 -1.351820000 -0.661815000 0.00000000000000000000 1.00000000000000000000 2 0 8 78 79 80 97 99 118 119 120 
99 6683 -1.377430000 -0.590939000 0.00000000000000000000 1.00000000000000000000 2 0 8 79 80 81 98 100 119 120 121 
100 6684 -1.400130000 -0.519129000 0.00000000000000000000 1.00000000000000000000 2 0 8 80 81 82 99 101 120 121 122 
101 6685 -1.419880000 -0.446497000 0.00000000000000000000 1.00000000000000000000 2 0 8 81 82 83 100 102 121 122 123 
102 6686 -1.436640000 -0.373159000 0.00000000000000000000 1.00000000000000000000 2 0 8 82 83 84 101 103 122 123 124 
103 6687 -1.450400000 -0.299230000 0.00000000000000000000 1.00000000000000000000 2 0 8 83 84 85 102 104 123 124 125 
104 6688 -1.461110000 -0.224828000 0.00000000000000000000 1.00000000000000000000 2 0 8 84 85 86 103 105 124 125 126 
105 6689 -1.468780000 -0.150069000 0.00000000000000000000 1.00000000000000000000 2 0 8 85 86 87 104 106 125 126 127 
106 6690 -1.473390000 -0.075073300 0.00000000000000000000 1.00000000000000000000 2 0 8 86 87 88 105 107 126 127 128 
107 6691 -1.474920000 0.000041623 0.00000000000000000000 1.00000000000000000000 2 0 8 87 88 89 106 108 127 128 129 
108 6692 -1.473380000 0.075156500 0.00000000000000000000 1.00000000000000000000 2 0 8 88 89 90 107 109 128 129 130 
109 6693 -1.468780000 0.150152000 0.00000000000000000000 1.00000000000000000000 2 0 8 89 90 91 108 110 129 130 131 
110 6694 -1.461100000 0.224910000 0.00000000000000000000 1.00000000000000000000 2 0 8 90 91 92 109 111 130 131 132 
111 6695 -1.450380000 0.299312000 0.00000000000000000000 1.00000000000000000000 2 0 8 91 92 93 110 112 131 132 133 
112 6696 -1.436630000 0.373241000 0.00000000000000000000 1.00000000000000000000 2 0 8 92 93 94 111 113 132 133 134 
113 6697 -1.419860000 0.446578000 0.00000000000000000000 1.00000000000000000000 2 0 8 93 94 95 112 114 133 134 135 
114 6698 -1.400110000 0.519209000 0.00000000000000000000 1.00000000000000000000 2 0 8 94 95 96 113 115 134 135 136 
115 6699 -1.377410000 0.591018000 0.00000000000000000000 1.00000000000000000000 2 0 8 95 96 641 114 116 135 136 137 
116 6700 -1.351790000 0.661893000 0.00000000000000000000 1.00000000000000000000 2 0 8 96 641 642 115 117 136 137 138 
117 6701 -1.323300000 0.731722000 0.00000000000000000000 1.00000000000000000000 2 0 8 641 642 643 116 645 137 138 139 
118 6702 -1.433410000 -0.778659000 0.00000000000000000000 1.00000000000000000000 2 0 8 644 97 98 647 119 650 140 141 
119 6703 -1.463600000 -0.704337000 0.00000000000000000000 1.00000000000000000000 2 0 8 97 98 99 118 120 140 141 142 
120 6704 -1.490750000 -0.628902000 0.00000000000000000000 1.00000000000000000000 2 0 8 98 99 100 119 121 141 142 143 
121 6705 -1.514810000 -0.552475000 0.00000000000000000000 1.00000000000000000000 2 0 8 99 100 101 120 122 142 143 144 
122 6706 -1.535730000 -0.475175000 0.00000000000000000000 1.00000000000000000000 2 0 8 100 101 102 121 123 143 144 145 
123 6707 -1.553500000 -0.397125000 0.00000000000000000000 1.00000000000000000000 2 0 8 101 102 103 122 124 144 145 146 
124 6708 -1.568070000 -0.318447000 0.00000000000000000000 1.00000000000000000000 2 0 8 102 103 104 123 125 145 146 147 
125 6709 -1.579430000 -0.239265000 0.00000000000000000000 1.00000000000000000000 2 0 8 103 104 105 124 126 146 147 148 
126 6710 -1.587560000 -0.159706000 0.00000000000000000000 1.00000000000000000000 2 0 8 104 105 106 125 127 147 148 149 
127 6711 -1.592440000 -0.079894200 0.00000000000000000000 1.00000000000000000000 2 0 8 105 106 107 126 128 148 149 150 
128 6712 -1.594070000 0.000043881 0.00000000000000000000 1.00000000000000000000 2 0 8 106 107 108 127 129 149 150 151 
129 6713 -1.592440000 0.079981900 0.00000000000000000000 1.00000000000000000000 2 0 8 107 108 109 128 130 150 151 152 
130 6714 -1.587550000 0.159794000 0.00000000000000000000 1.00000000000000000000 2 0 8 108 109 110 129 131 151 152 153 
131 6715 -1.579420000 0.239353000 0.00000000000000000000 1.00000000000000000000 2 0 8 109 110 111 130 132 152 153 154 
132 6716 -1.568060000 0.318533000 0.00000000000000000000 1.00000000000000000000 2 0 8 110 111 112 131 133 153 154 155 
133 6717 -1.553480000 0.397211000 0.00000000000000000000 1.00000000000000000000 2 0 8 111 112 113 132 134 154 155 156 
134 6718 -1.535710000 0.475261000 0.00000000000000000000 1.00000000000000000000 2 0 8 112 113 114 133 135 155 156 157 
135 6719 -1.514780000 0.552560000 0.00000000000000000000 1.00000000000000000000 2 0 8 113 114 115 134 136 156 157 158 
136 6720 -1.490720000 0.628986000 0.00000000000000000000 1.00000000000000000000 2 0 8 114 115 116 135 137 157 158 159 
137 6721 -1.463570000 0.704419000 0.00000000000000000000 1.00000000000000000000 2 0 8 115 116 117 136 138 158 159 160 
138 6722 -1.433370000 0.778741000 0.00000000000000000000 1.00000000000000000000 2 0 8 116 117 645 137 139 159 160 161 
139 6723 -1.400180000 0.851833000 0.00000000000000000000 1.00000000000000000000 2 0 8 117 645 646 138 648 160 161 162 
140 6724 -1.550610000 -0.828543000 0.00000000000000000000 1.00000000000000000000 2 0 8 647 118 119 650 141 653 163 164 
141 6725 -1.582620000 -0.749453000 0.00000000000000000000 1.00000000000000000000 2 0 8 118 119 120 140 142 163 164 165 
142 6726 -1.611390000 -0.669182000 0.00000000000000000000 1.00000000000000000000 2 0 8 119 120 121 141 143 164 165 166 
143 6727 -1.636900000 -0.587856000 0.00000000000000000000 1.00000000000000000000 2 0 8 120 121 122 142 144 165 166 167 
144 6728 -1.659080000 -0.505603000 0.00000000000000000000 1.00000000000000000000 2 0 8 121 122 123 143 145 166 167 168 
145 6729 -1.677910000 -0.422553000 0.00000000000000000000 1.00000000000000000000 2 0 8 122 123 124 144 146 167 168 169 
146 6730 -1.693360000 -0.338836000 0.00000000000000000000 1.00000000000000000000 2 0 8 123 124 125 145 147 168 169 170 
147 6731 -1.705410000 -0.254584000 0.00000000000000000000 1.00000000000000000000 2 0 8 124 125 126 146 148 169 170 171 
148 6732 -1.714020000 -0.169931000 0.00000000000000000000 1.00000000000000000000 2 0 8 125 126 127 147 149 170 171 172 
149 6733 -1.719190000 -0.085009500 0.00000000000000000000 1.00000000000000000000 2 0 8 126 127 128 148 150 171 172 173 
150 6734 -1.720920000 0.000046117 0.00000000000000000000 1.00000000000000000000 2 0 8 127 128 129 149 151 172 173 174 
151 6735 -1.719190000 0.085101700 0.00000000000000000000 1.00000000000000000000 2 0 8 128 129 130 150 152 173 174 175 
152 6736 -1.714010000 0.170023000 0.00000000000000000000 1.00000000000000000000 2 0 8 129 130 131 151 153 174 175 176 
153 6737 -1.705390000 0.254676000 0.00000000000000000000 1.00000000000000000000 2 0 8 130 131 132 152 154 175 176 177 
154 6738 -1.693350000 0.338927000 0.00000000000000000000 1.00000000000000000000 2 0 8 131 132 133 153 155 176 177 178 
155 6739 -1.677900000 0.422643000 0.00000000000000000000 1.00000000000000000000 2 0 8 132 133 134 154 156 177 178 179 
156 6740 -1.659060000 0.505693000 0.00000000000000000000 1.00000000000000000000 2 0 8 133 134 135 155 157 178 179 180 
157 6741 -1.636870000 0.587945000 0.00000000000000000000 1.00000000000000000000 2 0 8 134 135 136 156 158 179 180 181 
158 6742 -1.611370000 0.669270000 0.00000000000000000000 1.00000000000000000000 2 0 8 135 136 137 157 159 180 181 182 
159 6743 -1.582580000 0.749540000 0.00000000000000000000 1.00000000000000000000 2 0 8 136 137 138 158 160 181 182 183 
160 6744 -1.550570000 0.828629000 0.00000000000000000000 1.00000000000000000000 2 0 8 137 138 139 159 161 182 183 184 
161 6745 -1.515380000 0.906412000 0.00000000000000000000 1.00000000000000000000 2 0 8 138 139 648 160 162 183 184 185 
162 6746 -1.477070000 0.982767000 0.00000000000000000000 1.00000000000000000000 2 0 8 139 648 649 161 651 184 185 186 
163 6747 -1.675370000 -0.881482000 0.00000000000000000000 1.00000000000000000000 2 0 8 650 140 141 653 164 657 187 188 
164 6748 -1.709310000 -0.797333000 0.00000000000000000000 1.00000000000000000000 2 0 8 140 141 142 163 165 187 188 189 
165 6749 -1.739820000 -0.711929000 0.00000000000000000000 1.00000000000000000000 2 0 8 141 142 143 164 166 188 189 190 
166 6750 -1.766860000 -0.625404000 0.00000000000000000000 1.00000000000000000000 2 0 8 142 143 144 165 167 189 190 191 
167 6751 -1.790390000 -0.537895000 0.00000000000000000000 1.00000000000000000000 2 0 8 143 144 145 166 168 190 191 192 
168 6752 -1.810350000 -0.449538000 0.00000000000000000000 1.00000000000000000000 2 0 8 144 145 146 167 169 191 192 193 
169 6753 -1.826730000 -0.360474000 0.00000000000000000000 1.00000000000000000000 2 0 8 145 146 147 168 170 192 193 194 
170 6754 -1.839500000 -0.270841000 0.00000000000000000000 1.00000000000000000000 2 0 8 146 147 148 169 171 193 194 195 
171 6755 -1.848640000 -0.180782000 0.00000000000000000000 1.00000000000000000000 2 0 8 147 148 149 170 172 194 195 196 
172 6756 -1.854120000 -0.090438200 0.00000000000000000000 1.00000000000000000000 2 0 8 148 149 150 171 173 195 196 197 
173 6757 -1.855950000 0.000048314 0.00000000000000000000 1.00000000000000000000 2 0 8 149 150 151 172 174 196 197 198 
174 6758 -1.854120000 0.090534800 0.00000000000000000000 1.00000000000000000000 2 0 8 150 151 152 173 175 197 198 199 
175 6759 -1.848630000 0.180879000 0.00000000000000000000 1.00000000000000000000 2 0 8 151 152 153 174 176 198 199 200 
176 6760 -1.839490000 0.270937000 0.00000000000000000000 1.00000000000000000000 2 0 8 152 153 154 175 177 199 200 201 
177 6761 -1.826720000 0.360569000 0.00000000000000000000 1.00000000000000000000 2 0 8 153 154 155 176 178 200 201 202 
178 6762 -1.810330000 0.449633000 0.00000000000000000000 1.00000000000000000000 2 0 8 154 155 156 177 179 201 202 203 
179 6763 -1.790360000 0.537989000 0.00000000000000000000 1.00000000000000000000 2 0 8 155 156 157 178 180 202 203 204 
180 6764 -1.766840000 0.625497000 0.00000000000000000000 1.00000000000000000000 2 0 8 156 157 158 179 181 203 204 205 
181 6765 -1.739790000 0.712021000 0.00000000000000000000 1.00000000000000000000 2 0 8 157 158 159 180 182 204 205 206 
182 6766 -1.709270000 0.797424000 0.00000000000000000000 1.00000000000000000000 2 0 8 158 159 160 181 183 205 206 207 
183 6767 -1.675330000 0.881571000 0.00000000000000000000 1.00000000000000000000 2 0 8 159 160 161 182 184 206 207 208 
184 6768 -1.638020000 0.964332000 0.00000000000000000000 1.00000000000000000000 2 0 8 160 161 162 183 185 207 208 209 
185 6769 -1.597390000 1.045580000 0.00000000000000000000 1.00000000000000000000 2 0 8 161 162 651 184 186 208 209 210 
186 6770 -1.553520000 1.125180000 0.00000000000000000000 1.00000000000000000000 2 0 8 162 651 652 185 654 209 210 211 
187 6771 -1.808150000 -0.937672000 0.00000000000000000000 1.00000000000000000000 2 0 8 653 163 164 657 188 660 213 214 
188 6772 -1.844150000 -0.848153000 0.00000000000000000000 1.00000000000000000000 2 0 8 163 164 165 187 189 213 214 215 
189 6773 -1.876510000 -0.757301000 0.00000000000000000000 1.00000000000000000000 2 0 8 164 165 166 188 190 214 215 216 
190 6774 -1.905190000 -0.665258000 0.00000000000000000000 1.00000000000000000000 2 0 8 165 166 167 189 191 215 216 217 
191 6775 -1.930130000 -0.572170000 0.00000000000000000000 1.00000000000000000000 2 0 8 166 167 168 190 192 216 217 218 
192 6776 -1.951310000 -0.478181000 0.00000000000000000000 1.00000000000000000000 2 0 8 167 168 169 191 193 217 218 219 
193 6777 -1.968680000 -0.383441000 0.00000000000000000000 1.00000000000000000000 2 0 8 168 169 170 192 194 218 219 220 
194 6778 -1.982220000 -0.288097000 0.00000000000000000000 1.00000000000000000000 2 0 8 169 170 171 193 195 219 220 221 
195 6779 -1.991910000 -0.192300000 0.00000000000000000000 1.00000000000000000000 2 0 8 170 171 172 194 196 220 221 222 
196 6780 -1.997730000 -0.096200500 0.00000000000000000000 1.00000000000000000000 2 0 8 171 172 173 195 197 221 222 223 
197 6781 -1.999660000 0.000050453 0.00000000000000000000 1.00000000000000000000 2 0 8 172 173 174 196 198 222 223 224 
198 6782 -1.997720000 0.096301300 0.00000000000000000000 1.00000000000000000000 2 0 8 173 174 175 197 199 223 224 225 
199 6783 -1.991900000 0.192401000 0.00000000000000000000 1.00000000000000000000 2 0 8 174 175 176 198 200 224 225 226 
200 6784 -1.982210000 0.288197000 0.00000000000000000000 1.00000000000000000000 2 0 8 175 176 177 199 201 225 226 227 
201 6785 -1.968670000 0.383540000 0.00000000000000000000 1.00000000000000000000 2 0 8 176 177 178 200 202 226 227 228 
202 6786 -1.951290000 0.478280000 0.00000000000000000000 1.00000000000000000000 2 0 8 177 178 179 201 203 227 228 229 
203 6787 -1.930110000 0.572268000 0.00000000000000000000 1.00000000000000000000 2 0 8 178 179 180 202 204 228 229 230 
204 6788 -1.905160000 0.665356000 0.00000000000000000000 1.00000000000000000000 2 0 8 179 180 181 203 205 229 230 231 
205 6789 -1.876480000 0.757397000 0.00000000000000000000 1.00000000000000000000 2 0 8 180 181 182 204 206 230 231 232 
206 6790 -1.844110000 0.848248000 0.00000000000000000000 1.00000000000000000000 2 0 8 181 182 183 205 207 231 232 233 
207 6791 -1.808110000 0.937766000 0.00000000000000000000 1.00000000000000000000 2 0 8 182 183 184 206 208 232 233 234 
208 6792 -1.768540000 1.025810000 0.00000000000000000000 1.00000000000000000000 2 0 8 183 184 185 207 209 233 234 235 
209 6793 -1.725450000 1.112240000 0.00000000000000000000 1.00000000000000000000 2 0 8 184 185 186 208 210 234 235 236 
210 6794 -1.678920000 1.196930000 0.00000000000000000000 1.00000000000000000000 2 0 8 185 186 654 209 211 235 236 237 
211 6795 -1.629020000 1.279740000 0.00000000000000000000 1.00000000000000000000 2 0 8 186 654 655 210 212 236 237 238 
212 6796 -1.575830000 1.360540000 0.00000000000000000000 1.00000000000000000000 2 0 8 654 655 656 211 658 237 238 239 
213 6797 -1.949450000 -0.997323000 0.00000000000000000000 1.00000000000000000000 2 0 8 657 187 188 660 214 662 240 241 
214 6798 -1.987630000 -0.902103000 0.00000000000000000000 1.00000000000000000000 2 0 8 187 188 189 213 215 240 241 242 
215 6799 -2.021960000 -0.805467000 0.00000000000000000000 1.00000000000000000000 2 0 8 188 189 190 214 216 241 242 243 
216 6800 -2.052380000 -0.707567000 0.00000000000000000000 1.00000000000000000000 2 0 8 189 190 191 215 217 242 243 244 
217 6801 -2.078840000 -0.608556000 0.00000000000000000000 1.00000000000000000000 2 0 8 190 191 192 216 218 243 244 245 
218 6802 -2.101300000 -0.508588000 0.00000000000000000000 1.00000000000000000000 2 0 8 191 192 193 217 219 244 245 246 
219 6803 -2.119730000 -0.407822000 0.00000000000000000000 1.00000000000000000000 2 0 8 192 193 194 218 220 245 246 247 
220 6804 -2.134090000 -0.306416000 0.00000000000000000000 1.00000000000000000000 2 0 8 193 194 195 219 221 246 247 248 
221 6805 -2.144370000 -0.204527000 0.00000000000000000000 1.00000000000000000000 2 0 8 194 195 196 220 222 247 248 249 
222 6806 -2.150540000 -0.102318000 0.00000000000000000000 1.00000000000000000000 2 0 8 195 196 197 221 223 248 249 250 
223 6807 -2.152600000 0.000052512 0.00000000000000000000 1.00000000000000000000 2 0 8 196 197 198 222 224 249 250 251 
224 6808 -2.150540000 0.102423000 0.00000000000000000000 1.00000000000000000000 2 0 8 197 198 199 223 225 250 251 252 
225 6809 -2.144360000 0.204632000 0.00000000000000000000 1.00000000000000000000 2 0 8 198 199 200 224 226 251 252 253 
226 6810 -2.134080000 0.306520000 0.00000000000000000000 1.00000000000000000000 2 0 8 199 200 201 225 227 252 253 254 
227 6811 -2.119710000 0.407926000 0.00000000000000000000 1.00000000000000000000 2 0 8 200 201 202 226 228 253 254 255 
228 6812 -2.101280000 0.508691000 0.00000000000000000000 1.00000000000000000000 2 0 8 201 202 203 227 229 254 255 256 
229 6813 -2.078820000 0.608658000 0.00000000000000000000 1.00000000000000000000 2 0 8 202 203 204 228 230 255 256 257 
230 6814 -2.052350000 0.707668000 0.00000000000000000000 1.00000000000000000000 2 0 8 203 204 205 229 231 256 257 258 
231 6815 -2.021930000 0.805567000 0.00000000000000000000 1.00000000000000000000 2 0 8 204 205 206 230 232 257 258 259 
232 6816 -1.987590000 0.902202000 0.00000000000000000000 1.00000000000000000000 2 0 8 205 206 207 231 233 258 259 260 
233 6817 -1.949410000 0.997420000 0.00000000000000000000 1.00000000000000000000 2 0 8 206 207 208 232 234 259 260 261 
234 6818 -1.907430000 1.091070000 0.00000000000000000000 1.00000000000000000000 2 0 8 207 208 209 233 235 260 261 262 
235 6819 -1.861720000 1.183010000 0.00000000000000000000 1.00000000000000000000 2 0 8 208 209 210 234 236 261 262 263 
236 6820 -1.812360000 1.273100000 0.00000000000000000000 1.00000000000000000000 2 0 8 209 210 211 235 237 262 263 264 
237 6821 -1.759430000 1.361190000 0.00000000000000000000 1.00000000000000000000 2 0 8 210 211 212 236 238 263 264 265 
238 6822 -1.703000000 1.447150000 0.00000000000000000000 1.00000000000000000000 2 0 8 211 212 658 237 239 264 265 266 
239 6823 -1.643180000 1.530840000 0.00000000000000000000 1.00000000000000000000 2 0 8 212 658 659 238 661 265 266 663 
240 6824 -2.099790000 -1.060660000 0.00000000000000000000 1.00000000000000000000 2 0 8 660 213 214 662 241 664 267 268 
241 6825 -2.140300000 -0.959384000 0.00000000000000000000 1.00000000000000000000 2 0 8 213 214 215 240 242 267 268 269 
242 6826 -2.176720000 -0.856607000 0.00000000000000000000 1.00000000000000000000 2 0 8 214 215 216 241 243 268 269 270 
243 6827 -2.208990000 -0.752487000 0.00000000000000000000 1.00000000000000000000 2 0 8 215 216 217 242 244 269 270 271 
244 6828 -2.237070000 -0.647188000 0.00000000000000000000 1.00000000000000000000 2 0 8 216 217 218 243 245 270 271 272 
245 6829 -2.260900000 -0.540873000 0.00000000000000000000 1.00000000000000000000 2 0 8 217 218 219 244 246 271 272 273 
246 6830 -2.280450000 -0.433709000 0.00000000000000000000 1.00000000000000000000 2 0 8 218 219 220 245 247 272 273 274 
247 6831 -2.295680000 -0.325865000 0.00000000000000000000 1.00000000000000000000 2 0 8 219 220 221 246 248 273 274 275 
248 6832 -2.306580000 -0.217510000 0.00000000000000000000 1.00000000000000000000 2 0 8 220 221 222 247 249 274 275 276 
249 6833 -2.313130000 -0.108813000 0.00000000000000000000 1.00000000000000000000 2 0 8 221 222 223 248 250 275 276 277 
250 6834 -2.315310000 0.000054468 0.00000000000000000000 1.00000000000000000000 2 0 8 222 223 224 249 251 276 277 278 
251 6835 -2.313130000 0.108922000 0.00000000000000000000 1.00000000000000000000 2 0 8 223 224 225 250 252 277 278 279 
252 6836 -2.306580000 0.217618000 0.00000000000000000000 1.00000000000000000000 2 0 8 224 225 226 251 253 278 279 280 
253 6837 -2.295670000 0.325973000 0.00000000000000000000 1.00000000000000000000 2 0 8 225 226 227 252 254 279 280 281 
254 6838 -2.280430000 0.433817000 0.00000000000000000000 1.00000000000000000000 2 0 8 226 227 228 253 255 280 281 282 
255 6839 -2.260870000 0.540979000 0.00000000000000000000 1.00000000000000000000 2 0 8 227 228 229 254 256 281 282 283 
256 6840 -2.237040000 0.647294000 0.00000000000000000000 1.00000000000000000000 2 0 8 228 229 230 255 257 282 283 284 
257 6841 -2.208960000 0.752592000 0.00000000000000000000 1.00000000000000000000 2 0 8 229 230 231 256 258 283 284 285 
258 6842 -2.176680000 0.856711000 0.00000000000000000000 1.00000000000000000000 2 0 8 230 231 232 257 259 284 285 286 
259 6843 -2.140260000 0.959486000 0.00000000000000000000 1.00000000000000000000 2 0 8 231 232 233 258 260 285 286 287 
260 6844 -2.099750000 1.060760000 0.00000000000000000000 1.00000000000000000000 2 0 8 232 233 234 259 261 286 287 288 
261 6845 -2.055210000 1.160370000 0.00000000000000000000 1.00000000000000000000 2 0 8 233 234 235 260 262 287 288 289 
262 6846 -2.006710000 1.258160000 0.00000000000000000000 1.00000000000000000000 2 0 8 234 235 236 261 263 288 289 290 
263 6847 -1.954340000 1.353970000 0.00000000000000000000 1.00000000000000000000 2 0 8 235 236 237 262 264 289 290 291 
264 6848 -1.898180000 1.447670000 0.00000000000000000000 1.00000000000000000000 2 0 8 236 237 238 263 265 290 291 292 
265 6849 -1.838310000 1.539110000 0.00000000000000000000 1.00000000000000000000 2 0 8 237 238 239 264 266 291 292 665 
266 6850 -1.774840000 1.628130000 0.00000000000000000000 1.00000000000000000000 2 0 8 238 239 661 265 663 292 665 666 
267 6851 -2.259730000 -1.127910000 0.00000000000000000000 1.00000000000000000000 2 0 8 662 240 241 664 268 667 668 293 
268 6852 -2.302710000 -1.020210000 0.00000000000000000000 1.00000000000000000000 2 0 8 240 241 242 267 269 668 293 294 
269 6853 -2.341360000 -0.910911000 0.00000000000000000000 1.00000000000000000000 2 0 8 241 242 243 268 270 293 294 295 
270 6854 -2.375600000 -0.800187000 0.00000000000000000000 1.00000000000000000000 2 0 8 242 243 244 269 271 294 295 296 
271 6855 -2.405390000 -0.688209000 0.00000000000000000000 1.00000000000000000000 2 0 8 243 244 245 270 272 295 296 297 
272 6856 -2.430680000 -0.575154000 0.00000000000000000000 1.00000000000000000000 2 0 8 244 245 246 271 273 296 297 298 
273 6857 -2.451420000 -0.461197000 0.00000000000000000000 1.00000000000000000000 2 0 8 245 246 247 272 274 297 298 299 
274 6858 -2.467590000 -0.346518000 0.00000000000000000000 1.00000000000000000000 2 0 8 246 247 248 273 275 298 299 300 
275 6859 -2.479160000 -0.231295000 0.00000000000000000000 1.00000000000000000000 2 0 8 247 248 249 274 276 299 300 301 
276 6860 -2.486100000 -0.115710000 0.00000000000000000000 1.00000000000000000000 2 0 8 248 249 250 275 277 300 301 302 
277 6861 -2.488420000 0.000056293 0.00000000000000000000 1.00000000000000000000 2 0 8 249 250 251 276 278 301 302 303 
278 6862 -2.486100000 0.115823000 0.00000000000000000000 1.00000000000000000000 2 0 8 250 251 252 277 279 302 303 304 
279 6863 -2.479150000 0.231407000 0.00000000000000000000 1.00000000000000000000 2 0 8 251 252 253 278 280 303 304 305 
280 6864 -2.467580000 0.346630000 0.00000000000000000000 1.00000000000000000000 2 0 8 252 253 254 279 281 304 305 306 
281 6865 -2.451400000 0.461308000 0.00000000000000000000 1.00000000000000000000 2 0 8 253 254 255 280 282 305 306 307 
282 6866 -2.430660000 0.575264000 0.00000000000000000000 1.00000000000000000000 2 0 8 254 255 256 281 283 306 307 308 
283 6867 -2.405370000 0.688319000 0.00000000000000000000 1.00000000000000000000 2 0 8 255 256 257 282 284 307 308 309 
284 6868 -2.375570000 0.800295000 0.00000000000000000000 1.00000000000000000000 2 0 8 256 257 258 283 285 308 309 310 
285 6869 -2.341320000 0.911018000 0.00000000000000000000 1.00000000000000000000 2 0 8 257 258 259 284 286 309 310 311 
286 6870 -2.302670000 1.020310000 0.00000000000000000000 1.00000000000000000000 2 0 8 258 259 260 285 287 310 311 312 
287 6871 -2.259680000 1.128010000 0.00000000000000000000 1.00000000000000000000 2 0 8 259 260 261 286 288 311 312 313 
288 6872 -2.212420000 1.233940000 0.00000000000000000000 1.00000000000000000000 2 0 8 260 261 262 287 289 312 313 314 
289 6873 -2.160970000 1.337940000 0.00000000000000000000 1.00000000000000000000 2 0 8 261 262 263 288 290 313 314 315 
290 6874 -2.105390000 1.439850000 0.00000000000000000000 1.00000000000000000000 2 0 8 262 263 264 289 291 314 315 316 
291 6875 -2.045800000 1.539510000 0.00000000000000000000 1.00000000000000000000 2 0 8 263 264 265 290 292 315 316 317 
292 6876 -1.982270000 1.636750000 0.00000000000000000000 1.00000000000000000000 2 0 8 264 265 266 291 665 316 317 669 
293 6877 -2.475480000 -1.084800000 0.00000000000000000000 1.00000000000000000000 2 0 8 267 268 269 668 294 670 671 318 
294 6878 -2.516490000 -0.968580000 0.00000000000000000000 1.00000000000000000000 2 0 8 268 269 270 293 295 671 318 319 
295 6879 -2.552830000 -0.850843000 0.00000000000000000000 1.00000000000000000000 2 0 8 269 270 271 294 296 318 319 320 
296 6880 -2.584450000 -0.731774000 0.00000000000000000000 1.00000000000000000000 2 0 8 270 271 272 295 297 319 320 321 
297 6881 -2.611280000 -0.611560000 0.00000000000000000000 1.00000000000000000000 2 0 8 271 272 273 296 298 320 321 322 
298 6882 -2.633300000 -0.490389000 0.00000000000000000000 1.00000000000000000000 2 0 8 272 273 274 297 299 321 322 323 
299 6883 -2.650450000 -0.368451000 0.00000000000000000000 1.00000000000000000000 2 0 8 273 274 275 298 300 322 323 324 
300 6884 -2.662730000 -0.245935000 0.00000000000000000000 1.00000000000000000000 2 0 8 274 275 276 299 301 323 324 325 
301 6885 -2.670100000 -0.123035000 0.00000000000000000000 1.00000000000000000000 2 0 8 275 276 277 300 302 324 325 326 
302 6886 -2.672560000 0.000057961 0.00000000000000000000 1.00000000000000000000 2 0 8 276 277 278 301 303 325 326 327 
303 6887 -2.670090000 0.123151000 0.00000000000000000000 1.00000000000000000000 2 0 8 277 278 279 302 304 326 327 328 
304 6888 -2.662720000 0.246051000 0.00000000000000000000 1.00000000000000000000 2 0 8 278 279 280 303 305 327 328 329 
305 6889 -2.650440000 0.368566000 0.00000000000000000000 1.00000000000000000000 2 0 8 279 280 281 304 306 328 329 330 
306 6890 -2.633280000 0.490504000 0.00000000000000000000 1.00000000000000000000 2 0 8 280 281 282 305 307 329 330 331 
307 6891 -2.611260000 0.611674000 0.00000000000000000000 1.00000000000000000000 2 0 8 281 282 283 306 308 330 331 332 
308 6892 -2.584420000 0.731887000 0.00000000000000000000 1.00000000000000000000 2 0 8 282 283 284 307 309 331 332 333 
309 6893 -2.552800000 0.850954000 0.00000000000000000000 1.00000000000000000000 2 0 8 283 284 285 308 310 332 333 334 
310 6894 -2.516460000 0.968690000 0.00000000000000000000 1.00000000000000000000 2 0 8 284 285 286 309 311 333 334 335 
311 6895 -2.475440000 1.084910000 0.00000000000000000000 1.00000000000000000000 2 0 8 285 286 287 310 312 334 335 336 
312 6896 -2.429820000 1.199430000 0.00000000000000000000 1.00000000000000000000 2 0 8 286 287 288 311 313 335 336 337 
313 6897 -2.379660000 1.312080000 0.00000000000000000000 1.00000000000000000000 2 0 8 287 288 289 312 314 336 337 338 
314 6898 -2.325050000 1.422680000 0.00000000000000000000 1.00000000000000000000 2 0 8 288 289 290 313 315 337 338 339 
315 6899 -2.266070000 1.531050000 0.00000000000000000000 1.00000000000000000000 2 0 8 289 290 291 314 316 338 339 340 
316 6900 -2.202820000 1.637030000 0.00000000000000000000 1.00000000000000000000 2 0 8 290 291 292 315 317 339 340 341 
317 6901 -2.135400000 1.740450000 0.00000000000000000000 1.00000000000000000000 2 0 8 291 292 665 316 669 340 341 672 
318 6902 -2.702770000 -1.029830000 0.00000000000000000000 1.00000000000000000000 2 0 8 293 294 295 671 319 673 674 342 
319 6903 -2.741340000 -0.904643000 0.00000000000000000000 1.00000000000000000000 2 0 8 294 295 296 318 320 674 342 343 
320 6904 -2.774900000 -0.778043000 0.00000000000000000000 1.00000000000000000000 2 0 8 295 296 297 319 321 342 343 344 
321 6905 -2.803380000 -0.650227000 0.00000000000000000000 1.00000000000000000000 2 0 8 296 297 298 320 322 343 344 345 
322 6906 -2.826740000 -0.521394000 0.00000000000000000000 1.00000000000000000000 2 0 8 297 298 299 321 323 344 345 346 
323 6907 -2.844950000 -0.391746000 0.00000000000000000000 1.00000000000000000000 2 0 8 298 299 300 322 324 345 346 347 
324 6908 -2.857980000 -0.261485000 0.00000000000000000000 1.00000000000000000000 2 0 8 299 300 301 323 325 346 347 348 
325 6909 -2.865800000 -0.130815000 0.00000000000000000000 1.00000000000000000000 2 0 8 300 301 302 324 326 347 348 349 
326 6910 -2.868410000 0.000059438 0.00000000000000000000 1.00000000000000000000 2 0 8 301 302 303 325 327 348 349 350 
327 6911 -2.865800000 0.130934000 0.00000000000000000000 1.00000000000000000000 2 0 8 302 303 304 326 328 349 350 351 
328 6912 -2.857970000 0.261603000 0.00000000000000000000 1.00000000000000000000 2 0 8 303 304 305 327 329 350 351 352 
329 6913 -2.844940000 0.391864000 0.00000000000000000000 1.00000000000000000000 2 0 8 304 305 306 328 330 351 352 353 
330 6914 -2.826720000 0.521511000 0.00000000000000000000 1.00000000000000000000 2 0 8 305 306 307 329 331 352 353 354 
331 6915 -2.803350000 0.650343000 0.00000000000000000000 1.00000000000000000000 2 0 8 306 307 308 330 332 353 354 355 
332 6916 -2.774870000 0.778159000 0.00000000000000000000 1.00000000000000000000 2 0 8 307 308 309 331 333 354 355 356 
333 6917 -2.741310000 0.904758000 0.00000000000000000000 1.00000000000000000000 2 0 8 308 309 310 332 334 355 356 357 
334 6918 -2.702730000 1.029940000 0.00000000000000000000 1.00000000000000000000 2 0 8 309 310 311 333 335 356 357 358 
335 6919 -2.659200000 1.153520000 0.00000000000000000000 1.00000000000000000000 2 0 8 310 311 312 334 336 357 358 359 
336 6920 -2.610780000 1.275290000 0.00000000000000000000 1.00000000000000000000 2 0 8 311 312 313 335 337 358 359 360 
337 6921 -2.557540000 1.395070000 0.00000000000000000000 1.00000000000000000000 2 0 8 312 313 314 336 338 359 360 361 
338 6922 -2.499580000 1.512670000 0.00000000000000000000 1.00000000000000000000 2 0 8 313 314 315 337 339 360 361 362 
339 6923 -2.436980000 1.627910000 0.00000000000000000000 1.00000000000000000000 2 0 8 314 315 316 338 340 361 362 363 
340 6924 -2.369840000 1.740610000 0.00000000000000000000 1.00000000000000000000 2 0 8 315 316 317 339 341 362 363 364 
341 6925 -2.298270000 1.850590000 0.00000000000000000000 1.00000000000000000000 2 0 8 316 317 669 340 672 363 364 675 
342 6926 -2.941830000 -0.961789000 0.00000000000000000000 1.00000000000000000000 2 0 8 318 319 320 674 343 676 677 365 
343 6927 -2.977450000 -0.827190000 0.00000000000000000000 1.00000000000000000000 2 0 8 319 320 321 342 344 677 365 366 
344 6928 -3.007680000 -0.691298000 0.00000000000000000000 1.00000000000000000000 2 0 8 320 321 322 343 345 365 366 367 
345 6929 -3.032480000 -0.554326000 0.00000000000000000000 1.00000000000000000000 2 0 8 321 322 323 344 346 366 367 368 
346 6930 -3.051810000 -0.416489000 0.00000000000000000000 1.00000000000000000000 2 0 8 322 323 324 345 347 367 368 369 
347 6931 -3.065630000 -0.278001000 0.00000000000000000000 1.00000000000000000000 2 0 8 323 324 325 346 348 368 369 370 
348 6932 -3.073940000 -0.139079000 0.00000000000000000000 1.00000000000000000000 2 0 8 324 325 326 347 349 369 370 371 
349 6933 -3.076710000 0.000060692 0.00000000000000000000 1.00000000000000000000 2 0 8 325 326 327 348 350 370 371 372 
350 6934 -3.073930000 0.139200000 0.00000000000000000000 1.00000000000000000000 2 0 8 326 327 328 349 351 371 372 373 
351 6935 -3.065620000 0.278122000 0.00000000000000000000 1.00000000000000000000 2 0 8 327 328 329 350 352 372 373 374 
352 6936 -3.051790000 0.416610000 0.00000000000000000000 1.00000000000000000000 2 0 8 328 329 330 351 353 373 374 375 
353 6937 -3.032460000 0.554446000 0.00000000000000000000 1.00000000000000000000 2 0 8 329 330 331 352 354 374 375 376 
354 6938 -3.007650000 0.691417000 0.00000000000000000000 1.00000000000000000000 2 0 8 330 331 332 353 355 375 376 377 
355 6939 -2.977420000 0.827308000 0.00000000000000000000 1.00000000000000000000 2 0 8 331 332 333 354 356 376 377 378 
356 6940 -2.941800000 0.961906000 0.00000000000000000000 1.00000000000000000000 2 0 8 332 333 334 355 357 377 378 379 
357 6941 -2.900850000 1.095000000 0.00000000000000000000 1.00000000000000000000 2 0 8 333 334 335 356 358 378 379 380 
358 6942 -2.854640000 1.226390000 0.00000000000000000000 1.00000000000000000000 2 0 8 334 335 336 357 359 379 380 381 
359 6943 -2.803240000 1.355860000 0.00000000000000000000 1.00000000000000000000 2 0 8 335 336 337 358 360 380 381 382 
360 6944 -2.746730000 1.483220000 0.00000000000000000000 1.00000000000000000000 2 0 8 336 337 338 359 361 381 382 383 
361 6945 -2.685200000 1.608260000 0.00000000000000000000 1.00000000000000000000 2 0 8 337 338 339 360 362 382 383 384 
362 6946 -2.618750000 1.730790000 0.00000000000000000000 1.00000000000000000000 2 0 8 338 339 340 361 363 383 384 385 
363 6947 -2.547480000 1.850630000 0.00000000000000000000 1.00000000000000000000 2 0 8 339 340 341 362 364 384 385 678 
364 6948 -2.471500000 1.967580000 0.00000000000000000000 1.00000000000000000000 2 0 8 340 341 672 363 675 385 678 679 
365 6949 -3.192850000 -0.879396000 0.00000000000000000000 1.00000000000000000000 2 0 8 342 343 344 677 366 680 681 386 
366 6950 -3.224940000 -0.734926000 0.00000000000000000000 1.00000000000000000000 2 0 8 343 344 345 365 367 681 386 387 
367 6951 -3.251270000 -0.589309000 0.00000000000000000000 1.00000000000000000000 2 0 8 344 345 346 366 368 386 387 388 
368 6952 -3.271790000 -0.442773000 0.00000000000000000000 1.00000000000000000000 2 0 8 345 346 347 367 369 387 388 389 
369 6953 -3.286470000 -0.295546000 0.00000000000000000000 1.00000000000000000000 2 0 8 346 347 348 368 370 388 389 390 
370 6954 -3.295280000 -0.147857000 0.00000000000000000000 1.00000000000000000000 2 0 8 347 348 349 369 371 389 390 391 
371 6955 -3.298220000 0.000061685 0.00000000000000000000 1.00000000000000000000 2 0 8 348 349 350 370 372 390 391 392 
372 6956 -3.295280000 0.147981000 0.00000000000000000000 1.00000000000000000000 2 0 8 349 350 351 371 373 391 392 393 
373 6957 -3.286460000 0.295669000 0.00000000000000000000 1.00000000000000000000 2 0 8 350 351 352 372 374 392 393 394 
374 6958 -3.271770000 0.442896000 0.00000000000000000000 1.00000000000000000000 2 0 8 351 352 353 373 375 393 394 395 
375 6959 -3.251250000 0.589431000 0.00000000000000000000 1.00000000000000000000 2 0 8 352 353 354 374 376 394 395 396 
376 6960 -3.224920000 0.735047000 0.00000000000000000000 1.00000000000000000000 2 0 8 353 354 355 375 377 395 396 397 
377 6961 -3.192820000 0.879516000 0.00000000000000000000 1.00000000000000000000 2 0 8 354 355 356 376 378 396 397 398 
378 6962 -3.155000000 1.022610000 0.00000000000000000000 1.00000000000000000000 2 0 8 355 356 357 377 379 397 398 399 
379 6963 -3.111530000 1.164110000 0.00000000000000000000 1.00000000000000000000 2 0 8 356 357 358 378 380 398 399 400 
380 6964 -3.062480000 1.303800000 0.00000000000000000000 1.00000000000000000000 2 0 8 357 358 359 379 381 399 400 401 
381 6965 -3.007910000 1.441450000 0.00000000000000000000 1.00000000000000000000 2 0 8 358 359 360 380 382 400 401 402 
382 6966 -2.947920000 1.576860000 0.00000000000000000000 1.00000000000000000000 2 0 8 359 360 361 381 383 401 402 403 
383 6967 -2.882600000 1.709800000 0.00000000000000000000 1.00000000000000000000 2 0 8 360 361 362 382 384 402 403 404 
384 6968 -2.812050000 1.840080000 0.00000000000000000000 1.00000000000000000000 2 0 8 361 362 363 383 385 403 404 405 
385 6969 -2.736380000 1.967500000 0.00000000000000000000 1.00000000000000000000 2 0 8 362 363 364 384 678 404 405 682 
386 6970 -3.455970000 -0.781274000 0.00000000000000000000 1.00000000000000000000 2 0 8 365 366 367 681 387 683 684 406 
387 6971 -3.483920000 -0.626473000 0.00000000000000000000 1.00000000000000000000 2 0 8 366 367 368 386 388 684 406 407 
388 6972 -3.505710000 -0.470696000 0.00000000000000000000 1.00000000000000000000 2 0 8 367 368 369 387 389 406 407 408 
389 6973 -3.521290000 -0.314185000 0.00000000000000000000 1.00000000000000000000 2 0 8 368 369 370 388 390 407 408 409 
390 6974 -3.530650000 -0.157184000 0.00000000000000000000 1.00000000000000000000 2 0 8 369 370 371 389 391 408 409 410 
391 6975 -3.533770000 0.000062379 0.00000000000000000000 1.00000000000000000000 2 0 8 370 371 372 390 392 409 410 411 
392 6976 -3.530650000 0.157308000 0.00000000000000000000 1.00000000000000000000 2 0 8 371 372 373 391 393 410 411 412 
393 6977 -3.521280000 0.314309000 0.00000000000000000000 1.00000000000000000000 2 0 8 372 373 374 392 394 411 412 413 
394 6978 -3.505690000 0.470820000 0.00000000000000000000 1.00000000000000000000 2 0 8 373 374 375 393 395 412 413 414 
395 6979 -3.483900000 0.626596000 0.00000000000000000000 1.00000000000000000000 2 0 8 374 375 376 394 396 413 414 415 
396 6980 -3.455950000 0.781396000 0.00000000000000000000 1.00000000000000000000 2 0 8 375 376 377 395 397 414 415 416 
397 6981 -3.421870000 0.934978000 0.00000000000000000000 1.00000000000000000000 2 0 8 376 377 378 396 398 415 416 417 
398 6982 -3.381720000 1.087100000 0.00000000000000000000 1.00000000000000000000 2 0 8 377 378 379 397 399 416 417 418 
399 6983 -3.335570000 1.237530000 0.00000000000000000000 1.00000000000000000000 2 0 8 378 379 380 398 400 417 418 419 
400 6984 -3.283490000 1.386030000 0.00000000000000000000 1.00000000000000000000 2 0 8 379 380 381 399 401 418 419 420 
401 6985 -3.225550000 1.532380000 0.00000000000000000000 1.00000000000000000000 2 0 8 380 381 382 400 402 419 420 421 
402 6986 -3.161860000 1.676330000 0.00000000000000000000 1.00000000000000000000 2 0 8 381 382 383 401 403 420 421 422 
403 6987 -3.092510000 1.817670000 0.00000000000000000000 1.00000000000000000000 2 0 8 382 383 384 402 404 421 422 423 
404 6988 -3.017600000 1.956190000 0.00000000000000000000 1.00000000000000000000 2 0 8 383 384 385 403 405 422 423 424 
405 6989 -2.937270000 2.091650000 0.00000000000000000000 1.00000000000000000000 2 0 8 384 385 678 404 682 423 424 685 
406 6990 -3.731310000 -0.665956000 0.00000000000000000000 1.00000000000000000000 2 0 8 386 387 388 684 407 686 687 425 
407 6991 -3.754440000 -0.500361000 0.00000000000000000000 1.00000000000000000000 2 0 8 387 388 389 406 408 687 425 426 
408 6992 -3.770990000 -0.333987000 0.00000000000000000000 1.00000000000000000000 2 0 8 388 389 390 407 409 425 426 427 
409 6993 -3.780930000 -0.167092000 0.00000000000000000000 1.00000000000000000000 2 0 8 389 390 391 408 410 426 427 428 
410 6994 -3.784240000 0.000062731 0.00000000000000000000 1.00000000000000000000 2 0 8 390 391 392 409 411 427 428 429 
411 6995 -3.780920000 0.167218000 0.00000000000000000000 1.00000000000000000000 2 0 8 391 392 393 410 412 428 429 430 
412 6996 -3.770980000 0.334112000 0.00000000000000000000 1.00000000000000000000 2 0 8 392 393 394 411 413 429 430 431 
413 6997 -3.754430000 0.500486000 0.00000000000000000000 1.00000000000000000000 2 0 8 393 394 395 412 414 430 431 432 
414 6998 -3.731290000 0.666080000 0.00000000000000000000 1.00000000000000000000 2 0 8 394 395 396 413 415 431 432 433 
415 6999 -3.701610000 0.830637000 0.00000000000000000000 1.00000000000000000000 2 0 8 395 396 397 414 416 432 433 434 
416 7000 -3.665430000 0.993900000 0.00000000000000000000 1.00000000000000000000 2 0 8 396 397 398 415 417 433 434 435 
417 7001 -3.622800000 1.155620000 0.00000000000000000000 1.00000000000000000000 2 0 8 397 398 399 416 418 434 435 436 
418 7002 -3.573800000 1.315530000 0.00000000000000000000 1.00000000000000000000 2 0 8 398 399 400 417 419 435 436 437 
419 7003 -3.518490000 1.473400000 0.00000000000000000000 1.00000000000000000000 2 0 8 399 400 401 418 420 436 437 438 
420 7004 -3.456980000 1.628970000 0.00000000000000000000 1.00000000000000000000 2 0 8 400 401 402 419 421 437 438 439 
421 7005 -3.389350000 1.782010000 0.00000000000000000000 1.00000000000000000000 2 0 8 401 402 403 420 422 438 439 440 
422 7006 -3.315710000 1.932280000 0.00000000000000000000 1.00000000000000000000 2 0 8 402 403 404 421 423 439 440 441 
423 7007 -3.236180000 2.079530000 0.00000000000000000000 1.00000000000000000000 2 0 8 403 404 405 422 424 440 441 442 
424 7008 -3.150870000 2.223560000 0.00000000000000000000 1.00000000000000000000 2 0 8 404 405 682 423 685 441 442 688 
425 7009 -4.018900000 -0.531880000 0.00000000000000000000 1.00000000000000000000 2 0 8 406 407 408 687 426 689 443 444 
426 7010 -4.036470000 -0.355026000 0.00000000000000000000 1.00000000000000000000 2 0 8 407 408 409 425 427 443 444 445 
427 7011 -4.047030000 -0.177620000 0.00000000000000000000 1.00000000000000000000 2 0 8 408 409 410 426 428 444 445 446 
428 7012 -4.050540000 0.000062694 0.00000000000000000000 1.00000000000000000000 2 0 8 409 410 411 427 429 445 446 447 
429 7013 -4.047020000 0.177745000 0.00000000000000000000 1.00000000000000000000 2 0 8 410 411 412 428 430 446 447 448 
430 7014 -4.036460000 0.355151000 0.00000000000000000000 1.00000000000000000000 2 0 8 411 412 413 429 431 447 448 449 
431 7015 -4.018890000 0.532004000 0.00000000000000000000 1.00000000000000000000 2 0 8 412 413 414 430 432 448 449 450 
432 7016 -3.994320000 0.708030000 0.00000000000000000000 1.00000000000000000000 2 0 8 413 414 415 431 433 449 450 451 
433 7017 -3.962800000 0.882953000 0.00000000000000000000 1.00000000000000000000 2 0 8 414 415 416 432 434 450 451 452 
434 7018 -3.924380000 1.056500000 0.00000000000000000000 1.00000000000000000000 2 0 8 415 416 417 433 435 451 452 453 
435 7019 -3.879120000 1.228410000 0.00000000000000000000 1.00000000000000000000 2 0 8 416 417 418 434 436 452 453 454 
436 7020 -3.827090000 1.398400000 0.00000000000000000000 1.00000000000000000000 2 0 8 417 418 419 435 437 453 454 455 
437 7021 -3.768370000 1.566220000 0.00000000000000000000 1.00000000000000000000 2 0 8 418 419 420 436 438 454 455 456 
438 7022 -3.703050000 1.731600000 0.00000000000000000000 1.00000000000000000000 2 0 8 419 420 421 437 439 455 456 457 
439 7023 -3.631230000 1.894290000 0.00000000000000000000 1.00000000000000000000 2 0 8 420 421 422 438 440 456 457 458 
440 7024 -3.553030000 2.054040000 0.00000000000000000000 1.00000000000000000000 2 0 8 421 422 423 439 441 457 458 459 
441 7025 -3.468570000 2.210590000 0.00000000000000000000 1.00000000000000000000 2 0 8 422 423 424 440 442 458 459 460 
442 7026 -3.377990000 2.363700000 0.00000000000000000000 1.00000000000000000000 2 0 8 423 424 685 441 688 459 460 690 
443 7027 -4.300080000 -0.565369000 0.00000000000000000000 1.00000000000000000000 2 0 8 687 425 426 689 444 691 461 462 
444 7028 -4.318740000 -0.377381000 0.00000000000000000000 1.00000000000000000000 2 0 8 425 426 427 443 445 461 462 463 
445 7029 -4.329940000 -0.188806000 0.00000000000000000000 1.00000000000000000000 2 0 8 426 427 428 444 446 462 463 464 
446 7030 -4.333680000 0.000062219 0.00000000000000000000 1.00000000000000000000 2 0 8 427 428 429 445 447 463 464 465 
447 7031 -4.329940000 0.188931000 0.00000000000000000000 1.00000000000000000000 2 0 8 428 429 430 446 448 464 465 466 
448 7032 -4.318730000 0.377505000 0.00000000000000000000 1.00000000000000000000 2 0 8 429 430 431 447 449 465 466 467 
449 7033 -4.300060000 0.565493000 0.00000000000000000000 1.00000000000000000000 2 0 8 430 431 432 448 450 466 467 468 
450 7034 -4.273980000 0.752601000 0.00000000000000000000 1.00000000000000000000 2 0 8 431 432 433 449 451 467 468 469 
451 7035 -4.240510000 0.938539000 0.00000000000000000000 1.00000000000000000000 2 0 8 432 433 434 450 452 468 469 470 
452 7036 -4.199710000 1.123020000 0.00000000000000000000 1.00000000000000000000 2 0 8 433 434 435 451 453 469 470 471 
453 7037 -4.151640000 1.305750000 0.00000000000000000000 1.00000000000000000000 2 0 8 434 435 436 452 454 470 471 472 
454 7038 -4.096390000 1.486450000 0.00000000000000000000 1.00000000000000000000 2 0 8 435 436 437 453 455 471 472 473 
455 7039 -4.034030000 1.664850000 0.00000000000000000000 1.00000000000000000000 2 0 8 436 437 438 454 456 472 473 474 
456 7040 -3.964660000 1.840650000 0.00000000000000000000 1.00000000000000000000 2 0 8 437 438 439 455 457 473 474 475 
457 7041 -3.888400000 2.013590000 0.00000000000000000000 1.00000000000000000000 2 0 8 438 439 440 456 458 474 475 476 
458 7042 -3.805360000 2.183410000 0.00000000000000000000 1.00000000000000000000 2 0 8 439 440 441 457 459 475 476 477 
459 7043 -3.715660000 2.349830000 0.00000000000000000000 1.00000000000000000000 2 0 8 440 441 442 458 460 476 477 478 
460 7044 -3.619460000 2.512600000 0.00000000000000000000 1.00000000000000000000 2 0 8 441 442 688 459 690 477 478 692 
461 7045 -4.599010000 -0.600954000 0.00000000000000000000 1.00000000000000000000 2 0 8 689 443 444 691 462 693 694 479 
462 7046 -4.618820000 -0.401135000 0.00000000000000000000 1.00000000000000000000 2 0 8 443 444 445 461 463 694 479 480 
463 7047 -4.630720000 -0.200693000 0.00000000000000000000 1.00000000000000000000 2 0 8 444 445 446 462 464 479 480 481 
464 7048 -4.634690000 0.000061256 0.00000000000000000000 1.00000000000000000000 2 0 8 445 446 447 463 465 480 481 482 
465 7049 -4.630720000 0.200815000 0.00000000000000000000 1.00000000000000000000 2 0 8 446 447 448 464 466 481 482 483 
466 7050 -4.618810000 0.401257000 0.00000000000000000000 1.00000000000000000000 2 0 8 447 448 449 465 467 482 483 484 
467 7051 -4.598990000 0.601076000 0.00000000000000000000 1.00000000000000000000 2 0 8 448 449 450 466 468 483 484 485 
468 7052 -4.571290000 0.799960000 0.00000000000000000000 1.00000000000000000000 2 0 8 449 450 451 467 469 484 485 486 
469 7053 -4.535750000 0.997602000 0.00000000000000000000 1.00000000000000000000 2 0 8 450 451 452 468 470 485 486 487 
470 7054 -4.492420000 1.193690000 0.00000000000000000000 1.00000000000000000000 2 0 8 451 452 453 469 471 486 487 488 
471 7055 -4.441370000 1.387930000 0.00000000000000000000 1.00000000000000000000 2 0 8 452 453 454 470 472 487 488 489 
472 7056 -4.382690000 1.580010000 0.00000000000000000000 1.00000000000000000000 2 0 8 453 454 455 471 473 488 489 490 
473 7057 -4.316470000 1.769640000 0.00000000000000000000 1.00000000000000000000 2 0 8 454 455 456 472 474 489 490 491 
474 7058 -4.242800000 1.956520000 0.00000000000000000000 1.00000000000000000000 2 0 8 455 456 457 473 475 490 491 492 
475 7059 -4.161810000 2.140360000 0.00000000000000000000 1.00000000000000000000 2 0 8 456 457 458 474 476 491 492 493 
476 7060 -4.073610000 2.320880000 0.00000000000000000000 1.00000000000000000000 2 0 8 457 458 459 475 477 492 493 494 
477 7061 -3.978360000 2.497790000 0.00000000000000000000 1.00000000000000000000 2 0 8 458 459 460 476 478 493 494 495 
478 7062 -3.876190000 2.670820000 0.00000000000000000000 1.00000000000000000000 2 0 8 459 460 690 477 692 494 495 695 
479 7063 -4.937840000 -0.426376000 0.00000000000000000000 1.00000000000000000000 2 0 8 461 462 463 694 480 696 697 496 
480 7064 -4.950480000 -0.213324000 0.00000000000000000000 1.00000000000000000000 2 0 8 462 463 464 479 481 697 496 497 
481 7065 -4.954690000 0.000059747 0.00000000000000000000 1.00000000000000000000 2 0 8 463 464 465 480 482 496 497 498 
482 7066 -4.950470000 0.213443000 0.00000000000000000000 1.00000000000000000000 2 0 8 464 465 466 481 483 497 498 499 
483 7067 -4.937830000 0.426496000 0.00000000000000000000 1.00000000000000000000 2 0 8 465 466 467 482 484 498 499 500 
484 7068 -4.916780000 0.638886000 0.00000000000000000000 1.00000000000000000000 2 0 8 466 467 468 483 485 499 500 501 
485 7069 -4.887360000 0.850284000 0.00000000000000000000 1.00000000000000000000 2 0 8 467 468 469 484 486 500 501 502 
486 7070 -4.849610000 1.060360000 0.00000000000000000000 1.00000000000000000000 2 0 8 468 469 470 485 487 501 502 503 
487 7071 -4.803600000 1.268790000 0.00000000000000000000 1.00000000000000000000 2 0 8 469 470 471 486 488 502 503 504 
488 7072 -4.749390000 1.475260000 0.00000000000000000000 1.00000000000000000000 2 0 8 470 471 472 487 489 503 504 505 
489 7073 -4.687060000 1.679430000 0.00000000000000000000 1.00000000000000000000 2 0 8 471 472 473 488 490 504 505 506 
490 7074 -4.616730000 1.880990000 0.00000000000000000000 1.00000000000000000000 2 0 8 472 473 474 489 491 505 506 507 
491 7075 -4.538490000 2.079640000 0.00000000000000000000 1.00000000000000000000 2 0 8 473 474 475 490 492 506 507 508 
492 7076 -4.452470000 2.275060000 0.00000000000000000000 1.00000000000000000000 2 0 8 474 475 476 491 493 507 508 509 
493 7077 -4.358800000 2.466950000 0.00000000000000000000 1.00000000000000000000 2 0 8 475 476 477 492 494 508 509 510 
494 7078 -4.257630000 2.655010000 0.00000000000000000000 1.00000000000000000000 2 0 8 476 477 478 493 495 509 510 698 
495 7079 -4.149120000 2.838950000 0.00000000000000000000 1.00000000000000000000 2 0 8 477 478 692 494 695 510 698 699 
496 7080 -5.290390000 -0.226747000 0.00000000000000000000 1.00000000000000000000 2 0 8 479 480 481 697 497 700 701 511 
497 7081 -5.294870000 0.000057634 0.00000000000000000000 1.00000000000000000000 2 0 8 480 481 482 496 498 701 511 512 
498 7082 -5.290390000 0.226862000 0.00000000000000000000 1.00000000000000000000 2 0 8 481 482 483 497 499 511 512 513 
499 7083 -5.276960000 0.453315000 0.00000000000000000000 1.00000000000000000000 2 0 8 482 483 484 498 500 512 513 514 
500 7084 -5.254600000 0.679064000 0.00000000000000000000 1.00000000000000000000 2 0 8 483 484 485 499 501 513 514 515 
501 7085 -5.223360000 0.903759000 0.00000000000000000000 1.00000000000000000000 2 0 8 484 485 486 500 502 514 515 516 
502 7086 -5.183270000 1.127050000 0.00000000000000000000 1.00000000000000000000 2 0 8 485 486 487 501 503 515 516 517 
503 7087 -5.134390000 1.348600000 0.00000000000000000000 1.00000000000000000000 2 0 8 486 487 488 502 504 516 517 518 
504 7088 -5.076820000 1.568050000 0.00000000000000000000 1.00000000000000000000 2 0 8 487 488 489 503 505 517 518 519 
505 7089 -5.010630000 1.785070000 0.00000000000000000000 1.00000000000000000000 2 0 8 488 489 490 504 506 518 519 520 
506 7090 -4.935920000 1.999330000 0.00000000000000000000 1.00000000000000000000 2 0 8 489 490 491 505 507 519 520 521 
507 7091 -4.852830000 2.210480000 0.00000000000000000000 1.00000000000000000000 2 0 8 490 491 492 506 508 520 521 522 
508 7092 -4.761460000 2.418200000 0.00000000000000000000 1.00000000000000000000 2 0 8 491 492 493 507 509 521 522 523 
509 7093 -4.661970000 2.622180000 0.00000000000000000000 1.00000000000000000000 2 0 8 492 493 494 508 510 522 523 702 
510 7094 -4.554520000 2.822080000 0.00000000000000000000 1.00000000000000000000 2 0 8 493 494 495 509 698 523 702 703 
511 7095 -5.656480000 0.000054854 0.00000000000000000000 1.00000000000000000000 2 0 8 496 497 498 701 512 704 705 524 
512 7096 -5.651720000 0.241121000 0.00000000000000000000 1.00000000000000000000 2 0 8 497 498 499 511 513 705 524 525 
513 7097 -5.637460000 0.481814000 0.00000000000000000000 1.00000000000000000000 2 0 8 498 499 500 512 514 524 525 526 
514 7098 -5.613720000 0.721760000 0.00000000000000000000 1.00000000000000000000 2 0 8 499 500 501 513 515 525 526 527 
515 7099 -5.580530000 0.960586000 0.00000000000000000000 1.00000000000000000000 2 0 8 500 501 502 514 516 526 527 528 
516 7100 -5.537950000 1.197920000 0.00000000000000000000 1.00000000000000000000 2 0 8 501 502 503 515 517 527 528 529 
517 7101 -5.486040000 1.433400000 0.00000000000000000000 1.00000000000000000000 2 0 8 502 503 504 516 518 528 529 530 
518 7102 -5.424880000 1.666660000 0.00000000000000000000 1.00000000000000000000 2 0 8 503 504 505 517 519 529 530 531 
519 7103 -5.354580000 1.897340000 0.00000000000000000000 1.00000000000000000000 2 0 8 504 505 506 518 520 530 531 532 
520 7104 -5.275230000 2.125070000 0.00000000000000000000 1.00000000000000000000 2 0 8 505 506 507 519 521 531 532 533 
521 7105 -5.186970000 2.349520000 0.00000000000000000000 1.00000000000000000000 2 0 8 506 507 508 520 522 532 533 534 
522 7106 -5.089930000 2.570320000 0.00000000000000000000 1.00000000000000000000 2 0 8 507 508 509 521 523 533 534 706 
523 7107 -4.984250000 2.787130000 0.00000000000000000000 1.00000000000000000000 2 0 8 508 509 510 522 702 534 706 707 
524 7108 -6.035810000 0.256274000 0.00000000000000000000 1.00000000000000000000 2 0 8 511 512 513 705 525 708 709 535 
525 7109 -6.020660000 0.512100000 0.00000000000000000000 1.00000000000000000000 2 0 8 512 513 514 524 526 709 535 536 
526 7110 -5.995440000 0.767133000 0.00000000000000000000 1.00000000000000000000 2 0 8 513 514 515 525 527 535 536 537 
527 7111 -5.960190000 1.020980000 0.00000000000000000000 1.00000000000000000000 2 0 8 514 515 516 526 528 536 537 538 
528 7112 -5.914960000 1.273240000 0.00000000000000000000 1.00000000000000000000 2 0 8 515 516 517 527 529 537 538 539 
529 7113 -5.859820000 1.523530000 0.00000000000000000000 1.00000000000000000000 2 0 8 516 517 518 528 530 538 539 540 
530 7114 -5.794870000 1.771460000 0.00000000000000000000 1.00000000000000000000 2 0 8 517 518 519 529 531 539 540 541 
531 7115 -5.720190000 2.016650000 0.00000000000000000000 1.00000000000000000000 2 0 8 518 519 520 530 532 540 541 542 
532 7116 -5.635910000 2.258710000 0.00000000000000000000 1.00000000000000000000 2 0 8 519 520 521 531 533 541 542 543 
533 7117 -5.542160000 2.497270000 0.00000000000000000000 1.00000000000000000000 2 0 8 520 521 522 532 534 542 543 544 
534 7118 -5.439080000 2.731970000 0.00000000000000000000 1.00000000000000000000 2 0 8 521 522 523 533 706 543 544 710 
535 7119 -6.427970000 0.544286000 0.00000000000000000000 1.00000000000000000000 2 0 8 524 525 526 709 536 711 545 546 
536 7120 -6.401180000 0.815352000 0.00000000000000000000 1.00000000000000000000 2 0 8 525 526 527 535 537 545 546 547 
537 7121 -6.363740000 1.085160000 0.00000000000000000000 1.00000000000000000000 2 0 8 526 527 528 536 538 546 547 548 
538 7122 -6.315700000 1.353280000 0.00000000000000000000 1.00000000000000000000 2 0 8 527 528 529 537 539 547 548 549 
539 7123 -6.257130000 1.619310000 0.00000000000000000000 1.00000000000000000000 2 0 8 528 529 530 538 540 548 549 550 
540 7124 -6.188140000 1.882830000 0.00000000000000000000 1.00000000000000000000 2 0 8 529 530 531 539 541 549 550 551 
541 7125 -6.108810000 2.143440000 0.00000000000000000000 1.00000000000000000000 2 0 8 530 531 532 540 542 550 551 552 
542 7126 -6.019290000 2.400730000 0.00000000000000000000 1.00000000000000000000 2 0 8 531 532 533 541 543 551 552 553 
543 7127 -5.919700000 2.654310000 0.00000000000000000000 1.00000000000000000000 2 0 8 532 533 534 542 544 552 553 554 
544 7128 -5.810210000 2.903770000 0.00000000000000000000 1.00000000000000000000 2 0 8 533 534 706 543 710 553 554 712 
545 7129 -6.860900000 0.578492000 0.00000000000000000000 1.00000000000000000000 2 0 8 709 535 536 711 546 713 555 556 
546 7130 -6.832450000 0.866599000 0.00000000000000000000 1.00000000000000000000 2 0 8 535 536 537 545 547 555 556 557 
547 7131 -6.792670000 1.153360000 0.00000000000000000000 1.00000000000000000000 2 0 8 536 537 538 546 548 556 557 558 
548 7132 -6.741640000 1.438350000 0.00000000000000000000 1.00000000000000000000 2 0 8 537 538 539 547 549 557 558 559 
549 7133 -6.679430000 1.721100000 0.00000000000000000000 1.00000000000000000000 2 0 8 538 539 540 548 550 558 559 560 
550 7134 -6.606140000 2.001200000 0.00000000000000000000 1.00000000000000000000 2 0 8 539 540 541 549 551 559 560 561 
551 7135 -6.521880000 2.278200000 0.00000000000000000000 1.00000000000000000000 2 0 8 540 541 542 550 552 560 561 562 
552 7136 -6.426790000 2.551670000 0.00000000000000000000 1.00000000000000000000 2 0 8 541 542 543 551 553 561 562 563 
553 7137 -6.321000000 2.821200000 0.00000000000000000000 1.00000000000000000000 2 0 8 542 543 544 552 554 562 563 714 
554 7138 -6.204690000 3.086360000 0.00000000000000000000 1.00000000000000000000 2 0 8 543 544 710 553 712 563 714 715 
555 7139 -7.321040000 0.614846000 0.00000000000000000000 1.00000000000000000000 2 0 8 711 545 546 713 556 716 564 565 
556 7140 -7.290820000 0.921063000 0.00000000000000000000 1.00000000000000000000 2 0 8 545 546 547 555 557 564 565 566 
557 7141 -7.248570000 1.225860000 0.00000000000000000000 1.00000000000000000000 2 0 8 546 547 548 556 558 565 566 567 
558 7142 -7.194360000 1.528750000 0.00000000000000000000 1.00000000000000000000 2 0 8 547 548 549 557 559 566 567 568 
559 7143 -7.128280000 1.829290000 0.00000000000000000000 1.00000000000000000000 2 0 8 548 549 550 558 560 567 568 569 
560 7144 -7.050420000 2.126990000 0.00000000000000000000 1.00000000000000000000 2 0 8 549 550 551 559 561 568 569 570 
561 7145 -6.960920000 2.421410000 0.00000000000000000000 1.00000000000000000000 2 0 8 550 551 552 560 562 569 570 571 
562 7146 -6.859900000 2.712090000 0.00000000000000000000 1.00000000000000000000 2 0 8 551 552 553 561 563 570 571 572 
563 7147 -6.747520000 2.998570000 0.00000000000000000000 1.00000000000000000000 2 0 8 552 553 554 562 714 571 572 717 
564 7148 -7.810090000 0.653484000 0.00000000000000000000 1.00000000000000000000 2 0 8 713 555 556 716 565 719 720 573 
565 7149 -7.777980000 0.978949000 0.00000000000000000000 1.00000000000000000000 2 0 8 555 556 557 564 566 720 573 574 
566 7150 -7.733100000 1.302900000 0.00000000000000000000 1.00000000000000000000 2 0 8 556 557 558 565 567 573 574 575 
567 7151 -7.675520000 1.624840000 0.00000000000000000000 1.00000000000000000000 2 0 8 557 558 559 566 568 574 575 576 
568 7152 -7.605320000 1.944270000 0.00000000000000000000 1.00000000000000000000 2 0 8 558 559 560 567 569 575 576 577 
569 7153 -7.522620000 2.260700000 0.00000000000000000000 1.00000000000000000000 2 0 8 559 560 561 568 570 576 577 578 
570 7154 -7.427530000 2.573630000 0.00000000000000000000 1.00000000000000000000 2 0 8 560 561 562 569 571 577 578 579 
571 7155 -7.320220000 2.882590000 0.00000000000000000000 1.00000000000000000000 2 0 8 561 562 563 570 572 578 579 580 
572 7156 -7.200850000 3.187090000 0.00000000000000000000 1.00000000000000000000 2 0 8 562 563 714 571 717 579 580 721 
573 7157 -8.295730000 1.040470000 0.00000000000000000000 1.00000000000000000000 2 0 8 564 565 566 720 574 581 582 583 
574 7158 -8.248050000 1.384790000 0.00000000000000000000 1.00000000000000000000 2 0 8 565 566 567 573 575 582 583 584 
575 7159 -8.186880000 1.726970000 0.00000000000000000000 1.00000000000000000000 2 0 8 566 567 568 574 576 583 584 585 
576 7160 -8.112310000 2.066480000 0.00000000000000000000 1.00000000000000000000 2 0 8 567 568 569 575 577 584 585 586 
577 7161 -8.024450000 2.402810000 0.00000000000000000000 1.00000000000000000000 2 0 8 568 569 570 576 578 585 586 587 
578 7162 -7.923450000 2.735420000 0.00000000000000000000 1.00000000000000000000 2 0 8 569 570 571 577 579 586 587 588 
579 7163 -7.809450000 3.063810000 0.00000000000000000000 1.00000000000000000000 2 0 8 570 571 572 578 580 587 588 589 
580 7164 -7.682640000 3.387470000 0.00000000000000000000 1.00000000000000000000 2 0 8 571 572 717 579 721 588 589 725 
581 7165 -8.882190000 0.738197000 0.00000000000000000000 1.00000000000000000000 2 0 8 719 720 573 724 582 590 591 592 
582 7166 -8.845960000 1.105870000 0.00000000000000000000 1.00000000000000000000 2 0 8 720 573 574 581 583 591 592 593 
583 7167 -8.795310000 1.471830000 0.00000000000000000000 1.00000000000000000000 2 0 8 573 574 575 582 584 592 593 594 
584 7168 -8.730330000 1.835520000 0.00000000000000000000 1.00000000000000000000 2 0 8 574 575 576 583 585 593 594 595 
585 7169 -8.651110000 2.196380000 0.00000000000000000000 1.00000000000000000000 2 0 8 575 576 577 584 586 594 595 596 
586 7170 -8.557780000 2.553850000 0.00000000000000000000 1.00000000000000000000 2 0 8 576 577 578 585 587 595 596 597 
587 7171 -8.450480000 2.907380000 0.00000000000000000000 1.00000000000000000000 2 0 8 577 578 579 586 588 596 597 598 
588 7172 -8.329380000 3.256430000 0.00000000000000000000 1.00000000000000000000 2 0 8 578 579 580 587 589 597 598 599 
589 7173 -8.194660000 3.600450000 0.00000000000000000000 1.00000000000000000000 2 0 8 579 580 721 588 725 598 599 600 
590 7174 -9.492290000 0.392598000 -0.99922886957770318261 0.03926405738669006690 3 0 8 723 724 581 727 591 718 719 720 
591 7175 -9.469170000 0.784591000 -0.99691688469623684909 0.07846480107379300017 3 0 8 724 581 582 590 592 719 720 573 
592 7176 -9.430680000 1.175370000 -0.99306836418081634310 0.11753818129968457429 3 0 8 581 582 583 591 593 720 573 574 
593 7177 -9.376880000 1.564340000 -0.98768871151755888160 0.15643212311026288841 3 0 8 582 583 584 592 594 573 574 575 
594 7178 -9.307850000 1.950900000 -0.98078635339882969113 0.19508492762544765720 3 0 8 583 584 585 593 595 574 575 576 
595 7179 -9.223700000 2.334450000 -0.97236995871930587132 0.23344520423477366222 3 0 8 584 585 586 594 596 575 576 577 
596 7180 -9.124550000 2.714400000 -0.96245692766048884792 0.27143445322643250384 3 0 8 585 586 587 595 597 576 577 578 
597 7181 -9.010570000 3.090170000 -0.95105662167863069811 0.30901667003776622789 3 0 8 586 587 588 596 598 577 578 579 
598 7182 -8.881910000 3.461170000 -0.93819060061408054985 0.34611905021161554208 3 0 8 587 588 589 597 599 578 579 580 
599 7183 -8.738800000 3.826830000 -0.92388085835679678581 0.38268023147519464322 3 0 8 588 589 725 598 600 579 580 721 
600 7184 -8.581430000 4.186600000 -0.90814529595099369175 0.41865513425978917450 3 0 8 589 725 726 599 728 580 721 722 
601 3545 -0.510954 -0.291126 2 0
602 5549 -0.52326 -0.255779 2 0
603 5550 -0.533967 -0.220016 2 0
604 3561 -0.551816 -0.348652 2 0
605 3562 -0.566453 -0.311351 2 0
606 5585 -0.590713 -0.235294 2 0
607 5586 -0.600295 -0.196662 2 0
608 3574 -0.593228 -0.411848 2 0
609 3575 -0.6104 -0.372583 2 0
610 5621 -0.661544 -0.210148 2 0
611 5622 -0.669838 -0.168524 2 0
612 3585 -0.634984 -0.481047 2 0
613 3586 -0.654911 -0.439816 2 0
614 5657 -0.735788 -0.179954 2 0
615 5658 -0.742613 -0.135214 2 0
616 3595 -0.699768 -0.513408 2 0
617 5693 -0.813464 -0.144297 2 0
618 5694 -0.818621 -0.0963182 2 0
619 5695 -0.821719 -0.0481847 2 0
620 3696 -0.768947 -0.547652 2 0
621 5729 -0.897843 -0.0513936 2 0
622 5730 -0.898934 2.84006e-05 2 0
623 3729 -0.842779 -0.583905 2 0
624 5764 -0.980239 3.0511e-05 2 0
625 5765 -0.979083 0.054852 2 0
626 5766 -0.975619 0.109586 2 0
627 5767 -0.969852 0.164144 2 0
628 3763 -0.921538 -0.622303 2 0
629 5799 -1.05598 0.174926 2 0
630 5800 -1.04745 0.232789 2 0
631 3798 -1.00552 -0.662988 2 0
632 5832 -1.13879 0.247993 2 0
633 5833 -1.12721 0.309241 2 0
634 3834 -1.09503 -0.70611 2 0
635 5863 -1.22389 0.329337 2 0
636 5864 -1.20895 0.394044 2 0
637 5865 -1.19135 0.458125 2 0
638 5866 -1.17112 0.521478 2 0
639 5867 -1.14829 0.584003 2 0
640 3871 -1.19041 -0.75183 2 0
641 5892 -1.24683 0.621804 2 0
642 5893 -1.21994 0.687397 2 0
643 5894 -1.19038 0.751902 2 0
644 3907 -1.29202 -0.800318 2 0
645 5916 -1.29198 0.800393 2 0
646 5917 -1.25788 0.867801 2 0
647 3942 -1.40022 -0.851753 2 0
648 5937 -1.36404 0.923582 2 0
649 5938 -1.32502 0.993875 2 0
650 3976 -1.51542 -0.906328 2 0
651 5956 -1.4357 1.05758 2 0
652 5957 -1.39133 1.13072 2 0
653 4009 -1.63806 -0.964244 2 0
654 5972 -1.50647 1.20301 2 0
655 5973 -1.45633 1.27895 2 0
656 5974 -1.40316 1.35288 2 0
657 4041 -1.76858 -1.02572 2 0
658 5978 -1.51944 1.4392 2 0
659 5979 -1.45993 1.51561 2 0
660 4072 -1.90747 -1.09098 2 0
661 5981 -1.58004 1.61213 2 0
662 4102 -2.05525 -1.16027 2 0
663 6046 -1.70785 1.71461 2 0
664 4131 -2.21247 -1.23384 2 0
665 6067 -1.9149 1.73144 2 0
666 6068 -1.84382 1.82343 2 0
667 4191 -2.37971 -1.31198 2 0
668 4192 -2.42986 -1.19933 2 0
669 6089 -2.0639 1.84116 2 0
670 4205 -2.61082 -1.27518 2 0
671 4206 -2.65924 -1.15341 2 0
672 6111 -2.22238 1.95768 2 0
673 4225 -2.85468 -1.22628 2 0
674 4226 -2.90089 -1.09489 2 0
675 6133 -2.39094 2.08146 2 0
676 4247 -3.11157 -1.164 2 0
677 4248 -3.15504 -1.02249 2 0
678 6155 -2.65572 2.09185 2 0
679 6156 -2.57019 2.21294 2 0
680 4275 -3.38176 -1.08698 2 0
681 4276 -3.4219 -0.934856 2 0
682 6178 -2.85162 2.22386 2 0
683 4305 -3.66545 -0.993778 2 0
684 4306 -3.70163 -0.830514 2 0
685 6201 -3.05993 2.36412 2 0
686 4336 -3.96283 -0.88283 2 0
687 4337 -3.99434 -0.707906 2 0
688 6224 -3.28142 2.51314 2 0
689 4368 -4.274 -0.752478 2 0
690 6247 -3.51691 2.67147 2 0
691 4399 -4.57131 -0.799839 2 0
692 6270 -3.76727 2.83972 2 0
693 4430 -4.88738 -0.850166 2 0
694 4431 -4.91679 -0.638767 2 0
695 6293 -4.03343 3.01849 2 0
696 4463 -5.25462 -0.678949 2 0
697 4464 -5.27697 -0.4532 2 0
698 6316 -4.43926 3.01762 2 0
699 6317 -4.31639 3.20847 2 0
700 4497 -5.63747 -0.481705 2 0
701 4498 -5.65173 -0.241012 2 0
702 6340 -4.87012 2.99963 2 0
703 6341 -4.7477 3.20748 2 0
704 4532 -6.03581 -0.256172 2 0
705 4533 -6.04086 5.13419e-05 2 0
706 6365 -5.32683 2.96244 2 0
707 6366 -5.2056 3.18832 2 0
708 4568 -6.44943 4.70278e-05 2 0
709 4569 -6.44406 0.272377 2 0
710 6392 -5.69098 3.14875 2 0
711 4605 -6.87799 0.289491 2 0
712 6419 -6.07803 3.34675 2 0
713 4641 -7.3392 0.307679 2 0
714 6446 -6.62397 3.28042 2 0
715 6447 -6.48942 3.5572 2 0
716 4677 -7.82937 0.327009 2 0
717 6474 -7.06959 3.48668 2 0
718 4712 -8.35715 2.02475e-05 2 0
719 4713 -8.35032 0.347553 2 0
720 4714 -8.32983 0.694549 2 0
721 6502 -7.5432 3.7059 2 0
722 6503 -7.39136 4.01861 2 0
723 4749 -8.91121 1.0767e-05 2 0
724 4750 -8.90395 0.369389 2 0
725 6530 -8.04653 3.93892 2 0
726 6531 -7.88522 4.2713 2 0
727 4785 -9.5 1.22465e-15 3 0
728 6558 -8.41007 4.53991 3 0
