677 596 81
1 4190 -2.325110000 -1.422570000 0.00000000000000000000 1.00000000000000000000 2 0 8 597 598 599 612 2 13 14 15 
2 4191 -2.379710000 -1.311980000 0.00000000000000000000 1.00000000000000000000 2 0 8 598 599 600 1 3 14 15 16 
3 4192 -2.429860000 -1.199330000 0.00000000000000000000 1.00000000000000000000 2 0 8 599 600 601 2 613 15 16 17 
4 4193 -1.683600000 -2.530580000 0.00000000000000000000 1.00000000000000000000 2 0 8 602 603 604 620 5 22 23 24 
5 4194 -1.782670000 -2.444120000 0.00000000000000000000 1.00000000000000000000 2 0 8 603 604 605 4 6 23 24 25 
6 4195 -1.878220000 -2.353850000 0.00000000000000000000 1.00000000000000000000 2 0 8 604 605 606 5 7 24 25 26 
7 4196 -1.970120000 -2.259920000 0.00000000000000000000 1.00000000000000000000 2 0 8 605 606 607 6 8 25 26 27 
8 4197 -2.058220000 -2.162460000 0.00000000000000000000 1.00000000000000000000 2 0 8 606 607 608 7 9 26 27 28 
9 4198 -2.142370000 -2.061630000 0.00000000000000000000 1.00000000000000000000 2 0 8 607 608 609 8 10 27 28 29 
10 4199 -2.222460000 -1.957590000 0.00000000000000000000 1.00000000000000000000 2 0 8 608 609 610 9 11 28 29 30 
11 4200 -2.298340000 -1.850490000 0.00000000000000000000 1.00000000000000000000 2 0 8 609 610 611 10 12 29 30 31 
12 4201 -2.369910000 -1.740510000 0.00000000000000000000 1.00000000000000000000 2 0 8 610 611 612 11 13 30 31 32 
13 4202 -2.437040000 -1.627810000 0.00000000000000000000 1.00000000000000000000 2 0 8 611 612 1 12 14 31 32 33 
14 4203 -2.499630000 -1.512570000 0.00000000000000000000 1.00000000000000000000 2 0 8 612 1 2 13 15 32 33 34 
15 4204 -2.557590000 -1.394960000 0.00000000000000000000 1.00000000000000000000 2 0 8 1 2 3 14 16 33 34 35 
16 4205 -2.610820000 -1.275180000 0.00000000000000000000 1.00000000000000000000 2 0 8 2 3 613 15 17 34 35 36 
17 4206 -2.659240000 -1.153410000 0.00000000000000000000 1.00000000000000000000 2 0 8 3 613 614 16 621 35 36 37 
18 4207 -1.243150000 -3.085180000 0.00000000000000000000 1.00000000000000000000 2 0 8 615 616 617 624 19 38 39 40 
19 4208 -1.364370000 -3.015420000 0.00000000000000000000 1.00000000000000000000 2 0 8 616 617 618 18 20 39 40 41 
20 4209 -1.482740000 -2.940980000 0.00000000000000000000 1.00000000000000000000 2 0 8 617 618 619 19 21 40 41 42 
21 4210 -1.598080000 -2.861970000 0.00000000000000000000 1.00000000000000000000 2 0 8 618 619 620 20 22 41 42 43 
22 4211 -1.710210000 -2.778510000 0.00000000000000000000 1.00000000000000000000 2 0 8 619 620 4 21 23 42 43 44 
23 4212 -1.818940000 -2.690740000 0.00000000000000000000 1.00000000000000000000 2 0 8 620 4 5 22 24 43 44 45 
24 4213 -1.924120000 -2.598770000 0.00000000000000000000 1.00000000000000000000 2 0 8 4 5 6 23 25 44 45 46 
25 4214 -2.025560000 -2.502770000 0.00000000000000000000 1.00000000000000000000 2 0 8 5 6 7 24 26 45 46 47 
26 4215 -2.123130000 -2.402860000 0.00000000000000000000 1.00000000000000000000 2 0 8 6 7 8 25 27 46 47 48 
27 4216 -2.216650000 -2.299220000 0.00000000000000000000 1.00000000000000000000 2 0 8 7 8 9 26 28 47 48 49 
28 4217 -2.306000000 -2.192000000 0.00000000000000000000 1.00000000000000000000 2 0 8 8 9 10 27 29 48 49 50 
29 4218 -2.391010000 -2.081360000 0.00000000000000000000 1.00000000000000000000 2 0 8 9 10 11 28 30 49 50 51 
30 4219 -2.471570000 -1.967470000 0.00000000000000000000 1.00000000000000000000 2 0 8 10 11 12 29 31 50 51 52 
31 4220 -2.547540000 -1.850520000 0.00000000000000000000 1.00000000000000000000 2 0 8 11 12 13 30 32 51 52 53 
32 4221 -2.618810000 -1.730690000 0.00000000000000000000 1.00000000000000000000 2 0 8 12 13 14 31 33 52 53 54 
33 4222 -2.685250000 -1.608150000 0.00000000000000000000 1.00000000000000000000 2 0 8 13 14 15 32 34 53 54 55 
34 4223 -2.746780000 -1.483110000 0.00000000000000000000 1.00000000000000000000 2 0 8 14 15 16 33 35 54 55 56 
35 4224 -2.803280000 -1.355750000 0.00000000000000000000 1.00000000000000000000 2 0 8 15 16 17 34 36 55 56 57 
36 4225 -2.854680000 -1.226280000 0.00000000000000000000 1.00000000000000000000 2 0 8 16 17 621 35 37 56 57 58 
37 4226 -2.900890000 -1.094890000 0.00000000000000000000 1.00000000000000000000 2 0 8 17 621 622 36 625 57 58 59 
38 4227 -1.219920000 -3.349550000 0.00000000000000000000 1.00000000000000000000 2 0 8 623 624 18 632 39 64 65 66 
39 4228 -1.351470000 -3.280430000 0.00000000000000000000 1.00000000000000000000 2 0 8 624 18 19 38 40 65 66 67 
40 4229 -1.480190000 -3.206220000 0.00000000000000000000 1.00000000000000000000 2 0 8 18 19 20 39 41 66 67 68 
41 4230 -1.605890000 -3.127030000 0.00000000000000000000 1.00000000000000000000 2 0 8 19 20 21 40 42 67 68 69 
42 4231 -1.728360000 -3.042990000 0.00000000000000000000 1.00000000000000000000 2 0 8 20 21 22 41 43 68 69 70 
43 4232 -1.847420000 -2.954220000 0.00000000000000000000 1.00000000000000000000 2 0 8 21 22 23 42 44 69 70 71 
44 4233 -1.962870000 -2.860860000 0.00000000000000000000 1.00000000000000000000 2 0 8 22 23 24 43 45 70 71 72 
45 4234 -2.074550000 -2.763060000 0.00000000000000000000 1.00000000000000000000 2 0 8 23 24 25 44 46 71 72 73 
46 4235 -2.182260000 -2.660960000 0.00000000000000000000 1.00000000000000000000 2 0 8 24 25 26 45 47 72 73 74 
47 4236 -2.285850000 -2.554720000 0.00000000000000000000 1.00000000000000000000 2 0 8 25 26 27 46 48 73 74 75 
48 4237 -2.385150000 -2.444500000 0.00000000000000000000 1.00000000000000000000 2 0 8 26 27 28 47 49 74 75 76 
49 4238 -2.480000000 -2.330480000 0.00000000000000000000 1.00000000000000000000 2 0 8 27 28 29 48 50 75 76 77 
50 4239 -2.570270000 -2.212840000 0.00000000000000000000 1.00000000000000000000 2 0 8 28 29 30 49 51 76 77 78 
51 4240 -2.655790000 -2.091740000 0.00000000000000000000 1.00000000000000000000 2 0 8 29 30 31 50 52 77 78 79 
52 4241 -2.736450000 -1.967390000 0.00000000000000000000 1.00000000000000000000 2 0 8 30 31 32 51 53 78 79 80 
53 4242 -2.812110000 -1.839980000 0.00000000000000000000 1.00000000000000000000 2 0 8 31 32 33 52 54 79 80 81 
54 4243 -2.882650000 -1.709690000 0.00000000000000000000 1.00000000000000000000 2 0 8 32 33 34 53 55 80 81 82 
55 4244 -2.947970000 -1.576740000 0.00000000000000000000 1.00000000000000000000 2 0 8 33 34 35 54 56 81 82 83 
56 4245 -3.007960000 -1.441340000 0.00000000000000000000 1.00000000000000000000 2 0 8 34 35 36 55 57 82 83 84 
57 4246 -3.062520000 -1.303680000 0.00000000000000000000 1.00000000000000000000 2 0 8 35 36 37 56 58 83 84 85 
58 4247 -3.111570000 -1.164000000 0.00000000000000000000 1.00000000000000000000 2 0 8 36 37 625 57 59 84 85 86 
59 4248 -3.155040000 -1.022490000 0.00000000000000000000 1.00000000000000000000 2 0 8 37 625 626 58 633 85 86 87 
60 4249 -0.591087000 -3.844320000 0.00000000000000000000 1.00000000000000000000 2 0 8 627 628 629 636 61 88 89 90 
61 4250 -0.742477000 -3.799330000 0.00000000000000000000 1.00000000000000000000 2 0 8 628 629 630 60 62 89 90 91 
62 4251 -0.891988000 -3.748460000 0.00000000000000000000 1.00000000000000000000 2 0 8 629 630 631 61 63 90 91 92 
63 4252 -1.039390000 -3.691790000 0.00000000000000000000 1.00000000000000000000 2 0 8 630 631 632 62 64 91 92 93 
64 4253 -1.184450000 -3.629400000 0.00000000000000000000 1.00000000000000000000 2 0 8 631 632 38 63 65 92 93 94 
65 4254 -1.326950000 -3.561390000 0.00000000000000000000 1.00000000000000000000 2 0 8 632 38 39 64 66 93 94 95 
66 4255 -1.466650000 -3.487850000 0.00000000000000000000 1.00000000000000000000 2 0 8 38 39 40 65 67 94 95 96 
67 4256 -1.603360000 -3.408910000 0.00000000000000000000 1.00000000000000000000 2 0 8 39 40 41 66 68 95 96 97 
68 4257 -1.736840000 -3.324680000 0.00000000000000000000 1.00000000000000000000 2 0 8 40 41 42 67 69 96 97 98 
69 4258 -1.866900000 -3.235290000 0.00000000000000000000 1.00000000000000000000 2 0 8 41 42 43 68 70 97 98 99 
70 4259 -1.993330000 -3.140880000 0.00000000000000000000 1.00000000000000000000 2 0 8 42 43 44 69 71 98 99 100 
71 4260 -2.115930000 -3.041600000 0.00000000000000000000 1.00000000000000000000 2 0 8 43 44 45 70 72 99 100 101 
72 4261 -2.234510000 -2.937590000 0.00000000000000000000 1.00000000000000000000 2 0 8 44 45 46 71 73 100 101 102 
73 4262 -2.348890000 -2.829010000 0.00000000000000000000 1.00000000000000000000 2 0 8 45 46 47 72 74 101 102 103 
74 4263 -2.458890000 -2.716040000 0.00000000000000000000 1.00000000000000000000 2 0 8 46 47 48 73 75 102 103 104 
75 4264 -2.564330000 -2.598840000 0.00000000000000000000 1.00000000000000000000 2 0 8 47 48 49 74 76 103 104 105 
76 4265 -2.665050000 -2.477600000 0.00000000000000000000 1.00000000000000000000 2 0 8 48 49 50 75 77 104 105 106 
77 4266 -2.760890000 -2.352510000 0.00000000000000000000 1.00000000000000000000 2 0 8 49 50 51 76 78 105 106 107 
78 4267 -2.851700000 -2.223760000 0.00000000000000000000 1.00000000000000000000 2 0 8 50 51 52 77 79 106 107 108 
79 4268 -2.937330000 -2.091550000 0.00000000000000000000 1.00000000000000000000 2 0 8 51 52 53 78 80 107 108 109 
80 4269 -3.017660000 -1.956080000 0.00000000000000000000 1.00000000000000000000 2 0 8 52 53 54 79 81 108 109 110 
81 4270 -3.092560000 -1.817560000 0.00000000000000000000 1.00000000000000000000 2 0 8 53 54 55 80 82 109 110 111 
82 4271 -3.161910000 -1.676220000 0.00000000000000000000 1.00000000000000000000 2 0 8 54 55 56 81 83 110 111 112 
83 4272 -3.225600000 -1.532260000 0.00000000000000000000 1.00000000000000000000 2 0 8 55 56 57 82 84 111 112 113 
84 4273 -3.283530000 -1.385920000 0.00000000000000000000 1.00000000000000000000 2 0 8 56 57 58 83 85 112 113 114 
85 4274 -3.335610000 -1.237410000 0.00000000000000000000 1.00000000000000000000 2 0 8 57 58 59 84 86 113 114 115 
86 4275 -3.381760000 -1.086980000 0.00000000000000000000 1.00000000000000000000 2 0 8 58 59 633 85 87 114 115 116 
87 4276 -3.421900000 -0.934856000 0.00000000000000000000 1.00000000000000000000 2 0 8 59 633 634 86 637 115 116 117 
88 4277 -0.496612000 -4.129060000 0.00000000000000000000 1.00000000000000000000 2 0 8 635 636 60 639 89 642 118 119 
89 4278 -0.659167000 -4.087500000 0.00000000000000000000 1.00000000000000000000 2 0 8 636 60 61 88 90 118 119 120 
90 4279 -0.819973000 -4.039610000 0.00000000000000000000 1.00000000000000000000 2 0 8 60 61 62 89 91 119 120 121 
91 4280 -0.978780000 -3.985480000 0.00000000000000000000 1.00000000000000000000 2 0 8 61 62 63 90 92 120 121 122 
92 4281 -1.135340000 -3.925180000 0.00000000000000000000 1.00000000000000000000 2 0 8 62 63 64 91 93 121 122 123 
93 4282 -1.289410000 -3.858800000 0.00000000000000000000 1.00000000000000000000 2 0 8 63 64 65 92 94 122 123 124 
94 4283 -1.440760000 -3.786450000 0.00000000000000000000 1.00000000000000000000 2 0 8 64 65 66 93 95 123 124 125 
95 4284 -1.589140000 -3.708230000 0.00000000000000000000 1.00000000000000000000 2 0 8 65 66 67 94 96 124 125 126 
96 4285 -1.734330000 -3.624260000 0.00000000000000000000 1.00000000000000000000 2 0 8 66 67 68 95 97 125 126 127 
97 4286 -1.876090000 -3.534680000 0.00000000000000000000 1.00000000000000000000 2 0 8 67 68 69 96 98 126 127 128 
98 4287 -2.014220000 -3.439610000 0.00000000000000000000 1.00000000000000000000 2 0 8 68 69 70 97 99 127 128 129 
99 4288 -2.148490000 -3.339200000 0.00000000000000000000 1.00000000000000000000 2 0 8 69 70 71 98 100 128 129 130 
100 4289 -2.278690000 -3.233620000 0.00000000000000000000 1.00000000000000000000 2 0 8 70 71 72 99 101 129 130 131 
101 4290 -2.404620000 -3.123010000 0.00000000000000000000 1.00000000000000000000 2 0 8 71 72 73 100 102 130 131 132 
102 4291 -2.526080000 -3.007550000 0.00000000000000000000 1.00000000000000000000 2 0 8 72 73 74 101 103 131 132 133 
103 4292 -2.642890000 -2.887430000 0.00000000000000000000 1.00000000000000000000 2 0 8 73 74 75 102 104 132 133 134 
104 4293 -2.754850000 -2.762810000 0.00000000000000000000 1.00000000000000000000 2 0 8 74 75 76 103 105 133 134 135 
105 4294 -2.861810000 -2.633910000 0.00000000000000000000 1.00000000000000000000 2 0 8 75 76 77 104 106 134 135 136 
106 4295 -2.963580000 -2.500900000 0.00000000000000000000 1.00000000000000000000 2 0 8 76 77 78 105 107 135 136 137 
107 4296 -3.060000000 -2.364010000 0.00000000000000000000 1.00000000000000000000 2 0 8 77 78 79 106 108 136 137 138 
108 4297 -3.150940000 -2.223450000 0.00000000000000000000 1.00000000000000000000 2 0 8 78 79 80 107 109 137 138 139 
109 4298 -3.236240000 -2.079420000 0.00000000000000000000 1.00000000000000000000 2 0 8 79 80 81 108 110 138 139 140 
110 4299 -3.315770000 -1.932160000 0.00000000000000000000 1.00000000000000000000 2 0 8 80 81 82 109 111 139 140 141 
111 4300 -3.389400000 -1.781900000 0.00000000000000000000 1.00000000000000000000 2 0 8 81 82 83 110 112 140 141 142 
112 4301 -3.457030000 -1.628860000 0.00000000000000000000 1.00000000000000000000 2 0 8 82 83 84 111 113 141 142 143 
113 4302 -3.518540000 -1.473280000 0.00000000000000000000 1.00000000000000000000 2 0 8 83 84 85 112 114 142 143 144 
114 4303 -3.573840000 -1.315410000 0.00000000000000000000 1.00000000000000000000 2 0 8 84 85 86 113 115 143 144 145 
115 4304 -3.622830000 -1.155490000 0.00000000000000000000 1.00000000000000000000 2 0 8 85 86 87 114 116 144 145 146 
116 4305 -3.665450000 -0.993778000 0.00000000000000000000 1.00000000000000000000 2 0 8 86 87 637 115 117 145 146 147 
117 4306 -3.701630000 -0.830514000 0.00000000000000000000 1.00000000000000000000 2 0 8 87 637 638 116 640 146 147 148 
118 4307 -0.558880000 -4.390120000 0.00000000000000000000 1.00000000000000000000 2 0 8 639 88 89 642 119 644 149 150 
119 4308 -0.731560000 -4.345880000 0.00000000000000000000 1.00000000000000000000 2 0 8 88 89 90 118 120 149 150 151 
120 4309 -0.902377000 -4.294920000 0.00000000000000000000 1.00000000000000000000 2 0 8 89 90 91 119 121 150 151 152 
121 4310 -1.071070000 -4.237320000 0.00000000000000000000 1.00000000000000000000 2 0 8 90 91 92 120 122 151 152 153 
122 4311 -1.237370000 -4.173160000 0.00000000000000000000 1.00000000000000000000 2 0 8 91 92 93 121 123 152 153 154 
123 4312 -1.401020000 -4.102550000 0.00000000000000000000 1.00000000000000000000 2 0 8 92 93 94 122 124 153 154 155 
124 4313 -1.561780000 -4.025580000 0.00000000000000000000 1.00000000000000000000 2 0 8 93 94 95 123 125 154 155 156 
125 4314 -1.719380000 -3.942380000 0.00000000000000000000 1.00000000000000000000 2 0 8 94 95 96 124 126 155 156 157 
126 4315 -1.873590000 -3.853070000 0.00000000000000000000 1.00000000000000000000 2 0 8 95 96 97 125 127 156 157 158 
127 4316 -2.024160000 -3.757790000 0.00000000000000000000 1.00000000000000000000 2 0 8 96 97 98 126 128 157 158 159 
128 4317 -2.170860000 -3.656690000 0.00000000000000000000 1.00000000000000000000 2 0 8 97 98 99 127 129 158 159 160 
129 4318 -2.313460000 -3.549910000 0.00000000000000000000 1.00000000000000000000 2 0 8 98 99 100 128 130 159 160 161 
130 4319 -2.451740000 -3.437630000 0.00000000000000000000 1.00000000000000000000 2 0 8 99 100 101 129 131 160 161 162 
131 4320 -2.585480000 -3.320020000 0.00000000000000000000 1.00000000000000000000 2 0 8 100 101 102 130 132 161 162 163 
132 4321 -2.714480000 -3.197250000 0.00000000000000000000 1.00000000000000000000 2 0 8 101 102 103 131 133 162 163 164 
133 4322 -2.838530000 -3.069530000 0.00000000000000000000 1.00000000000000000000 2 0 8 102 103 104 132 134 163 164 165 
134 4323 -2.957440000 -2.937030000 0.00000000000000000000 1.00000000000000000000 2 0 8 103 104 105 133 135 164 165 166 
135 4324 -3.071020000 -2.799970000 0.00000000000000000000 1.00000000000000000000 2 0 8 104 105 106 134 136 165 166 167 
136 4325 -3.179090000 -2.658570000 0.00000000000000000000 1.00000000000000000000 2 0 8 105 106 107 135 137 166 167 168 
137 4326 -3.281490000 -2.513030000 0.00000000000000000000 1.00000000000000000000 2 0 8 106 107 108 136 138 167 168 169 
138 4327 -3.378060000 -2.363590000 0.00000000000000000000 1.00000000000000000000 2 0 8 107 108 109 137 139 168 169 170 
139 4328 -3.468640000 -2.210480000 0.00000000000000000000 1.00000000000000000000 2 0 8 108 109 110 138 140 169 170 171 
140 4329 -3.553090000 -2.053920000 0.00000000000000000000 1.00000000000000000000 2 0 8 109 110 111 139 141 170 171 172 
141 4330 -3.631280000 -1.894180000 0.00000000000000000000 1.00000000000000000000 2 0 8 110 111 112 140 142 171 172 173 
142 4331 -3.703090000 -1.731490000 0.00000000000000000000 1.00000000000000000000 2 0 8 111 112 113 141 143 172 173 174 
143 4332 -3.768410000 -1.566100000 0.00000000000000000000 1.00000000000000000000 2 0 8 112 113 114 142 144 173 174 175 
144 4333 -3.827130000 -1.398280000 0.00000000000000000000 1.00000000000000000000 2 0 8 113 114 115 143 145 174 175 176 
145 4334 -3.879160000 -1.228290000 0.00000000000000000000 1.00000000000000000000 2 0 8 114 115 116 144 146 175 176 177 
146 4335 -3.924410000 -1.056380000 0.00000000000000000000 1.00000000000000000000 2 0 8 115 116 117 145 147 176 177 178 
147 4336 -3.962830000 -0.882830000 0.00000000000000000000 1.00000000000000000000 2 0 8 116 117 640 146 148 177 178 179 
148 4337 -3.994340000 -0.707906000 0.00000000000000000000 1.00000000000000000000 2 0 8 117 640 641 147 643 178 179 645 
149 4338 -0.625090000 -4.667520000 0.00000000000000000000 1.00000000000000000000 2 0 8 642 118 119 644 150 646 180 181 
150 4339 -0.808534000 -4.620430000 0.00000000000000000000 1.00000000000000000000 2 0 8 118 119 120 149 151 180 181 182 
151 4340 -0.989996000 -4.566210000 0.00000000000000000000 1.00000000000000000000 2 0 8 119 120 121 150 152 181 182 183 
152 4341 -1.169200000 -4.504920000 0.00000000000000000000 1.00000000000000000000 2 0 8 120 121 122 151 153 182 183 184 
153 4342 -1.345850000 -4.436660000 0.00000000000000000000 1.00000000000000000000 2 0 8 121 122 123 152 154 183 184 185 
154 4343 -1.519700000 -4.361540000 0.00000000000000000000 1.00000000000000000000 2 0 8 122 123 124 153 155 184 185 186 
155 4344 -1.690450000 -4.279680000 0.00000000000000000000 1.00000000000000000000 2 0 8 123 124 125 154 156 185 186 187 
156 4345 -1.857860000 -4.191180000 0.00000000000000000000 1.00000000000000000000 2 0 8 124 125 126 155 157 186 187 188 
157 4346 -2.021660000 -4.096200000 0.00000000000000000000 1.00000000000000000000 2 0 8 125 126 127 156 158 187 188 189 
158 4347 -2.181590000 -3.994870000 0.00000000000000000000 1.00000000000000000000 2 0 8 126 127 128 157 159 188 189 190 
159 4348 -2.337410000 -3.887350000 0.00000000000000000000 1.00000000000000000000 2 0 8 127 128 129 158 160 189 190 191 
160 4349 -2.488870000 -3.773810000 0.00000000000000000000 1.00000000000000000000 2 0 8 128 129 130 159 161 190 191 192 
161 4350 -2.635740000 -3.654410000 0.00000000000000000000 1.00000000000000000000 2 0 8 129 130 131 160 162 191 192 193 
162 4351 -2.777790000 -3.529350000 0.00000000000000000000 1.00000000000000000000 2 0 8 130 131 132 161 163 192 193 194 
163 4352 -2.914790000 -3.398820000 0.00000000000000000000 1.00000000000000000000 2 0 8 131 132 133 162 164 193 194 195 
164 4353 -3.046540000 -3.263010000 0.00000000000000000000 1.00000000000000000000 2 0 8 132 133 134 163 165 194 195 196 
165 4354 -3.172830000 -3.122140000 0.00000000000000000000 1.00000000000000000000 2 0 8 133 134 135 164 166 195 196 197 
166 4355 -3.293450000 -2.976430000 0.00000000000000000000 1.00000000000000000000 2 0 8 134 135 136 165 167 196 197 198 
167 4356 -3.408230000 -2.826090000 0.00000000000000000000 1.00000000000000000000 2 0 8 135 136 137 166 168 197 198 199 
168 4357 -3.516980000 -2.671370000 0.00000000000000000000 1.00000000000000000000 2 0 8 136 137 138 167 169 198 199 200 
169 4358 -3.619530000 -2.512500000 0.00000000000000000000 1.00000000000000000000 2 0 8 137 138 139 168 170 199 200 201 
170 4359 -3.715730000 -2.349720000 0.00000000000000000000 1.00000000000000000000 2 0 8 138 139 140 169 171 200 201 202 
171 4360 -3.805410000 -2.183300000 0.00000000000000000000 1.00000000000000000000 2 0 8 139 140 141 170 172 201 202 203 
172 4361 -3.888450000 -2.013480000 0.00000000000000000000 1.00000000000000000000 2 0 8 140 141 142 171 173 202 203 204 
173 4362 -3.964710000 -1.840530000 0.00000000000000000000 1.00000000000000000000 2 0 8 141 142 143 172 174 203 204 205 
174 4363 -4.034070000 -1.664730000 0.00000000000000000000 1.00000000000000000000 2 0 8 142 143 144 173 175 204 205 206 
175 4364 -4.096430000 -1.486330000 0.00000000000000000000 1.00000000000000000000 2 0 8 143 144 145 174 176 205 206 207 
176 4365 -4.151680000 -1.305630000 0.00000000000000000000 1.00000000000000000000 2 0 8 144 145 146 175 177 206 207 208 
177 4366 -4.199740000 -1.122900000 0.00000000000000000000 1.00000000000000000000 2 0 8 145 146 147 176 178 207 208 209 
178 4367 -4.240530000 -0.938417000 0.00000000000000000000 1.00000000000000000000 2 0 8 146 147 148 177 179 208 209 210 
179 4368 -4.274000000 -0.752478000 0.00000000000000000000 1.00000000000000000000 2 0 8 147 148 643 178 645 209 210 647 
180 4369 -0.695488000 -4.962300000 0.00000000000000000000 1.00000000000000000000 2 0 8 644 149 150 646 181 649 211 212 
181 4370 -0.890377000 -4.912190000 0.00000000000000000000 1.00000000000000000000 2 0 8 149 150 151 180 182 211 212 213 
182 4371 -1.083160000 -4.854480000 0.00000000000000000000 1.00000000000000000000 2 0 8 150 151 152 181 183 212 213 214 
183 4372 -1.273530000 -4.789280000 0.00000000000000000000 1.00000000000000000000 2 0 8 151 152 153 182 184 213 214 215 
184 4373 -1.461200000 -4.716670000 0.00000000000000000000 1.00000000000000000000 2 0 8 152 153 154 183 185 214 215 216 
185 4374 -1.645870000 -4.636760000 0.00000000000000000000 1.00000000000000000000 2 0 8 153 154 155 184 186 215 216 217 
186 4375 -1.827260000 -4.549680000 0.00000000000000000000 1.00000000000000000000 2 0 8 154 155 156 185 187 216 217 218 
187 4376 -2.005100000 -4.455560000 0.00000000000000000000 1.00000000000000000000 2 0 8 155 156 157 186 188 217 218 219 
188 4377 -2.179090000 -4.354540000 0.00000000000000000000 1.00000000000000000000 2 0 8 156 157 158 187 189 218 219 220 
189 4378 -2.348970000 -4.246790000 0.00000000000000000000 1.00000000000000000000 2 0 8 157 158 159 188 190 219 220 221 
190 4379 -2.514490000 -4.132450000 0.00000000000000000000 1.00000000000000000000 2 0 8 158 159 160 189 191 220 221 222 
191 4380 -2.675370000 -4.011710000 0.00000000000000000000 1.00000000000000000000 2 0 8 159 160 161 190 192 221 222 223 
192 4381 -2.831370000 -3.884760000 0.00000000000000000000 1.00000000000000000000 2 0 8 160 161 162 191 193 222 223 224 
193 4382 -2.982240000 -3.751790000 0.00000000000000000000 1.00000000000000000000 2 0 8 161 162 163 192 194 223 224 225 
194 4383 -3.127760000 -3.613000000 0.00000000000000000000 1.00000000000000000000 2 0 8 162 163 164 193 195 224 225 226 
195 4384 -3.267690000 -3.468610000 0.00000000000000000000 1.00000000000000000000 2 0 8 163 164 165 194 196 225 226 227 
196 4385 -3.401820000 -3.318840000 0.00000000000000000000 1.00000000000000000000 2 0 8 164 165 166 195 197 226 227 228 
197 4386 -3.529940000 -3.163920000 0.00000000000000000000 1.00000000000000000000 2 0 8 165 166 167 196 198 227 228 229 
198 4387 -3.651840000 -3.004100000 0.00000000000000000000 1.00000000000000000000 2 0 8 166 167 168 197 199 228 229 230 
199 4388 -3.767340000 -2.839610000 0.00000000000000000000 1.00000000000000000000 2 0 8 167 168 169 198 200 229 230 231 
200 4389 -3.876260000 -2.670720000 0.00000000000000000000 1.00000000000000000000 2 0 8 168 169 170 199 201 230 231 232 
201 4390 -3.978420000 -2.497680000 0.00000000000000000000 1.00000000000000000000 2 0 8 169 170 171 200 202 231 232 233 
202 4391 -4.073670000 -2.320770000 0.00000000000000000000 1.00000000000000000000 2 0 8 170 171 172 201 203 232 233 234 
203 4392 -4.161860000 -2.140250000 0.00000000000000000000 1.00000000000000000000 2 0 8 171 172 173 202 204 233 234 235 
204 4393 -4.242850000 -1.956400000 0.00000000000000000000 1.00000000000000000000 2 0 8 172 173 174 203 205 234 235 236 
205 4394 -4.316510000 -1.769520000 0.00000000000000000000 1.00000000000000000000 2 0 8 173 174 175 204 206 235 236 237 
206 4395 -4.382730000 -1.579900000 0.00000000000000000000 1.00000000000000000000 2 0 8 174 175 176 205 207 236 237 238 
207 4396 -4.441410000 -1.387810000 0.00000000000000000000 1.00000000000000000000 2 0 8 175 176 177 206 208 237 238 239 
208 4397 -4.492450000 -1.193570000 0.00000000000000000000 1.00000000000000000000 2 0 8 176 177 178 207 209 238 239 240 
209 4398 -4.535770000 -0.997482000 0.00000000000000000000 1.00000000000000000000 2 0 8 177 178 179 208 210 239 240 241 
210 4399 -4.571310000 -0.799839000 0.00000000000000000000 1.00000000000000000000 2 0 8 178 179 645 209 647 240 241 242 
211 4400 -0.770337000 -5.275560000 0.00000000000000000000 1.00000000000000000000 2 0 8 646 180 181 649 212 652 243 244 
212 4401 -0.977393000 -5.222230000 0.00000000000000000000 1.00000000000000000000 2 0 8 180 181 182 211 213 243 244 245 
213 4402 -1.182200000 -5.160830000 0.00000000000000000000 1.00000000000000000000 2 0 8 181 182 183 212 214 244 245 246 
214 4403 -1.384450000 -5.091460000 0.00000000000000000000 1.00000000000000000000 2 0 8 182 183 184 213 215 245 246 247 
215 4404 -1.583830000 -5.014220000 0.00000000000000000000 1.00000000000000000000 2 0 8 183 184 185 214 216 246 247 248 
216 4405 -1.780020000 -4.929220000 0.00000000000000000000 1.00000000000000000000 2 0 8 184 185 186 215 217 247 248 249 
217 4406 -1.972720000 -4.836610000 0.00000000000000000000 1.00000000000000000000 2 0 8 185 186 187 216 218 248 249 250 
218 4407 -2.161630000 -4.736510000 0.00000000000000000000 1.00000000000000000000 2 0 8 186 187 188 217 219 249 250 251 
219 4408 -2.346460000 -4.629080000 0.00000000000000000000 1.00000000000000000000 2 0 8 187 188 189 218 220 250 251 252 
220 4409 -2.526930000 -4.514490000 0.00000000000000000000 1.00000000000000000000 2 0 8 188 189 190 219 221 251 252 253 
221 4410 -2.702740000 -4.392910000 0.00000000000000000000 1.00000000000000000000 2 0 8 189 190 191 220 222 252 253 254 
222 4411 -2.873640000 -4.264530000 0.00000000000000000000 1.00000000000000000000 2 0 8 190 191 192 221 223 253 254 255 
223 4412 -3.039340000 -4.129540000 0.00000000000000000000 1.00000000000000000000 2 0 8 191 192 193 222 224 254 255 256 
224 4413 -3.199600000 -3.988160000 0.00000000000000000000 1.00000000000000000000 2 0 8 192 193 194 223 225 255 256 257 
225 4414 -3.354170000 -3.840600000 0.00000000000000000000 1.00000000000000000000 2 0 8 193 194 195 224 226 256 257 258 
226 4415 -3.502800000 -3.687090000 0.00000000000000000000 1.00000000000000000000 2 0 8 194 195 196 225 227 257 258 259 
227 4416 -3.645270000 -3.527860000 0.00000000000000000000 1.00000000000000000000 2 0 8 195 196 197 226 228 258 259 260 
228 4417 -3.781350000 -3.363160000 0.00000000000000000000 1.00000000000000000000 2 0 8 196 197 198 227 229 259 260 261 
229 4418 -3.910830000 -3.193260000 0.00000000000000000000 1.00000000000000000000 2 0 8 197 198 199 228 230 260 261 262 
230 4419 -4.033500000 -3.018390000 0.00000000000000000000 1.00000000000000000000 2 0 8 198 199 200 229 231 261 262 263 
231 4420 -4.149180000 -2.838850000 0.00000000000000000000 1.00000000000000000000 2 0 8 199 200 201 230 232 262 263 264 
232 4421 -4.257690000 -2.654910000 0.00000000000000000000 1.00000000000000000000 2 0 8 200 201 202 231 233 263 264 265 
233 4422 -4.358860000 -2.466840000 0.00000000000000000000 1.00000000000000000000 2 0 8 201 202 203 232 234 264 265 266 
234 4423 -4.452520000 -2.274950000 0.00000000000000000000 1.00000000000000000000 2 0 8 202 203 204 233 235 265 266 267 
235 4424 -4.538540000 -2.079530000 0.00000000000000000000 1.00000000000000000000 2 0 8 203 204 205 234 236 266 267 268 
236 4425 -4.616770000 -1.880880000 0.00000000000000000000 1.00000000000000000000 2 0 8 204 205 206 235 237 267 268 269 
237 4426 -4.687100000 -1.679310000 0.00000000000000000000 1.00000000000000000000 2 0 8 205 206 207 236 238 268 269 270 
238 4427 -4.749420000 -1.475140000 0.00000000000000000000 1.00000000000000000000 2 0 8 206 207 208 237 239 269 270 271 
239 4428 -4.803620000 -1.268680000 0.00000000000000000000 1.00000000000000000000 2 0 8 207 208 209 238 240 270 271 272 
240 4429 -4.849630000 -1.060240000 0.00000000000000000000 1.00000000000000000000 2 0 8 208 209 210 239 241 271 272 273 
241 4430 -4.887380000 -0.850166000 0.00000000000000000000 1.00000000000000000000 2 0 8 209 210 647 240 242 272 273 274 
242 4431 -4.916790000 -0.638767000 0.00000000000000000000 1.00000000000000000000 2 0 8 210 647 648 241 650 273 274 275 
243 4432 -0.849914000 -5.608470000 0.00000000000000000000 1.00000000000000000000 2 0 8 649 211 212 652 244 655 276 277 
244 4433 -1.069910000 -5.551720000 0.00000000000000000000 1.00000000000000000000 2 0 8 211 212 213 243 245 276 277 278 
245 4434 -1.287510000 -5.486400000 0.00000000000000000000 1.00000000000000000000 2 0 8 212 213 214 244 246 277 278 279 
246 4435 -1.502390000 -5.412600000 0.00000000000000000000 1.00000000000000000000 2 0 8 213 214 215 245 247 278 279 280 
247 4436 -1.714200000 -5.330430000 0.00000000000000000000 1.00000000000000000000 2 0 8 214 215 216 246 248 279 280 281 
248 4437 -1.922630000 -5.240030000 0.00000000000000000000 1.00000000000000000000 2 0 8 215 216 217 247 249 280 281 282 
249 4438 -2.127350000 -5.141530000 0.00000000000000000000 1.00000000000000000000 2 0 8 216 217 218 248 250 281 282 283 
250 4439 -2.328050000 -5.035070000 0.00000000000000000000 1.00000000000000000000 2 0 8 217 218 219 249 251 282 283 284 
251 4440 -2.524400000 -4.920830000 0.00000000000000000000 1.00000000000000000000 2 0 8 218 219 220 250 252 283 284 285 
252 4441 -2.716110000 -4.798980000 0.00000000000000000000 1.00000000000000000000 2 0 8 219 220 221 251 253 284 285 286 
253 4442 -2.902880000 -4.669700000 0.00000000000000000000 1.00000000000000000000 2 0 8 220 221 222 252 254 285 286 287 
254 4443 -3.084420000 -4.533190000 0.00000000000000000000 1.00000000000000000000 2 0 8 221 222 223 253 255 286 287 288 
255 4444 -3.260440000 -4.389670000 0.00000000000000000000 1.00000000000000000000 2 0 8 222 223 224 254 256 287 288 289 
256 4445 -3.430680000 -4.239350000 0.00000000000000000000 1.00000000000000000000 2 0 8 223 224 225 255 257 288 289 290 
257 4446 -3.594870000 -4.082460000 0.00000000000000000000 1.00000000000000000000 2 0 8 224 225 226 256 258 289 290 291 
258 4447 -3.752750000 -3.919260000 0.00000000000000000000 1.00000000000000000000 2 0 8 225 226 227 257 259 290 291 292 
259 4448 -3.904080000 -3.749980000 0.00000000000000000000 1.00000000000000000000 2 0 8 226 227 228 258 260 291 292 293 
260 4449 -4.048620000 -3.574890000 0.00000000000000000000 1.00000000000000000000 2 0 8 227 228 229 259 261 292 293 294 
261 4450 -4.186150000 -3.394260000 0.00000000000000000000 1.00000000000000000000 2 0 8 228 229 230 260 262 293 294 295 
262 4451 -4.316450000 -3.208380000 0.00000000000000000000 1.00000000000000000000 2 0 8 229 230 231 261 263 294 295 296 
263 4452 -4.439320000 -3.017520000 0.00000000000000000000 1.00000000000000000000 2 0 8 230 231 232 262 264 295 296 297 
264 4453 -4.554580000 -2.821980000 0.00000000000000000000 1.00000000000000000000 2 0 8 231 232 233 263 265 296 297 298 
265 4454 -4.662030000 -2.622070000 0.00000000000000000000 1.00000000000000000000 2 0 8 232 233 234 264 266 297 298 299 
266 4455 -4.761510000 -2.418100000 0.00000000000000000000 1.00000000000000000000 2 0 8 233 234 235 265 267 298 299 300 
267 4456 -4.852870000 -2.210370000 0.00000000000000000000 1.00000000000000000000 2 0 8 234 235 236 266 268 299 300 301 
268 4457 -4.935960000 -1.999220000 0.00000000000000000000 1.00000000000000000000 2 0 8 235 236 237 267 269 300 301 302 
269 4458 -5.010660000 -1.784960000 0.00000000000000000000 1.00000000000000000000 2 0 8 236 237 238 268 270 301 302 303 
270 4459 -5.076850000 -1.567940000 0.00000000000000000000 1.00000000000000000000 2 0 8 237 238 239 269 271 302 303 304 
271 4460 -5.134420000 -1.348490000 0.00000000000000000000 1.00000000000000000000 2 0 8 238 239 240 270 272 303 304 305 
272 4461 -5.183290000 -1.126940000 0.00000000000000000000 1.00000000000000000000 2 0 8 239 240 241 271 273 304 305 306 
273 4462 -5.223380000 -0.903646000 0.00000000000000000000 1.00000000000000000000 2 0 8 240 241 242 272 274 305 306 307 
274 4463 -5.254620000 -0.678949000 0.00000000000000000000 1.00000000000000000000 2 0 8 241 242 650 273 275 306 307 308 
275 4464 -5.276970000 -0.453200000 0.00000000000000000000 1.00000000000000000000 2 0 8 242 650 651 274 653 307 308 309 
276 4465 -0.934517000 -5.962280000 0.00000000000000000000 1.00000000000000000000 2 0 8 652 243 244 655 277 658 310 311 
277 4466 -1.168260000 -5.901900000 0.00000000000000000000 1.00000000000000000000 2 0 8 243 244 245 276 278 310 311 312 
278 4467 -1.399460000 -5.832400000 0.00000000000000000000 1.00000000000000000000 2 0 8 244 245 246 277 279 311 312 313 
279 4468 -1.627760000 -5.753890000 0.00000000000000000000 1.00000000000000000000 2 0 8 245 246 247 278 280 312 313 314 
280 4469 -1.852800000 -5.666500000 0.00000000000000000000 1.00000000000000000000 2 0 8 246 247 248 279 281 313 314 315 
281 4470 -2.074250000 -5.570340000 0.00000000000000000000 1.00000000000000000000 2 0 8 247 248 249 280 282 314 315 316 
282 4471 -2.291740000 -5.465580000 0.00000000000000000000 1.00000000000000000000 2 0 8 248 249 250 281 283 315 316 317 
283 4472 -2.504960000 -5.352370000 0.00000000000000000000 1.00000000000000000000 2 0 8 249 250 251 282 284 316 317 318 
284 4473 -2.713560000 -5.230890000 0.00000000000000000000 1.00000000000000000000 2 0 8 250 251 252 283 285 317 318 319 
285 4474 -2.917230000 -5.101310000 0.00000000000000000000 1.00000000000000000000 2 0 8 251 252 253 284 286 318 319 320 
286 4475 -3.115640000 -4.963850000 0.00000000000000000000 1.00000000000000000000 2 0 8 252 253 254 285 287 319 320 321 
287 4476 -3.308490000 -4.818710000 0.00000000000000000000 1.00000000000000000000 2 0 8 253 254 255 286 288 320 321 322 
288 4477 -3.495490000 -4.666110000 0.00000000000000000000 1.00000000000000000000 2 0 8 254 255 256 287 289 321 322 323 
289 4478 -3.676330000 -4.506290000 0.00000000000000000000 1.00000000000000000000 2 0 8 255 256 257 288 290 322 323 324 
290 4479 -3.850740000 -4.339500000 0.00000000000000000000 1.00000000000000000000 2 0 8 256 257 258 289 291 323 324 325 
291 4480 -4.018450000 -4.165990000 0.00000000000000000000 1.00000000000000000000 2 0 8 257 258 259 290 292 324 325 326 
292 4481 -4.179200000 -3.986030000 0.00000000000000000000 1.00000000000000000000 2 0 8 258 259 260 291 293 325 326 327 
293 4482 -4.332740000 -3.799900000 0.00000000000000000000 1.00000000000000000000 2 0 8 259 260 261 292 294 326 327 328 
294 4483 -4.478830000 -3.607880000 0.00000000000000000000 1.00000000000000000000 2 0 8 260 261 262 293 295 327 328 329 
295 4484 -4.617240000 -3.410280000 0.00000000000000000000 1.00000000000000000000 2 0 8 261 262 263 294 296 328 329 330 
296 4485 -4.747750000 -3.207390000 0.00000000000000000000 1.00000000000000000000 2 0 8 262 263 264 295 297 329 330 331 
297 4486 -4.870170000 -2.999540000 0.00000000000000000000 1.00000000000000000000 2 0 8 263 264 265 296 298 330 331 332 
298 4487 -4.984300000 -2.787040000 0.00000000000000000000 1.00000000000000000000 2 0 8 264 265 266 297 299 331 332 333 
299 4488 -5.089970000 -2.570220000 0.00000000000000000000 1.00000000000000000000 2 0 8 265 266 267 298 300 332 333 334 
300 4489 -5.187010000 -2.349410000 0.00000000000000000000 1.00000000000000000000 2 0 8 266 267 268 299 301 333 334 335 
301 4490 -5.275270000 -2.124970000 0.00000000000000000000 1.00000000000000000000 2 0 8 267 268 269 300 302 334 335 336 
302 4491 -5.354610000 -1.897230000 0.00000000000000000000 1.00000000000000000000 2 0 8 268 269 270 301 303 335 336 337 
303 4492 -5.424910000 -1.666560000 0.00000000000000000000 1.00000000000000000000 2 0 8 269 270 271 302 304 336 337 338 
304 4493 -5.486060000 -1.433300000 0.00000000000000000000 1.00000000000000000000 2 0 8 270 271 272 303 305 337 338 339 
305 4494 -5.537970000 -1.197820000 0.00000000000000000000 1.00000000000000000000 2 0 8 271 272 273 304 306 338 339 340 
306 4495 -5.580540000 -0.960478000 0.00000000000000000000 1.00000000000000000000 2 0 8 272 273 274 305 307 339 340 341 
307 4496 -5.613730000 -0.721651000 0.00000000000000000000 1.00000000000000000000 2 0 8 273 274 275 306 308 340 341 342 
308 4497 -5.637470000 -0.481705000 0.00000000000000000000 1.00000000000000000000 2 0 8 274 275 653 307 309 341 342 343 
309 4498 -5.651730000 -0.241012000 0.00000000000000000000 1.00000000000000000000 2 0 8 275 653 654 308 656 342 343 344 
310 4499 -1.024460000 -6.338330000 0.00000000000000000000 1.00000000000000000000 2 0 8 655 276 277 658 311 661 345 346 
311 4500 -1.272820000 -6.274080000 0.00000000000000000000 1.00000000000000000000 2 0 8 276 277 278 310 312 345 346 347 
312 4501 -1.518480000 -6.200140000 0.00000000000000000000 1.00000000000000000000 2 0 8 277 278 279 311 313 346 347 348 
313 4502 -1.761040000 -6.116630000 0.00000000000000000000 1.00000000000000000000 2 0 8 278 279 280 312 314 347 348 349 
314 4503 -2.000150000 -6.023670000 0.00000000000000000000 1.00000000000000000000 2 0 8 279 280 281 313 315 348 349 350 
315 4504 -2.235420000 -5.921400000 0.00000000000000000000 1.00000000000000000000 2 0 8 280 281 282 314 316 349 350 351 
316 4505 -2.466500000 -5.809990000 0.00000000000000000000 1.00000000000000000000 2 0 8 281 282 283 315 317 350 351 352 
317 4506 -2.693030000 -5.689600000 0.00000000000000000000 1.00000000000000000000 2 0 8 282 283 284 316 318 351 352 353 
318 4507 -2.914650000 -5.560410000 0.00000000000000000000 1.00000000000000000000 2 0 8 283 284 285 317 319 352 353 354 
319 4508 -3.131020000 -5.422630000 0.00000000000000000000 1.00000000000000000000 2 0 8 284 285 286 318 320 353 354 355 
320 4509 -3.341810000 -5.276470000 0.00000000000000000000 1.00000000000000000000 2 0 8 285 286 287 319 321 354 355 356 
321 4510 -3.546690000 -5.122150000 0.00000000000000000000 1.00000000000000000000 2 0 8 286 287 288 320 322 355 356 357 
322 4511 -3.745340000 -4.959900000 0.00000000000000000000 1.00000000000000000000 2 0 8 287 288 289 321 323 356 357 358 
323 4512 -3.937460000 -4.789990000 0.00000000000000000000 1.00000000000000000000 2 0 8 288 289 290 322 324 357 358 359 
324 4513 -4.122740000 -4.612660000 0.00000000000000000000 1.00000000000000000000 2 0 8 289 290 291 323 325 358 359 360 
325 4514 -4.300900000 -4.428200000 0.00000000000000000000 1.00000000000000000000 2 0 8 290 291 292 324 326 359 360 361 
326 4515 -4.471660000 -4.236890000 0.00000000000000000000 1.00000000000000000000 2 0 8 291 292 293 325 327 360 361 362 
327 4516 -4.634760000 -4.039020000 0.00000000000000000000 1.00000000000000000000 2 0 8 292 293 294 326 328 361 362 363 
328 4517 -4.789940000 -3.834900000 0.00000000000000000000 1.00000000000000000000 2 0 8 293 294 295 327 329 362 363 364 
329 4518 -4.936970000 -3.624840000 0.00000000000000000000 1.00000000000000000000 2 0 8 294 295 296 328 330 363 364 365 
330 4519 -5.075610000 -3.409170000 0.00000000000000000000 1.00000000000000000000 2 0 8 295 296 297 329 331 364 365 366 
331 4520 -5.205650000 -3.188230000 0.00000000000000000000 1.00000000000000000000 2 0 8 296 297 298 330 332 365 366 367 
332 4521 -5.326880000 -2.962350000 0.00000000000000000000 1.00000000000000000000 2 0 8 297 298 299 331 333 366 367 368 
333 4522 -5.439120000 -2.731880000 0.00000000000000000000 1.00000000000000000000 2 0 8 298 299 300 332 334 367 368 369 
334 4523 -5.542200000 -2.497180000 0.00000000000000000000 1.00000000000000000000 2 0 8 299 300 301 333 335 368 369 370 
335 4524 -5.635950000 -2.258610000 0.00000000000000000000 1.00000000000000000000 2 0 8 300 301 302 334 336 369 370 371 
336 4525 -5.720220000 -2.016550000 0.00000000000000000000 1.00000000000000000000 2 0 8 301 302 303 335 337 370 371 372 
337 4526 -5.794900000 -1.771360000 0.00000000000000000000 1.00000000000000000000 2 0 8 302 303 304 336 338 371 372 373 
338 4527 -5.859850000 -1.523430000 0.00000000000000000000 1.00000000000000000000 2 0 8 303 304 305 337 339 372 373 374 
339 4528 -5.914980000 -1.273140000 0.00000000000000000000 1.00000000000000000000 2 0 8 304 305 306 338 340 373 374 375 
340 4529 -5.960200000 -1.020880000 0.00000000000000000000 1.00000000000000000000 2 0 8 305 306 307 339 341 374 375 376 
341 4530 -5.995450000 -0.767031000 0.00000000000000000000 1.00000000000000000000 2 0 8 306 307 308 340 342 375 376 377 
342 4531 -6.020670000 -0.511998000 0.00000000000000000000 1.00000000000000000000 2 0 8 307 308 309 341 343 376 377 378 
343 4532 -6.035810000 -0.256172000 0.00000000000000000000 1.00000000000000000000 2 0 8 308 309 656 342 344 377 378 379 
344 4533 -6.040860000 0.000051342 0.00000000000000000000 1.00000000000000000000 2 0 8 309 656 657 343 659 378 379 380 
345 4534 -1.120080000 -6.738010000 0.00000000000000000000 1.00000000000000000000 2 0 8 658 310 311 661 346 663 381 382 
346 4535 -1.383980000 -6.669650000 0.00000000000000000000 1.00000000000000000000 2 0 8 310 311 312 345 347 381 382 383 
347 4536 -1.644990000 -6.590990000 0.00000000000000000000 1.00000000000000000000 2 0 8 311 312 313 346 348 382 383 384 
348 4537 -1.902730000 -6.502150000 0.00000000000000000000 1.00000000000000000000 2 0 8 312 313 314 347 349 383 384 385 
349 4538 -2.156780000 -6.403280000 0.00000000000000000000 1.00000000000000000000 2 0 8 313 314 315 348 350 384 385 386 
350 4539 -2.406760000 -6.294520000 0.00000000000000000000 1.00000000000000000000 2 0 8 314 315 316 349 351 385 386 387 
351 4540 -2.652280000 -6.176030000 0.00000000000000000000 1.00000000000000000000 2 0 8 315 316 317 350 352 386 387 388 
352 4541 -2.892950000 -6.048010000 0.00000000000000000000 1.00000000000000000000 2 0 8 316 317 318 351 353 387 388 389 
353 4542 -3.128410000 -5.910640000 0.00000000000000000000 1.00000000000000000000 2 0 8 317 318 319 352 354 388 389 390 
354 4543 -3.358290000 -5.764130000 0.00000000000000000000 1.00000000000000000000 2 0 8 318 319 320 353 355 389 390 391 
355 4544 -3.582230000 -5.608720000 0.00000000000000000000 1.00000000000000000000 2 0 8 319 320 321 354 356 390 391 392 
356 4545 -3.799890000 -5.444640000 0.00000000000000000000 1.00000000000000000000 2 0 8 320 321 322 355 357 391 392 393 
357 4546 -4.010940000 -5.272150000 0.00000000000000000000 1.00000000000000000000 2 0 8 321 322 323 356 358 392 393 394 
358 4547 -4.215030000 -5.091500000 0.00000000000000000000 1.00000000000000000000 2 0 8 322 323 324 357 359 393 394 395 
359 4548 -4.411870000 -4.902980000 0.00000000000000000000 1.00000000000000000000 2 0 8 323 324 325 358 360 394 395 396 
360 4549 -4.601130000 -4.706880000 0.00000000000000000000 1.00000000000000000000 2 0 8 324 325 326 359 361 395 396 397 
361 4550 -4.782540000 -4.503500000 0.00000000000000000000 1.00000000000000000000 2 0 8 325 326 327 360 362 396 397 398 
362 4551 -4.955800000 -4.293150000 0.00000000000000000000 1.00000000000000000000 2 0 8 326 327 328 361 363 397 398 399 
363 4552 -5.120650000 -4.076170000 0.00000000000000000000 1.00000000000000000000 2 0 8 327 328 329 362 364 398 399 400 
364 4553 -5.276830000 -3.852880000 0.00000000000000000000 1.00000000000000000000 2 0 8 328 329 330 363 365 399 400 401 
365 4554 -5.424100000 -3.623620000 0.00000000000000000000 1.00000000000000000000 2 0 8 329 330 331 364 366 400 401 402 
366 4555 -5.562240000 -3.388770000 0.00000000000000000000 1.00000000000000000000 2 0 8 330 331 332 365 367 401 402 403 
367 4556 -5.691020000 -3.148660000 0.00000000000000000000 1.00000000000000000000 2 0 8 331 332 333 366 368 402 403 404 
368 4557 -5.810250000 -2.903690000 0.00000000000000000000 1.00000000000000000000 2 0 8 332 333 334 367 369 403 404 405 
369 4558 -5.919740000 -2.654220000 0.00000000000000000000 1.00000000000000000000 2 0 8 333 334 335 368 370 404 405 406 
370 4559 -6.019320000 -2.400640000 0.00000000000000000000 1.00000000000000000000 2 0 8 334 335 336 369 371 405 406 407 
371 4560 -6.108840000 -2.143350000 0.00000000000000000000 1.00000000000000000000 2 0 8 335 336 337 370 372 406 407 408 
372 4561 -6.188160000 -1.882740000 0.00000000000000000000 1.00000000000000000000 2 0 8 336 337 338 371 373 407 408 409 
373 4562 -6.257160000 -1.619220000 0.00000000000000000000 1.00000000000000000000 2 0 8 337 338 339 372 374 408 409 410 
374 4563 -6.315720000 -1.353190000 0.00000000000000000000 1.00000000000000000000 2 0 8 338 339 340 373 375 409 410 411 
375 4564 -6.363750000 -1.085060000 0.00000000000000000000 1.00000000000000000000 2 0 8 339 340 341 374 376 410 411 412 
376 4565 -6.401190000 -0.815259000 0.00000000000000000000 1.00000000000000000000 2 0 8 340 341 342 375 377 411 412 413 
377 4566 -6.427980000 -0.544192000 0.00000000000000000000 1.00000000000000000000 2 0 8 341 342 343 376 378 412 413 414 
378 4567 -6.444070000 -0.272284000 0.00000000000000000000 1.00000000000000000000 2 0 8 342 343 344 377 379 413 414 415 
379 4568 -6.449430000 0.000047028 0.00000000000000000000 1.00000000000000000000 2 0 8 343 344 659 378 380 414 415 416 
380 4569 -6.444060000 0.272377000 0.00000000000000000000 1.00000000000000000000 2 0 8 344 659 660 379 662 415 416 664 
381 4570 -1.221720000 -7.162830000 0.00000000000000000000 1.00000000000000000000 2 0 8 661 345 346 663 382 665 417 418 
382 4571 -1.502140000 -7.090100000 0.00000000000000000000 1.00000000000000000000 2 0 8 345 346 347 381 383 417 418 419 
383 4572 -1.779490000 -7.006420000 0.00000000000000000000 1.00000000000000000000 2 0 8 346 347 348 382 384 418 419 420 
384 4573 -2.053350000 -6.911930000 0.00000000000000000000 1.00000000000000000000 2 0 8 347 348 349 383 385 419 420 421 
385 4574 -2.323290000 -6.806760000 0.00000000000000000000 1.00000000000000000000 2 0 8 348 349 350 384 386 420 421 422 
386 4575 -2.588890000 -6.691090000 0.00000000000000000000 1.00000000000000000000 2 0 8 349 350 351 385 387 421 422 423 
387 4576 -2.849750000 -6.565090000 0.00000000000000000000 1.00000000000000000000 2 0 8 350 351 352 386 388 422 423 424 
388 4577 -3.105460000 -6.428950000 0.00000000000000000000 1.00000000000000000000 2 0 8 351 352 353 387 389 423 424 425 
389 4578 -3.355630000 -6.282880000 0.00000000000000000000 1.00000000000000000000 2 0 8 352 353 354 388 390 424 425 426 
390 4579 -3.599860000 -6.127100000 0.00000000000000000000 1.00000000000000000000 2 0 8 353 354 355 389 391 425 426 427 
391 4580 -3.837790000 -5.961860000 0.00000000000000000000 1.00000000000000000000 2 0 8 354 355 356 390 392 426 427 428 
392 4581 -4.069040000 -5.787410000 0.00000000000000000000 1.00000000000000000000 2 0 8 355 356 357 391 393 427 428 429 
393 4582 -4.293250000 -5.604010000 0.00000000000000000000 1.00000000000000000000 2 0 8 356 357 358 392 394 428 429 430 
394 4583 -4.510080000 -5.411960000 0.00000000000000000000 1.00000000000000000000 2 0 8 357 358 359 393 395 429 430 431 
395 4584 -4.719190000 -5.211540000 0.00000000000000000000 1.00000000000000000000 2 0 8 358 359 360 394 396 430 431 432 
396 4585 -4.920260000 -5.003070000 0.00000000000000000000 1.00000000000000000000 2 0 8 359 360 361 395 397 431 432 433 
397 4586 -5.112980000 -4.786860000 0.00000000000000000000 1.00000000000000000000 2 0 8 360 361 362 396 398 432 433 434 
398 4587 -5.297040000 -4.563250000 0.00000000000000000000 1.00000000000000000000 2 0 8 361 362 363 397 399 433 434 435 
399 4588 -5.472160000 -4.332590000 0.00000000000000000000 1.00000000000000000000 2 0 8 362 363 364 398 400 434 435 436 
400 4589 -5.638080000 -4.095230000 0.00000000000000000000 1.00000000000000000000 2 0 8 363 364 365 399 401 435 436 437 
401 4590 -5.794530000 -3.851540000 0.00000000000000000000 1.00000000000000000000 2 0 8 364 365 366 400 402 436 437 438 
402 4591 -5.941270000 -3.601900000 0.00000000000000000000 1.00000000000000000000 2 0 8 365 366 367 401 403 437 438 439 
403 4592 -6.078070000 -3.346680000 0.00000000000000000000 1.00000000000000000000 2 0 8 366 367 368 402 404 438 439 440 
404 4593 -6.204720000 -3.086290000 0.00000000000000000000 1.00000000000000000000 2 0 8 367 368 369 403 405 439 440 441 
405 4594 -6.321030000 -2.821120000 0.00000000000000000000 1.00000000000000000000 2 0 8 368 369 370 404 406 440 441 442 
406 4595 -6.426820000 -2.551590000 0.00000000000000000000 1.00000000000000000000 2 0 8 369 370 371 405 407 441 442 443 
407 4596 -6.521910000 -2.278120000 0.00000000000000000000 1.00000000000000000000 2 0 8 370 371 372 406 408 442 443 444 
408 4597 -6.606160000 -2.001120000 0.00000000000000000000 1.00000000000000000000 2 0 8 371 372 373 407 409 443 444 445 
409 4598 -6.679450000 -1.721020000 0.00000000000000000000 1.00000000000000000000 2 0 8 372 373 374 408 410 444 445 446 
410 4599 -6.741660000 -1.438260000 0.00000000000000000000 1.00000000000000000000 2 0 8 373 374 375 409 411 445 446 447 
411 4600 -6.792690000 -1.153280000 0.00000000000000000000 1.00000000000000000000 2 0 8 374 375 376 410 412 446 447 448 
412 4601 -6.832460000 -0.866516000 0.00000000000000000000 1.00000000000000000000 2 0 8 375 376 377 411 413 447 448 449 
413 4602 -6.860910000 -0.578409000 0.00000000000000000000 1.00000000000000000000 2 0 8 376 377 378 412 414 448 449 450 
414 4603 -6.878000000 -0.289407000 0.00000000000000000000 1.00000000000000000000 2 0 8 377 378 379 413 415 449 450 451 
415 4604 -6.883690000 0.000041839 0.00000000000000000000 1.00000000000000000000 2 0 8 378 379 380 414 416 450 451 452 
416 4605 -6.877990000 0.289491000 0.00000000000000000000 1.00000000000000000000 2 0 8 379 380 662 415 664 451 452 666 
417 4606 -1.329770000 -7.614400000 0.00000000000000000000 1.00000000000000000000 2 0 8 663 381 382 665 418 667 453 454 
418 4607 -1.627750000 -7.537010000 0.00000000000000000000 1.00000000000000000000 2 0 8 381 382 383 417 419 453 454 455 
419 4608 -1.922460000 -7.447990000 0.00000000000000000000 1.00000000000000000000 2 0 8 382 383 384 418 420 454 455 456 
420 4609 -2.213450000 -7.347480000 0.00000000000000000000 1.00000000000000000000 2 0 8 383 384 385 419 421 455 456 457 
421 4610 -2.500280000 -7.235630000 0.00000000000000000000 1.00000000000000000000 2 0 8 384 385 386 420 422 456 457 458 
422 4611 -2.782490000 -7.112620000 0.00000000000000000000 1.00000000000000000000 2 0 8 385 386 387 421 423 457 458 459 
423 4612 -3.059660000 -6.978620000 0.00000000000000000000 1.00000000000000000000 2 0 8 386 387 388 422 424 458 459 460 
424 4613 -3.331350000 -6.833850000 0.00000000000000000000 1.00000000000000000000 2 0 8 387 388 389 423 425 459 460 461 
425 4614 -3.597150000 -6.678520000 0.00000000000000000000 1.00000000000000000000 2 0 8 388 389 390 424 426 460 461 462 
426 4615 -3.856650000 -6.512890000 0.00000000000000000000 1.00000000000000000000 2 0 8 389 390 391 425 427 461 462 463 
427 4616 -4.109430000 -6.337200000 0.00000000000000000000 1.00000000000000000000 2 0 8 390 391 392 426 428 462 463 464 
428 4617 -4.355120000 -6.151720000 0.00000000000000000000 1.00000000000000000000 2 0 8 391 392 393 427 429 463 464 465 
429 4618 -4.593330000 -5.956740000 0.00000000000000000000 1.00000000000000000000 2 0 8 392 393 394 428 430 464 465 466 
430 4619 -4.823690000 -5.752560000 0.00000000000000000000 1.00000000000000000000 2 0 8 393 394 395 429 431 465 466 467 
431 4620 -5.045850000 -5.539490000 0.00000000000000000000 1.00000000000000000000 2 0 8 394 395 396 430 432 466 467 468 
432 4621 -5.259460000 -5.317870000 0.00000000000000000000 1.00000000000000000000 2 0 8 395 396 397 431 433 467 468 469 
433 4622 -5.464200000 -5.088030000 0.00000000000000000000 1.00000000000000000000 2 0 8 396 397 398 432 434 468 469 470 
434 4623 -5.659740000 -4.850330000 0.00000000000000000000 1.00000000000000000000 2 0 8 397 398 399 433 435 469 470 471 
435 4624 -5.845780000 -4.605130000 0.00000000000000000000 1.00000000000000000000 2 0 8 398 399 400 434 436 470 471 472 
436 4625 -6.022040000 -4.352820000 0.00000000000000000000 1.00000000000000000000 2 0 8 399 400 401 435 437 471 472 473 
437 4626 -6.188240000 -4.093780000 0.00000000000000000000 1.00000000000000000000 2 0 8 400 401 402 436 438 472 473 474 
438 4627 -6.344130000 -3.828420000 0.00000000000000000000 1.00000000000000000000 2 0 8 401 402 403 437 439 473 474 475 
439 4628 -6.489450000 -3.557140000 0.00000000000000000000 1.00000000000000000000 2 0 8 402 403 404 438 440 474 475 476 
440 4629 -6.624000000 -3.280360000 0.00000000000000000000 1.00000000000000000000 2 0 8 403 404 405 439 441 475 476 477 
441 4630 -6.747550000 -2.998510000 0.00000000000000000000 1.00000000000000000000 2 0 8 404 405 406 440 442 476 477 478 
442 4631 -6.859920000 -2.712020000 0.00000000000000000000 1.00000000000000000000 2 0 8 405 406 407 441 443 477 478 479 
443 4632 -6.960940000 -2.421350000 0.00000000000000000000 1.00000000000000000000 2 0 8 406 407 408 442 444 478 479 480 
444 4633 -7.050440000 -2.126930000 0.00000000000000000000 1.00000000000000000000 2 0 8 407 408 409 443 445 479 480 481 
445 4634 -7.128290000 -1.829220000 0.00000000000000000000 1.00000000000000000000 2 0 8 408 409 410 444 446 480 481 482 
446 4635 -7.194370000 -1.528680000 0.00000000000000000000 1.00000000000000000000 2 0 8 409 410 411 445 447 481 482 483 
447 4636 -7.248580000 -1.225790000 0.00000000000000000000 1.00000000000000000000 2 0 8 410 411 412 446 448 482 483 484 
448 4637 -7.290830000 -0.920992000 0.00000000000000000000 1.00000000000000000000 2 0 8 411 412 413 447 449 483 484 485 
449 4638 -7.321050000 -0.614775000 0.00000000000000000000 1.00000000000000000000 2 0 8 412 413 414 448 450 484 485 486 
450 4639 -7.339200000 -0.307607000 0.00000000000000000000 1.00000000000000000000 2 0 8 413 414 415 449 451 485 486 487 
451 4640 -7.345250000 0.000035699 0.00000000000000000000 1.00000000000000000000 2 0 8 414 415 416 450 452 486 487 488 
452 4641 -7.339200000 0.307679000 0.00000000000000000000 1.00000000000000000000 2 0 8 415 416 664 451 666 487 488 668 
453 4642 -1.444630000 -8.094400000 0.00000000000000000000 1.00000000000000000000 2 0 8 665 417 418 667 454 670 489 490 
454 4643 -1.761270000 -8.012060000 0.00000000000000000000 1.00000000000000000000 2 0 8 417 418 419 453 455 489 490 491 
455 4644 -2.074430000 -7.917370000 0.00000000000000000000 1.00000000000000000000 2 0 8 418 419 420 454 456 490 491 492 
456 4645 -2.383640000 -7.810460000 0.00000000000000000000 1.00000000000000000000 2 0 8 419 420 421 455 457 491 492 493 
457 4646 -2.688410000 -7.691500000 0.00000000000000000000 1.00000000000000000000 2 0 8 420 421 422 456 458 492 493 494 
458 4647 -2.988280000 -7.560670000 0.00000000000000000000 1.00000000000000000000 2 0 8 421 422 423 457 459 493 494 495 
459 4648 -3.282780000 -7.418170000 0.00000000000000000000 1.00000000000000000000 2 0 8 422 423 424 458 460 494 495 496 
460 4649 -3.571460000 -7.264230000 0.00000000000000000000 1.00000000000000000000 2 0 8 423 424 425 459 461 495 496 497 
461 4650 -3.853870000 -7.099070000 0.00000000000000000000 1.00000000000000000000 2 0 8 424 425 426 460 462 496 497 498 
462 4651 -4.129580000 -6.922950000 0.00000000000000000000 1.00000000000000000000 2 0 8 425 426 427 461 463 497 498 499 
463 4652 -4.398160000 -6.736150000 0.00000000000000000000 1.00000000000000000000 2 0 8 426 427 428 462 464 498 499 500 
464 4653 -4.659190000 -6.538950000 0.00000000000000000000 1.00000000000000000000 2 0 8 427 428 429 463 465 499 500 501 
465 4654 -4.912280000 -6.331660000 0.00000000000000000000 1.00000000000000000000 2 0 8 428 429 430 464 466 500 501 502 
466 4655 -5.157020000 -6.114580000 0.00000000000000000000 1.00000000000000000000 2 0 8 429 430 431 465 467 501 502 503 
467 4656 -5.393050000 -5.888070000 0.00000000000000000000 1.00000000000000000000 2 0 8 430 431 432 466 468 502 503 504 
468 4657 -5.619990000 -5.652470000 0.00000000000000000000 1.00000000000000000000 2 0 8 431 432 433 467 469 503 504 505 
469 4658 -5.837500000 -5.408140000 0.00000000000000000000 1.00000000000000000000 2 0 8 432 433 434 468 470 504 505 506 
470 4659 -6.045240000 -5.155450000 0.00000000000000000000 1.00000000000000000000 2 0 8 433 434 435 469 471 505 506 507 
471 4660 -6.242890000 -4.894810000 0.00000000000000000000 1.00000000000000000000 2 0 8 434 435 436 470 472 506 507 508 
472 4661 -6.430140000 -4.626600000 0.00000000000000000000 1.00000000000000000000 2 0 8 435 436 437 471 473 507 508 509 
473 4662 -6.606700000 -4.351250000 0.00000000000000000000 1.00000000000000000000 2 0 8 436 437 438 472 474 508 509 510 
474 4663 -6.772300000 -4.069180000 0.00000000000000000000 1.00000000000000000000 2 0 8 437 438 439 473 475 509 510 511 
475 4664 -6.926690000 -3.780820000 0.00000000000000000000 1.00000000000000000000 2 0 8 438 439 440 474 476 510 511 512 
476 4665 -7.069620000 -3.486620000 0.00000000000000000000 1.00000000000000000000 2 0 8 439 440 441 475 477 511 512 513 
477 4666 -7.200870000 -3.187040000 0.00000000000000000000 1.00000000000000000000 2 0 8 440 441 442 476 478 512 513 514 
478 4667 -7.320240000 -2.882540000 0.00000000000000000000 1.00000000000000000000 2 0 8 441 442 443 477 479 513 514 515 
479 4668 -7.427550000 -2.573580000 0.00000000000000000000 1.00000000000000000000 2 0 8 442 443 444 478 480 514 515 516 
480 4669 -7.522630000 -2.260640000 0.00000000000000000000 1.00000000000000000000 2 0 8 443 444 445 479 481 515 516 517 
481 4670 -7.605330000 -1.944220000 0.00000000000000000000 1.00000000000000000000 2 0 8 444 445 446 480 482 516 517 518 
482 4671 -7.675530000 -1.624790000 0.00000000000000000000 1.00000000000000000000 2 0 8 445 446 447 481 483 517 518 519 
483 4672 -7.733110000 -1.302850000 0.00000000000000000000 1.00000000000000000000 2 0 8 446 447 448 482 484 518 519 520 
484 4673 -7.777990000 -0.978892000 0.00000000000000000000 1.00000000000000000000 2 0 8 447 448 449 483 485 519 520 521 
485 4674 -7.810090000 -0.653427000 0.00000000000000000000 1.00000000000000000000 2 0 8 448 449 450 484 486 520 521 522 
486 4675 -7.829370000 -0.326952000 0.00000000000000000000 1.00000000000000000000 2 0 8 449 450 451 485 487 521 522 523 
487 4676 -7.835800000 0.000028530 0.00000000000000000000 1.00000000000000000000 2 0 8 450 451 452 486 488 522 523 524 
488 4677 -7.829370000 0.327009000 0.00000000000000000000 1.00000000000000000000 2 0 8 451 452 666 487 668 523 524 525 
489 4678 -1.566730000 -8.604640000 0.00000000000000000000 1.00000000000000000000 2 0 8 667 453 454 670 490 672 526 527 
490 4679 -1.903200000 -8.517050000 0.00000000000000000000 1.00000000000000000000 2 0 8 453 454 455 489 491 526 527 528 
491 4680 -2.235970000 -8.416320000 0.00000000000000000000 1.00000000000000000000 2 0 8 454 455 456 490 492 527 528 529 
492 4681 -2.564530000 -8.302600000 0.00000000000000000000 1.00000000000000000000 2 0 8 455 456 457 491 493 528 529 530 
493 4682 -2.888380000 -8.176080000 0.00000000000000000000 1.00000000000000000000 2 0 8 456 457 458 492 494 529 530 531 
494 4683 -3.207010000 -8.036940000 0.00000000000000000000 1.00000000000000000000 2 0 8 457 458 459 493 495 530 531 532 
495 4684 -3.519940000 -7.885410000 0.00000000000000000000 1.00000000000000000000 2 0 8 458 459 460 494 496 531 532 533 
496 4685 -3.826670000 -7.721710000 0.00000000000000000000 1.00000000000000000000 2 0 8 459 460 461 495 497 532 533 534 
497 4686 -4.126740000 -7.546090000 0.00000000000000000000 1.00000000000000000000 2 0 8 460 461 462 496 498 533 534 535 
498 4687 -4.419680000 -7.358830000 0.00000000000000000000 1.00000000000000000000 2 0 8 461 462 463 497 499 534 535 536 
499 4688 -4.705040000 -7.160220000 0.00000000000000000000 1.00000000000000000000 2 0 8 462 463 464 498 500 535 536 537 
500 4689 -4.982380000 -6.950560000 0.00000000000000000000 1.00000000000000000000 2 0 8 463 464 465 499 501 536 537 538 
501 4690 -5.251280000 -6.730170000 0.00000000000000000000 1.00000000000000000000 2 0 8 464 465 466 500 502 537 538 539 
502 4691 -5.511300000 -6.499390000 0.00000000000000000000 1.00000000000000000000 2 0 8 465 466 467 501 503 538 539 540 
503 4692 -5.762070000 -6.258580000 0.00000000000000000000 1.00000000000000000000 2 0 8 466 467 468 502 504 539 540 541 
504 4693 -6.003180000 -6.008120000 0.00000000000000000000 1.00000000000000000000 2 0 8 467 468 469 503 505 540 541 542 
505 4694 -6.234260000 -5.748380000 0.00000000000000000000 1.00000000000000000000 2 0 8 468 469 470 504 506 541 542 543 
506 4695 -6.454960000 -5.479770000 0.00000000000000000000 1.00000000000000000000 2 0 8 469 470 471 505 507 542 543 544 
507 4696 -6.664940000 -5.202700000 0.00000000000000000000 1.00000000000000000000 2 0 8 470 471 472 506 508 543 544 545 
508 4697 -6.863870000 -4.917600000 0.00000000000000000000 1.00000000000000000000 2 0 8 471 472 473 507 509 544 545 546 
509 4698 -7.051440000 -4.624910000 0.00000000000000000000 1.00000000000000000000 2 0 8 472 473 474 508 510 545 546 547 
510 4699 -7.227370000 -4.325080000 0.00000000000000000000 1.00000000000000000000 2 0 8 473 474 475 509 511 546 547 548 
511 4700 -7.391380000 -4.018570000 0.00000000000000000000 1.00000000000000000000 2 0 8 474 475 476 510 512 547 548 549 
512 4701 -7.543220000 -3.705860000 0.00000000000000000000 1.00000000000000000000 2 0 8 475 476 477 511 513 548 549 550 
513 4702 -7.682650000 -3.387430000 0.00000000000000000000 1.00000000000000000000 2 0 8 476 477 478 512 514 549 550 551 
514 4703 -7.809470000 -3.063770000 0.00000000000000000000 1.00000000000000000000 2 0 8 477 478 479 513 515 550 551 552 
515 4704 -7.923460000 -2.735380000 0.00000000000000000000 1.00000000000000000000 2 0 8 478 479 480 514 516 551 552 553 
516 4705 -8.024470000 -2.402770000 0.00000000000000000000 1.00000000000000000000 2 0 8 479 480 481 515 517 552 553 554 
517 4706 -8.112320000 -2.066440000 0.00000000000000000000 1.00000000000000000000 2 0 8 480 481 482 516 518 553 554 555 
518 4707 -8.186890000 -1.726930000 0.00000000000000000000 1.00000000000000000000 2 0 8 481 482 483 517 519 554 555 556 
519 4708 -8.248060000 -1.384750000 0.00000000000000000000 1.00000000000000000000 2 0 8 482 483 484 518 520 555 556 557 
520 4709 -8.295730000 -1.040430000 0.00000000000000000000 1.00000000000000000000 2 0 8 483 484 485 519 521 556 557 558 
521 4710 -8.329840000 -0.694509000 0.00000000000000000000 1.00000000000000000000 2 0 8 484 485 486 520 522 557 558 559 
522 4711 -8.350320000 -0.347513000 0.00000000000000000000 1.00000000000000000000 2 0 8 485 486 487 521 523 558 559 560 
523 4712 -8.357150000 0.000020247 0.00000000000000000000 1.00000000000000000000 2 0 8 486 487 488 522 524 559 560 561 
524 4713 -8.350320000 0.347553000 0.00000000000000000000 1.00000000000000000000 2 0 8 487 488 668 523 525 560 561 673 
525 4714 -8.329830000 0.694549000 0.00000000000000000000 1.00000000000000000000 2 0 8 488 668 669 524 671 561 673 674 
526 4715 -1.696510000 -9.147060000 0.00000000000000000000 1.00000000000000000000 2 0 8 670 489 490 672 527 675 562 563 
527 4716 -2.054060000 -9.053870000 0.00000000000000000000 1.00000000000000000000 2 0 8 489 490 491 526 528 562 563 564 
528 4717 -2.407670000 -8.946710000 0.00000000000000000000 1.00000000000000000000 2 0 8 490 491 492 527 529 563 564 565 
529 4718 -2.756810000 -8.825760000 0.00000000000000000000 1.00000000000000000000 2 0 8 491 492 493 528 530 564 565 566 
530 4719 -3.100930000 -8.691200000 0.00000000000000000000 1.00000000000000000000 2 0 8 492 493 494 529 531 565 566 567 
531 4720 -3.439500000 -8.543230000 0.00000000000000000000 1.00000000000000000000 2 0 8 493 494 495 530 532 566 567 568 
532 4721 -3.772000000 -8.382080000 0.00000000000000000000 1.00000000000000000000 2 0 8 494 495 496 531 533 567 568 569 
533 4722 -4.097920000 -8.208010000 0.00000000000000000000 1.00000000000000000000 2 0 8 495 496 497 532 534 568 569 570 
534 4723 -4.416750000 -8.021270000 0.00000000000000000000 1.00000000000000000000 2 0 8 496 497 498 533 535 569 570 571 
535 4724 -4.728010000 -7.822160000 0.00000000000000000000 1.00000000000000000000 2 0 8 497 498 499 534 536 570 571 572 
536 4725 -5.031210000 -7.610990000 0.00000000000000000000 1.00000000000000000000 2 0 8 498 499 500 535 537 571 572 573 
537 4726 -5.325880000 -7.388080000 0.00000000000000000000 1.00000000000000000000 2 0 8 499 500 501 536 538 572 573 574 
538 4727 -5.611570000 -7.153770000 0.00000000000000000000 1.00000000000000000000 2 0 8 500 501 502 537 539 573 574 575 
539 4728 -5.887840000 -6.908420000 0.00000000000000000000 1.00000000000000000000 2 0 8 501 502 503 538 540 574 575 576 
540 4729 -6.154260000 -6.652420000 0.00000000000000000000 1.00000000000000000000 2 0 8 502 503 504 539 541 575 576 577 
541 4730 -6.410420000 -6.386160000 0.00000000000000000000 1.00000000000000000000 2 0 8 503 504 505 540 542 576 577 578 
542 4731 -6.655930000 -6.110040000 0.00000000000000000000 1.00000000000000000000 2 0 8 504 505 506 541 543 577 578 579 
543 4732 -6.890400000 -5.824500000 0.00000000000000000000 1.00000000000000000000 2 0 8 505 506 507 542 544 578 579 580 
544 4733 -7.113480000 -5.529970000 0.00000000000000000000 1.00000000000000000000 2 0 8 506 507 508 543 545 579 580 581 
545 4734 -7.324820000 -5.226910000 0.00000000000000000000 1.00000000000000000000 2 0 8 507 508 509 544 546 580 581 582 
546 4735 -7.524100000 -4.915790000 0.00000000000000000000 1.00000000000000000000 2 0 8 508 509 510 545 547 581 582 583 
547 4736 -7.711000000 -4.597080000 0.00000000000000000000 1.00000000000000000000 2 0 8 509 510 511 546 548 582 583 584 
548 4737 -7.885230000 -4.271290000 0.00000000000000000000 1.00000000000000000000 2 0 8 510 511 512 547 549 583 584 585 
549 4738 -8.046540000 -3.938900000 0.00000000000000000000 1.00000000000000000000 2 0 8 511 512 513 548 550 584 585 586 
550 4739 -8.194670000 -3.600430000 0.00000000000000000000 1.00000000000000000000 2 0 8 512 513 514 549 551 585 586 587 
551 4740 -8.329390000 -3.256410000 0.00000000000000000000 1.00000000000000000000 2 0 8 513 514 515 550 552 586 587 588 
552 4741 -8.450490000 -2.907360000 0.00000000000000000000 1.00000000000000000000 2 0 8 514 515 516 551 553 587 588 589 
553 4742 -8.557790000 -2.553830000 0.00000000000000000000 1.00000000000000000000 2 0 8 515 516 517 552 554 588 589 590 
554 4743 -8.651120000 -2.196360000 0.00000000000000000000 1.00000000000000000000 2 0 8 516 517 518 553 555 589 590 591 
555 4744 -8.730330000 -1.835500000 0.00000000000000000000 1.00000000000000000000 2 0 8 517 518 519 554 556 590 591 592 
556 4745 -8.795320000 -1.471810000 0.00000000000000000000 1.00000000000000000000 2 0 8 518 519 520 555 557 591 592 593 
557 4746 -8.845960000 -1.105850000 0.00000000000000000000 1.00000000000000000000 2 0 8 519 520 521 556 558 592 593 594 
558 4747 -8.882190000 -0.738176000 0.00000000000000000000 1.00000000000000000000 2 0 8 520 521 522 557 559 593 594 595 
559 4748 -8.903950000 -0.369368000 0.00000000000000000000 1.00000000000000000000 2 0 8 521 522 523 558 560 594 595 596 
560 4749 -8.911210000 0.000010767 0.00000000000000000000 1.00000000000000000000 2 0 8 522 523 524 559 561 595 596 676 
561 4750 -8.903950000 0.369389000 0.00000000000000000000 1.00000000000000000000 2 0 8 523 524 525 560 673 596 676 677 
562 4751 -1.834450000 -9.723700000 -0.23344520423477366222 -0.97236995871930587132 3 0 8 672 526 527 675 563 670 489 490 
563 4752 -2.214400000 -9.624550000 -0.27143445322643250384 -0.96245692766048884792 3 0 8 526 527 528 562 564 489 490 491 
564 4753 -2.590170000 -9.510570000 -0.30901667003776622789 -0.95105662167863069811 3 0 8 527 528 529 563 565 490 491 492 
565 4754 -2.961170000 -9.381910000 -0.34611905021161554208 -0.93819060061408054985 3 0 8 528 529 530 564 566 491 492 493 
566 4755 -3.326830000 -9.238800000 -0.38268023147519480975 -0.92388085835679656377 3 0 8 529 530 531 565 567 492 493 494 
567 4756 -3.686600000 -9.081430000 -0.41865513425978917450 -0.90814529595099369175 3 0 8 530 531 532 566 568 493 494 495 
568 4757 -4.039910000 -8.910070000 -0.45399140999548764919 -0.89100606038921470464 3 0 8 531 532 533 567 569 494 495 496 
569 4758 -4.386210000 -8.724960000 -0.48862780066781752453 -0.87249233372822920796 3 0 8 532 533 534 568 570 495 496 497 
570 4759 -4.724990000 -8.526400000 -0.52249486151581092663 -0.85264243366699354887 3 0 8 533 534 535 569 571 496 497 498 
571 4760 -5.055700000 -8.314700000 -0.55557278151294220425 -0.83146790944808723900 3 0 8 534 535 536 570 572 497 498 499 
572 4761 -5.377850000 -8.090170000 -0.58778618963392137431 -0.80901631335569235137 3 0 8 535 536 537 571 573 498 499 500 
573 4762 -5.690940000 -7.853170000 -0.61909246039025589425 -0.78531810464800799743 3 0 8 536 537 538 572 574 499 500 501 
574 4763 -5.994480000 -7.604060000 -0.64944366315684309843 -0.76040971087001563156 3 0 8 537 538 539 573 575 500 501 502 
575 4764 -6.288010000 -7.343230000 -0.67879778319755001981 -0.73432524777927377091 3 0 8 538 539 540 574 576 501 502 503 
576 4765 -6.571070000 -7.071070000 -0.70710678118654757274 -0.70710678118654757274 3 0 8 539 540 541 575 577 502 503 504 
577 4766 -6.843230000 -6.788010000 -0.73432524777927377091 -0.67879778319755001981 3 0 8 540 541 542 576 578 503 504 505 
578 4767 -7.104060000 -6.494480000 -0.76040971087001563156 -0.64944366315684309843 3 0 8 541 542 543 577 579 504 505 506 
579 4768 -7.353170000 -6.190940000 -0.78531810464800855254 -0.61909246039025511710 3 0 8 542 543 544 578 580 505 506 507 
580 4769 -7.590170000 -5.877850000 -0.80901631335569235137 -0.58778618963392137431 3 0 8 543 544 545 579 581 506 507 508 
581 4770 -7.814700000 -5.555700000 -0.83146790944808679491 -0.55557278151294298141 3 0 8 544 545 546 580 582 507 508 509 
582 4771 -8.026400000 -5.224990000 -0.85264243366699354887 -0.52249486151581092663 3 0 8 545 546 547 581 583 508 509 510 
583 4772 -8.224960000 -4.886210000 -0.87249233372822920796 -0.48862780066781752453 3 0 8 546 547 548 582 584 509 510 511 
584 4773 -8.410070000 -4.539910000 -0.89100606038921459362 -0.45399140999548787123 3 0 8 547 548 549 583 585 510 511 512 
585 4774 -8.581430000 -4.186600000 -0.90814529595099369175 -0.41865513425978917450 3 0 8 548 549 550 584 586 511 512 513 
586 4775 -8.738800000 -3.826830000 -0.92388085835679678581 -0.38268023147519464322 3 0 8 549 550 551 585 587 512 513 514 
587 4776 -8.881910000 -3.461170000 -0.93819060061408054985 -0.34611905021161554208 3 0 8 550 551 552 586 588 513 514 515 
588 4777 -9.010570000 -3.090170000 -0.95105662167863069811 -0.30901667003776622789 3 0 8 551 552 553 587 589 514 515 516 
589 4778 -9.124550000 -2.714400000 -0.96245692766048884792 -0.27143445322643250384 3 0 8 552 553 554 588 590 515 516 517 
590 4779 -9.223700000 -2.334450000 -0.97236995871930587132 -0.23344520423477366222 3 0 8 553 554 555 589 591 516 517 518 
591 4780 -9.307850000 -1.950900000 -0.98078635339882969113 -0.19508492762544765720 3 0 8 554 555 556 590 592 517 518 519 
592 4781 -9.376880000 -1.564340000 -0.98768871151755888160 -0.15643212311026288841 3 0 8 555 556 557 591 593 518 519 520 
593 4782 -9.430680000 -1.175370000 -0.99306836418081634310 -0.11753818129968457429 3 0 8 556 557 558 592 594 519 520 521 
594 4783 -9.469170000 -0.784591000 -0.99691688469623684909 -0.07846480107379300017 3 0 8 557 558 559 593 595 520 521 522 
595 4784 -9.492290000 -0.392598000 -0.99922886957770329364 -0.03926405738668995588 3 0 8 558 559 560 594 596 521 522 523 
596 4785 -9.500000000 0.000000000 -1.00000000000000000000 0.00000000000000000000 3 0 8 559 560 561 595 676 522 523 524 
597 4129 -2.10545 -1.43975 2 0
598 4130 -2.16102 -1.33784 2 0
599 4131 -2.21247 -1.23384 2 0
600 6851 -2.25973 -1.12791 2 0
601 6852 -2.30271 -1.02021 2 0
602 4147 -1.45988 -2.45739 2 0
603 4148 -1.55635 -2.37981 2 0
604 4149 -1.64967 -2.29852 2 0
605 4150 -1.73968 -2.21366 2 0
606 4151 -1.82626 -2.12534 2 0
607 4152 -1.90925 -2.0337 2 0
608 4153 -1.98853 -1.9389 2 0
609 4154 -2.06397 -1.84106 2 0
610 4155 -2.13546 -1.74036 2 0
611 4156 -2.20288 -1.63693 2 0
612 4157 -2.26613 -1.53095 2 0
613 6877 -2.47548 -1.0848 2 0
614 6878 -2.51649 -0.96858 2 0
615 4167 -1.02463 -2.96245 2 0
616 4168 -1.1413 -2.90139 2 0
617 4169 -1.25547 -2.83582 2 0
618 4170 -1.36695 -2.76584 2 0
619 4171 -1.47558 -2.69157 2 0
620 4172 -1.58119 -2.61311 2 0
621 6902 -2.70277 -1.02983 2 0
622 6903 -2.74134 -0.904643 2 0
623 4180 -0.992923 -3.21024 2 0
624 4181 -1.11927 -3.15015 2 0
625 6926 -2.94183 -0.961789 2 0
626 6927 -2.97745 -0.82719 2 0
627 4183 -0.382988 -3.65211 2 0
628 4184 -0.527067 -3.61544 2 0
629 4185 -0.669601 -3.57317 2 0
630 4186 -0.810371 -3.52538 2 0
631 4187 -0.949156 -3.47212 2 0
632 4188 -1.08574 -3.41348 2 0
633 6949 -3.19285 -0.879396 2 0
634 6950 -3.22494 -0.734926 2 0
635 2007 -0.283615 -3.9164 2 0
636 4189 -0.438054 -3.88336 2 0
637 6970 -3.45597 -0.781274 2 0
638 6971 -3.48392 -0.626473 2 0
639 2033 -0.33256 -4.16424 2 0
640 6990 -3.73131 -0.665956 2 0
641 6991 -3.75444 -0.500361 2 0
642 2059 -0.384607 -4.42758 2 0
643 7009 -4.0189 -0.53188 2 0
644 2085 -0.439948 -4.70739 2 0
645 7027 -4.30008 -0.565369 2 0
646 2111 -0.498792 -5.00474 2 0
647 7045 -4.59901 -0.600954 2 0
648 7046 -4.61882 -0.401135 2 0
649 2137 -0.561356 -5.32074 2 0
650 7063 -4.93784 -0.426376 2 0
651 7064 -4.95048 -0.213324 2 0
652 2163 -0.627873 -5.65656 2 0
653 7080 -5.29039 -0.226747 2 0
654 7081 -5.29487 5.76338e-05 2 0
655 2189 -0.698592 -6.01346 2 0
656 7095 -5.65648 5.48541e-05 2 0
657 7096 -5.65172 0.241121 2 0
658 2215 -0.773775 -6.39279 2 0
659 7108 -6.03581 0.256274 2 0
660 7109 -6.02066 0.5121 2 0
661 2241 -0.853702 -6.79597 2 0
662 7119 -6.42797 0.544286 2 0
663 2267 -0.938671 -7.22451 2 0
664 7129 -6.8609 0.578492 2 0
665 2293 -1.029 -7.68003 2 0
666 7139 -7.32104 0.614846 2 0
667 2319 -1.12502 -8.16424 2 0
668 7148 -7.81009 0.653484 2 0
669 7149 -7.77798 0.978949 2 0
670 2345 -1.22708 -8.67896 2 0
671 7157 -8.29573 1.04047 2 0
672 2371 -1.33558 -9.22615 2 0
673 7165 -8.88219 0.738197 2 0
674 7166 -8.84596 1.10587 2 0
675 2396 -1.4509 -9.80785 3 0
676 7174 -9.49229 0.392598 3 0
677 7175 -9.46917 0.784591 3 0
