689 599 90
1 2397 0.824724000 -0.022408000 0.11427346203834422289 -0.99344933231331489232 1 1 8 600 2 603 28 29 54 55 56 
2 2398 0.809547000 -0.024138600 0.11225983361103865354 -0.99367888664176717839 1 1 8 1 3 28 29 30 55 56 57 
3 2399 0.793893000 -0.025891100 0.11019007491550641964 -0.99391053289021702444 1 1 8 2 4 29 30 31 56 57 58 
4 2400 0.777785000 -0.027659900 0.10806336838556147850 -0.99414400788475631998 1 1 8 3 5 30 31 32 57 58 59 
5 2401 0.761249000 -0.029439500 0.10588992387536884376 -0.99437785776920262215 1 1 8 4 6 31 32 33 58 59 60 
6 2402 0.744311000 -0.031224500 0.10364558072098142838 -0.99461429388331767942 1 1 8 5 7 32 33 34 59 60 61 
7 2403 0.726995000 -0.033009000 0.10132820498595720982 -0.99485305189978889828 1 1 8 6 8 33 34 35 60 61 62 
8 2404 0.709330000 -0.034787400 0.09893996602310112243 -0.99509340422060255094 1 1 8 7 9 34 35 36 61 62 63 
9 2405 0.691342000 -0.036553900 0.09646021694760552323 -0.99533684074609685144 1 1 8 8 10 35 36 37 62 63 64 
10 2406 0.673059000 -0.038302500 0.09387689900059185966 -0.99558381256126948777 1 1 8 9 11 36 37 38 63 64 65 
11 2407 0.654508000 -0.040027100 0.09118499013007269616 -0.99583397088820913012 1 1 8 10 12 37 38 39 64 65 66 
12 2408 0.635720000 -0.041721500 0.08837588244464070208 -0.99608719668617906606 1 1 8 11 13 38 39 40 65 66 67 
13 2409 0.616723000 -0.043379500 0.08542334908383872327 -0.99634474527208727324 1 1 8 12 14 39 40 41 66 67 68 
14 2410 0.597545000 -0.044994500 0.08231462556632487826 -0.99660639292444630488 1 1 8 13 15 40 41 42 67 68 69 
15 2411 0.578217000 -0.046559900 0.07904067192834113298 -0.99687139199653851396 1 1 8 14 16 41 42 43 68 69 70 
16 2412 0.558769000 -0.048069000 0.07558280287099569672 -0.99713952880736012041 1 1 8 15 17 42 43 44 69 70 71 
17 2413 0.539230000 -0.049515100 0.07191784000836067003 -0.99741055954332646927 1 1 8 16 18 43 44 45 70 71 72 
18 2414 0.519630000 -0.050891100 0.06803217270332914679 -0.99768312779021406378 1 1 8 17 19 44 45 46 71 72 73 
19 2415 0.500000000 -0.052190200 0.06390882134454034524 -0.99795574178134349719 1 1 8 18 20 45 46 47 72 73 74 
20 2416 0.480370000 -0.053405300 0.05952211491958976641 -0.99822698713043178653 1 1 8 19 21 46 47 48 73 74 75 
21 2417 0.460770000 -0.054529400 0.05485990010981084408 -0.99849406175497190663 1 1 8 20 22 47 48 49 74 75 76 
22 2418 0.441231000 -0.055555700 0.04990056399133810383 -0.99875419083643723894 1 1 8 21 23 48 49 50 75 76 77 
23 2419 0.421783000 -0.056477300 0.04461974166234173450 -0.99900404336218062706 1 1 8 22 24 49 50 51 76 77 78 
24 2420 0.402455000 -0.057287600 0.03900317735249399231 -0.99923908658359128498 1 1 8 23 25 50 51 52 77 78 79 
25 2421 0.383277000 -0.057980300 0.03302454375919538360 -0.99945454099198371978 1 1 8 24 26 51 52 53 78 79 80 
26 2422 0.364280000 -0.058549000 0.02666441624749607900 -0.99964444124207507691 1 1 8 25 27 52 53 604 79 80 607 
27 2423 0.345491000 -0.058988200 0.01990285669254817508 -0.99980191852960353938 1 1 8 26 601 53 604 605 80 607 608 
28 2424 0.826630000 -0.046301200 0.00000000000000000000 1.00000000000000000000 2 0 8 600 1 2 603 29 54 55 56 
29 2425 0.811418000 -0.048764300 0.00000000000000000000 1.00000000000000000000 2 0 8 1 2 3 28 30 55 56 57 
30 2426 0.795721000 -0.051210200 0.00000000000000000000 1.00000000000000000000 2 0 8 2 3 4 29 31 56 57 58 
31 2427 0.779563000 -0.053632100 0.00000000000000000000 1.00000000000000000000 2 0 8 3 4 5 30 32 57 58 59 
32 2428 0.762970000 -0.056023700 0.00000000000000000000 1.00000000000000000000 2 0 8 4 5 6 31 33 58 59 60 
33 2429 0.745967000 -0.058378300 0.00000000000000000000 1.00000000000000000000 2 0 8 5 6 7 32 34 59 60 61 
34 2430 0.728580000 -0.060689200 0.00000000000000000000 1.00000000000000000000 2 0 8 6 7 8 33 35 60 61 62 
35 2431 0.710835000 -0.062949900 0.00000000000000000000 1.00000000000000000000 2 0 8 7 8 9 34 36 61 62 63 
36 2432 0.692761000 -0.065153800 0.00000000000000000000 1.00000000000000000000 2 0 8 8 9 10 35 37 62 63 64 
37 2433 0.674384000 -0.067294100 0.00000000000000000000 1.00000000000000000000 2 0 8 9 10 11 36 38 63 64 65 
38 2434 0.655733000 -0.069364100 0.00000000000000000000 1.00000000000000000000 2 0 8 10 11 12 37 39 64 65 66 
39 2435 0.636837000 -0.071357100 0.00000000000000000000 1.00000000000000000000 2 0 8 11 12 13 38 40 65 66 67 
40 2436 0.617725000 -0.073266300 0.00000000000000000000 1.00000000000000000000 2 0 8 12 13 14 39 41 66 67 68 
41 2437 0.598426000 -0.075084800 0.00000000000000000000 1.00000000000000000000 2 0 8 13 14 15 40 42 67 68 69 
42 2438 0.578969000 -0.076805700 0.00000000000000000000 1.00000000000000000000 2 0 8 14 15 16 41 43 68 69 70 
43 2439 0.559386000 -0.078422300 0.00000000000000000000 1.00000000000000000000 2 0 8 15 16 17 42 44 69 70 71 
44 2440 0.539705000 -0.079927600 0.00000000000000000000 1.00000000000000000000 2 0 8 16 17 18 43 45 70 71 72 
45 2441 0.519958000 -0.081314900 0.00000000000000000000 1.00000000000000000000 2 0 8 17 18 19 44 46 71 72 73 
46 2442 0.500175000 -0.082577300 0.00000000000000000000 1.00000000000000000000 2 0 8 18 19 20 45 47 72 73 74 
47 2443 0.480386000 -0.083708100 0.00000000000000000000 1.00000000000000000000 2 0 8 19 20 21 46 48 73 74 75 
48 2444 0.460621000 -0.084700900 0.00000000000000000000 1.00000000000000000000 2 0 8 20 21 22 47 49 74 75 76 
49 2445 0.440912000 -0.085549100 0.00000000000000000000 1.00000000000000000000 2 0 8 21 22 23 48 50 75 76 77 
50 2446 0.421289000 -0.086246600 0.00000000000000000000 1.00000000000000000000 2 0 8 22 23 24 49 51 76 77 78 
51 2447 0.401782000 -0.086787500 0.00000000000000000000 1.00000000000000000000 2 0 8 23 24 25 50 52 77 78 79 
52 2448 0.382422000 -0.087166200 0.00000000000000000000 1.00000000000000000000 2 0 8 24 25 26 51 53 78 79 80 
53 2449 0.363238000 -0.087377300 0.00000000000000000000 1.00000000000000000000 2 0 8 25 26 27 52 604 79 80 607 
54 2450 0.844607000 -0.067107500 0.00000000000000000000 1.00000000000000000000 2 0 8 602 603 28 606 55 609 81 82 
55 2451 0.829809000 -0.070360700 0.00000000000000000000 1.00000000000000000000 2 0 8 603 28 29 54 56 81 82 83 
56 2452 0.814496000 -0.073564900 0.00000000000000000000 1.00000000000000000000 2 0 8 28 29 30 55 57 82 83 84 
57 2453 0.798690000 -0.076712500 0.00000000000000000000 1.00000000000000000000 2 0 8 29 30 31 56 58 83 84 85 
58 2454 0.782414000 -0.079795900 0.00000000000000000000 1.00000000000000000000 2 0 8 30 31 32 57 59 84 85 86 
59 2455 0.765695000 -0.082807400 0.00000000000000000000 1.00000000000000000000 2 0 8 31 32 33 58 60 85 86 87 
60 2456 0.748558000 -0.085739500 0.00000000000000000000 1.00000000000000000000 2 0 8 32 33 34 59 61 86 87 88 
61 2457 0.731028000 -0.088584700 0.00000000000000000000 1.00000000000000000000 2 0 8 33 34 35 60 62 87 88 89 
62 2458 0.713133000 -0.091335400 0.00000000000000000000 1.00000000000000000000 2 0 8 34 35 36 61 63 88 89 90 
63 2459 0.694900000 -0.093984200 0.00000000000000000000 1.00000000000000000000 2 0 8 35 36 37 62 64 89 90 91 
64 2460 0.676357000 -0.096523800 0.00000000000000000000 1.00000000000000000000 2 0 8 36 37 38 63 65 90 91 92 
65 2461 0.657532000 -0.098946700 0.00000000000000000000 1.00000000000000000000 2 0 8 37 38 39 64 66 91 92 93 
66 2462 0.638454000 -0.101246000 0.00000000000000000000 1.00000000000000000000 2 0 8 38 39 40 65 67 92 93 94 
67 2463 0.619152000 -0.103413000 0.00000000000000000000 1.00000000000000000000 2 0 8 39 40 41 66 68 93 94 95 
68 2464 0.599657000 -0.105443000 0.00000000000000000000 1.00000000000000000000 2 0 8 40 41 42 67 69 94 95 96 
69 2465 0.579998000 -0.107326000 0.00000000000000000000 1.00000000000000000000 2 0 8 41 42 43 68 70 95 96 97 
70 2466 0.560205000 -0.109057000 0.00000000000000000000 1.00000000000000000000 2 0 8 42 43 44 69 71 96 97 98 
71 2467 0.540309000 -0.110629000 0.00000000000000000000 1.00000000000000000000 2 0 8 43 44 45 70 72 97 98 99 
72 2468 0.520341000 -0.112034000 0.00000000000000000000 1.00000000000000000000 2 0 8 44 45 46 71 73 98 99 100 
73 2469 0.500330000 -0.113267000 0.00000000000000000000 1.00000000000000000000 2 0 8 45 46 47 72 74 99 100 101 
74 2470 0.480309000 -0.114320000 0.00000000000000000000 1.00000000000000000000 2 0 8 46 47 48 73 75 100 101 102 
75 2471 0.460308000 -0.115188000 0.00000000000000000000 1.00000000000000000000 2 0 8 47 48 49 74 76 101 102 103 
76 2472 0.440358000 -0.115864000 0.00000000000000000000 1.00000000000000000000 2 0 8 48 49 50 75 77 102 103 104 
77 2473 0.420489000 -0.116343000 0.00000000000000000000 1.00000000000000000000 2 0 8 49 50 51 76 78 103 104 105 
78 2474 0.400734000 -0.116619000 0.00000000000000000000 1.00000000000000000000 2 0 8 50 51 52 77 79 104 105 106 
79 2475 0.381122000 -0.116688000 0.00000000000000000000 1.00000000000000000000 2 0 8 51 52 53 78 80 105 106 107 
80 2476 0.361684000 -0.116546000 0.00000000000000000000 1.00000000000000000000 2 0 8 52 53 604 79 607 106 107 610 
81 2477 0.849225000 -0.090632400 0.00000000000000000000 1.00000000000000000000 2 0 8 606 54 55 609 82 611 108 109 
82 2478 0.834271000 -0.094676800 0.00000000000000000000 1.00000000000000000000 2 0 8 54 55 56 81 83 108 109 110 
83 2479 0.818792000 -0.098633800 0.00000000000000000000 1.00000000000000000000 2 0 8 55 56 57 82 84 109 110 111 
84 2480 0.802810000 -0.102495000 0.00000000000000000000 1.00000000000000000000 2 0 8 56 57 58 83 85 110 111 112 
85 2481 0.786349000 -0.106250000 0.00000000000000000000 1.00000000000000000000 2 0 8 57 58 59 84 86 111 112 113 
86 2482 0.769435000 -0.109892000 0.00000000000000000000 1.00000000000000000000 2 0 8 58 59 60 85 87 112 113 114 
87 2483 0.752093000 -0.113412000 0.00000000000000000000 1.00000000000000000000 2 0 8 59 60 61 86 88 113 114 115 
88 2484 0.734349000 -0.116802000 0.00000000000000000000 1.00000000000000000000 2 0 8 60 61 62 87 89 114 115 116 
89 2485 0.716232000 -0.120052000 0.00000000000000000000 1.00000000000000000000 2 0 8 61 62 63 88 90 115 116 117 
90 2486 0.697767000 -0.123155000 0.00000000000000000000 1.00000000000000000000 2 0 8 62 63 64 89 91 116 117 118 
91 2487 0.678984000 -0.126103000 0.00000000000000000000 1.00000000000000000000 2 0 8 63 64 65 90 92 117 118 119 
92 2488 0.659911000 -0.128888000 0.00000000000000000000 1.00000000000000000000 2 0 8 64 65 66 91 93 118 119 120 
93 2489 0.640577000 -0.131501000 0.00000000000000000000 1.00000000000000000000 2 0 8 65 66 67 92 94 119 120 121 
94 2490 0.621012000 -0.133936000 0.00000000000000000000 1.00000000000000000000 2 0 8 66 67 68 93 95 120 121 122 
95 2491 0.601246000 -0.136184000 0.00000000000000000000 1.00000000000000000000 2 0 8 67 68 69 94 96 121 122 123 
96 2492 0.581309000 -0.138238000 0.00000000000000000000 1.00000000000000000000 2 0 8 68 69 70 95 97 122 123 124 
97 2493 0.561231000 -0.140091000 0.00000000000000000000 1.00000000000000000000 2 0 8 69 70 71 96 98 123 124 125 
98 2494 0.541045000 -0.141736000 0.00000000000000000000 1.00000000000000000000 2 0 8 70 71 72 97 99 124 125 126 
99 2495 0.520780000 -0.143166000 0.00000000000000000000 1.00000000000000000000 2 0 8 71 72 73 98 100 125 126 127 
100 2496 0.500469000 -0.144374000 0.00000000000000000000 1.00000000000000000000 2 0 8 72 73 74 99 101 126 127 128 
101 2497 0.480141000 -0.145355000 0.00000000000000000000 1.00000000000000000000 2 0 8 73 74 75 100 102 127 128 129 
102 2498 0.459830000 -0.146103000 0.00000000000000000000 1.00000000000000000000 2 0 8 74 75 76 101 103 128 129 130 
103 2499 0.439566000 -0.146611000 0.00000000000000000000 1.00000000000000000000 2 0 8 75 76 77 102 104 129 130 131 
104 2500 0.419382000 -0.146876000 0.00000000000000000000 1.00000000000000000000 2 0 8 76 77 78 103 105 130 131 132 
105 2501 0.399307000 -0.146891000 0.00000000000000000000 1.00000000000000000000 2 0 8 77 78 79 104 106 131 132 133 
106 2502 0.379374000 -0.146654000 0.00000000000000000000 1.00000000000000000000 2 0 8 78 79 80 105 107 132 133 134 
107 2503 0.359614000 -0.146159000 0.00000000000000000000 1.00000000000000000000 2 0 8 79 80 607 106 610 133 134 612 
108 2504 0.855206000 -0.114490000 0.00000000000000000000 1.00000000000000000000 2 0 8 609 81 82 611 109 613 135 136 
109 2505 0.840032000 -0.119341000 0.00000000000000000000 1.00000000000000000000 2 0 8 81 82 83 108 110 135 136 137 
110 2506 0.824320000 -0.124066000 0.00000000000000000000 1.00000000000000000000 2 0 8 82 83 84 109 111 136 137 138 
111 2507 0.808095000 -0.128654000 0.00000000000000000000 1.00000000000000000000 2 0 8 83 84 85 110 112 137 138 139 
112 2508 0.791380000 -0.133096000 0.00000000000000000000 1.00000000000000000000 2 0 8 84 85 86 111 113 138 139 140 
113 2509 0.774201000 -0.137382000 0.00000000000000000000 1.00000000000000000000 2 0 8 85 86 87 112 114 139 140 141 
114 2510 0.756584000 -0.141502000 0.00000000000000000000 1.00000000000000000000 2 0 8 86 87 88 113 115 140 141 142 
115 2511 0.738556000 -0.145448000 0.00000000000000000000 1.00000000000000000000 2 0 8 87 88 89 114 116 141 142 143 
116 2512 0.720143000 -0.149210000 0.00000000000000000000 1.00000000000000000000 2 0 8 88 89 90 115 117 142 143 144 
117 2513 0.701373000 -0.152779000 0.00000000000000000000 1.00000000000000000000 2 0 8 89 90 91 116 118 143 144 145 
118 2514 0.682276000 -0.156145000 0.00000000000000000000 1.00000000000000000000 2 0 8 90 91 92 117 119 144 145 146 
119 2515 0.662880000 -0.159302000 0.00000000000000000000 1.00000000000000000000 2 0 8 91 92 93 118 120 145 146 147 
120 2516 0.643215000 -0.162239000 0.00000000000000000000 1.00000000000000000000 2 0 8 92 93 94 119 121 146 147 148 
121 2517 0.623311000 -0.164949000 0.00000000000000000000 1.00000000000000000000 2 0 8 93 94 95 120 122 147 148 149 
122 2518 0.603198000 -0.167425000 0.00000000000000000000 1.00000000000000000000 2 0 8 94 95 96 121 123 148 149 150 
123 2519 0.582907000 -0.169657000 0.00000000000000000000 1.00000000000000000000 2 0 8 95 96 97 122 124 149 150 151 
124 2520 0.562469000 -0.171639000 0.00000000000000000000 1.00000000000000000000 2 0 8 96 97 98 123 125 150 151 152 
125 2521 0.541916000 -0.173364000 0.00000000000000000000 1.00000000000000000000 2 0 8 97 98 99 124 126 151 152 153 
126 2522 0.521280000 -0.174825000 0.00000000000000000000 1.00000000000000000000 2 0 8 98 99 100 125 127 152 153 154 
127 2523 0.500592000 -0.176016000 0.00000000000000000000 1.00000000000000000000 2 0 8 99 100 101 126 128 153 154 155 
128 2524 0.479884000 -0.176929000 0.00000000000000000000 1.00000000000000000000 2 0 8 100 101 102 127 129 154 155 156 
129 2525 0.459188000 -0.177561000 0.00000000000000000000 1.00000000000000000000 2 0 8 101 102 103 128 130 155 156 157 
130 2526 0.438537000 -0.177906000 0.00000000000000000000 1.00000000000000000000 2 0 8 102 103 104 129 131 156 157 158 
131 2527 0.417963000 -0.177958000 0.00000000000000000000 1.00000000000000000000 2 0 8 103 104 105 130 132 157 158 159 
132 2528 0.397498000 -0.177714000 0.00000000000000000000 1.00000000000000000000 2 0 8 104 105 106 131 133 158 159 160 
133 2529 0.377173000 -0.177171000 0.00000000000000000000 1.00000000000000000000 2 0 8 105 106 107 132 134 159 160 161 
134 2530 0.357021000 -0.176324000 0.00000000000000000000 1.00000000000000000000 2 0 8 106 107 610 133 612 160 161 614 
135 2531 0.862569000 -0.138771000 0.00000000000000000000 1.00000000000000000000 2 0 8 611 108 109 613 136 615 162 163 
136 2532 0.847110000 -0.144448000 0.00000000000000000000 1.00000000000000000000 2 0 8 108 109 110 135 137 162 163 164 
137 2533 0.831100000 -0.149957000 0.00000000000000000000 1.00000000000000000000 2 0 8 109 110 111 136 138 163 164 165 
138 2534 0.814564000 -0.155290000 0.00000000000000000000 1.00000000000000000000 2 0 8 110 111 112 137 139 164 165 166 
139 2535 0.797526000 -0.160434000 0.00000000000000000000 1.00000000000000000000 2 0 8 111 112 113 138 140 165 166 167 
140 2536 0.780013000 -0.165380000 0.00000000000000000000 1.00000000000000000000 2 0 8 112 113 114 139 141 166 167 168 
141 2537 0.762049000 -0.170116000 0.00000000000000000000 1.00000000000000000000 2 0 8 113 114 115 140 142 167 168 169 
142 2538 0.743662000 -0.174632000 0.00000000000000000000 1.00000000000000000000 2 0 8 114 115 116 141 143 168 169 170 
143 2539 0.724881000 -0.178919000 0.00000000000000000000 1.00000000000000000000 2 0 8 115 116 117 142 144 169 170 171 
144 2540 0.705732000 -0.182966000 0.00000000000000000000 1.00000000000000000000 2 0 8 116 117 118 143 145 170 171 172 
145 2541 0.686246000 -0.186764000 0.00000000000000000000 1.00000000000000000000 2 0 8 117 118 119 144 146 171 172 173 
146 2542 0.666451000 -0.190304000 0.00000000000000000000 1.00000000000000000000 2 0 8 118 119 120 145 147 172 173 174 
147 2543 0.646378000 -0.193576000 0.00000000000000000000 1.00000000000000000000 2 0 8 119 120 121 146 148 173 174 175 
148 2544 0.626058000 -0.196572000 0.00000000000000000000 1.00000000000000000000 2 0 8 120 121 122 147 149 174 175 176 
149 2545 0.605521000 -0.199284000 0.00000000000000000000 1.00000000000000000000 2 0 8 121 122 123 148 150 175 176 177 
150 2546 0.584799000 -0.201703000 0.00000000000000000000 1.00000000000000000000 2 0 8 122 123 124 149 151 176 177 178 
151 2547 0.563924000 -0.203822000 0.00000000000000000000 1.00000000000000000000 2 0 8 123 124 125 150 152 177 178 179 
152 2548 0.542928000 -0.205634000 0.00000000000000000000 1.00000000000000000000 2 0 8 124 125 126 151 153 178 179 180 
153 2549 0.521842000 -0.207132000 0.00000000000000000000 1.00000000000000000000 2 0 8 125 126 127 152 154 179 180 181 
154 2550 0.500701000 -0.208309000 0.00000000000000000000 1.00000000000000000000 2 0 8 126 127 128 153 155 180 181 182 
155 2551 0.479536000 -0.209160000 0.00000000000000000000 1.00000000000000000000 2 0 8 127 128 129 154 156 181 182 183 
156 2552 0.458381000 -0.209679000 0.00000000000000000000 1.00000000000000000000 2 0 8 128 129 130 155 157 182 183 184 
157 2553 0.437267000 -0.209862000 0.00000000000000000000 1.00000000000000000000 2 0 8 129 130 131 156 158 183 184 185 
158 2554 0.416229000 -0.209703000 0.00000000000000000000 1.00000000000000000000 2 0 8 130 131 132 157 159 184 185 186 
159 2555 0.395299000 -0.209201000 0.00000000000000000000 1.00000000000000000000 2 0 8 131 132 133 158 160 185 186 187 
160 2556 0.374510000 -0.208350000 0.00000000000000000000 1.00000000000000000000 2 0 8 132 133 134 159 161 186 187 188 
161 2557 0.353895000 -0.207150000 0.00000000000000000000 1.00000000000000000000 2 0 8 133 134 612 160 614 187 188 616 
162 2558 0.871340000 -0.163568000 0.00000000000000000000 1.00000000000000000000 2 0 8 613 135 136 615 163 617 189 190 
163 2559 0.855529000 -0.170090000 0.00000000000000000000 1.00000000000000000000 2 0 8 135 136 137 162 164 189 190 191 
164 2560 0.839154000 -0.176406000 0.00000000000000000000 1.00000000000000000000 2 0 8 136 137 138 163 165 190 191 192 
165 2561 0.822239000 -0.182503000 0.00000000000000000000 1.00000000000000000000 2 0 8 137 138 139 164 166 191 192 193 
166 2562 0.804809000 -0.188369000 0.00000000000000000000 1.00000000000000000000 2 0 8 138 139 140 165 167 192 193 194 
167 2563 0.786889000 -0.193992000 0.00000000000000000000 1.00000000000000000000 2 0 8 139 140 141 166 168 193 194 195 
168 2564 0.768506000 -0.199361000 0.00000000000000000000 1.00000000000000000000 2 0 8 140 141 142 167 169 194 195 196 
169 2565 0.749688000 -0.204465000 0.00000000000000000000 1.00000000000000000000 2 0 8 141 142 143 168 170 195 196 197 
170 2566 0.730463000 -0.209292000 0.00000000000000000000 1.00000000000000000000 2 0 8 142 143 144 169 171 196 197 198 
171 2567 0.710859000 -0.213832000 0.00000000000000000000 1.00000000000000000000 2 0 8 143 144 145 170 172 197 198 199 
172 2568 0.690907000 -0.218075000 0.00000000000000000000 1.00000000000000000000 2 0 8 144 145 146 171 173 198 199 200 
173 2569 0.670637000 -0.222011000 0.00000000000000000000 1.00000000000000000000 2 0 8 145 146 147 172 174 199 200 201 
174 2570 0.650079000 -0.225630000 0.00000000000000000000 1.00000000000000000000 2 0 8 146 147 148 173 175 200 201 202 
175 2571 0.629265000 -0.228922000 0.00000000000000000000 1.00000000000000000000 2 0 8 147 148 149 174 176 201 202 203 
176 2572 0.608225000 -0.231880000 0.00000000000000000000 1.00000000000000000000 2 0 8 148 149 150 175 177 202 203 204 
177 2573 0.586994000 -0.234495000 0.00000000000000000000 1.00000000000000000000 2 0 8 149 150 151 176 178 203 204 205 
178 2574 0.565602000 -0.236759000 0.00000000000000000000 1.00000000000000000000 2 0 8 150 151 152 177 179 204 205 206 
179 2575 0.544084000 -0.238665000 0.00000000000000000000 1.00000000000000000000 2 0 8 151 152 153 178 180 205 206 207 
180 2576 0.522471000 -0.240205000 0.00000000000000000000 1.00000000000000000000 2 0 8 152 153 154 179 181 206 207 208 
181 2577 0.500798000 -0.241374000 0.00000000000000000000 1.00000000000000000000 2 0 8 153 154 155 180 182 207 208 209 
182 2578 0.479098000 -0.242166000 0.00000000000000000000 1.00000000000000000000 2 0 8 154 155 156 181 183 208 209 210 
183 2579 0.457405000 -0.242575000 0.00000000000000000000 1.00000000000000000000 2 0 8 155 156 157 182 184 209 210 211 
184 2580 0.435753000 -0.242597000 0.00000000000000000000 1.00000000000000000000 2 0 8 156 157 158 183 185 210 211 212 
185 2581 0.414175000 -0.242228000 0.00000000000000000000 1.00000000000000000000 2 0 8 157 158 159 184 186 211 212 213 
186 2582 0.392705000 -0.241465000 0.00000000000000000000 1.00000000000000000000 2 0 8 158 159 160 185 187 212 213 214 
187 2583 0.371377000 -0.240306000 0.00000000000000000000 1.00000000000000000000 2 0 8 159 160 161 186 188 213 214 215 
188 2584 0.350225000 -0.238748000 0.00000000000000000000 1.00000000000000000000 2 0 8 160 161 614 187 616 214 215 618 
189 2585 0.881546000 -0.188973000 0.00000000000000000000 1.00000000000000000000 2 0 8 615 162 163 617 190 619 216 217 
190 2586 0.865319000 -0.196367000 0.00000000000000000000 1.00000000000000000000 2 0 8 162 163 164 189 191 216 217 218 
191 2587 0.848511000 -0.203512000 0.00000000000000000000 1.00000000000000000000 2 0 8 163 164 165 190 192 217 218 219 
192 2588 0.831148000 -0.210396000 0.00000000000000000000 1.00000000000000000000 2 0 8 164 165 166 191 193 218 219 220 
193 2589 0.813253000 -0.217005000 0.00000000000000000000 1.00000000000000000000 2 0 8 165 166 167 192 194 219 220 221 
194 2590 0.794855000 -0.223327000 0.00000000000000000000 1.00000000000000000000 2 0 8 166 167 168 193 195 220 221 222 
195 2591 0.775979000 -0.229349000 0.00000000000000000000 1.00000000000000000000 2 0 8 167 168 169 194 196 221 222 223 
196 2592 0.756655000 -0.235058000 0.00000000000000000000 1.00000000000000000000 2 0 8 168 169 170 195 197 222 223 224 
197 2593 0.736910000 -0.240444000 0.00000000000000000000 1.00000000000000000000 2 0 8 169 170 171 196 198 223 224 225 
198 2594 0.716775000 -0.245493000 0.00000000000000000000 1.00000000000000000000 2 0 8 170 171 172 197 199 224 225 226 
199 2595 0.696279000 -0.250197000 0.00000000000000000000 1.00000000000000000000 2 0 8 171 172 173 198 200 225 226 227 
200 2596 0.675454000 -0.254543000 0.00000000000000000000 1.00000000000000000000 2 0 8 172 173 174 199 201 226 227 228 
201 2597 0.654331000 -0.258521000 0.00000000000000000000 1.00000000000000000000 2 0 8 173 174 175 200 202 227 228 229 
202 2598 0.632943000 -0.262122000 0.00000000000000000000 1.00000000000000000000 2 0 8 174 175 176 201 203 228 229 230 
203 2599 0.611321000 -0.265338000 0.00000000000000000000 1.00000000000000000000 2 0 8 175 176 177 202 204 229 230 231 
204 2600 0.589500000 -0.268158000 0.00000000000000000000 1.00000000000000000000 2 0 8 176 177 178 203 205 230 231 232 
205 2601 0.567511000 -0.270575000 0.00000000000000000000 1.00000000000000000000 2 0 8 177 178 179 204 206 231 232 233 
206 2602 0.545390000 -0.272581000 0.00000000000000000000 1.00000000000000000000 2 0 8 178 179 180 205 207 232 233 234 
207 2603 0.523169000 -0.274170000 0.00000000000000000000 1.00000000000000000000 2 0 8 179 180 181 206 208 233 234 235 
208 2604 0.500884000 -0.275335000 0.00000000000000000000 1.00000000000000000000 2 0 8 180 181 182 207 209 234 235 236 
209 2605 0.478570000 -0.276070000 0.00000000000000000000 1.00000000000000000000 2 0 8 181 182 183 208 210 235 236 237 
210 2606 0.456259000 -0.276371000 0.00000000000000000000 1.00000000000000000000 2 0 8 182 183 184 209 211 236 237 238 
211 2607 0.433989000 -0.276233000 0.00000000000000000000 1.00000000000000000000 2 0 8 183 184 185 210 212 237 238 239 
212 2608 0.411793000 -0.275652000 0.00000000000000000000 1.00000000000000000000 2 0 8 184 185 186 211 213 238 239 240 
213 2609 0.389705000 -0.274626000 0.00000000000000000000 1.00000000000000000000 2 0 8 185 186 187 212 214 239 240 241 
214 2610 0.367762000 -0.273154000 0.00000000000000000000 1.00000000000000000000 2 0 8 186 187 188 213 215 240 241 242 
215 2611 0.345998000 -0.271233000 0.00000000000000000000 1.00000000000000000000 2 0 8 187 188 616 214 618 241 242 620 
216 2612 0.893224000 -0.215083000 0.00000000000000000000 1.00000000000000000000 2 0 8 617 189 190 619 217 621 243 244 
217 2613 0.876513000 -0.223376000 0.00000000000000000000 1.00000000000000000000 2 0 8 189 190 191 216 218 243 244 245 
218 2614 0.859204000 -0.231378000 0.00000000000000000000 1.00000000000000000000 2 0 8 190 191 192 217 219 244 245 246 
219 2615 0.841321000 -0.239075000 0.00000000000000000000 1.00000000000000000000 2 0 8 191 192 193 218 220 245 246 247 
220 2616 0.822890000 -0.246453000 0.00000000000000000000 1.00000000000000000000 2 0 8 192 193 194 219 221 246 247 248 
221 2617 0.803939000 -0.253496000 0.00000000000000000000 1.00000000000000000000 2 0 8 193 194 195 220 222 247 248 249 
222 2618 0.784495000 -0.260193000 0.00000000000000000000 1.00000000000000000000 2 0 8 194 195 196 221 223 248 249 250 
223 2619 0.764587000 -0.266529000 0.00000000000000000000 1.00000000000000000000 2 0 8 195 196 197 222 224 249 250 251 
224 2620 0.744245000 -0.272492000 0.00000000000000000000 1.00000000000000000000 2 0 8 196 197 198 223 225 250 251 252 
225 2621 0.723499000 -0.278070000 0.00000000000000000000 1.00000000000000000000 2 0 8 197 198 199 224 226 251 252 253 
226 2622 0.702380000 -0.283250000 0.00000000000000000000 1.00000000000000000000 2 0 8 198 199 200 225 227 252 253 254 
227 2623 0.680921000 -0.288022000 0.00000000000000000000 1.00000000000000000000 2 0 8 199 200 201 226 228 253 254 255 
228 2624 0.659152000 -0.292374000 0.00000000000000000000 1.00000000000000000000 2 0 8 200 201 202 227 229 254 255 256 
229 2625 0.637108000 -0.296297000 0.00000000000000000000 1.00000000000000000000 2 0 8 201 202 203 228 230 255 256 257 
230 2626 0.614821000 -0.299780000 0.00000000000000000000 1.00000000000000000000 2 0 8 202 203 204 229 231 256 257 258 
231 2627 0.592327000 -0.302816000 0.00000000000000000000 1.00000000000000000000 2 0 8 203 204 205 230 232 257 258 259 
232 2628 0.569658000 -0.305394000 0.00000000000000000000 1.00000000000000000000 2 0 8 204 205 206 231 233 258 259 260 
233 2629 0.546851000 -0.307508000 0.00000000000000000000 1.00000000000000000000 2 0 8 205 206 207 232 234 259 260 261 
234 2630 0.523940000 -0.309151000 0.00000000000000000000 1.00000000000000000000 2 0 8 206 207 208 233 235 260 261 262 
235 2631 0.500961000 -0.310316000 0.00000000000000000000 1.00000000000000000000 2 0 8 207 208 209 234 236 261 262 263 
236 2632 0.477949000 -0.310997000 0.00000000000000000000 1.00000000000000000000 2 0 8 208 209 210 235 237 262 263 264 
237 2633 0.454940000 -0.311191000 0.00000000000000000000 1.00000000000000000000 2 0 8 209 210 211 236 238 263 264 265 
238 2634 0.431970000 -0.310892000 0.00000000000000000000 1.00000000000000000000 2 0 8 210 211 212 237 239 264 265 266 
239 2635 0.409075000 -0.310098000 0.00000000000000000000 1.00000000000000000000 2 0 8 211 212 213 238 240 265 266 267 
240 2636 0.386290000 -0.308805000 0.00000000000000000000 1.00000000000000000000 2 0 8 212 213 214 239 241 266 267 268 
241 2637 0.363653000 -0.307014000 0.00000000000000000000 1.00000000000000000000 2 0 8 213 214 215 240 242 267 268 269 
242 2638 0.341198000 -0.304723000 0.00000000000000000000 1.00000000000000000000 2 0 8 214 215 618 241 620 268 269 622 
243 2639 0.906414000 -0.241997000 0.00000000000000000000 1.00000000000000000000 2 0 8 619 216 217 621 244 623 270 271 
244 2640 0.889151000 -0.251221000 0.00000000000000000000 1.00000000000000000000 2 0 8 216 217 218 243 245 270 271 272 
245 2641 0.871270000 -0.260110000 0.00000000000000000000 1.00000000000000000000 2 0 8 217 218 219 244 246 271 272 273 
246 2642 0.852795000 -0.268649000 0.00000000000000000000 1.00000000000000000000 2 0 8 218 219 220 245 247 272 273 274 
247 2643 0.833754000 -0.276821000 0.00000000000000000000 1.00000000000000000000 2 0 8 219 220 221 246 248 273 274 275 
248 2644 0.814175000 -0.284613000 0.00000000000000000000 1.00000000000000000000 2 0 8 220 221 222 247 249 274 275 276 
249 2645 0.794085000 -0.292009000 0.00000000000000000000 1.00000000000000000000 2 0 8 221 222 223 248 250 275 276 277 
250 2646 0.773516000 -0.298995000 0.00000000000000000000 1.00000000000000000000 2 0 8 222 223 224 249 251 276 277 278 
251 2647 0.752496000 -0.305557000 0.00000000000000000000 1.00000000000000000000 2 0 8 223 224 225 250 252 277 278 279 
252 2648 0.731059000 -0.311683000 0.00000000000000000000 1.00000000000000000000 2 0 8 224 225 226 251 253 278 279 280 
253 2649 0.709235000 -0.317359000 0.00000000000000000000 1.00000000000000000000 2 0 8 225 226 227 252 254 279 280 281 
254 2650 0.687057000 -0.322574000 0.00000000000000000000 1.00000000000000000000 2 0 8 226 227 228 253 255 280 281 282 
255 2651 0.664559000 -0.327315000 0.00000000000000000000 1.00000000000000000000 2 0 8 227 228 229 254 256 281 282 283 
256 2652 0.641774000 -0.331574000 0.00000000000000000000 1.00000000000000000000 2 0 8 228 229 230 255 257 282 283 284 
257 2653 0.618739000 -0.335338000 0.00000000000000000000 1.00000000000000000000 2 0 8 229 230 231 256 258 283 284 285 
258 2654 0.595486000 -0.338599000 0.00000000000000000000 1.00000000000000000000 2 0 8 230 231 232 257 259 284 285 286 
259 2655 0.572053000 -0.341348000 0.00000000000000000000 1.00000000000000000000 2 0 8 231 232 233 258 260 285 286 287 
260 2656 0.548475000 -0.343577000 0.00000000000000000000 1.00000000000000000000 2 0 8 232 233 234 259 261 286 287 288 
261 2657 0.524788000 -0.345279000 0.00000000000000000000 1.00000000000000000000 2 0 8 233 234 235 260 262 287 288 289 
262 2658 0.501029000 -0.346448000 0.00000000000000000000 1.00000000000000000000 2 0 8 234 235 236 261 263 288 289 290 
263 2659 0.477234000 -0.347078000 0.00000000000000000000 1.00000000000000000000 2 0 8 235 236 237 262 264 289 290 291 
264 2660 0.453442000 -0.347164000 0.00000000000000000000 1.00000000000000000000 2 0 8 236 237 238 263 265 290 291 292 
265 2661 0.429688000 -0.346703000 0.00000000000000000000 1.00000000000000000000 2 0 8 237 238 239 264 266 291 292 293 
266 2662 0.406011000 -0.345691000 0.00000000000000000000 1.00000000000000000000 2 0 8 238 239 240 265 267 292 293 294 
267 2663 0.382447000 -0.344128000 0.00000000000000000000 1.00000000000000000000 2 0 8 239 240 241 266 268 293 294 295 
268 2664 0.359034000 -0.342011000 0.00000000000000000000 1.00000000000000000000 2 0 8 240 241 242 267 269 294 295 296 
269 2665 0.335808000 -0.339341000 0.00000000000000000000 1.00000000000000000000 2 0 8 241 242 620 268 622 295 296 624 
270 2666 0.921161000 -0.269818000 0.00000000000000000000 1.00000000000000000000 2 0 8 621 243 244 623 271 625 297 298 
271 2667 0.903277000 -0.280007000 0.00000000000000000000 1.00000000000000000000 2 0 8 243 244 245 270 272 297 298 299 
272 2668 0.884751000 -0.289816000 0.00000000000000000000 1.00000000000000000000 2 0 8 244 245 246 271 273 298 299 300 
273 2669 0.865611000 -0.299228000 0.00000000000000000000 1.00000000000000000000 2 0 8 245 246 247 272 274 299 300 301 
274 2670 0.845884000 -0.308226000 0.00000000000000000000 1.00000000000000000000 2 0 8 246 247 248 273 275 300 301 302 
275 2671 0.825598000 -0.316795000 0.00000000000000000000 1.00000000000000000000 2 0 8 247 248 249 274 276 301 302 303 
276 2672 0.804784000 -0.324917000 0.00000000000000000000 1.00000000000000000000 2 0 8 248 249 250 275 277 302 303 304 
277 2673 0.783472000 -0.332578000 0.00000000000000000000 1.00000000000000000000 2 0 8 249 250 251 276 278 303 304 305 
278 2674 0.761693000 -0.339764000 0.00000000000000000000 1.00000000000000000000 2 0 8 250 251 252 277 279 304 305 306 
279 2675 0.739481000 -0.346460000 0.00000000000000000000 1.00000000000000000000 2 0 8 251 252 253 278 280 305 306 307 
280 2676 0.716867000 -0.352652000 0.00000000000000000000 1.00000000000000000000 2 0 8 252 253 254 279 281 306 307 308 
281 2677 0.693886000 -0.358328000 0.00000000000000000000 1.00000000000000000000 2 0 8 253 254 255 280 282 307 308 309 
282 2678 0.670572000 -0.363476000 0.00000000000000000000 1.00000000000000000000 2 0 8 254 255 256 281 283 308 309 310 
283 2679 0.646961000 -0.368085000 0.00000000000000000000 1.00000000000000000000 2 0 8 255 256 257 282 284 309 310 311 
284 2680 0.623088000 -0.372143000 0.00000000000000000000 1.00000000000000000000 2 0 8 256 257 258 283 285 310 311 312 
285 2681 0.598990000 -0.375641000 0.00000000000000000000 1.00000000000000000000 2 0 8 257 258 259 284 286 311 312 313 
286 2682 0.574704000 -0.378570000 0.00000000000000000000 1.00000000000000000000 2 0 8 258 259 260 285 287 312 313 314 
287 2683 0.550266000 -0.380921000 0.00000000000000000000 1.00000000000000000000 2 0 8 259 260 261 286 288 313 314 315 
288 2684 0.525715000 -0.382688000 0.00000000000000000000 1.00000000000000000000 2 0 8 260 261 262 287 289 314 315 316 
289 2685 0.501088000 -0.383864000 0.00000000000000000000 1.00000000000000000000 2 0 8 261 262 263 288 290 315 316 317 
290 2686 0.476424000 -0.384444000 0.00000000000000000000 1.00000000000000000000 2 0 8 262 263 264 289 291 316 317 318 
291 2687 0.451761000 -0.384423000 0.00000000000000000000 1.00000000000000000000 2 0 8 263 264 265 290 292 317 318 319 
292 2688 0.427137000 -0.383797000 0.00000000000000000000 1.00000000000000000000 2 0 8 264 265 266 291 293 318 319 320 
293 2689 0.402591000 -0.382564000 0.00000000000000000000 1.00000000000000000000 2 0 8 265 266 267 292 294 319 320 321 
294 2690 0.378163000 -0.380723000 0.00000000000000000000 1.00000000000000000000 2 0 8 266 267 268 293 295 320 321 322 
295 2691 0.353889000 -0.378272000 0.00000000000000000000 1.00000000000000000000 2 0 8 267 268 269 294 296 321 322 323 
296 2692 0.329809000 -0.375213000 0.00000000000000000000 1.00000000000000000000 2 0 8 268 269 622 295 624 322 323 626 
297 2693 0.937519000 -0.298649000 0.00000000000000000000 1.00000000000000000000 2 0 8 623 270 271 625 298 627 324 325 
298 2694 0.918941000 -0.309842000 0.00000000000000000000 1.00000000000000000000 2 0 8 270 271 272 297 299 324 325 326 
299 2695 0.899697000 -0.320608000 0.00000000000000000000 1.00000000000000000000 2 0 8 271 272 273 298 300 325 326 327 
300 2696 0.879814000 -0.330929000 0.00000000000000000000 1.00000000000000000000 2 0 8 272 273 274 299 301 326 327 328 
301 2697 0.859323000 -0.340786000 0.00000000000000000000 1.00000000000000000000 2 0 8 273 274 275 300 302 327 328 329 
302 2698 0.838251000 -0.350162000 0.00000000000000000000 1.00000000000000000000 2 0 8 274 275 276 301 303 328 329 330 
303 2699 0.816631000 -0.359041000 0.00000000000000000000 1.00000000000000000000 2 0 8 275 276 277 302 304 329 330 331 
304 2700 0.794493000 -0.367406000 0.00000000000000000000 1.00000000000000000000 2 0 8 276 277 278 303 305 330 331 332 
305 2701 0.771870000 -0.375241000 0.00000000000000000000 1.00000000000000000000 2 0 8 277 278 279 304 306 331 332 333 
306 2702 0.748796000 -0.382531000 0.00000000000000000000 1.00000000000000000000 2 0 8 278 279 280 305 307 332 333 334 
307 2703 0.725306000 -0.389261000 0.00000000000000000000 1.00000000000000000000 2 0 8 279 280 281 306 308 333 334 335 
308 2704 0.701433000 -0.395419000 0.00000000000000000000 1.00000000000000000000 2 0 8 280 281 282 307 309 334 335 336 
309 2705 0.677215000 -0.400992000 0.00000000000000000000 1.00000000000000000000 2 0 8 281 282 283 308 310 335 336 337 
310 2706 0.652687000 -0.405966000 0.00000000000000000000 1.00000000000000000000 2 0 8 282 283 284 309 311 336 337 338 
311 2707 0.627887000 -0.410332000 0.00000000000000000000 1.00000000000000000000 2 0 8 283 284 285 310 312 337 338 339 
312 2708 0.602853000 -0.414079000 0.00000000000000000000 1.00000000000000000000 2 0 8 284 285 286 311 313 338 339 340 
313 2709 0.577622000 -0.417198000 0.00000000000000000000 1.00000000000000000000 2 0 8 285 286 287 312 314 339 340 341 
314 2710 0.552234000 -0.419680000 0.00000000000000000000 1.00000000000000000000 2 0 8 286 287 288 313 315 340 341 342 
315 2711 0.526727000 -0.421518000 0.00000000000000000000 1.00000000000000000000 2 0 8 287 288 289 314 316 341 342 343 
316 2712 0.501141000 -0.422704000 0.00000000000000000000 1.00000000000000000000 2 0 8 288 289 290 315 317 342 343 344 
317 2713 0.475516000 -0.423235000 0.00000000000000000000 1.00000000000000000000 2 0 8 289 290 291 316 318 343 344 345 
318 2714 0.449891000 -0.423105000 0.00000000000000000000 1.00000000000000000000 2 0 8 290 291 292 317 319 344 345 346 
319 2715 0.424307000 -0.422312000 0.00000000000000000000 1.00000000000000000000 2 0 8 291 292 293 318 320 345 346 347 
320 2716 0.398803000 -0.420852000 0.00000000000000000000 1.00000000000000000000 2 0 8 292 293 294 319 321 346 347 348 
321 2717 0.373420000 -0.418725000 0.00000000000000000000 1.00000000000000000000 2 0 8 293 294 295 320 322 347 348 349 
322 2718 0.348198000 -0.415931000 0.00000000000000000000 1.00000000000000000000 2 0 8 294 295 296 321 323 348 349 350 
323 2719 0.323177000 -0.412471000 0.00000000000000000000 1.00000000000000000000 2 0 8 295 296 624 322 626 349 350 628 
324 2720 0.955546000 -0.328601000 0.00000000000000000000 1.00000000000000000000 2 0 8 625 297 298 627 325 629 351 352 
325 2721 0.936199000 -0.340840000 0.00000000000000000000 1.00000000000000000000 2 0 8 297 298 299 324 326 351 352 353 
326 2722 0.916160000 -0.352602000 0.00000000000000000000 1.00000000000000000000 2 0 8 298 299 300 325 327 352 353 354 
327 2723 0.895457000 -0.363870000 0.00000000000000000000 1.00000000000000000000 2 0 8 299 300 301 326 328 353 354 355 
328 2724 0.874120000 -0.374623000 0.00000000000000000000 1.00000000000000000000 2 0 8 300 301 302 327 329 354 355 356 
329 2725 0.852180000 -0.384842000 0.00000000000000000000 1.00000000000000000000 2 0 8 301 302 303 328 330 355 356 357 
330 2726 0.829669000 -0.394509000 0.00000000000000000000 1.00000000000000000000 2 0 8 302 303 304 329 331 356 357 358 
331 2727 0.806619000 -0.403608000 0.00000000000000000000 1.00000000000000000000 2 0 8 303 304 305 330 332 357 358 359 
332 2728 0.783064000 -0.412120000 0.00000000000000000000 1.00000000000000000000 2 0 8 304 305 306 331 333 358 359 360 
333 2729 0.759040000 -0.420031000 0.00000000000000000000 1.00000000000000000000 2 0 8 305 306 307 332 334 359 360 361 
334 2730 0.734583000 -0.427324000 0.00000000000000000000 1.00000000000000000000 2 0 8 306 307 308 333 335 360 361 362 
335 2731 0.709727000 -0.433985000 0.00000000000000000000 1.00000000000000000000 2 0 8 307 308 309 334 336 361 362 363 
336 2732 0.684512000 -0.440002000 0.00000000000000000000 1.00000000000000000000 2 0 8 308 309 310 335 337 362 363 364 
337 2733 0.658974000 -0.445360000 0.00000000000000000000 1.00000000000000000000 2 0 8 309 310 311 336 338 363 364 365 
338 2734 0.633153000 -0.450049000 0.00000000000000000000 1.00000000000000000000 2 0 8 310 311 312 337 339 364 365 366 
339 2735 0.607088000 -0.454058000 0.00000000000000000000 1.00000000000000000000 2 0 8 311 312 313 338 340 365 366 367 
340 2736 0.580819000 -0.457377000 0.00000000000000000000 1.00000000000000000000 2 0 8 312 313 314 339 341 366 367 368 
341 2737 0.554385000 -0.459997000 0.00000000000000000000 1.00000000000000000000 2 0 8 313 314 315 340 342 367 368 369 
342 2738 0.527828000 -0.461911000 0.00000000000000000000 1.00000000000000000000 2 0 8 314 315 316 341 343 368 369 370 
343 2739 0.501188000 -0.463112000 0.00000000000000000000 1.00000000000000000000 2 0 8 315 316 317 342 344 369 370 371 
344 2740 0.474507000 -0.463595000 0.00000000000000000000 1.00000000000000000000 2 0 8 316 317 318 343 345 370 371 372 
345 2741 0.447826000 -0.463355000 0.00000000000000000000 1.00000000000000000000 2 0 8 317 318 319 344 346 371 372 373 
346 2742 0.421188000 -0.462389000 0.00000000000000000000 1.00000000000000000000 2 0 8 318 319 320 345 347 372 373 374 
347 2743 0.394633000 -0.460696000 0.00000000000000000000 1.00000000000000000000 2 0 8 319 320 321 346 348 373 374 375 
348 2744 0.368204000 -0.458275000 0.00000000000000000000 1.00000000000000000000 2 0 8 320 321 322 347 349 374 375 376 
349 2745 0.341942000 -0.455126000 0.00000000000000000000 1.00000000000000000000 2 0 8 321 322 323 348 350 375 376 377 
350 2746 0.315889000 -0.451251000 0.00000000000000000000 1.00000000000000000000 2 0 8 322 323 626 349 628 376 377 630 
351 2747 0.975305000 -0.359787000 0.00000000000000000000 1.00000000000000000000 2 0 8 627 324 325 629 352 631 378 379 
352 2748 0.955114000 -0.373116000 0.00000000000000000000 1.00000000000000000000 2 0 8 324 325 326 351 353 378 379 380 
353 2749 0.934201000 -0.385920000 0.00000000000000000000 1.00000000000000000000 2 0 8 325 326 327 352 354 379 380 381 
354 2750 0.912596000 -0.398176000 0.00000000000000000000 1.00000000000000000000 2 0 8 326 327 328 353 355 380 381 382 
355 2751 0.890330000 -0.409863000 0.00000000000000000000 1.00000000000000000000 2 0 8 327 328 329 354 356 381 382 383 
356 2752 0.867435000 -0.420963000 0.00000000000000000000 1.00000000000000000000 2 0 8 328 329 330 355 357 382 383 384 
357 2753 0.843945000 -0.431455000 0.00000000000000000000 1.00000000000000000000 2 0 8 329 330 331 356 358 383 384 385 
358 2754 0.819894000 -0.441320000 0.00000000000000000000 1.00000000000000000000 2 0 8 330 331 332 357 359 384 385 386 
359 2755 0.795317000 -0.450541000 0.00000000000000000000 1.00000000000000000000 2 0 8 331 332 333 358 360 385 386 387 
360 2756 0.770251000 -0.459101000 0.00000000000000000000 1.00000000000000000000 2 0 8 332 333 334 359 361 386 387 388 
361 2757 0.744732000 -0.466982000 0.00000000000000000000 1.00000000000000000000 2 0 8 333 334 335 360 362 387 388 389 
362 2758 0.718799000 -0.474171000 0.00000000000000000000 1.00000000000000000000 2 0 8 334 335 336 361 363 388 389 390 
363 2759 0.692491000 -0.480653000 0.00000000000000000000 1.00000000000000000000 2 0 8 335 336 337 362 364 389 390 391 
364 2760 0.665847000 -0.486414000 0.00000000000000000000 1.00000000000000000000 2 0 8 336 337 338 363 365 390 391 392 
365 2761 0.638907000 -0.491442000 0.00000000000000000000 1.00000000000000000000 2 0 8 337 338 339 364 366 391 392 393 
366 2762 0.611713000 -0.495726000 0.00000000000000000000 1.00000000000000000000 2 0 8 338 339 340 365 367 392 393 394 
367 2763 0.584306000 -0.499256000 0.00000000000000000000 1.00000000000000000000 2 0 8 339 340 341 366 368 393 394 395 
368 2764 0.556728000 -0.502023000 0.00000000000000000000 1.00000000000000000000 2 0 8 340 341 342 367 369 394 395 396 
369 2765 0.529021000 -0.504019000 0.00000000000000000000 1.00000000000000000000 2 0 8 341 342 343 368 370 395 396 397 
370 2766 0.501229000 -0.505237000 0.00000000000000000000 1.00000000000000000000 2 0 8 342 343 344 369 371 396 397 398 
371 2767 0.473394000 -0.505672000 0.00000000000000000000 1.00000000000000000000 2 0 8 343 344 345 370 372 397 398 399 
372 2768 0.445559000 -0.505320000 0.00000000000000000000 1.00000000000000000000 2 0 8 344 345 346 371 373 398 399 400 
373 2769 0.417768000 -0.504178000 0.00000000000000000000 1.00000000000000000000 2 0 8 345 346 347 372 374 399 400 401 
374 2770 0.390065000 -0.502244000 0.00000000000000000000 1.00000000000000000000 2 0 8 346 347 348 373 375 400 401 402 
375 2771 0.362493000 -0.499518000 0.00000000000000000000 1.00000000000000000000 2 0 8 347 348 349 374 376 401 402 403 
376 2772 0.335096000 -0.496002000 0.00000000000000000000 1.00000000000000000000 2 0 8 348 349 350 375 377 402 403 632 
377 2773 0.307917000 -0.491696000 0.00000000000000000000 1.00000000000000000000 2 0 8 349 350 628 376 630 403 632 633 
378 2774 0.996869000 -0.392323000 0.00000000000000000000 1.00000000000000000000 2 0 8 629 351 352 631 379 634 635 404 
379 2775 0.975753000 -0.406793000 0.00000000000000000000 1.00000000000000000000 2 0 8 351 352 353 378 380 635 404 405 
380 2776 0.953884000 -0.420685000 0.00000000000000000000 1.00000000000000000000 2 0 8 352 353 354 379 381 404 405 406 
381 2777 0.931293000 -0.433975000 0.00000000000000000000 1.00000000000000000000 2 0 8 353 354 355 380 382 405 406 407 
382 2778 0.908011000 -0.446641000 0.00000000000000000000 1.00000000000000000000 2 0 8 354 355 356 381 383 406 407 408 
383 2779 0.884073000 -0.458662000 0.00000000000000000000 1.00000000000000000000 2 0 8 355 356 357 382 384 407 408 409 
384 2780 0.859514000 -0.470016000 0.00000000000000000000 1.00000000000000000000 2 0 8 356 357 358 383 385 408 409 410 
385 2781 0.834368000 -0.480684000 0.00000000000000000000 1.00000000000000000000 2 0 8 357 358 359 384 386 409 410 411 
386 2782 0.808674000 -0.490647000 0.00000000000000000000 1.00000000000000000000 2 0 8 358 359 360 385 387 410 411 412 
387 2783 0.782469000 -0.499886000 0.00000000000000000000 1.00000000000000000000 2 0 8 359 360 361 386 388 411 412 413 
388 2784 0.755791000 -0.508385000 0.00000000000000000000 1.00000000000000000000 2 0 8 360 361 362 387 389 412 413 414 
389 2785 0.728682000 -0.516126000 0.00000000000000000000 1.00000000000000000000 2 0 8 361 362 363 388 390 413 414 415 
390 2786 0.701181000 -0.523096000 0.00000000000000000000 1.00000000000000000000 2 0 8 362 363 364 389 391 414 415 416 
391 2787 0.673329000 -0.529279000 0.00000000000000000000 1.00000000000000000000 2 0 8 363 364 365 390 392 415 416 417 
392 2788 0.645170000 -0.534664000 0.00000000000000000000 1.00000000000000000000 2 0 8 364 365 366 391 393 416 417 418 
393 2789 0.616745000 -0.539238000 0.00000000000000000000 1.00000000000000000000 2 0 8 365 366 367 392 394 417 418 419 
394 2790 0.588098000 -0.542991000 0.00000000000000000000 1.00000000000000000000 2 0 8 366 367 368 393 395 418 419 420 
395 2791 0.559272000 -0.545913000 0.00000000000000000000 1.00000000000000000000 2 0 8 367 368 369 394 396 419 420 421 
396 2792 0.530313000 -0.547997000 0.00000000000000000000 1.00000000000000000000 2 0 8 368 369 370 395 397 420 421 422 
397 2793 0.501265000 -0.549235000 0.00000000000000000000 1.00000000000000000000 2 0 8 369 370 371 396 398 421 422 423 
398 2794 0.472173000 -0.549623000 0.00000000000000000000 1.00000000000000000000 2 0 8 370 371 372 397 399 422 423 424 
399 2795 0.443081000 -0.549156000 0.00000000000000000000 1.00000000000000000000 2 0 8 371 372 373 398 400 423 424 425 
400 2796 0.414036000 -0.547832000 0.00000000000000000000 1.00000000000000000000 2 0 8 372 373 374 399 401 424 425 426 
401 2797 0.385083000 -0.545649000 0.00000000000000000000 1.00000000000000000000 2 0 8 373 374 375 400 402 425 426 427 
402 2798 0.356268000 -0.542607000 0.00000000000000000000 1.00000000000000000000 2 0 8 374 375 376 401 403 426 427 636 
403 2799 0.327635000 -0.538708000 0.00000000000000000000 1.00000000000000000000 2 0 8 375 376 377 402 632 427 636 637 
404 2800 0.998193000 -0.441998000 0.00000000000000000000 1.00000000000000000000 2 0 8 378 379 380 635 405 638 639 428 
405 2801 0.975283000 -0.457029000 0.00000000000000000000 1.00000000000000000000 2 0 8 379 380 381 404 406 639 428 429 
406 2802 0.951617000 -0.471402000 0.00000000000000000000 1.00000000000000000000 2 0 8 380 381 382 405 407 428 429 430 
407 2803 0.927229000 -0.485093000 0.00000000000000000000 1.00000000000000000000 2 0 8 381 382 383 406 408 429 430 431 
408 2804 0.902155000 -0.498079000 0.00000000000000000000 1.00000000000000000000 2 0 8 382 383 384 407 409 430 431 432 
409 2805 0.876431000 -0.510338000 0.00000000000000000000 1.00000000000000000000 2 0 8 383 384 385 408 410 431 432 433 
410 2806 0.850094000 -0.521847000 0.00000000000000000000 1.00000000000000000000 2 0 8 384 385 386 409 411 432 433 434 
411 2807 0.823184000 -0.532588000 0.00000000000000000000 1.00000000000000000000 2 0 8 385 386 387 410 412 433 434 435 
412 2808 0.795740000 -0.542540000 0.00000000000000000000 1.00000000000000000000 2 0 8 386 387 388 411 413 434 435 436 
413 2809 0.767802000 -0.551686000 0.00000000000000000000 1.00000000000000000000 2 0 8 387 388 389 412 414 435 436 437 
414 2810 0.739413000 -0.560008000 0.00000000000000000000 1.00000000000000000000 2 0 8 388 389 390 413 415 436 437 438 
415 2811 0.710615000 -0.567490000 0.00000000000000000000 1.00000000000000000000 2 0 8 389 390 391 414 416 437 438 439 
416 2812 0.681451000 -0.574117000 0.00000000000000000000 1.00000000000000000000 2 0 8 390 391 392 415 417 438 439 440 
417 2813 0.651965000 -0.579877000 0.00000000000000000000 1.00000000000000000000 2 0 8 391 392 393 416 418 439 440 441 
418 2814 0.622202000 -0.584756000 0.00000000000000000000 1.00000000000000000000 2 0 8 392 393 394 417 419 440 441 442 
419 2815 0.592208000 -0.588744000 0.00000000000000000000 1.00000000000000000000 2 0 8 393 394 395 418 420 441 442 443 
420 2816 0.562028000 -0.591831000 0.00000000000000000000 1.00000000000000000000 2 0 8 394 395 396 419 421 442 443 444 
421 2817 0.531708000 -0.594009000 0.00000000000000000000 1.00000000000000000000 2 0 8 395 396 397 420 422 443 444 445 
422 2818 0.501297000 -0.595270000 0.00000000000000000000 1.00000000000000000000 2 0 8 396 397 398 421 423 444 445 446 
423 2819 0.470839000 -0.595611000 0.00000000000000000000 1.00000000000000000000 2 0 8 397 398 399 422 424 445 446 447 
424 2820 0.440384000 -0.595026000 0.00000000000000000000 1.00000000000000000000 2 0 8 398 399 400 423 425 446 447 448 
425 2821 0.409978000 -0.593513000 0.00000000000000000000 1.00000000000000000000 2 0 8 399 400 401 424 426 447 448 449 
426 2822 0.379669000 -0.591071000 0.00000000000000000000 1.00000000000000000000 2 0 8 400 401 402 425 427 448 449 640 
427 2823 0.349505000 -0.587700000 0.00000000000000000000 1.00000000000000000000 2 0 8 401 402 403 426 636 449 640 641 
428 2824 0.998474000 -0.495089000 0.00000000000000000000 1.00000000000000000000 2 0 8 404 405 406 639 429 642 643 450 
429 2825 0.973641000 -0.510598000 0.00000000000000000000 1.00000000000000000000 2 0 8 405 406 407 428 430 643 450 451 
430 2826 0.948053000 -0.525364000 0.00000000000000000000 1.00000000000000000000 2 0 8 406 407 408 429 431 450 451 452 
431 2827 0.921746000 -0.539363000 0.00000000000000000000 1.00000000000000000000 2 0 8 407 408 409 430 432 451 452 453 
432 2828 0.894759000 -0.552570000 0.00000000000000000000 1.00000000000000000000 2 0 8 408 409 410 431 433 452 453 454 
433 2829 0.867130000 -0.564964000 0.00000000000000000000 1.00000000000000000000 2 0 8 409 410 411 432 434 453 454 455 
434 2830 0.838901000 -0.576521000 0.00000000000000000000 1.00000000000000000000 2 0 8 410 411 412 433 435 454 455 456 
435 2831 0.810113000 -0.587222000 0.00000000000000000000 1.00000000000000000000 2 0 8 411 412 413 434 436 455 456 457 
436 2832 0.780809000 -0.597047000 0.00000000000000000000 1.00000000000000000000 2 0 8 412 413 414 435 437 456 457 458 
437 2833 0.751032000 -0.605979000 0.00000000000000000000 1.00000000000000000000 2 0 8 413 414 415 436 438 457 458 459 
438 2834 0.720828000 -0.614000000 0.00000000000000000000 1.00000000000000000000 2 0 8 414 415 416 437 439 458 459 460 
439 2835 0.690241000 -0.621095000 0.00000000000000000000 1.00000000000000000000 2 0 8 415 416 417 438 440 459 460 461 
440 2836 0.659318000 -0.627249000 0.00000000000000000000 1.00000000000000000000 2 0 8 416 417 418 439 441 460 461 462 
441 2837 0.628106000 -0.632450000 0.00000000000000000000 1.00000000000000000000 2 0 8 417 418 419 440 442 461 462 463 
442 2838 0.596652000 -0.636686000 0.00000000000000000000 1.00000000000000000000 2 0 8 418 419 420 441 443 462 463 464 
443 2839 0.565005000 -0.639947000 0.00000000000000000000 1.00000000000000000000 2 0 8 419 420 421 442 444 463 464 465 
444 2840 0.533212000 -0.642226000 0.00000000000000000000 1.00000000000000000000 2 0 8 420 421 422 443 445 464 465 466 
445 2841 0.501324000 -0.643514000 0.00000000000000000000 1.00000000000000000000 2 0 8 421 422 423 444 446 465 466 467 
446 2842 0.469389000 -0.643806000 0.00000000000000000000 1.00000000000000000000 2 0 8 422 423 424 445 447 466 467 468 
447 2843 0.437457000 -0.643099000 0.00000000000000000000 1.00000000000000000000 2 0 8 423 424 425 446 448 467 468 469 
448 2844 0.405579000 -0.641390000 0.00000000000000000000 1.00000000000000000000 2 0 8 424 425 426 447 449 468 469 470 
449 2845 0.373802000 -0.638678000 0.00000000000000000000 1.00000000000000000000 2 0 8 425 426 427 448 640 469 470 644 
450 2846 0.997448000 -0.551709000 0.00000000000000000000 1.00000000000000000000 2 0 8 428 429 430 643 451 645 646 471 
451 2847 0.970561000 -0.567605000 0.00000000000000000000 1.00000000000000000000 2 0 8 429 430 431 450 452 646 471 472 
452 2848 0.942920000 -0.582668000 0.00000000000000000000 1.00000000000000000000 2 0 8 430 431 432 451 453 471 472 473 
453 2849 0.914565000 -0.596872000 0.00000000000000000000 1.00000000000000000000 2 0 8 431 432 433 452 454 472 473 474 
454 2850 0.885539000 -0.610194000 0.00000000000000000000 1.00000000000000000000 2 0 8 432 433 434 453 455 473 474 475 
455 2851 0.855883000 -0.622610000 0.00000000000000000000 1.00000000000000000000 2 0 8 433 434 435 454 456 474 475 476 
456 2852 0.825642000 -0.634098000 0.00000000000000000000 1.00000000000000000000 2 0 8 434 435 436 455 457 475 476 477 
457 2853 0.794860000 -0.644639000 0.00000000000000000000 1.00000000000000000000 2 0 8 435 436 437 456 458 476 477 478 
458 2854 0.763583000 -0.654212000 0.00000000000000000000 1.00000000000000000000 2 0 8 436 437 438 457 459 477 478 479 
459 2855 0.731858000 -0.662800000 0.00000000000000000000 1.00000000000000000000 2 0 8 437 438 439 458 460 478 479 480 
460 2856 0.699734000 -0.670386000 0.00000000000000000000 1.00000000000000000000 2 0 8 438 439 440 459 461 479 480 481 
461 2857 0.667257000 -0.676956000 0.00000000000000000000 1.00000000000000000000 2 0 8 439 440 441 460 462 480 481 482 
462 2858 0.634479000 -0.682497000 0.00000000000000000000 1.00000000000000000000 2 0 8 440 441 442 461 463 481 482 483 
463 2859 0.601448000 -0.686995000 0.00000000000000000000 1.00000000000000000000 2 0 8 441 442 443 462 464 482 483 484 
464 2860 0.568215000 -0.690441000 0.00000000000000000000 1.00000000000000000000 2 0 8 442 443 444 463 465 483 484 485 
465 2861 0.534831000 -0.692826000 0.00000000000000000000 1.00000000000000000000 2 0 8 443 444 445 464 466 484 485 486 
466 2862 0.501348000 -0.694143000 0.00000000000000000000 1.00000000000000000000 2 0 8 444 445 446 465 467 485 486 487 
467 2863 0.467817000 -0.694387000 0.00000000000000000000 1.00000000000000000000 2 0 8 445 446 447 466 468 486 487 488 
468 2864 0.434291000 -0.693553000 0.00000000000000000000 1.00000000000000000000 2 0 8 446 447 448 467 469 487 488 489 
469 2865 0.400822000 -0.691640000 0.00000000000000000000 1.00000000000000000000 2 0 8 447 448 449 468 470 488 489 490 
470 2866 0.367462000 -0.688647000 0.00000000000000000000 1.00000000000000000000 2 0 8 448 449 640 469 644 489 490 647 
471 2867 0.994835000 -0.611973000 0.00000000000000000000 1.00000000000000000000 2 0 8 450 451 452 646 472 648 649 491 
472 2868 0.965754000 -0.628155000 0.00000000000000000000 1.00000000000000000000 2 0 8 451 452 453 471 473 649 491 492 
473 2869 0.935924000 -0.643409000 0.00000000000000000000 1.00000000000000000000 2 0 8 452 453 454 472 474 491 492 493 
474 2870 0.905389000 -0.657707000 0.00000000000000000000 1.00000000000000000000 2 0 8 453 454 455 473 475 492 493 494 
475 2871 0.874193000 -0.671027000 0.00000000000000000000 1.00000000000000000000 2 0 8 454 455 456 474 476 493 494 495 
476 2872 0.842383000 -0.683344000 0.00000000000000000000 1.00000000000000000000 2 0 8 455 456 457 475 477 494 495 496 
477 2873 0.810007000 -0.694637000 0.00000000000000000000 1.00000000000000000000 2 0 8 456 457 458 476 478 495 496 497 
478 2874 0.777112000 -0.704886000 0.00000000000000000000 1.00000000000000000000 2 0 8 457 458 459 477 479 496 497 498 
479 2875 0.743747000 -0.714071000 0.00000000000000000000 1.00000000000000000000 2 0 8 458 459 460 478 480 497 498 499 
480 2876 0.709964000 -0.722176000 0.00000000000000000000 1.00000000000000000000 2 0 8 459 460 461 479 481 498 499 500 
481 2877 0.675812000 -0.729185000 0.00000000000000000000 1.00000000000000000000 2 0 8 460 461 462 480 482 499 500 501 
482 2878 0.641344000 -0.735083000 0.00000000000000000000 1.00000000000000000000 2 0 8 461 462 463 481 483 500 501 502 
483 2879 0.606612000 -0.739858000 0.00000000000000000000 1.00000000000000000000 2 0 8 462 463 464 482 484 501 502 503 
484 2880 0.571670000 -0.743500000 0.00000000000000000000 1.00000000000000000000 2 0 8 463 464 465 483 485 502 503 504 
485 2881 0.536571000 -0.745999000 0.00000000000000000000 1.00000000000000000000 2 0 8 464 465 466 484 486 503 504 505 
486 2882 0.501369000 -0.747348000 0.00000000000000000000 1.00000000000000000000 2 0 8 465 466 467 485 487 504 505 506 
487 2883 0.466118000 -0.747542000 0.00000000000000000000 1.00000000000000000000 2 0 8 466 467 468 486 488 505 506 507 
488 2884 0.430874000 -0.746577000 0.00000000000000000000 1.00000000000000000000 2 0 8 467 468 469 487 489 506 507 508 
489 2885 0.395691000 -0.744451000 0.00000000000000000000 1.00000000000000000000 2 0 8 468 469 470 488 490 507 508 509 
490 2886 0.360625000 -0.741164000 0.00000000000000000000 1.00000000000000000000 2 0 8 469 470 644 489 647 508 509 650 
491 2887 0.990333000 -0.675996000 0.00000000000000000000 1.00000000000000000000 2 0 8 471 472 473 649 492 651 652 510 
492 2888 0.958913000 -0.692354000 0.00000000000000000000 1.00000000000000000000 2 0 8 472 473 474 491 493 652 510 511 
493 2889 0.926753000 -0.707681000 0.00000000000000000000 1.00000000000000000000 2 0 8 473 474 475 492 494 510 511 512 
494 2890 0.893899000 -0.721952000 0.00000000000000000000 1.00000000000000000000 2 0 8 474 475 476 493 495 511 512 513 
495 2891 0.860401000 -0.735143000 0.00000000000000000000 1.00000000000000000000 2 0 8 475 476 477 494 496 512 513 514 
496 2892 0.826307000 -0.747229000 0.00000000000000000000 1.00000000000000000000 2 0 8 476 477 478 495 497 513 514 515 
497 2893 0.791669000 -0.758190000 0.00000000000000000000 1.00000000000000000000 2 0 8 477 478 479 496 498 514 515 516 
498 2894 0.756539000 -0.768005000 0.00000000000000000000 1.00000000000000000000 2 0 8 478 479 480 497 499 515 516 517 
499 2895 0.720969000 -0.776656000 0.00000000000000000000 1.00000000000000000000 2 0 8 479 480 481 498 500 516 517 518 
500 2896 0.685014000 -0.784128000 0.00000000000000000000 1.00000000000000000000 2 0 8 480 481 482 499 501 517 518 519 
501 2897 0.648727000 -0.790404000 0.00000000000000000000 1.00000000000000000000 2 0 8 481 482 483 500 502 518 519 520 
502 2898 0.612165000 -0.795472000 0.00000000000000000000 1.00000000000000000000 2 0 8 482 483 484 501 503 519 520 521 
503 2899 0.575383000 -0.799321000 0.00000000000000000000 1.00000000000000000000 2 0 8 483 484 485 502 504 520 521 522 
504 2900 0.538438000 -0.801941000 0.00000000000000000000 1.00000000000000000000 2 0 8 484 485 486 503 505 521 522 523 
505 2901 0.501386000 -0.803326000 0.00000000000000000000 1.00000000000000000000 2 0 8 485 486 487 504 506 522 523 524 
506 2902 0.464285000 -0.803468000 0.00000000000000000000 1.00000000000000000000 2 0 8 486 487 488 505 507 523 524 525 
507 2903 0.427193000 -0.802366000 0.00000000000000000000 1.00000000000000000000 2 0 8 487 488 489 506 508 524 525 526 
508 2904 0.390167000 -0.800017000 0.00000000000000000000 1.00000000000000000000 2 0 8 488 489 490 507 509 525 526 527 
509 2905 0.353265000 -0.796422000 0.00000000000000000000 1.00000000000000000000 2 0 8 489 490 647 508 650 526 527 653 
510 2906 0.983619000 -0.743890000 0.00000000000000000000 1.00000000000000000000 2 0 8 491 492 493 652 511 654 655 528 
511 2907 0.949711000 -0.760302000 0.00000000000000000000 1.00000000000000000000 2 0 8 492 493 494 510 512 655 528 529 
512 2908 0.915074000 -0.775577000 0.00000000000000000000 1.00000000000000000000 2 0 8 493 494 495 511 513 528 529 530 
513 2909 0.879760000 -0.789688000 0.00000000000000000000 1.00000000000000000000 2 0 8 494 495 496 512 514 529 530 531 
514 2910 0.843820000 -0.802611000 0.00000000000000000000 1.00000000000000000000 2 0 8 495 496 497 513 515 530 531 532 
515 2911 0.807308000 -0.814322000 0.00000000000000000000 1.00000000000000000000 2 0 8 496 497 498 514 516 531 532 533 
516 2912 0.770280000 -0.824802000 0.00000000000000000000 1.00000000000000000000 2 0 8 497 498 499 515 517 532 533 534 
517 2913 0.732791000 -0.834030000 0.00000000000000000000 1.00000000000000000000 2 0 8 498 499 500 516 518 533 534 535 
518 2914 0.694897000 -0.841990000 0.00000000000000000000 1.00000000000000000000 2 0 8 499 500 501 517 519 534 535 536 
519 2915 0.656657000 -0.848666000 0.00000000000000000000 1.00000000000000000000 2 0 8 500 501 502 518 520 535 536 537 
520 2916 0.618128000 -0.854043000 0.00000000000000000000 1.00000000000000000000 2 0 8 501 502 503 519 521 536 537 538 
521 2917 0.579369000 -0.858112000 0.00000000000000000000 1.00000000000000000000 2 0 8 502 503 504 520 522 537 538 539 
522 2918 0.540440000 -0.860861000 0.00000000000000000000 1.00000000000000000000 2 0 8 503 504 505 521 523 538 539 540 
523 2919 0.501401000 -0.862283000 0.00000000000000000000 1.00000000000000000000 2 0 8 504 505 506 522 524 539 540 541 
524 2920 0.462313000 -0.862374000 0.00000000000000000000 1.00000000000000000000 2 0 8 505 506 507 523 525 540 541 542 
525 2921 0.423235000 -0.861128000 0.00000000000000000000 1.00000000000000000000 2 0 8 506 507 508 524 526 541 542 543 
526 2922 0.384228000 -0.858545000 0.00000000000000000000 1.00000000000000000000 2 0 8 507 508 509 525 527 542 543 544 
527 2923 0.345355000 -0.854626000 0.00000000000000000000 1.00000000000000000000 2 0 8 508 509 650 526 653 543 544 656 
528 2924 0.974348000 -0.815767000 0.00000000000000000000 1.00000000000000000000 2 0 8 510 511 512 655 529 657 658 545 
529 2925 0.937797000 -0.832100000 0.00000000000000000000 1.00000000000000000000 2 0 8 511 512 513 528 530 658 545 546 
530 2926 0.900533000 -0.847183000 0.00000000000000000000 1.00000000000000000000 2 0 8 512 513 514 529 531 545 546 547 
531 2927 0.862611000 -0.860988000 0.00000000000000000000 1.00000000000000000000 2 0 8 513 514 515 530 532 546 547 548 
532 2928 0.824089000 -0.873493000 0.00000000000000000000 1.00000000000000000000 2 0 8 514 515 516 531 533 547 548 549 
533 2929 0.785023000 -0.884674000 0.00000000000000000000 1.00000000000000000000 2 0 8 515 516 517 532 534 548 549 550 
534 2930 0.745473000 -0.894512000 0.00000000000000000000 1.00000000000000000000 2 0 8 516 517 518 533 535 549 550 551 
535 2931 0.705499000 -0.902988000 0.00000000000000000000 1.00000000000000000000 2 0 8 517 518 519 534 536 550 551 552 
536 2932 0.665162000 -0.910085000 0.00000000000000000000 1.00000000000000000000 2 0 8 518 519 520 535 537 551 552 553 
537 2933 0.624522000 -0.915790000 0.00000000000000000000 1.00000000000000000000 2 0 8 519 520 521 536 538 552 553 554 
538 2934 0.583642000 -0.920091000 0.00000000000000000000 1.00000000000000000000 2 0 8 520 521 522 537 539 553 554 555 
539 2935 0.542585000 -0.922977000 0.00000000000000000000 1.00000000000000000000 2 0 8 521 522 523 538 540 554 555 556 
540 2936 0.501414000 -0.924441000 0.00000000000000000000 1.00000000000000000000 2 0 8 522 523 524 539 541 555 556 557 
541 2937 0.460193000 -0.924477000 0.00000000000000000000 1.00000000000000000000 2 0 8 523 524 525 540 542 556 557 558 
542 2938 0.418985000 -0.923081000 0.00000000000000000000 1.00000000000000000000 2 0 8 524 525 526 541 543 557 558 559 
543 2939 0.377854000 -0.920253000 0.00000000000000000000 1.00000000000000000000 2 0 8 525 526 527 542 544 558 559 659 
544 2940 0.336866000 -0.915993000 0.00000000000000000000 1.00000000000000000000 2 0 8 526 527 653 543 656 559 659 660 
545 2941 0.962151000 -0.891733000 0.00000000000000000000 1.00000000000000000000 2 0 8 528 529 530 658 546 661 662 560 
546 2942 0.922797000 -0.907842000 0.00000000000000000000 1.00000000000000000000 2 0 8 529 530 531 545 547 662 560 561 
547 2943 0.882751000 -0.922580000 0.00000000000000000000 1.00000000000000000000 2 0 8 530 531 532 546 548 560 561 562 
548 2944 0.842072000 -0.935922000 0.00000000000000000000 1.00000000000000000000 2 0 8 531 532 533 547 549 561 562 563 
549 2945 0.800822000 -0.947844000 0.00000000000000000000 1.00000000000000000000 2 0 8 532 533 534 548 550 562 563 564 
550 2946 0.759064000 -0.958326000 0.00000000000000000000 1.00000000000000000000 2 0 8 533 534 535 549 551 563 564 565 
551 2947 0.716860000 -0.967347000 0.00000000000000000000 1.00000000000000000000 2 0 8 534 535 536 550 552 564 565 566 
552 2948 0.674274000 -0.974891000 0.00000000000000000000 1.00000000000000000000 2 0 8 535 536 537 551 553 565 566 567 
553 2949 0.631372000 -0.980943000 0.00000000000000000000 1.00000000000000000000 2 0 8 536 537 538 552 554 566 567 568 
554 2950 0.588219000 -0.985489000 0.00000000000000000000 1.00000000000000000000 2 0 8 537 538 539 553 555 567 568 569 
555 2951 0.544881000 -0.988521000 0.00000000000000000000 1.00000000000000000000 2 0 8 538 539 540 554 556 568 569 570 
556 2952 0.501425000 -0.990029000 0.00000000000000000000 1.00000000000000000000 2 0 8 539 540 541 555 557 569 570 571 
557 2953 0.457918000 -0.990008000 0.00000000000000000000 1.00000000000000000000 2 0 8 540 541 542 556 558 570 571 572 
558 2954 0.414427000 -0.988455000 0.00000000000000000000 1.00000000000000000000 2 0 8 541 542 543 557 559 571 572 663 
559 2955 0.371021000 -0.985369000 0.00000000000000000000 1.00000000000000000000 2 0 8 542 543 544 558 659 572 663 664 
560 2956 0.946635000 -0.971891000 0.00000000000000000000 1.00000000000000000000 2 0 8 545 546 547 662 561 665 666 573 
561 2957 0.904313000 -0.987615000 0.00000000000000000000 1.00000000000000000000 2 0 8 546 547 548 560 562 666 573 574 
562 2958 0.861326000 -1.001840000 0.00000000000000000000 1.00000000000000000000 2 0 8 547 548 549 561 563 573 574 575 
563 2959 0.817737000 -1.014550000 0.00000000000000000000 1.00000000000000000000 2 0 8 548 549 550 562 564 574 575 576 
564 2960 0.773613000 -1.025710000 0.00000000000000000000 1.00000000000000000000 2 0 8 549 550 551 563 565 575 576 577 
565 2961 0.729021000 -1.035310000 0.00000000000000000000 1.00000000000000000000 2 0 8 550 551 552 564 566 576 577 578 
566 2962 0.684028000 -1.043320000 0.00000000000000000000 1.00000000000000000000 2 0 8 551 552 553 565 567 577 578 579 
567 2963 0.638703000 -1.049740000 0.00000000000000000000 1.00000000000000000000 2 0 8 552 553 554 566 568 578 579 580 
568 2964 0.593116000 -1.054550000 0.00000000000000000000 1.00000000000000000000 2 0 8 553 554 555 567 569 579 580 581 
569 2965 0.547335000 -1.057740000 0.00000000000000000000 1.00000000000000000000 2 0 8 554 555 556 568 570 580 581 582 
570 2966 0.501433000 -1.059290000 0.00000000000000000000 1.00000000000000000000 2 0 8 555 556 557 569 571 581 582 583 
571 2967 0.455479000 -1.059210000 0.00000000000000000000 1.00000000000000000000 2 0 8 556 557 558 570 572 582 583 667 
572 2968 0.409545000 -1.057490000 0.00000000000000000000 1.00000000000000000000 2 0 8 557 558 559 571 663 583 667 668 
573 2969 0.927379000 -1.056330000 0.00000000000000000000 1.00000000000000000000 2 0 8 560 561 562 666 574 669 670 584 
574 2970 0.881921000 -1.071500000 0.00000000000000000000 1.00000000000000000000 2 0 8 561 562 563 573 575 670 584 585 
575 2971 0.835829000 -1.085030000 0.00000000000000000000 1.00000000000000000000 2 0 8 562 563 564 574 576 584 585 586 
576 2972 0.789175000 -1.096920000 0.00000000000000000000 1.00000000000000000000 2 0 8 563 564 565 575 577 585 586 587 
577 2973 0.742028000 -1.107120000 0.00000000000000000000 1.00000000000000000000 2 0 8 564 565 566 576 578 586 587 588 
578 2974 0.694459000 -1.115640000 0.00000000000000000000 1.00000000000000000000 2 0 8 565 566 567 577 579 587 588 589 
579 2975 0.646543000 -1.122450000 0.00000000000000000000 1.00000000000000000000 2 0 8 566 567 568 578 580 588 589 590 
580 2976 0.598351000 -1.127530000 0.00000000000000000000 1.00000000000000000000 2 0 8 567 568 569 579 581 589 590 671 
581 2977 0.549959000 -1.130880000 0.00000000000000000000 1.00000000000000000000 2 0 8 568 569 570 580 582 590 671 672 
582 2978 0.501440000 -1.132490000 0.00000000000000000000 1.00000000000000000000 2 0 8 569 570 571 581 583 671 672 673 
583 2979 0.452869000 -1.132340000 0.00000000000000000000 1.00000000000000000000 2 0 8 570 571 572 582 667 672 673 674 
584 2980 0.903934000 -1.145150000 0.00000000000000000000 1.00000000000000000000 2 0 8 573 574 575 670 585 675 676 591 
585 2981 0.855167000 -1.159560000 0.00000000000000000000 1.00000000000000000000 2 0 8 574 575 576 584 586 676 591 592 
586 2982 0.805807000 -1.172210000 0.00000000000000000000 1.00000000000000000000 2 0 8 575 576 577 585 587 591 592 593 
587 2983 0.755929000 -1.183060000 0.00000000000000000000 1.00000000000000000000 2 0 8 576 577 578 586 588 592 593 594 
588 2984 0.705608000 -1.192110000 0.00000000000000000000 1.00000000000000000000 2 0 8 577 578 579 587 589 593 594 595 
589 2985 0.654921000 -1.199320000 0.00000000000000000000 1.00000000000000000000 2 0 8 578 579 580 588 590 594 595 677 
590 2986 0.603946000 -1.204700000 0.00000000000000000000 1.00000000000000000000 2 0 8 579 580 581 589 671 595 677 678 
591 2987 0.875822000 -1.238410000 0.00000000000000000000 1.00000000000000000000 2 0 8 584 585 586 676 592 679 680 596 
592 2988 0.823572000 -1.251870000 0.00000000000000000000 1.00000000000000000000 2 0 8 585 586 587 591 593 680 596 597 
593 2989 0.770776000 -1.263400000 0.00000000000000000000 1.00000000000000000000 2 0 8 586 587 588 592 594 596 597 598 
594 2990 0.717514000 -1.273010000 0.00000000000000000000 1.00000000000000000000 2 0 8 587 588 589 593 595 597 598 681 
595 2991 0.663868000 -1.280660000 0.00000000000000000000 1.00000000000000000000 2 0 8 588 589 590 594 677 598 681 682 
596 2992 0.842536000 -1.336190000 0.00000000000000000000 1.00000000000000000000 2 0 8 591 592 593 680 597 683 684 599 
597 2993 0.786624000 -1.348450000 0.00000000000000000000 1.00000000000000000000 2 0 8 592 593 594 596 598 684 599 685 
598 2994 0.730223000 -1.358650000 0.00000000000000000000 1.00000000000000000000 2 0 8 593 594 595 597 681 599 685 686 
599 2995 0.803533000 -1.438520000 0.00000000000000000000 1.00000000000000000000 2 0 8 596 597 598 684 685 687 688 689 
600 22 0.8394 -0.0207047 1 1
601 2996 0.326941 -0.0592923 1 1
602 55 0.85551 -0.0413493 2 0
603 56 0.841335 -0.0438274 2 0
604 3018 0.34426 -0.087416 2 0
605 3019 0.325518 -0.087278 2 0
606 89 0.858865 -0.0638131 2 0
607 3041 0.342451 -0.116187 2 0
608 3042 0.323452 -0.115609 2 0
609 121 0.86363 -0.0865092 2 0
610 3064 0.340058 -0.145404 2 0
611 153 0.869821 -0.109523 2 0
612 3087 0.337073 -0.175172 2 0
613 185 0.877456 -0.13294 2 0
614 3110 0.333485 -0.205597 2 0
615 217 0.886562 -0.156851 2 0
616 3133 0.329282 -0.23679 2 0
617 249 0.897169 -0.181344 2 0
618 3156 0.324446 -0.268863 2 0
619 281 0.909312 -0.206514 2 0
620 3179 0.318962 -0.301932 2 0
621 313 0.923033 -0.232455 2 0
622 3203 0.312807 -0.336119 2 0
623 345 0.93838 -0.259266 2 0
624 3227 0.305961 -0.371547 2 0
625 377 0.955406 -0.287049 2 0
626 3251 0.298396 -0.408347 2 0
627 409 0.974172 -0.315908 2 0
628 3275 0.290086 -0.446653 2 0
629 441 0.994746 -0.345954 2 0
630 3299 0.280999 -0.486606 2 0
631 472 1.0172 -0.377298 2 0
632 3324 0.299231 -0.533956 2 0
633 3325 0.271101 -0.528353 2 0
634 610 1.04162 -0.41006 2 0
635 611 1.02032 -0.426333 2 0
636 3351 0.319533 -0.583404 2 0
637 3352 0.289801 -0.578185 2 0
638 617 1.04573 -0.461944 2 0
639 618 1.02252 -0.478862 2 0
640 3379 0.342179 -0.634965 2 0
641 3380 0.310758 -0.630254 2 0
642 626 1.04881 -0.517524 2 0
643 627 1.02354 -0.535006 2 0
644 3407 0.334264 -0.684576 2 0
645 637 1.05058 -0.576931 2 0
646 638 1.02313 -0.594889 2 0
647 3435 0.325729 -0.736718 2 0
648 650 1.05077 -0.6403 2 0
649 651 1.02097 -0.658635 2 0
650 3463 0.316544 -0.791582 2 0
651 665 1.04905 -0.707764 2 0
652 666 1.01675 -0.726368 2 0
653 3491 0.306675 -0.849374 2 0
654 693 1.0451 -0.779459 2 0
655 694 1.01013 -0.79821 2 0
656 3596 0.296083 -0.910306 2 0
657 726 1.03855 -0.855516 2 0
658 727 1.00076 -0.874281 2 0
659 3597 0.327767 -0.980751 2 0
660 3598 0.284732 -0.974606 2 0
661 760 1.02903 -0.936065 2 0
662 761 0.988228 -0.954698 2 0
663 3609 0.363703 -1.05414 2 0
664 3610 0.318023 -1.04914 2 0
665 796 1.01612 -1.02123 2 0
666 797 0.972136 -1.03957 2 0
667 3625 0.404321 -1.13045 2 0
668 3626 0.355873 -1.12681 2 0
669 834 0.999394 -1.11113 2 0
670 835 0.952034 -1.129 2 0
671 3643 0.552761 -1.20822 2 0
672 3644 0.501445 -1.20989 2 0
673 3645 0.450076 -1.20968 2 0
674 3646 0.398736 -1.2076 2 0
675 874 0.978369 -1.20587 2 0
676 875 0.927447 -1.22307 2 0
677 3665 0.609919 -1.28635 2 0
678 3666 0.555752 -1.29006 2 0
679 915 0.952549 -1.30556 2 0
680 916 0.897872 -1.32188 2 0
681 3697 0.673417 -1.36676 2 0
682 3698 0.616295 -1.37278 2 0
683 957 0.921398 -1.41027 2 0
684 958 0.862769 -1.42549 2 0
685 3730 0.743782 -1.44934 2 0
686 3731 0.683605 -1.45795 2 0
687 1000 0.884347 -1.5201 2 0
688 3764 0.821566 -1.53394 2 0
689 3765 0.758241 -1.54543 2 0
