688 603 85
1 1794 1.248850000 -1.745200000 0.00000000000000000000 1.00000000000000000000 2 0 8 604 605 606 611 2 5 6 7 
2 1795 1.177650000 -1.772860000 0.00000000000000000000 1.00000000000000000000 2 0 8 605 606 607 1 3 6 7 8 
3 1796 1.105370000 -1.797810000 0.00000000000000000000 1.00000000000000000000 2 0 8 606 607 608 2 4 7 8 9 
4 1797 1.032110000 -1.820000000 0.00000000000000000000 1.00000000000000000000 2 0 8 607 608 609 3 612 8 9 10 
5 1798 1.368740000 -1.826600000 0.00000000000000000000 1.00000000000000000000 2 0 8 610 611 1 615 6 11 12 13 
6 1799 1.294450000 -1.858850000 0.00000000000000000000 1.00000000000000000000 2 0 8 611 1 2 5 7 12 13 14 
7 1800 1.218900000 -1.888260000 0.00000000000000000000 1.00000000000000000000 2 0 8 1 2 3 6 8 13 14 15 
8 1801 1.142190000 -1.914790000 0.00000000000000000000 1.00000000000000000000 2 0 8 2 3 4 7 9 14 15 16 
9 1802 1.064450000 -1.938380000 0.00000000000000000000 1.00000000000000000000 2 0 8 3 4 612 8 10 15 16 17 
10 1803 0.985793000 -1.959010000 0.00000000000000000000 1.00000000000000000000 2 0 8 4 612 613 9 616 16 17 18 
11 1804 1.499270000 -1.907870000 0.00000000000000000000 1.00000000000000000000 2 0 8 614 615 5 619 12 19 20 21 
12 1805 1.421870000 -1.945140000 0.00000000000000000000 1.00000000000000000000 2 0 8 615 5 6 11 13 20 21 22 
13 1806 1.343010000 -1.979440000 0.00000000000000000000 1.00000000000000000000 2 0 8 5 6 7 12 14 21 22 23 
14 1807 1.262810000 -2.010710000 0.00000000000000000000 1.00000000000000000000 2 0 8 6 7 8 13 15 22 23 24 
15 1808 1.181400000 -2.038910000 0.00000000000000000000 1.00000000000000000000 2 0 8 7 8 9 14 16 23 24 25 
16 1809 1.098890000 -2.063990000 0.00000000000000000000 1.00000000000000000000 2 0 8 8 9 10 15 17 24 25 26 
17 1810 1.015410000 -2.085900000 0.00000000000000000000 1.00000000000000000000 2 0 8 9 10 616 16 18 25 26 27 
18 1811 0.931090000 -2.104620000 0.00000000000000000000 1.00000000000000000000 2 0 8 10 616 617 17 620 26 27 28 
19 1812 1.641110000 -1.988570000 0.00000000000000000000 1.00000000000000000000 2 0 8 618 619 11 623 20 29 30 31 
20 1813 1.560610000 -2.031300000 0.00000000000000000000 1.00000000000000000000 2 0 8 619 11 12 19 21 30 31 32 
21 1814 1.478430000 -2.070940000 0.00000000000000000000 1.00000000000000000000 2 0 8 11 12 13 20 22 31 32 33 
22 1815 1.394710000 -2.107410000 0.00000000000000000000 1.00000000000000000000 2 0 8 12 13 14 21 23 32 33 34 
23 1816 1.309570000 -2.140660000 0.00000000000000000000 1.00000000000000000000 2 0 8 13 14 15 22 24 33 34 35 
24 1817 1.223140000 -2.170630000 0.00000000000000000000 1.00000000000000000000 2 0 8 14 15 16 23 25 34 35 36 
25 1818 1.135550000 -2.197290000 0.00000000000000000000 1.00000000000000000000 2 0 8 15 16 17 24 26 35 36 37 
26 1819 1.046940000 -2.220570000 0.00000000000000000000 1.00000000000000000000 2 0 8 16 17 18 25 27 36 37 38 
27 1820 0.957438000 -2.240440000 0.00000000000000000000 1.00000000000000000000 2 0 8 17 18 620 26 28 37 38 39 
28 1821 0.867182000 -2.256880000 0.00000000000000000000 1.00000000000000000000 2 0 8 18 620 621 27 624 38 39 40 
29 1822 1.794970000 -2.068180000 0.00000000000000000000 1.00000000000000000000 2 0 8 622 623 19 629 30 43 44 45 
30 1823 1.711380000 -2.116870000 0.00000000000000000000 1.00000000000000000000 2 0 8 623 19 20 29 31 44 45 46 
31 1824 1.625890000 -2.162320000 0.00000000000000000000 1.00000000000000000000 2 0 8 19 20 21 30 32 45 46 47 
32 1825 1.538640000 -2.204470000 0.00000000000000000000 1.00000000000000000000 2 0 8 20 21 22 31 33 46 47 48 
33 1826 1.449740000 -2.243250000 0.00000000000000000000 1.00000000000000000000 2 0 8 21 22 23 32 34 47 48 49 
34 1827 1.359340000 -2.278590000 0.00000000000000000000 1.00000000000000000000 2 0 8 22 23 24 33 35 48 49 50 
35 1828 1.267570000 -2.310450000 0.00000000000000000000 1.00000000000000000000 2 0 8 23 24 25 34 36 49 50 51 
36 1829 1.174580000 -2.338770000 0.00000000000000000000 1.00000000000000000000 2 0 8 24 25 26 35 37 50 51 52 
37 1830 1.080500000 -2.363510000 0.00000000000000000000 1.00000000000000000000 2 0 8 25 26 27 36 38 51 52 53 
38 1831 0.985482000 -2.384620000 0.00000000000000000000 1.00000000000000000000 2 0 8 26 27 28 37 39 52 53 54 
39 1832 0.889667000 -2.402060000 0.00000000000000000000 1.00000000000000000000 2 0 8 27 28 624 38 40 53 54 55 
40 1833 0.793203000 -2.415810000 0.00000000000000000000 1.00000000000000000000 2 0 8 28 624 625 39 630 54 55 56 
41 1834 2.127860000 -2.026160000 0.00000000000000000000 1.00000000000000000000 2 0 8 626 627 628 633 42 57 58 59 
42 1835 2.045920000 -2.087750000 0.00000000000000000000 1.00000000000000000000 2 0 8 627 628 629 41 43 58 59 60 
43 1836 1.961570000 -2.146160000 0.00000000000000000000 1.00000000000000000000 2 0 8 628 629 29 42 44 59 60 61 
44 1837 1.874940000 -2.201290000 0.00000000000000000000 1.00000000000000000000 2 0 8 629 29 30 43 45 60 61 62 
45 1838 1.786170000 -2.253070000 0.00000000000000000000 1.00000000000000000000 2 0 8 29 30 31 44 46 61 62 63 
46 1839 1.695380000 -2.301400000 0.00000000000000000000 1.00000000000000000000 2 0 8 30 31 32 45 47 62 63 64 
47 1840 1.602710000 -2.346220000 0.00000000000000000000 1.00000000000000000000 2 0 8 31 32 33 46 48 63 64 65 
48 1841 1.508300000 -2.387450000 0.00000000000000000000 1.00000000000000000000 2 0 8 32 33 34 47 49 64 65 66 
49 1842 1.412300000 -2.425030000 0.00000000000000000000 1.00000000000000000000 2 0 8 33 34 35 48 50 65 66 67 
50 1843 1.314860000 -2.458890000 0.00000000000000000000 1.00000000000000000000 2 0 8 34 35 36 49 51 66 67 68 
51 1844 1.216110000 -2.488980000 0.00000000000000000000 1.00000000000000000000 2 0 8 35 36 37 50 52 67 68 69 
52 1845 1.116220000 -2.515260000 0.00000000000000000000 1.00000000000000000000 2 0 8 36 37 38 51 53 68 69 70 
53 1846 1.015330000 -2.537670000 0.00000000000000000000 1.00000000000000000000 2 0 8 37 38 39 52 54 69 70 71 
54 1847 0.913595000 -2.556190000 0.00000000000000000000 1.00000000000000000000 2 0 8 38 39 40 53 55 70 71 72 
55 1848 0.811178000 -2.570770000 0.00000000000000000000 1.00000000000000000000 2 0 8 39 40 630 54 56 71 72 73 
56 1849 0.708232000 -2.581400000 0.00000000000000000000 1.00000000000000000000 2 0 8 40 630 631 55 634 72 73 74 
57 1850 2.313060000 -2.087550000 0.00000000000000000000 1.00000000000000000000 2 0 8 632 633 41 637 58 75 76 77 
58 1851 2.228700000 -2.156350000 0.00000000000000000000 1.00000000000000000000 2 0 8 633 41 42 57 59 76 77 78 
59 1852 2.141660000 -2.221860000 0.00000000000000000000 1.00000000000000000000 2 0 8 41 42 43 58 60 77 78 79 
60 1853 2.052060000 -2.283990000 0.00000000000000000000 1.00000000000000000000 2 0 8 42 43 44 59 61 78 79 80 
61 1854 1.960050000 -2.342630000 0.00000000000000000000 1.00000000000000000000 2 0 8 43 44 45 60 62 79 80 81 
62 1855 1.865750000 -2.397690000 0.00000000000000000000 1.00000000000000000000 2 0 8 44 45 46 61 63 80 81 82 
63 1856 1.769310000 -2.449080000 0.00000000000000000000 1.00000000000000000000 2 0 8 45 46 47 62 64 81 82 83 
64 1857 1.670890000 -2.496740000 0.00000000000000000000 1.00000000000000000000 2 0 8 46 47 48 63 65 82 83 84 
65 1858 1.570620000 -2.540570000 0.00000000000000000000 1.00000000000000000000 2 0 8 47 48 49 64 66 83 84 85 
66 1859 1.468660000 -2.580510000 0.00000000000000000000 1.00000000000000000000 2 0 8 48 49 50 65 67 84 85 86 
67 1860 1.365170000 -2.616490000 0.00000000000000000000 1.00000000000000000000 2 0 8 49 50 51 66 68 85 86 87 
68 1861 1.260310000 -2.648470000 0.00000000000000000000 1.00000000000000000000 2 0 8 50 51 52 67 69 86 87 88 
69 1862 1.154220000 -2.676380000 0.00000000000000000000 1.00000000000000000000 2 0 8 51 52 53 68 70 87 88 89 
70 1863 1.047080000 -2.700180000 0.00000000000000000000 1.00000000000000000000 2 0 8 52 53 54 69 71 88 89 90 
71 1864 0.939056000 -2.719830000 0.00000000000000000000 1.00000000000000000000 2 0 8 53 54 55 70 72 89 90 91 
72 1865 0.830304000 -2.735300000 0.00000000000000000000 1.00000000000000000000 2 0 8 54 55 56 71 73 90 91 92 
73 1866 0.720994000 -2.746560000 0.00000000000000000000 1.00000000000000000000 2 0 8 55 56 634 72 74 91 92 93 
74 1867 0.611295000 -2.753590000 0.00000000000000000000 1.00000000000000000000 2 0 8 56 634 635 73 638 92 93 94 
75 1868 2.512260000 -2.144860000 0.00000000000000000000 1.00000000000000000000 2 0 8 636 637 57 641 76 95 96 97 
76 1869 2.425630000 -2.221430000 0.00000000000000000000 1.00000000000000000000 2 0 8 637 57 58 75 77 96 97 98 
77 1870 2.336010000 -2.294610000 0.00000000000000000000 1.00000000000000000000 2 0 8 57 58 59 76 78 97 98 99 
78 1871 2.243530000 -2.364280000 0.00000000000000000000 1.00000000000000000000 2 0 8 58 59 60 77 79 98 99 100 
79 1872 2.148350000 -2.430350000 0.00000000000000000000 1.00000000000000000000 2 0 8 59 60 61 78 80 99 100 101 
80 1873 2.050590000 -2.492710000 0.00000000000000000000 1.00000000000000000000 2 0 8 60 61 62 79 81 100 101 102 
81 1874 1.950420000 -2.551260000 0.00000000000000000000 1.00000000000000000000 2 0 8 61 62 63 80 82 101 102 103 
82 1875 1.847980000 -2.605910000 0.00000000000000000000 1.00000000000000000000 2 0 8 62 63 64 81 83 102 103 104 
83 1876 1.743430000 -2.656570000 0.00000000000000000000 1.00000000000000000000 2 0 8 63 64 65 82 84 103 104 105 
84 1877 1.636920000 -2.703160000 0.00000000000000000000 1.00000000000000000000 2 0 8 64 65 66 83 85 104 105 106 
85 1878 1.528630000 -2.745620000 0.00000000000000000000 1.00000000000000000000 2 0 8 65 66 67 84 86 105 106 107 
86 1879 1.418710000 -2.783860000 0.00000000000000000000 1.00000000000000000000 2 0 8 66 67 68 85 87 106 107 108 
87 1880 1.307330000 -2.817830000 0.00000000000000000000 1.00000000000000000000 2 0 8 67 68 69 86 88 107 108 109 
88 1881 1.194660000 -2.847480000 0.00000000000000000000 1.00000000000000000000 2 0 8 68 69 70 87 89 108 109 110 
89 1882 1.080870000 -2.872750000 0.00000000000000000000 1.00000000000000000000 2 0 8 69 70 71 88 90 109 110 111 
90 1883 0.966144000 -2.893610000 0.00000000000000000000 1.00000000000000000000 2 0 8 70 71 72 89 91 110 111 112 
91 1884 0.850652000 -2.910020000 0.00000000000000000000 1.00000000000000000000 2 0 8 71 72 73 90 92 111 112 113 
92 1885 0.734571000 -2.921950000 0.00000000000000000000 1.00000000000000000000 2 0 8 72 73 74 91 93 112 113 114 
93 1886 0.618081000 -2.929380000 0.00000000000000000000 1.00000000000000000000 2 0 8 73 74 638 92 94 113 114 115 
94 1887 0.501360000 -2.932290000 0.00000000000000000000 1.00000000000000000000 2 0 8 74 638 639 93 642 114 115 116 
95 1888 2.726180000 -2.197250000 0.00000000000000000000 1.00000000000000000000 2 0 8 640 641 75 644 96 647 117 118 
96 1889 2.637440000 -2.282170000 0.00000000000000000000 1.00000000000000000000 2 0 8 641 75 76 95 97 117 118 119 
97 1890 2.545380000 -2.363610000 0.00000000000000000000 1.00000000000000000000 2 0 8 75 76 77 96 98 118 119 120 
98 1891 2.450160000 -2.441440000 0.00000000000000000000 1.00000000000000000000 2 0 8 76 77 78 97 99 119 120 121 
99 1892 2.351910000 -2.515540000 0.00000000000000000000 1.00000000000000000000 2 0 8 77 78 79 98 100 120 121 122 
100 1893 2.250780000 -2.585800000 0.00000000000000000000 1.00000000000000000000 2 0 8 78 79 80 99 101 121 122 123 
101 1894 2.146920000 -2.652110000 0.00000000000000000000 1.00000000000000000000 2 0 8 79 80 81 100 102 122 123 124 
102 1895 2.040500000 -2.714360000 0.00000000000000000000 1.00000000000000000000 2 0 8 80 81 82 101 103 123 124 125 
103 1896 1.931670000 -2.772470000 0.00000000000000000000 1.00000000000000000000 2 0 8 81 82 83 102 104 124 125 126 
104 1897 1.820600000 -2.826320000 0.00000000000000000000 1.00000000000000000000 2 0 8 82 83 84 103 105 125 126 127 
105 1898 1.707460000 -2.875850000 0.00000000000000000000 1.00000000000000000000 2 0 8 83 84 85 104 106 126 127 128 
106 1899 1.592420000 -2.920970000 0.00000000000000000000 1.00000000000000000000 2 0 8 84 85 86 105 107 127 128 129 
107 1900 1.475660000 -2.961610000 0.00000000000000000000 1.00000000000000000000 2 0 8 85 86 87 106 108 128 129 130 
108 1901 1.357350000 -2.997700000 0.00000000000000000000 1.00000000000000000000 2 0 8 86 87 88 107 109 129 130 131 
109 1902 1.237670000 -3.029200000 0.00000000000000000000 1.00000000000000000000 2 0 8 87 88 89 108 110 130 131 132 
110 1903 1.116810000 -3.056030000 0.00000000000000000000 1.00000000000000000000 2 0 8 88 89 90 109 111 131 132 133 
111 1904 0.994960000 -3.078170000 0.00000000000000000000 1.00000000000000000000 2 0 8 89 90 91 110 112 132 133 134 
112 1905 0.872298000 -3.095580000 0.00000000000000000000 1.00000000000000000000 2 0 8 90 91 92 111 113 133 134 135 
113 1906 0.749014000 -3.108220000 0.00000000000000000000 1.00000000000000000000 2 0 8 91 92 93 112 114 134 135 136 
114 1907 0.625298000 -3.116070000 0.00000000000000000000 1.00000000000000000000 2 0 8 92 93 94 113 115 135 136 137 
115 1908 0.501342000 -3.119120000 0.00000000000000000000 1.00000000000000000000 2 0 8 93 94 642 114 116 136 137 138 
116 1909 0.377336000 -3.117350000 0.00000000000000000000 1.00000000000000000000 2 0 8 94 642 643 115 645 137 138 139 
117 1910 2.864890000 -2.337700000 0.00000000000000000000 1.00000000000000000000 2 0 8 644 95 96 647 118 650 140 141 
118 1911 2.770590000 -2.428020000 0.00000000000000000000 1.00000000000000000000 2 0 8 95 96 97 117 119 140 141 142 
119 1912 2.672780000 -2.514630000 0.00000000000000000000 1.00000000000000000000 2 0 8 96 97 98 118 120 141 142 143 
120 1913 2.571590000 -2.597400000 0.00000000000000000000 1.00000000000000000000 2 0 8 97 98 99 119 121 142 143 144 
121 1914 2.467190000 -2.676200000 0.00000000000000000000 1.00000000000000000000 2 0 8 98 99 100 120 122 143 144 145 
122 1915 2.359740000 -2.750910000 0.00000000000000000000 1.00000000000000000000 2 0 8 99 100 101 121 123 144 145 146 
123 1916 2.249390000 -2.821420000 0.00000000000000000000 1.00000000000000000000 2 0 8 100 101 102 122 124 145 146 147 
124 1917 2.136320000 -2.887610000 0.00000000000000000000 1.00000000000000000000 2 0 8 101 102 103 123 125 146 147 148 
125 1918 2.020700000 -2.949380000 0.00000000000000000000 1.00000000000000000000 2 0 8 102 103 104 124 126 147 148 149 
126 1919 1.902690000 -3.006630000 0.00000000000000000000 1.00000000000000000000 2 0 8 103 104 105 125 127 148 149 150 
127 1920 1.782490000 -3.059270000 0.00000000000000000000 1.00000000000000000000 2 0 8 104 105 106 126 128 149 150 151 
128 1921 1.660280000 -3.107220000 0.00000000000000000000 1.00000000000000000000 2 0 8 105 106 107 127 129 150 151 152 
129 1922 1.536240000 -3.150410000 0.00000000000000000000 1.00000000000000000000 2 0 8 106 107 108 128 130 151 152 153 
130 1923 1.410550000 -3.188750000 0.00000000000000000000 1.00000000000000000000 2 0 8 107 108 109 129 131 152 153 154 
131 1924 1.283430000 -3.222210000 0.00000000000000000000 1.00000000000000000000 2 0 8 108 109 110 130 132 153 154 155 
132 1925 1.155050000 -3.250700000 0.00000000000000000000 1.00000000000000000000 2 0 8 109 110 111 131 133 154 155 156 
133 1926 1.025610000 -3.274200000 0.00000000000000000000 1.00000000000000000000 2 0 8 110 111 112 132 134 155 156 157 
134 1927 0.895322000 -3.292670000 0.00000000000000000000 1.00000000000000000000 2 0 8 111 112 113 133 135 156 157 158 
135 1928 0.764375000 -3.306060000 0.00000000000000000000 1.00000000000000000000 2 0 8 112 113 114 134 136 157 158 159 
136 1929 0.632974000 -3.314360000 0.00000000000000000000 1.00000000000000000000 2 0 8 113 114 115 135 137 158 159 160 
137 1930 0.501321000 -3.317550000 0.00000000000000000000 1.00000000000000000000 2 0 8 114 115 116 136 138 159 160 161 
138 1931 0.369619000 -3.315630000 0.00000000000000000000 1.00000000000000000000 2 0 8 115 116 645 137 139 160 161 162 
139 1932 0.238071000 -3.308590000 0.00000000000000000000 1.00000000000000000000 2 0 8 116 645 646 138 648 161 162 163 
140 1933 3.012440000 -2.486890000 0.00000000000000000000 1.00000000000000000000 2 0 8 647 117 118 650 141 653 164 165 
141 1934 2.912230000 -2.582940000 0.00000000000000000000 1.00000000000000000000 2 0 8 117 118 119 140 142 164 165 166 
142 1935 2.808280000 -2.675050000 0.00000000000000000000 1.00000000000000000000 2 0 8 118 119 120 141 143 165 166 167 
143 1936 2.700750000 -2.763070000 0.00000000000000000000 1.00000000000000000000 2 0 8 119 120 121 142 144 166 167 168 
144 1937 2.589820000 -2.846870000 0.00000000000000000000 1.00000000000000000000 2 0 8 120 121 122 143 145 167 168 169 
145 1938 2.475640000 -2.926310000 0.00000000000000000000 1.00000000000000000000 2 0 8 121 122 123 144 146 168 169 170 
146 1939 2.358390000 -3.001270000 0.00000000000000000000 1.00000000000000000000 2 0 8 122 123 124 145 147 169 170 171 
147 1940 2.238240000 -3.071640000 0.00000000000000000000 1.00000000000000000000 2 0 8 123 124 125 146 148 170 171 172 
148 1941 2.115390000 -3.137300000 0.00000000000000000000 1.00000000000000000000 2 0 8 124 125 126 147 149 171 172 173 
149 1942 1.990010000 -3.198160000 0.00000000000000000000 1.00000000000000000000 2 0 8 125 126 127 148 150 172 173 174 
150 1943 1.862300000 -3.254110000 0.00000000000000000000 1.00000000000000000000 2 0 8 126 127 128 149 151 173 174 175 
151 1944 1.732460000 -3.305070000 0.00000000000000000000 1.00000000000000000000 2 0 8 127 128 129 150 152 174 175 176 
152 1945 1.600670000 -3.350960000 0.00000000000000000000 1.00000000000000000000 2 0 8 128 129 130 151 153 175 176 177 
153 1946 1.467150000 -3.391700000 0.00000000000000000000 1.00000000000000000000 2 0 8 129 130 131 152 154 176 177 178 
154 1947 1.332090000 -3.427230000 0.00000000000000000000 1.00000000000000000000 2 0 8 130 131 132 153 155 177 178 179 
155 1948 1.195710000 -3.457490000 0.00000000000000000000 1.00000000000000000000 2 0 8 131 132 133 154 156 178 179 180 
156 1949 1.058210000 -3.482440000 0.00000000000000000000 1.00000000000000000000 2 0 8 132 133 134 155 157 179 180 181 
157 1950 0.919810000 -3.502020000 0.00000000000000000000 1.00000000000000000000 2 0 8 133 134 135 156 158 180 181 182 
158 1951 0.780714000 -3.516220000 0.00000000000000000000 1.00000000000000000000 2 0 8 134 135 136 157 159 181 182 183 
159 1952 0.641138000 -3.524990000 0.00000000000000000000 1.00000000000000000000 2 0 8 135 136 137 158 160 182 183 184 
160 1953 0.501298000 -3.528340000 0.00000000000000000000 1.00000000000000000000 2 0 8 136 137 138 159 161 183 184 185 
161 1954 0.361410000 -3.526240000 0.00000000000000000000 1.00000000000000000000 2 0 8 137 138 139 160 162 184 185 186 
162 1955 0.221690000 -3.518700000 0.00000000000000000000 1.00000000000000000000 2 0 8 138 139 648 161 163 185 186 187 
163 1956 0.082352400 -3.505730000 0.00000000000000000000 1.00000000000000000000 2 0 8 139 648 649 162 651 186 187 188 
164 1957 3.169370000 -2.645390000 0.00000000000000000000 1.00000000000000000000 2 0 8 650 140 141 653 165 656 189 190 
165 1958 3.062870000 -2.747540000 0.00000000000000000000 1.00000000000000000000 2 0 8 140 141 142 164 166 189 190 191 
166 1959 2.952400000 -2.845480000 0.00000000000000000000 1.00000000000000000000 2 0 8 141 142 143 165 167 190 191 192 
167 1960 2.838130000 -2.939080000 0.00000000000000000000 1.00000000000000000000 2 0 8 142 143 144 166 168 191 192 193 
168 1961 2.720240000 -3.028180000 0.00000000000000000000 1.00000000000000000000 2 0 8 143 144 145 167 169 192 193 194 
169 1962 2.598910000 -3.112640000 0.00000000000000000000 1.00000000000000000000 2 0 8 144 145 146 168 170 193 194 195 
170 1963 2.474310000 -3.192340000 0.00000000000000000000 1.00000000000000000000 2 0 8 145 146 147 169 171 194 195 196 
171 1964 2.346640000 -3.267150000 0.00000000000000000000 1.00000000000000000000 2 0 8 146 147 148 170 172 195 196 197 
172 1965 2.216100000 -3.336950000 0.00000000000000000000 1.00000000000000000000 2 0 8 147 148 149 171 173 196 197 198 
173 1966 2.082880000 -3.401640000 0.00000000000000000000 1.00000000000000000000 2 0 8 148 149 150 172 174 197 198 199 
174 1967 1.947180000 -3.461100000 0.00000000000000000000 1.00000000000000000000 2 0 8 149 150 151 173 175 198 199 200 
175 1968 1.809220000 -3.515260000 0.00000000000000000000 1.00000000000000000000 2 0 8 150 151 152 174 176 199 200 201 
176 1969 1.669200000 -3.564020000 0.00000000000000000000 1.00000000000000000000 2 0 8 151 152 153 175 177 200 201 202 
177 1970 1.527340000 -3.607300000 0.00000000000000000000 1.00000000000000000000 2 0 8 152 153 154 176 178 201 202 203 
178 1971 1.383850000 -3.645040000 0.00000000000000000000 1.00000000000000000000 2 0 8 153 154 155 177 179 202 203 204 
179 1972 1.238960000 -3.677180000 0.00000000000000000000 1.00000000000000000000 2 0 8 154 155 156 178 180 203 204 205 
180 1973 1.092890000 -3.703660000 0.00000000000000000000 1.00000000000000000000 2 0 8 155 156 157 179 181 204 205 206 
181 1974 0.945853000 -3.724430000 0.00000000000000000000 1.00000000000000000000 2 0 8 156 157 158 180 182 205 206 207 
182 1975 0.798089000 -3.739480000 0.00000000000000000000 1.00000000000000000000 2 0 8 157 158 159 181 183 206 207 208 
183 1976 0.649819000 -3.748760000 0.00000000000000000000 1.00000000000000000000 2 0 8 158 159 160 182 184 207 208 209 
184 1977 0.501273000 -3.752260000 0.00000000000000000000 1.00000000000000000000 2 0 8 159 160 161 183 185 208 209 210 
185 1978 0.352679000 -3.749980000 0.00000000000000000000 1.00000000000000000000 2 0 8 160 161 162 184 186 209 210 211 
186 1979 0.204267000 -3.741910000 0.00000000000000000000 1.00000000000000000000 2 0 8 161 162 163 185 187 210 211 212 
187 1980 0.056265400 -3.728070000 0.00000000000000000000 1.00000000000000000000 2 0 8 162 163 651 186 188 211 212 213 
188 1981 -0.091095900 -3.708470000 0.00000000000000000000 1.00000000000000000000 2 0 8 163 651 652 187 654 212 213 214 
189 1982 3.336270000 -2.813790000 0.00000000000000000000 1.00000000000000000000 2 0 8 653 164 165 656 190 658 215 216 
190 1983 3.223080000 -2.922410000 0.00000000000000000000 1.00000000000000000000 2 0 8 164 165 166 189 191 215 216 217 
191 1984 3.105670000 -3.026560000 0.00000000000000000000 1.00000000000000000000 2 0 8 165 166 167 190 192 216 217 218 
192 1985 2.984230000 -3.126080000 0.00000000000000000000 1.00000000000000000000 2 0 8 166 167 168 191 193 217 218 219 
193 1986 2.858950000 -3.220810000 0.00000000000000000000 1.00000000000000000000 2 0 8 167 168 169 192 194 218 219 220 
194 1987 2.730000000 -3.310610000 0.00000000000000000000 1.00000000000000000000 2 0 8 168 169 170 193 195 219 220 221 
195 1988 2.597600000 -3.395340000 0.00000000000000000000 1.00000000000000000000 2 0 8 169 170 171 194 196 220 221 222 
196 1989 2.461930000 -3.474870000 0.00000000000000000000 1.00000000000000000000 2 0 8 170 171 172 195 197 221 222 223 
197 1990 2.323210000 -3.549060000 0.00000000000000000000 1.00000000000000000000 2 0 8 171 172 173 196 198 222 223 224 
198 1991 2.181640000 -3.617820000 0.00000000000000000000 1.00000000000000000000 2 0 8 172 173 174 197 199 223 224 225 
199 1992 2.037450000 -3.681020000 0.00000000000000000000 1.00000000000000000000 2 0 8 173 174 175 198 200 224 225 226 
200 1993 1.890860000 -3.738570000 0.00000000000000000000 1.00000000000000000000 2 0 8 174 175 176 199 201 225 226 227 
201 1994 1.742080000 -3.790380000 0.00000000000000000000 1.00000000000000000000 2 0 8 175 176 177 200 202 226 227 228 
202 1995 1.591350000 -3.836360000 0.00000000000000000000 1.00000000000000000000 2 0 8 176 177 178 201 203 227 228 229 
203 1996 1.438900000 -3.876450000 0.00000000000000000000 1.00000000000000000000 2 0 8 177 178 179 202 204 228 229 230 
204 1997 1.284950000 -3.910570000 0.00000000000000000000 1.00000000000000000000 2 0 8 178 179 180 203 205 229 230 231 
205 1998 1.129760000 -3.938680000 0.00000000000000000000 1.00000000000000000000 2 0 8 179 180 181 204 206 230 231 232 
206 1999 0.973549000 -3.960730000 0.00000000000000000000 1.00000000000000000000 2 0 8 180 181 182 205 207 231 232 233 
207 2000 0.816565000 -3.976670000 0.00000000000000000000 1.00000000000000000000 2 0 8 181 182 183 206 208 232 233 234 
208 2001 0.659049000 -3.986490000 0.00000000000000000000 1.00000000000000000000 2 0 8 182 183 184 207 209 233 234 235 
209 2002 0.501244000 -3.990170000 0.00000000000000000000 1.00000000000000000000 2 0 8 183 184 185 208 210 234 235 236 
210 2003 0.343391000 -3.987690000 0.00000000000000000000 1.00000000000000000000 2 0 8 184 185 186 209 211 235 236 237 
211 2004 0.185736000 -3.979060000 0.00000000000000000000 1.00000000000000000000 2 0 8 185 186 187 210 212 236 237 238 
212 2005 0.028521400 -3.964280000 0.00000000000000000000 1.00000000000000000000 2 0 8 186 187 188 211 213 237 238 239 
213 2006 -0.128010000 -3.943390000 0.00000000000000000000 1.00000000000000000000 2 0 8 187 188 654 212 214 238 239 240 
214 2007 -0.283615000 -3.916400000 0.00000000000000000000 1.00000000000000000000 2 0 8 188 654 655 213 657 239 240 659 
215 2008 3.513760000 -2.992720000 0.00000000000000000000 1.00000000000000000000 2 0 8 656 189 190 658 216 660 241 242 
216 2009 3.393450000 -3.108220000 0.00000000000000000000 1.00000000000000000000 2 0 8 189 190 191 215 217 241 242 243 
217 2010 3.268670000 -3.218960000 0.00000000000000000000 1.00000000000000000000 2 0 8 190 191 192 216 218 242 243 244 
218 2011 3.139610000 -3.324780000 0.00000000000000000000 1.00000000000000000000 2 0 8 191 192 193 217 219 243 244 245 
219 2012 3.006460000 -3.425490000 0.00000000000000000000 1.00000000000000000000 2 0 8 192 193 194 218 220 244 245 246 
220 2013 2.869420000 -3.520960000 0.00000000000000000000 1.00000000000000000000 2 0 8 193 194 195 219 221 245 246 247 
221 2014 2.728700000 -3.611040000 0.00000000000000000000 1.00000000000000000000 2 0 8 194 195 196 220 222 246 247 248 
222 2015 2.584530000 -3.695570000 0.00000000000000000000 1.00000000000000000000 2 0 8 195 196 197 221 223 247 248 249 
223 2016 2.437110000 -3.774440000 0.00000000000000000000 1.00000000000000000000 2 0 8 196 197 198 222 224 248 249 250 
224 2017 2.286670000 -3.847520000 0.00000000000000000000 1.00000000000000000000 2 0 8 197 198 199 223 225 249 250 251 
225 2018 2.133450000 -3.914680000 0.00000000000000000000 1.00000000000000000000 2 0 8 198 199 200 224 226 250 251 252 
226 2019 1.977670000 -3.975840000 0.00000000000000000000 1.00000000000000000000 2 0 8 199 200 201 225 227 251 252 253 
227 2020 1.819580000 -4.030890000 0.00000000000000000000 1.00000000000000000000 2 0 8 200 201 202 226 228 252 253 254 
228 2021 1.659420000 -4.079740000 0.00000000000000000000 1.00000000000000000000 2 0 8 201 202 203 227 229 253 254 255 
229 2022 1.497430000 -4.122320000 0.00000000000000000000 1.00000000000000000000 2 0 8 202 203 204 228 230 254 255 256 
230 2023 1.333860000 -4.158560000 0.00000000000000000000 1.00000000000000000000 2 0 8 203 204 205 229 231 255 256 257 
231 2024 1.168970000 -4.188400000 0.00000000000000000000 1.00000000000000000000 2 0 8 204 205 206 230 232 256 257 258 
232 2025 1.003000000 -4.211790000 0.00000000000000000000 1.00000000000000000000 2 0 8 205 206 207 231 233 257 258 259 
233 2026 0.836212000 -4.228690000 0.00000000000000000000 1.00000000000000000000 2 0 8 206 207 208 232 234 258 259 260 
234 2027 0.668863000 -4.239080000 0.00000000000000000000 1.00000000000000000000 2 0 8 207 208 209 233 235 259 260 261 
235 2028 0.501211000 -4.242930000 0.00000000000000000000 1.00000000000000000000 2 0 8 208 209 210 234 236 260 261 262 
236 2029 0.333514000 -4.240240000 0.00000000000000000000 1.00000000000000000000 2 0 8 209 210 211 235 237 261 262 263 
237 2030 0.166029000 -4.231010000 0.00000000000000000000 1.00000000000000000000 2 0 8 210 211 212 236 238 262 263 264 
238 2031 -0.000982964 -4.215250000 0.00000000000000000000 1.00000000000000000000 2 0 8 211 212 213 237 239 263 264 265 
239 2032 -0.167265000 -4.192990000 0.00000000000000000000 1.00000000000000000000 2 0 8 212 213 214 238 240 264 265 266 
240 2033 -0.332560000 -4.164240000 0.00000000000000000000 1.00000000000000000000 2 0 8 213 214 657 239 659 265 266 661 
241 2034 3.702510000 -3.182860000 0.00000000000000000000 1.00000000000000000000 2 0 8 658 215 216 660 242 662 267 268 
242 2035 3.574640000 -3.305670000 0.00000000000000000000 1.00000000000000000000 2 0 8 215 216 217 241 243 267 268 269 
243 2036 3.442010000 -3.423410000 0.00000000000000000000 1.00000000000000000000 2 0 8 216 217 218 242 244 268 269 270 
244 2037 3.304830000 -3.535910000 0.00000000000000000000 1.00000000000000000000 2 0 8 217 218 219 243 245 269 270 271 
245 2038 3.163320000 -3.642990000 0.00000000000000000000 1.00000000000000000000 2 0 8 218 219 220 244 246 270 271 272 
246 2039 3.017670000 -3.744480000 0.00000000000000000000 1.00000000000000000000 2 0 8 219 220 221 245 247 271 272 273 
247 2040 2.868120000 -3.840240000 0.00000000000000000000 1.00000000000000000000 2 0 8 220 221 222 246 248 272 273 274 
248 2041 2.714890000 -3.930100000 0.00000000000000000000 1.00000000000000000000 2 0 8 221 222 223 247 249 273 274 275 
249 2042 2.558230000 -4.013920000 0.00000000000000000000 1.00000000000000000000 2 0 8 222 223 224 248 250 274 275 276 
250 2043 2.398350000 -4.091590000 0.00000000000000000000 1.00000000000000000000 2 0 8 223 224 225 249 251 275 276 277 
251 2044 2.235530000 -4.162970000 0.00000000000000000000 1.00000000000000000000 2 0 8 224 225 226 250 252 276 277 278 
252 2045 2.069990000 -4.227960000 0.00000000000000000000 1.00000000000000000000 2 0 8 225 226 227 251 253 277 278 279 
253 2046 1.901990000 -4.286450000 0.00000000000000000000 1.00000000000000000000 2 0 8 226 227 228 252 254 278 279 280 
254 2047 1.731800000 -4.338350000 0.00000000000000000000 1.00000000000000000000 2 0 8 227 228 229 253 255 279 280 281 
255 2048 1.559670000 -4.383580000 0.00000000000000000000 1.00000000000000000000 2 0 8 228 229 230 254 256 280 281 282 
256 2049 1.385870000 -4.422060000 0.00000000000000000000 1.00000000000000000000 2 0 8 229 230 231 255 257 281 282 283 
257 2050 1.210660000 -4.453740000 0.00000000000000000000 1.00000000000000000000 2 0 8 230 231 232 256 258 282 283 284 
258 2051 1.034310000 -4.478560000 0.00000000000000000000 1.00000000000000000000 2 0 8 231 232 233 257 259 283 284 285 
259 2052 0.857101000 -4.496480000 0.00000000000000000000 1.00000000000000000000 2 0 8 232 233 234 258 260 284 285 286 
260 2053 0.679298000 -4.507470000 0.00000000000000000000 1.00000000000000000000 2 0 8 233 234 235 259 261 285 286 287 
261 2054 0.501175000 -4.511510000 0.00000000000000000000 1.00000000000000000000 2 0 8 234 235 236 260 262 286 287 288 
262 2055 0.323008000 -4.508600000 0.00000000000000000000 1.00000000000000000000 2 0 8 235 236 237 261 263 287 288 289 
263 2056 0.145073000 -4.498730000 0.00000000000000000000 1.00000000000000000000 2 0 8 236 237 238 262 264 288 289 290 
264 2057 -0.032357900 -4.481920000 0.00000000000000000000 1.00000000000000000000 2 0 8 237 238 239 263 265 289 290 291 
265 2058 -0.209009000 -4.458190000 0.00000000000000000000 1.00000000000000000000 2 0 8 238 239 240 264 266 290 291 292 
266 2059 -0.384607000 -4.427580000 0.00000000000000000000 1.00000000000000000000 2 0 8 239 240 659 265 661 291 292 663 
267 2060 3.903210000 -3.384910000 0.00000000000000000000 1.00000000000000000000 2 0 8 660 241 242 662 268 664 293 294 
268 2061 3.767300000 -3.515490000 0.00000000000000000000 1.00000000000000000000 2 0 8 241 242 243 267 269 293 294 295 
269 2062 3.626330000 -3.640670000 0.00000000000000000000 1.00000000000000000000 2 0 8 242 243 244 268 270 294 295 296 
270 2063 3.480530000 -3.760280000 0.00000000000000000000 1.00000000000000000000 2 0 8 243 244 245 269 271 295 296 297 
271 2064 3.330110000 -3.874110000 0.00000000000000000000 1.00000000000000000000 2 0 8 244 245 246 270 272 296 297 298 
272 2065 3.175310000 -3.982010000 0.00000000000000000000 1.00000000000000000000 2 0 8 245 246 247 271 273 297 298 299 
273 2066 3.016370000 -4.083800000 0.00000000000000000000 1.00000000000000000000 2 0 8 246 247 248 272 274 298 299 300 
274 2067 2.853520000 -4.179310000 0.00000000000000000000 1.00000000000000000000 2 0 8 247 248 249 273 275 299 300 301 
275 2068 2.687020000 -4.268410000 0.00000000000000000000 1.00000000000000000000 2 0 8 248 249 250 274 276 300 301 302 
276 2069 2.517110000 -4.350960000 0.00000000000000000000 1.00000000000000000000 2 0 8 249 250 251 275 277 301 302 303 
277 2070 2.344070000 -4.426820000 0.00000000000000000000 1.00000000000000000000 2 0 8 250 251 252 276 278 302 303 304 
278 2071 2.168150000 -4.495880000 0.00000000000000000000 1.00000000000000000000 2 0 8 251 252 253 277 279 303 304 305 
279 2072 1.989620000 -4.558020000 0.00000000000000000000 1.00000000000000000000 2 0 8 252 253 254 278 280 304 305 306 
280 2073 1.808760000 -4.613160000 0.00000000000000000000 1.00000000000000000000 2 0 8 253 254 255 279 281 305 306 307 
281 2074 1.625850000 -4.661200000 0.00000000000000000000 1.00000000000000000000 2 0 8 254 255 256 280 282 306 307 308 
282 2075 1.441160000 -4.702070000 0.00000000000000000000 1.00000000000000000000 2 0 8 255 256 257 281 283 307 308 309 
283 2076 1.254990000 -4.735690000 0.00000000000000000000 1.00000000000000000000 2 0 8 256 257 258 282 284 308 309 310 
284 2077 1.067610000 -4.762030000 0.00000000000000000000 1.00000000000000000000 2 0 8 257 258 259 283 285 309 310 311 
285 2078 0.879311000 -4.781030000 0.00000000000000000000 1.00000000000000000000 2 0 8 258 259 260 284 286 310 311 312 
286 2079 0.690390000 -4.792660000 0.00000000000000000000 1.00000000000000000000 2 0 8 259 260 261 285 287 311 312 313 
287 2080 0.501134000 -4.796910000 0.00000000000000000000 1.00000000000000000000 2 0 8 260 261 262 286 288 312 313 314 
288 2081 0.311836000 -4.793760000 0.00000000000000000000 1.00000000000000000000 2 0 8 261 262 263 287 289 313 314 315 
289 2082 0.122787000 -4.783210000 0.00000000000000000000 1.00000000000000000000 2 0 8 262 263 264 288 290 314 315 316 
290 2083 -0.065720500 -4.765280000 0.00000000000000000000 1.00000000000000000000 2 0 8 263 264 265 289 291 315 316 317 
291 2084 -0.253396000 -4.740000000 0.00000000000000000000 1.00000000000000000000 2 0 8 264 265 266 290 292 316 317 318 
292 2085 -0.439948000 -4.707390000 0.00000000000000000000 1.00000000000000000000 2 0 8 265 266 661 291 663 317 318 665 
293 2086 4.116630000 -3.599640000 0.00000000000000000000 1.00000000000000000000 2 0 8 662 267 268 664 294 666 319 320 
294 2087 3.972150000 -3.738470000 0.00000000000000000000 1.00000000000000000000 2 0 8 267 268 269 293 295 319 320 321 
295 2088 3.822320000 -3.871560000 0.00000000000000000000 1.00000000000000000000 2 0 8 268 269 270 294 296 320 321 322 
296 2089 3.667340000 -3.998720000 0.00000000000000000000 1.00000000000000000000 2 0 8 269 270 271 295 297 321 322 323 
297 2090 3.507470000 -4.119740000 0.00000000000000000000 1.00000000000000000000 2 0 8 270 271 272 296 298 322 323 324 
298 2091 3.342930000 -4.234440000 0.00000000000000000000 1.00000000000000000000 2 0 8 271 272 273 297 299 323 324 325 
299 2092 3.174000000 -4.342630000 0.00000000000000000000 1.00000000000000000000 2 0 8 272 273 274 298 300 324 325 326 
300 2093 3.000920000 -4.444160000 0.00000000000000000000 1.00000000000000000000 2 0 8 273 274 275 299 301 325 326 327 
301 2094 2.823960000 -4.538860000 0.00000000000000000000 1.00000000000000000000 2 0 8 274 275 276 300 302 326 327 328 
302 2095 2.643380000 -4.626590000 0.00000000000000000000 1.00000000000000000000 2 0 8 275 276 277 301 303 327 328 329 
303 2096 2.459480000 -4.707210000 0.00000000000000000000 1.00000000000000000000 2 0 8 276 277 278 302 304 328 329 330 
304 2097 2.272520000 -4.780590000 0.00000000000000000000 1.00000000000000000000 2 0 8 277 278 279 303 305 329 330 331 
305 2098 2.082790000 -4.846620000 0.00000000000000000000 1.00000000000000000000 2 0 8 278 279 280 304 306 330 331 332 
306 2099 1.890590000 -4.905200000 0.00000000000000000000 1.00000000000000000000 2 0 8 279 280 281 305 307 331 332 333 
307 2100 1.696220000 -4.956230000 0.00000000000000000000 1.00000000000000000000 2 0 8 280 281 282 306 308 332 333 334 
308 2101 1.499960000 -4.999630000 0.00000000000000000000 1.00000000000000000000 2 0 8 281 282 283 307 309 333 334 335 
309 2102 1.302120000 -5.035330000 0.00000000000000000000 1.00000000000000000000 2 0 8 282 283 284 308 310 334 335 336 
310 2103 1.103010000 -5.063270000 0.00000000000000000000 1.00000000000000000000 2 0 8 283 284 285 309 311 335 336 337 
311 2104 0.902924000 -5.083420000 0.00000000000000000000 1.00000000000000000000 2 0 8 284 285 286 310 312 336 337 338 
312 2105 0.702182000 -5.095730000 0.00000000000000000000 1.00000000000000000000 2 0 8 285 286 287 311 313 337 338 339 
313 2106 0.501089000 -5.100190000 0.00000000000000000000 1.00000000000000000000 2 0 8 286 287 288 312 314 338 339 340 
314 2107 0.299955000 -5.096780000 0.00000000000000000000 1.00000000000000000000 2 0 8 287 288 289 313 315 339 340 341 
315 2108 0.099090200 -5.085510000 0.00000000000000000000 1.00000000000000000000 2 0 8 288 289 290 314 316 340 341 342 
316 2109 -0.101195000 -5.066400000 0.00000000000000000000 1.00000000000000000000 2 0 8 289 290 291 315 317 341 342 343 
317 2110 -0.300592000 -5.039460000 0.00000000000000000000 1.00000000000000000000 2 0 8 290 291 292 316 318 342 343 344 
318 2111 -0.498792000 -5.004740000 0.00000000000000000000 1.00000000000000000000 2 0 8 291 292 663 317 665 343 344 667 
319 2112 4.343550000 -3.827860000 0.00000000000000000000 1.00000000000000000000 2 0 8 664 293 294 666 320 668 345 346 
320 2113 4.189970000 -3.975460000 0.00000000000000000000 1.00000000000000000000 2 0 8 293 294 295 319 321 345 346 347 
321 2114 4.030700000 -4.116960000 0.00000000000000000000 1.00000000000000000000 2 0 8 294 295 296 320 322 346 347 348 
322 2115 3.865970000 -4.252130000 0.00000000000000000000 1.00000000000000000000 2 0 8 295 296 297 321 323 347 348 349 
323 2116 3.696040000 -4.380790000 0.00000000000000000000 1.00000000000000000000 2 0 8 296 297 298 322 324 348 349 350 
324 2117 3.521160000 -4.502710000 0.00000000000000000000 1.00000000000000000000 2 0 8 297 298 299 323 325 349 350 351 
325 2118 3.341600000 -4.617720000 0.00000000000000000000 1.00000000000000000000 2 0 8 298 299 300 324 326 350 351 352 
326 2119 3.157640000 -4.725640000 0.00000000000000000000 1.00000000000000000000 2 0 8 299 300 301 325 327 351 352 353 
327 2120 2.969560000 -4.826290000 0.00000000000000000000 1.00000000000000000000 2 0 8 300 301 302 326 328 352 353 354 
328 2121 2.777640000 -4.919530000 0.00000000000000000000 1.00000000000000000000 2 0 8 301 302 303 327 329 353 354 355 
329 2122 2.582180000 -5.005200000 0.00000000000000000000 1.00000000000000000000 2 0 8 302 303 304 328 330 354 355 356 
330 2123 2.383490000 -5.083180000 0.00000000000000000000 1.00000000000000000000 2 0 8 303 304 305 329 331 355 356 357 
331 2124 2.181850000 -5.153330000 0.00000000000000000000 1.00000000000000000000 2 0 8 304 305 306 330 332 356 357 358 
332 2125 1.977600000 -5.215560000 0.00000000000000000000 1.00000000000000000000 2 0 8 305 306 307 331 333 357 358 359 
333 2126 1.771030000 -5.269770000 0.00000000000000000000 1.00000000000000000000 2 0 8 306 307 308 332 334 358 359 360 
334 2127 1.562460000 -5.315850000 0.00000000000000000000 1.00000000000000000000 2 0 8 307 308 309 333 335 359 360 361 
335 2128 1.352230000 -5.353760000 0.00000000000000000000 1.00000000000000000000 2 0 8 308 309 310 334 336 360 361 362 
336 2129 1.140640000 -5.383420000 0.00000000000000000000 1.00000000000000000000 2 0 8 309 310 311 335 337 361 362 363 
337 2130 0.928026000 -5.404780000 0.00000000000000000000 1.00000000000000000000 2 0 8 310 311 312 336 338 362 363 364 
338 2131 0.714716000 -5.417810000 0.00000000000000000000 1.00000000000000000000 2 0 8 311 312 313 337 339 363 364 365 
339 2132 0.501038000 -5.422490000 0.00000000000000000000 1.00000000000000000000 2 0 8 312 313 314 338 340 364 365 366 
340 2133 0.287320000 -5.418810000 0.00000000000000000000 1.00000000000000000000 2 0 8 313 314 315 339 341 365 366 367 
341 2134 0.073892900 -5.406770000 0.00000000000000000000 1.00000000000000000000 2 0 8 314 315 316 340 342 366 367 368 
342 2135 -0.138914000 -5.386390000 0.00000000000000000000 1.00000000000000000000 2 0 8 315 316 317 341 343 367 368 369 
343 2136 -0.350773000 -5.357700000 0.00000000000000000000 1.00000000000000000000 2 0 8 316 317 318 342 344 368 369 370 
344 2137 -0.561356000 -5.320740000 0.00000000000000000000 1.00000000000000000000 2 0 8 317 318 665 343 667 369 370 669 
345 2138 4.584820000 -4.070420000 0.00000000000000000000 1.00000000000000000000 2 0 8 666 319 320 668 346 670 371 372 
346 2139 4.421570000 -4.227340000 0.00000000000000000000 1.00000000000000000000 2 0 8 319 320 321 345 347 371 372 373 
347 2140 4.252270000 -4.377770000 0.00000000000000000000 1.00000000000000000000 2 0 8 320 321 322 346 348 372 373 374 
348 2141 4.077170000 -4.521470000 0.00000000000000000000 1.00000000000000000000 2 0 8 321 322 323 347 349 373 374 375 
349 2142 3.896540000 -4.658240000 0.00000000000000000000 1.00000000000000000000 2 0 8 322 323 324 348 350 374 375 376 
350 2143 3.710650000 -4.787840000 0.00000000000000000000 1.00000000000000000000 2 0 8 323 324 325 349 351 375 376 377 
351 2144 3.519800000 -4.910090000 0.00000000000000000000 1.00000000000000000000 2 0 8 324 325 326 350 352 376 377 378 
352 2145 3.324270000 -5.024800000 0.00000000000000000000 1.00000000000000000000 2 0 8 325 326 327 351 353 377 378 379 
353 2146 3.124360000 -5.131780000 0.00000000000000000000 1.00000000000000000000 2 0 8 326 327 328 352 354 378 379 380 
354 2147 2.920380000 -5.230860000 0.00000000000000000000 1.00000000000000000000 2 0 8 327 328 329 353 355 379 380 381 
355 2148 2.712640000 -5.321910000 0.00000000000000000000 1.00000000000000000000 2 0 8 328 329 330 354 356 380 381 382 
356 2149 2.501470000 -5.404770000 0.00000000000000000000 1.00000000000000000000 2 0 8 329 330 331 355 357 381 382 383 
357 2150 2.287180000 -5.479310000 0.00000000000000000000 1.00000000000000000000 2 0 8 330 331 332 356 358 382 383 384 
358 2151 2.070100000 -5.545420000 0.00000000000000000000 1.00000000000000000000 2 0 8 331 332 333 357 359 383 384 385 
359 2152 1.850570000 -5.602990000 0.00000000000000000000 1.00000000000000000000 2 0 8 332 333 334 358 360 384 385 386 
360 2153 1.628920000 -5.651940000 0.00000000000000000000 1.00000000000000000000 2 0 8 333 334 335 359 361 385 386 387 
361 2154 1.405500000 -5.692180000 0.00000000000000000000 1.00000000000000000000 2 0 8 334 335 336 360 362 386 387 388 
362 2155 1.180650000 -5.723660000 0.00000000000000000000 1.00000000000000000000 2 0 8 335 336 337 361 363 387 388 389 
363 2156 0.954711000 -5.746310000 0.00000000000000000000 1.00000000000000000000 2 0 8 336 337 338 362 364 388 389 390 
364 2157 0.728039000 -5.760110000 0.00000000000000000000 1.00000000000000000000 2 0 8 337 338 339 363 365 389 390 391 
365 2158 0.500980000 -5.765030000 0.00000000000000000000 1.00000000000000000000 2 0 8 338 339 340 364 366 390 391 392 
366 2159 0.273884000 -5.761060000 0.00000000000000000000 1.00000000000000000000 2 0 8 339 340 341 365 367 391 392 393 
367 2160 0.047101100 -5.748200000 0.00000000000000000000 1.00000000000000000000 2 0 8 340 341 342 366 368 392 393 394 
368 2161 -0.179019000 -5.726470000 0.00000000000000000000 1.00000000000000000000 2 0 8 341 342 343 367 369 393 394 395 
369 2162 -0.404126000 -5.695910000 0.00000000000000000000 1.00000000000000000000 2 0 8 342 343 344 368 370 394 395 396 
370 2163 -0.627873000 -5.656560000 0.00000000000000000000 1.00000000000000000000 2 0 8 343 344 667 369 669 395 396 671 
371 2164 4.841340000 -4.328240000 0.00000000000000000000 1.00000000000000000000 2 0 8 668 345 346 670 372 672 397 398 
372 2165 4.667810000 -4.495070000 0.00000000000000000000 1.00000000000000000000 2 0 8 345 346 347 371 373 397 398 399 
373 2166 4.487840000 -4.654990000 0.00000000000000000000 1.00000000000000000000 2 0 8 346 347 348 372 374 398 399 400 
374 2167 4.301710000 -4.807760000 0.00000000000000000000 1.00000000000000000000 2 0 8 347 348 349 373 375 399 400 401 
375 2168 4.109710000 -4.953140000 0.00000000000000000000 1.00000000000000000000 2 0 8 348 349 350 374 376 400 401 402 
376 2169 3.912120000 -5.090910000 0.00000000000000000000 1.00000000000000000000 2 0 8 349 350 351 375 377 401 402 403 
377 2170 3.709260000 -5.220850000 0.00000000000000000000 1.00000000000000000000 2 0 8 350 351 352 376 378 402 403 404 
378 2171 3.501430000 -5.342770000 0.00000000000000000000 1.00000000000000000000 2 0 8 351 352 353 377 379 403 404 405 
379 2172 3.288940000 -5.456470000 0.00000000000000000000 1.00000000000000000000 2 0 8 352 353 354 378 380 404 405 406 
380 2173 3.072140000 -5.561780000 0.00000000000000000000 1.00000000000000000000 2 0 8 353 354 355 379 381 405 406 407 
381 2174 2.851350000 -5.658530000 0.00000000000000000000 1.00000000000000000000 2 0 8 354 355 356 380 382 406 407 408 
382 2175 2.626900000 -5.746570000 0.00000000000000000000 1.00000000000000000000 2 0 8 355 356 357 381 383 407 408 409 
383 2176 2.399150000 -5.825780000 0.00000000000000000000 1.00000000000000000000 2 0 8 356 357 358 382 384 408 409 410 
384 2177 2.168440000 -5.896010000 0.00000000000000000000 1.00000000000000000000 2 0 8 357 358 359 383 385 409 410 411 
385 2178 1.935120000 -5.957170000 0.00000000000000000000 1.00000000000000000000 2 0 8 358 359 360 384 386 410 411 412 
386 2179 1.699570000 -6.009150000 0.00000000000000000000 1.00000000000000000000 2 0 8 359 360 361 385 387 411 412 413 
387 2180 1.462130000 -6.051870000 0.00000000000000000000 1.00000000000000000000 2 0 8 360 361 362 386 388 412 413 414 
388 2181 1.223180000 -6.085280000 0.00000000000000000000 1.00000000000000000000 2 0 8 361 362 363 387 389 413 414 415 
389 2182 0.983078000 -6.109300000 0.00000000000000000000 1.00000000000000000000 2 0 8 362 363 364 388 390 414 415 416 
390 2183 0.742200000 -6.123910000 0.00000000000000000000 1.00000000000000000000 2 0 8 363 364 365 389 391 415 416 417 
391 2184 0.500916000 -6.129080000 0.00000000000000000000 1.00000000000000000000 2 0 8 364 365 366 390 392 416 417 418 
392 2185 0.259596000 -6.124790000 0.00000000000000000000 1.00000000000000000000 2 0 8 365 366 367 391 393 417 418 419 
393 2186 0.018614600 -6.111070000 0.00000000000000000000 1.00000000000000000000 2 0 8 366 367 368 392 394 418 419 420 
394 2187 -0.221658000 -6.087910000 0.00000000000000000000 1.00000000000000000000 2 0 8 367 368 369 393 395 419 420 421 
395 2188 -0.460850000 -6.055360000 0.00000000000000000000 1.00000000000000000000 2 0 8 368 369 370 394 396 420 421 422 
396 2189 -0.698592000 -6.013460000 0.00000000000000000000 1.00000000000000000000 2 0 8 369 370 669 395 671 421 422 673 
397 2190 5.114070000 -4.602290000 0.00000000000000000000 1.00000000000000000000 2 0 8 670 371 372 672 398 674 423 424 
398 2191 4.929600000 -4.779650000 0.00000000000000000000 1.00000000000000000000 2 0 8 371 372 373 397 399 423 424 425 
399 2192 4.738290000 -4.949650000 0.00000000000000000000 1.00000000000000000000 2 0 8 372 373 374 398 400 424 425 426 
400 2193 4.540440000 -5.112060000 0.00000000000000000000 1.00000000000000000000 2 0 8 373 374 375 399 401 425 426 427 
401 2194 4.336340000 -5.266600000 0.00000000000000000000 1.00000000000000000000 2 0 8 374 375 376 400 402 426 427 428 
402 2195 4.126320000 -5.413040000 0.00000000000000000000 1.00000000000000000000 2 0 8 375 376 377 401 403 427 428 429 
403 2196 3.910680000 -5.551160000 0.00000000000000000000 1.00000000000000000000 2 0 8 376 377 378 402 404 428 429 430 
404 2197 3.689770000 -5.680750000 0.00000000000000000000 1.00000000000000000000 2 0 8 377 378 379 403 405 429 430 431 
405 2198 3.463920000 -5.801590000 0.00000000000000000000 1.00000000000000000000 2 0 8 378 379 380 404 406 430 431 432 
406 2199 3.233480000 -5.913510000 0.00000000000000000000 1.00000000000000000000 2 0 8 379 380 381 405 407 431 432 433 
407 2200 2.998800000 -6.016320000 0.00000000000000000000 1.00000000000000000000 2 0 8 380 381 382 406 408 432 433 434 
408 2201 2.760250000 -6.109880000 0.00000000000000000000 1.00000000000000000000 2 0 8 381 382 383 407 409 433 434 435 
409 2202 2.518180000 -6.194030000 0.00000000000000000000 1.00000000000000000000 2 0 8 382 383 384 408 410 434 435 436 
410 2203 2.272980000 -6.268650000 0.00000000000000000000 1.00000000000000000000 2 0 8 383 384 385 409 411 435 436 437 
411 2204 2.025020000 -6.333610000 0.00000000000000000000 1.00000000000000000000 2 0 8 384 385 386 410 412 436 437 438 
412 2205 1.774670000 -6.388820000 0.00000000000000000000 1.00000000000000000000 2 0 8 385 386 387 411 413 437 438 439 
413 2206 1.522330000 -6.434180000 0.00000000000000000000 1.00000000000000000000 2 0 8 386 387 388 412 414 438 439 440 
414 2207 1.268390000 -6.469630000 0.00000000000000000000 1.00000000000000000000 2 0 8 387 388 389 413 415 439 440 441 
415 2208 1.013230000 -6.495110000 0.00000000000000000000 1.00000000000000000000 2 0 8 388 389 390 414 416 440 441 442 
416 2209 0.757251000 -6.510580000 0.00000000000000000000 1.00000000000000000000 2 0 8 389 390 391 415 417 441 442 443 
417 2210 0.500843000 -6.516010000 0.00000000000000000000 1.00000000000000000000 2 0 8 390 391 392 416 418 442 443 444 
418 2211 0.244403000 -6.511400000 0.00000000000000000000 1.00000000000000000000 2 0 8 391 392 393 417 419 443 444 445 
419 2212 -0.011673100 -6.496740000 0.00000000000000000000 1.00000000000000000000 2 0 8 392 393 394 418 420 444 445 446 
420 2213 -0.266991000 -6.472060000 0.00000000000000000000 1.00000000000000000000 2 0 8 393 394 395 419 421 445 446 447 
421 2214 -0.521155000 -6.437390000 0.00000000000000000000 1.00000000000000000000 2 0 8 394 395 396 420 422 446 447 448 
422 2215 -0.773775000 -6.392790000 0.00000000000000000000 1.00000000000000000000 2 0 8 395 396 671 421 673 447 448 675 
423 2216 5.404030000 -4.893610000 0.00000000000000000000 1.00000000000000000000 2 0 8 672 397 398 674 424 676 449 450 
424 2217 5.207930000 -5.082160000 0.00000000000000000000 1.00000000000000000000 2 0 8 397 398 399 423 425 449 450 451 
425 2218 5.004560000 -5.262890000 0.00000000000000000000 1.00000000000000000000 2 0 8 398 399 400 424 426 450 451 452 
426 2219 4.794240000 -5.435520000 0.00000000000000000000 1.00000000000000000000 2 0 8 399 400 401 425 427 451 452 453 
427 2220 4.577290000 -5.599800000 0.00000000000000000000 1.00000000000000000000 2 0 8 400 401 402 426 428 452 453 454 
428 2221 4.354030000 -5.755470000 0.00000000000000000000 1.00000000000000000000 2 0 8 401 402 403 427 429 453 454 455 
429 2222 4.124820000 -5.902280000 0.00000000000000000000 1.00000000000000000000 2 0 8 402 403 404 428 430 454 455 456 
430 2223 3.890000000 -6.040010000 0.00000000000000000000 1.00000000000000000000 2 0 8 403 404 405 429 431 455 456 457 
431 2224 3.649940000 -6.168440000 0.00000000000000000000 1.00000000000000000000 2 0 8 404 405 406 430 432 456 457 458 
432 2225 3.405000000 -6.287380000 0.00000000000000000000 1.00000000000000000000 2 0 8 405 406 407 431 433 457 458 459 
433 2226 3.155570000 -6.396650000 0.00000000000000000000 1.00000000000000000000 2 0 8 406 407 408 432 434 458 459 460 
434 2227 2.902010000 -6.496060000 0.00000000000000000000 1.00000000000000000000 2 0 8 407 408 409 433 435 459 460 461 
435 2228 2.644730000 -6.585470000 0.00000000000000000000 1.00000000000000000000 2 0 8 408 409 410 434 436 460 461 462 
436 2229 2.384120000 -6.664740000 0.00000000000000000000 1.00000000000000000000 2 0 8 409 410 411 435 437 461 462 463 
437 2230 2.120580000 -6.733750000 0.00000000000000000000 1.00000000000000000000 2 0 8 410 411 412 436 438 462 463 464 
438 2231 1.854510000 -6.792380000 0.00000000000000000000 1.00000000000000000000 2 0 8 411 412 413 437 439 463 464 465 
439 2232 1.586330000 -6.840550000 0.00000000000000000000 1.00000000000000000000 2 0 8 412 413 414 438 440 464 465 466 
440 2233 1.316450000 -6.878170000 0.00000000000000000000 1.00000000000000000000 2 0 8 413 414 415 439 441 465 466 467 
441 2234 1.045280000 -6.905200000 0.00000000000000000000 1.00000000000000000000 2 0 8 414 415 416 440 442 466 467 468 
442 2235 0.773247000 -6.921580000 0.00000000000000000000 1.00000000000000000000 2 0 8 415 416 417 441 443 467 468 469 
443 2236 0.500761000 -6.927290000 0.00000000000000000000 1.00000000000000000000 2 0 8 416 417 418 442 444 468 469 470 
444 2237 0.228247000 -6.922310000 0.00000000000000000000 1.00000000000000000000 2 0 8 417 418 419 443 445 469 470 471 
445 2238 -0.043875300 -6.906660000 0.00000000000000000000 1.00000000000000000000 2 0 8 418 419 420 444 446 470 471 472 
446 2239 -0.315187000 -6.880360000 0.00000000000000000000 1.00000000000000000000 2 0 8 419 420 421 445 447 471 472 473 
447 2240 -0.585268000 -6.843450000 0.00000000000000000000 1.00000000000000000000 2 0 8 420 421 422 446 448 472 473 474 
448 2241 -0.853702000 -6.795970000 0.00000000000000000000 1.00000000000000000000 2 0 8 421 422 673 447 675 473 474 677 
449 2242 5.712300000 -5.203290000 0.00000000000000000000 1.00000000000000000000 2 0 8 674 423 424 676 450 678 475 476 
450 2243 5.503830000 -5.403740000 0.00000000000000000000 1.00000000000000000000 2 0 8 423 424 425 449 451 475 476 477 
451 2244 5.287640000 -5.595870000 0.00000000000000000000 1.00000000000000000000 2 0 8 424 425 426 450 452 476 477 478 
452 2245 5.064070000 -5.779390000 0.00000000000000000000 1.00000000000000000000 2 0 8 425 426 427 451 453 477 478 479 
453 2246 4.833440000 -5.954010000 0.00000000000000000000 1.00000000000000000000 2 0 8 426 427 428 452 454 478 479 480 
454 2247 4.596120000 -6.119480000 0.00000000000000000000 1.00000000000000000000 2 0 8 427 428 429 453 455 479 480 481 
455 2248 4.352470000 -6.275520000 0.00000000000000000000 1.00000000000000000000 2 0 8 428 429 430 454 456 480 481 482 
456 2249 4.102870000 -6.421910000 0.00000000000000000000 1.00000000000000000000 2 0 8 429 430 431 455 457 481 482 483 
457 2250 3.847700000 -6.558410000 0.00000000000000000000 1.00000000000000000000 2 0 8 430 431 432 456 458 482 483 484 
458 2251 3.587340000 -6.684820000 0.00000000000000000000 1.00000000000000000000 2 0 8 431 432 433 457 459 483 484 485 
459 2252 3.322210000 -6.800930000 0.00000000000000000000 1.00000000000000000000 2 0 8 432 433 434 458 460 484 485 486 
460 2253 3.052710000 -6.906570000 0.00000000000000000000 1.00000000000000000000 2 0 8 433 434 435 459 461 485 486 487 
461 2254 2.779260000 -7.001570000 0.00000000000000000000 1.00000000000000000000 2 0 8 434 435 436 460 462 486 487 488 
462 2255 2.502260000 -7.085780000 0.00000000000000000000 1.00000000000000000000 2 0 8 435 436 437 461 463 487 488 489 
463 2256 2.222160000 -7.159090000 0.00000000000000000000 1.00000000000000000000 2 0 8 436 437 438 462 464 488 489 490 
464 2257 1.939380000 -7.221360000 0.00000000000000000000 1.00000000000000000000 2 0 8 437 438 439 463 465 489 490 491 
465 2258 1.654360000 -7.272500000 0.00000000000000000000 1.00000000000000000000 2 0 8 438 439 440 464 466 490 491 492 
466 2259 1.367540000 -7.312430000 0.00000000000000000000 1.00000000000000000000 2 0 8 439 440 441 465 467 491 492 493 
467 2260 1.079350000 -7.341100000 0.00000000000000000000 1.00000000000000000000 2 0 8 440 441 442 466 468 492 493 494 
468 2261 0.790246000 -7.358440000 0.00000000000000000000 1.00000000000000000000 2 0 8 441 442 443 467 469 493 494 495 
469 2262 0.500669000 -7.364440000 0.00000000000000000000 1.00000000000000000000 2 0 8 442 443 444 468 470 494 495 496 
470 2263 0.211068000 -7.359090000 0.00000000000000000000 1.00000000000000000000 2 0 8 443 444 445 469 471 495 496 497 
471 2264 -0.078112300 -7.342390000 0.00000000000000000000 1.00000000000000000000 2 0 8 444 445 446 470 472 496 497 498 
472 2265 -0.366425000 -7.314360000 0.00000000000000000000 1.00000000000000000000 2 0 8 445 446 447 471 473 497 498 499 
473 2266 -0.653426000 -7.275050000 0.00000000000000000000 1.00000000000000000000 2 0 8 446 447 448 472 474 498 499 500 
474 2267 -0.938671000 -7.224510000 0.00000000000000000000 1.00000000000000000000 2 0 8 447 448 675 473 677 499 500 679 
475 2268 6.040020000 -5.532520000 0.00000000000000000000 1.00000000000000000000 2 0 8 676 449 450 678 476 680 501 502 
476 2269 5.818410000 -5.745610000 0.00000000000000000000 1.00000000000000000000 2 0 8 449 450 451 475 477 501 502 503 
477 2270 5.588590000 -5.949850000 0.00000000000000000000 1.00000000000000000000 2 0 8 450 451 452 476 478 502 503 504 
478 2271 5.350910000 -6.144940000 0.00000000000000000000 1.00000000000000000000 2 0 8 451 452 453 477 479 503 504 505 
479 2272 5.105750000 -6.330560000 0.00000000000000000000 1.00000000000000000000 2 0 8 452 453 454 478 480 504 505 506 
480 2273 4.853480000 -6.506450000 0.00000000000000000000 1.00000000000000000000 2 0 8 453 454 455 479 481 505 506 507 
481 2274 4.594480000 -6.672310000 0.00000000000000000000 1.00000000000000000000 2 0 8 454 455 456 480 482 506 507 508 
482 2275 4.329160000 -6.827900000 0.00000000000000000000 1.00000000000000000000 2 0 8 455 456 457 481 483 507 508 509 
483 2276 4.057920000 -6.972970000 0.00000000000000000000 1.00000000000000000000 2 0 8 456 457 458 482 484 508 509 510 
484 2277 3.781180000 -7.107310000 0.00000000000000000000 1.00000000000000000000 2 0 8 457 458 459 483 485 509 510 511 
485 2278 3.499370000 -7.230700000 0.00000000000000000000 1.00000000000000000000 2 0 8 458 459 460 484 486 510 511 512 
486 2279 3.212920000 -7.342950000 0.00000000000000000000 1.00000000000000000000 2 0 8 459 460 461 485 487 511 512 513 
487 2280 2.922260000 -7.443890000 0.00000000000000000000 1.00000000000000000000 2 0 8 460 461 462 486 488 512 513 514 
488 2281 2.627850000 -7.533360000 0.00000000000000000000 1.00000000000000000000 2 0 8 461 462 463 487 489 513 514 515 
489 2282 2.330150000 -7.611230000 0.00000000000000000000 1.00000000000000000000 2 0 8 462 463 464 488 490 514 515 516 
490 2283 2.029600000 -7.677360000 0.00000000000000000000 1.00000000000000000000 2 0 8 463 464 465 489 491 515 516 517 
491 2284 1.726670000 -7.731660000 0.00000000000000000000 1.00000000000000000000 2 0 8 464 465 466 490 492 516 517 518 
492 2285 1.421840000 -7.774050000 0.00000000000000000000 1.00000000000000000000 2 0 8 465 466 467 491 493 517 518 519 
493 2286 1.115560000 -7.804450000 0.00000000000000000000 1.00000000000000000000 2 0 8 466 467 468 492 494 518 519 520 
494 2287 0.808310000 -7.822820000 0.00000000000000000000 1.00000000000000000000 2 0 8 467 468 469 493 495 519 520 521 
495 2288 0.500566000 -7.829130000 0.00000000000000000000 1.00000000000000000000 2 0 8 468 469 470 494 496 520 521 522 
496 2289 0.192800000 -7.823370000 0.00000000000000000000 1.00000000000000000000 2 0 8 469 470 471 495 497 521 522 523 
497 2290 -0.114512000 -7.805550000 0.00000000000000000000 1.00000000000000000000 2 0 8 470 471 472 496 498 522 523 524 
498 2291 -0.420897000 -7.775680000 0.00000000000000000000 1.00000000000000000000 2 0 8 471 472 473 497 499 523 524 525 
499 2292 -0.725882000 -7.733820000 0.00000000000000000000 1.00000000000000000000 2 0 8 472 473 474 498 500 524 525 526 
500 2293 -1.029000000 -7.680030000 0.00000000000000000000 1.00000000000000000000 2 0 8 473 474 677 499 679 525 526 681 
501 2294 6.388420000 -5.882540000 0.00000000000000000000 1.00000000000000000000 2 0 8 678 475 476 680 502 682 527 528 
502 2295 6.152830000 -6.109070000 0.00000000000000000000 1.00000000000000000000 2 0 8 475 476 477 501 503 527 528 529 
503 2296 5.908510000 -6.326190000 0.00000000000000000000 1.00000000000000000000 2 0 8 476 477 478 502 504 528 529 530 
504 2297 5.655860000 -6.533570000 0.00000000000000000000 1.00000000000000000000 2 0 8 477 478 479 503 505 529 530 531 
505 2298 5.395240000 -6.730890000 0.00000000000000000000 1.00000000000000000000 2 0 8 478 479 480 504 506 530 531 532 
506 2299 5.127070000 -6.917840000 0.00000000000000000000 1.00000000000000000000 2 0 8 479 480 481 505 507 531 532 533 
507 2300 4.851750000 -7.094140000 0.00000000000000000000 1.00000000000000000000 2 0 8 480 481 482 506 508 532 533 534 
508 2301 4.569720000 -7.259510000 0.00000000000000000000 1.00000000000000000000 2 0 8 481 482 483 507 509 533 534 535 
509 2302 4.281400000 -7.413690000 0.00000000000000000000 1.00000000000000000000 2 0 8 482 483 484 508 510 534 535 536 
510 2303 3.987240000 -7.556460000 0.00000000000000000000 1.00000000000000000000 2 0 8 483 484 485 509 511 535 536 537 
511 2304 3.687690000 -7.687580000 0.00000000000000000000 1.00000000000000000000 2 0 8 484 485 486 510 512 536 537 538 
512 2305 3.383210000 -7.806860000 0.00000000000000000000 1.00000000000000000000 2 0 8 485 486 487 511 513 537 538 539 
513 2306 3.074270000 -7.914110000 0.00000000000000000000 1.00000000000000000000 2 0 8 486 487 488 512 514 538 539 540 
514 2307 2.761350000 -8.009170000 0.00000000000000000000 1.00000000000000000000 2 0 8 487 488 489 513 515 539 540 541 
515 2308 2.444930000 -8.091880000 0.00000000000000000000 1.00000000000000000000 2 0 8 488 489 490 514 516 540 541 542 
516 2309 2.125490000 -8.162120000 0.00000000000000000000 1.00000000000000000000 2 0 8 489 490 491 515 517 541 542 543 
517 2310 1.803530000 -8.219780000 0.00000000000000000000 1.00000000000000000000 2 0 8 490 491 492 516 518 542 543 544 
518 2311 1.479550000 -8.264770000 0.00000000000000000000 1.00000000000000000000 2 0 8 491 492 493 517 519 543 544 545 
519 2312 1.154040000 -8.297020000 0.00000000000000000000 1.00000000000000000000 2 0 8 492 493 494 518 520 544 545 546 
520 2313 0.827505000 -8.316470000 0.00000000000000000000 1.00000000000000000000 2 0 8 493 494 495 519 521 545 546 547 
521 2314 0.500449000 -8.323110000 0.00000000000000000000 1.00000000000000000000 2 0 8 494 495 496 520 522 546 547 548 
522 2315 0.173375000 -8.316910000 0.00000000000000000000 1.00000000000000000000 2 0 8 495 496 497 521 523 547 548 549 
523 2316 -0.153211000 -8.297880000 0.00000000000000000000 1.00000000000000000000 2 0 8 496 497 498 522 524 548 549 550 
524 2317 -0.478806000 -8.266060000 0.00000000000000000000 1.00000000000000000000 2 0 8 497 498 499 523 525 549 550 551 
525 2318 -0.802908000 -8.221490000 0.00000000000000000000 1.00000000000000000000 2 0 8 498 499 500 524 526 550 551 552 
526 2319 -1.125020000 -8.164240000 0.00000000000000000000 1.00000000000000000000 2 0 8 499 500 679 525 681 551 552 683 
527 2320 6.758800000 -6.254680000 0.00000000000000000000 1.00000000000000000000 2 0 8 680 501 502 682 528 684 553 554 
528 2321 6.508340000 -6.495490000 0.00000000000000000000 1.00000000000000000000 2 0 8 501 502 503 527 529 553 554 555 
529 2322 6.248620000 -6.726300000 0.00000000000000000000 1.00000000000000000000 2 0 8 502 503 504 528 530 554 555 556 
530 2323 5.980030000 -6.946750000 0.00000000000000000000 1.00000000000000000000 2 0 8 503 504 505 529 531 555 556 557 
531 2324 5.702980000 -7.156500000 0.00000000000000000000 1.00000000000000000000 2 0 8 504 505 506 530 532 556 557 558 
532 2325 5.417910000 -7.355220000 0.00000000000000000000 1.00000000000000000000 2 0 8 505 506 507 531 533 557 558 559 
533 2326 5.125240000 -7.542610000 0.00000000000000000000 1.00000000000000000000 2 0 8 506 507 508 532 534 558 559 560 
534 2327 4.825440000 -7.718370000 0.00000000000000000000 1.00000000000000000000 2 0 8 507 508 509 533 535 559 560 561 
535 2328 4.518960000 -7.882240000 0.00000000000000000000 1.00000000000000000000 2 0 8 508 509 510 534 536 560 561 562 
536 2329 4.206280000 -8.033970000 0.00000000000000000000 1.00000000000000000000 2 0 8 509 510 511 535 537 561 562 563 
537 2330 3.887870000 -8.173310000 0.00000000000000000000 1.00000000000000000000 2 0 8 510 511 512 536 538 562 563 564 
538 2331 3.564230000 -8.300060000 0.00000000000000000000 1.00000000000000000000 2 0 8 511 512 513 537 539 563 564 565 
539 2332 3.235860000 -8.414020000 0.00000000000000000000 1.00000000000000000000 2 0 8 512 513 514 538 540 564 565 566 
540 2333 2.903260000 -8.515000000 0.00000000000000000000 1.00000000000000000000 2 0 8 513 514 515 539 541 565 566 567 
541 2334 2.566940000 -8.602870000 0.00000000000000000000 1.00000000000000000000 2 0 8 514 515 516 540 542 566 567 568 
542 2335 2.227420000 -8.677470000 0.00000000000000000000 1.00000000000000000000 2 0 8 515 516 517 541 543 567 568 569 
543 2336 1.885230000 -8.738690000 0.00000000000000000000 1.00000000000000000000 2 0 8 516 517 518 542 544 568 569 570 
544 2337 1.540890000 -8.786440000 0.00000000000000000000 1.00000000000000000000 2 0 8 517 518 519 543 545 569 570 571 
545 2338 1.194940000 -8.820650000 0.00000000000000000000 1.00000000000000000000 2 0 8 518 519 520 544 546 570 571 572 
546 2339 0.847902000 -8.841260000 0.00000000000000000000 1.00000000000000000000 2 0 8 519 520 521 545 547 571 572 573 
547 2340 0.500317000 -8.848230000 0.00000000000000000000 1.00000000000000000000 2 0 8 520 521 522 546 548 572 573 574 
548 2341 0.152720000 -8.841560000 0.00000000000000000000 1.00000000000000000000 2 0 8 521 522 523 547 549 573 574 575 
549 2342 -0.194353000 -8.821260000 0.00000000000000000000 1.00000000000000000000 2 0 8 522 523 524 548 550 574 575 576 
550 2343 -0.540366000 -8.787360000 0.00000000000000000000 1.00000000000000000000 2 0 8 523 524 525 549 551 575 576 577 
551 2344 -0.884787000 -8.739900000 0.00000000000000000000 1.00000000000000000000 2 0 8 524 525 526 550 552 576 577 578 
552 2345 -1.227080000 -8.678960000 0.00000000000000000000 1.00000000000000000000 2 0 8 525 526 681 551 683 577 578 685 
553 2346 7.152520000 -6.650350000 0.00000000000000000000 1.00000000000000000000 2 0 8 682 527 528 684 554 686 687 579 
554 2347 6.886270000 -6.906360000 0.00000000000000000000 1.00000000000000000000 2 0 8 527 528 529 553 555 687 579 580 
555 2348 6.610160000 -7.151720000 0.00000000000000000000 1.00000000000000000000 2 0 8 528 529 530 554 556 579 580 581 
556 2349 6.324630000 -7.386060000 0.00000000000000000000 1.00000000000000000000 2 0 8 529 530 531 555 557 580 581 582 
557 2350 6.030110000 -7.609020000 0.00000000000000000000 1.00000000000000000000 2 0 8 530 531 532 556 558 581 582 583 
558 2351 5.727070000 -7.820250000 0.00000000000000000000 1.00000000000000000000 2 0 8 531 532 533 557 559 582 583 584 
559 2352 5.415960000 -8.019420000 0.00000000000000000000 1.00000000000000000000 2 0 8 532 533 534 558 560 583 584 585 
560 2353 5.097270000 -8.206240000 0.00000000000000000000 1.00000000000000000000 2 0 8 533 534 535 559 561 584 585 586 
561 2354 4.771480000 -8.380400000 0.00000000000000000000 1.00000000000000000000 2 0 8 534 535 536 560 562 585 586 587 
562 2355 4.439110000 -8.541650000 0.00000000000000000000 1.00000000000000000000 2 0 8 535 536 537 561 563 586 587 588 
563 2356 4.100660000 -8.689730000 0.00000000000000000000 1.00000000000000000000 2 0 8 536 537 538 562 564 587 588 589 
564 2357 3.756650000 -8.824410000 0.00000000000000000000 1.00000000000000000000 2 0 8 537 538 539 563 565 588 589 590 
565 2358 3.407610000 -8.945490000 0.00000000000000000000 1.00000000000000000000 2 0 8 538 539 540 564 566 589 590 591 
566 2359 3.054090000 -9.052780000 0.00000000000000000000 1.00000000000000000000 2 0 8 539 540 541 565 567 590 591 592 
567 2360 2.696620000 -9.146120000 0.00000000000000000000 1.00000000000000000000 2 0 8 540 541 542 566 568 591 592 593 
568 2361 2.335760000 -9.225350000 0.00000000000000000000 1.00000000000000000000 2 0 8 541 542 543 567 569 592 593 594 
569 2362 1.972060000 -9.290360000 0.00000000000000000000 1.00000000000000000000 2 0 8 542 543 544 568 570 593 594 595 
570 2363 1.606090000 -9.341050000 0.00000000000000000000 1.00000000000000000000 2 0 8 543 544 545 569 571 594 595 596 
571 2364 1.238400000 -9.377330000 0.00000000000000000000 1.00000000000000000000 2 0 8 544 545 546 570 572 595 596 597 
572 2365 0.869573000 -9.399160000 0.00000000000000000000 1.00000000000000000000 2 0 8 545 546 547 571 573 596 597 598 
573 2366 0.500168000 -9.406490000 0.00000000000000000000 1.00000000000000000000 2 0 8 546 547 548 572 574 597 598 599 
574 2367 0.130757000 -9.399320000 0.00000000000000000000 1.00000000000000000000 2 0 8 547 548 549 573 575 598 599 600 
575 2368 -0.238092000 -9.377660000 0.00000000000000000000 1.00000000000000000000 2 0 8 548 549 550 574 576 599 600 601 
576 2369 -0.605808000 -9.341530000 0.00000000000000000000 1.00000000000000000000 2 0 8 549 550 551 575 577 600 601 602 
577 2370 -0.971825000 -9.291000000 0.00000000000000000000 1.00000000000000000000 2 0 8 550 551 552 576 578 601 602 603 
578 2371 -1.335580000 -9.226150000 0.00000000000000000000 1.00000000000000000000 2 0 8 551 552 683 577 685 602 603 688 
579 2372 7.288010000 -7.343230000 0.67879778319755001981 -0.73432524777927377091 3 0 8 553 554 555 687 580 527 528 529 
580 2373 6.994480000 -7.604060000 0.64944366315684309843 -0.76040971087001563156 3 0 8 554 555 556 579 581 528 529 530 
581 2374 6.690940000 -7.853170000 0.61909246039025589425 -0.78531810464800799743 3 0 8 555 556 557 580 582 529 530 531 
582 2375 6.377850000 -8.090170000 0.58778618963392137431 -0.80901631335569235137 3 0 8 556 557 558 581 583 530 531 532 
583 2376 6.055700000 -8.314700000 0.55557278151294220425 -0.83146790944808723900 3 0 8 557 558 559 582 584 531 532 533 
584 2377 5.724990000 -8.526400000 0.52249486151581092663 -0.85264243366699354887 3 0 8 558 559 560 583 585 532 533 534 
585 2378 5.386210000 -8.724960000 0.48862780066781752453 -0.87249233372822920796 3 0 8 559 560 561 584 586 533 534 535 
586 2379 5.039910000 -8.910070000 0.45399140999548787123 -0.89100606038921459362 3 0 8 560 561 562 585 587 534 535 536 
587 2380 4.686600000 -9.081430000 0.41865513425978917450 -0.90814529595099369175 3 0 8 561 562 563 586 588 535 536 537 
588 2381 4.326830000 -9.238800000 0.38268023147519464322 -0.92388085835679678581 3 0 8 562 563 564 587 589 536 537 538 
589 2382 3.961170000 -9.381910000 0.34611905021161554208 -0.93819060061408054985 3 0 8 563 564 565 588 590 537 538 539 
590 2383 3.590170000 -9.510570000 0.30901667003776622789 -0.95105662167863069811 3 0 8 564 565 566 589 591 538 539 540 
591 2384 3.214400000 -9.624550000 0.27143445322643250384 -0.96245692766048884792 3 0 8 565 566 567 590 592 539 540 541 
592 2385 2.834450000 -9.723700000 0.23344520423477357896 -0.97236995871930587132 3 0 8 566 567 568 591 593 540 541 542 
593 2386 2.450900000 -9.807850000 0.19508492762544765720 -0.98078635339882969113 3 0 8 567 568 569 592 594 541 542 543 
594 2387 2.064340000 -9.876880000 0.15643212311026291617 -0.98768871151755877058 3 0 8 568 569 570 593 595 542 543 544 
595 2388 1.675370000 -9.930680000 0.11753803264387427396 -0.99306838177549872082 3 0 8 569 570 571 594 596 543 544 545 
596 2389 1.284590000 -9.969170000 0.07846480107379300017 -0.99691688469623684909 3 0 8 570 571 572 595 597 544 545 546 
597 2390 0.892598000 -9.992290000 0.03926410735358380755 -0.99922886761428486579 3 0 8 571 572 573 596 598 545 546 547 
598 2391 0.500000000 -10.000000000 -0.00000000000000000000 -1.00000000000000000000 3 0 8 572 573 574 597 599 546 547 548 
599 2392 0.107402000 -9.992290000 -0.03926405738669001139 -0.99922886957770318261 3 0 8 573 574 575 598 600 547 548 549 
600 2393 -0.284591000 -9.969170000 -0.07846440258575274052 -0.99691691606014043447 3 0 8 574 575 576 599 601 548 549 550 
601 2394 -0.675374000 -9.930680000 -0.11753818129968457429 -0.99306836418081634310 3 0 8 575 576 577 600 602 549 550 551 
602 2395 -1.064340000 -9.876880000 -0.15643291020981753281 -0.98768858685482807669 3 0 8 576 577 578 601 603 550 551 552 
603 2396 -1.450900000 -9.807850000 -0.19508492762544765720 -0.98078635339882969113 3 0 8 577 578 685 602 688 551 552 683 
604 1075 1.27201 -1.60957 2 0
605 1076 1.20603 -1.63806 2 0
606 1077 1.13893 -1.66406 2 0
607 1078 1.0708 -1.68753 2 0
608 3835 1.00174 -1.70841 2 0
609 3836 0.931863 -1.72668 2 0
610 1111 1.38755 -1.68195 2 0
611 1112 1.31885 -1.71488 2 0
612 3872 0.957978 -1.83942 2 0
613 3873 0.883097 -1.85601 2 0
614 1143 1.51308 -1.7538 2 0
615 1144 1.44166 -1.79157 2 0
616 3908 0.906341 -1.97663 2 0
617 3909 0.826214 -1.99122 2 0
618 1161 1.64923 -1.82468 2 0
619 1162 1.57509 -1.8677 2 0
620 3943 0.846057 -2.12011 2 0
621 3944 0.760443 -2.13233 2 0
622 1175 1.79662 -1.89407 2 0
623 1176 1.71982 -1.9428 2 0
624 3977 0.776312 -2.26985 2 0
625 3978 0.684967 -2.27932 2 0
626 1184 2.10784 -1.84276 2 0
627 1185 2.03309 -1.90355 2 0
628 1186 1.95594 -1.96144 2 0
629 1187 1.87653 -2.01635 2 0
630 4010 0.696238 -2.42585 2 0
631 4011 0.598922 -2.43215 2 0
632 1193 2.28402 -1.89383 2 0
633 1194 2.20727 -1.96149 2 0
634 4042 0.604917 -2.58805 2 0
635 4043 0.50139 -2.59072 2 0
636 1198 2.47321 -1.94053 2 0
637 1199 2.39461 -2.01558 2 0
638 4073 0.501376 -2.75638 2 0
639 4074 0.391406 -2.75491 2 0
640 1201 2.67606 -1.98205 2 0
641 1202 2.59578 -2.06503 2 0
642 4103 0.384589 -2.93068 2 0
643 4104 0.267948 -2.92455 2 0
644 1203 2.81148 -2.10899 2 0
645 4132 0.253471 -3.11078 2 0
646 4133 0.129939 -3.09941 2 0
647 1355 2.95554 -2.24382 2 0
648 4158 0.10688 -3.29644 2 0
649 4159 -0.0237508 -3.2792 2 0
650 1379 3.10877 -2.38704 2 0
651 4173 -0.0563861 -3.48735 2 0
652 4174 -0.194311 -3.46357 2 0
653 1403 3.27175 -2.5392 2 0
654 4182 -0.237589 -3.68314 2 0
655 4183 -0.382988 -3.65211 2 0
656 1427 3.44508 -2.70087 2 0
657 4189 -0.438054 -3.88336 2 0
658 1451 3.62941 -2.87264 2 0
659 4277 -0.496612 -4.12906 2 0
660 1475 3.82543 -3.05518 2 0
661 4307 -0.55888 -4.39012 2 0
662 1499 4.03387 -3.24915 2 0
663 4338 -0.62509 -4.66752 2 0
664 1523 4.25551 -3.4553 2 0
665 4369 -0.695488 -4.9623 2 0
666 1547 4.49118 -3.67439 2 0
667 4400 -0.770337 -5.27556 2 0
668 1571 4.74175 -3.90725 2 0
669 4432 -0.849914 -5.60847 2 0
670 1595 5.00817 -4.15477 2 0
671 4465 -0.934517 -5.96228 2 0
672 1619 5.29142 -4.41786 2 0
673 4499 -1.02446 -6.33833 2 0
674 1643 5.59256 -4.69754 2 0
675 4534 -1.12008 -6.73801 2 0
676 1667 5.91272 -4.99485 2 0
677 4570 -1.22172 -7.16283 2 0
678 1691 6.25309 -5.31092 2 0
679 4606 -1.32977 -7.6144 2 0
680 1715 6.61493 -5.64695 2 0
681 4642 -1.44463 -8.0944 2 0
682 1739 6.9996 -6.00422 2 0
683 4678 -1.56673 -8.60464 2 0
684 1763 7.40852 -6.38409 2 0
685 4715 -1.69651 -9.14706 2 0
686 1787 7.84323 -6.78801 3 0
687 1788 7.57107 -7.07107 3 0
688 4751 -1.83445 -9.7237 3 0
