704 599 105
1 7782 0.308658000 0.059456500 0.00507271814616204464 0.99998713368253377975 1 1 8 600 2 603 16 17 606 32 33 
2 7783 0.326942000 0.059292300 0.01271276962678606452 0.99991918947903790649 1 1 8 1 3 16 17 18 32 33 34 
3 7784 0.345492000 0.058988200 0.01990338952698984809 0.99980190792243284204 1 1 8 2 4 17 18 19 33 34 35 
4 7785 0.364280000 0.058549000 0.02666512143361050857 0.99964442243176188096 1 1 8 3 5 18 19 20 34 35 36 
5 7786 0.383277000 0.057980300 0.03302454375919538360 0.99945454099198371978 1 1 8 4 6 19 20 21 35 36 37 
6 7787 0.402455000 0.057287600 0.03900317735249399231 0.99923908658359128498 1 1 8 5 7 20 21 22 36 37 38 
7 7788 0.421783000 0.056477300 0.04461974166234173450 0.99900404336218062706 1 1 8 6 8 21 22 23 37 38 39 
8 7789 0.441231000 0.055555700 0.04989928728278555936 0.99875425462356348660 1 1 8 7 9 22 23 24 38 39 40 
9 7790 0.460771000 0.054529400 0.05485990010981084408 0.99849406175497190663 1 1 8 8 10 23 24 25 39 40 41 
10 7791 0.480370000 0.053405300 0.05952362684258152153 0.99822689697658673058 1 1 8 9 11 24 25 26 40 41 42 
11 7792 0.500000000 0.052190200 0.06390882134454034524 0.99795574178134349719 1 1 8 10 12 25 26 27 41 42 43 
12 7793 0.519630000 0.050891100 0.06803217270332914679 0.99768312779021406378 1 1 8 11 13 26 27 28 42 43 44 
13 7794 0.539230000 0.049515100 0.07191784000836067003 0.99741055954332646927 1 1 8 12 14 27 28 29 43 44 45 
14 7795 0.558769000 0.048069000 0.07558280287099569672 0.99713952880736012041 1 1 8 13 15 28 29 30 44 45 46 
15 7796 0.578217000 0.046559900 0.07904322671276450829 0.99687118942761843154 1 1 8 14 601 29 30 31 45 46 47 
16 7797 0.307041000 0.086959400 0.00000000000000000000 1.00000000000000000000 2 0 8 600 1 2 603 17 606 32 33 
17 7798 0.325519000 0.087278000 0.00000000000000000000 1.00000000000000000000 2 0 8 1 2 3 16 18 32 33 34 
18 7799 0.344261000 0.087416000 0.00000000000000000000 1.00000000000000000000 2 0 8 2 3 4 17 19 33 34 35 
19 7800 0.363239000 0.087377300 0.00000000000000000000 1.00000000000000000000 2 0 8 3 4 5 18 20 34 35 36 
20 7801 0.382423000 0.087166200 0.00000000000000000000 1.00000000000000000000 2 0 8 4 5 6 19 21 35 36 37 
21 7802 0.401784000 0.086787500 0.00000000000000000000 1.00000000000000000000 2 0 8 5 6 7 20 22 36 37 38 
22 7803 0.421291000 0.086246600 0.00000000000000000000 1.00000000000000000000 2 0 8 6 7 8 21 23 37 38 39 
23 7804 0.440914000 0.085549100 0.00000000000000000000 1.00000000000000000000 2 0 8 7 8 9 22 24 38 39 40 
24 7805 0.460623000 0.084700800 0.00000000000000000000 1.00000000000000000000 2 0 8 8 9 10 23 25 39 40 41 
25 7806 0.480387000 0.083708100 0.00000000000000000000 1.00000000000000000000 2 0 8 9 10 11 24 26 40 41 42 
26 7807 0.500176000 0.082577200 0.00000000000000000000 1.00000000000000000000 2 0 8 10 11 12 25 27 41 42 43 
27 7808 0.519959000 0.081314800 0.00000000000000000000 1.00000000000000000000 2 0 8 11 12 13 26 28 42 43 44 
28 7809 0.539707000 0.079927500 0.00000000000000000000 1.00000000000000000000 2 0 8 12 13 14 27 29 43 44 45 
29 7810 0.559387000 0.078422200 0.00000000000000000000 1.00000000000000000000 2 0 8 13 14 15 28 30 44 45 46 
30 7811 0.578971000 0.076805600 0.00000000000000000000 1.00000000000000000000 2 0 8 14 15 601 29 31 45 46 47 
31 7812 0.598427000 0.075084600 0.00000000000000000000 1.00000000000000000000 2 0 8 15 601 602 30 604 46 47 48 
32 7813 0.304719000 0.114810000 0.00000000000000000000 1.00000000000000000000 2 0 8 603 16 17 606 33 608 49 50 
33 7814 0.323454000 0.115610000 0.00000000000000000000 1.00000000000000000000 2 0 8 16 17 18 32 34 49 50 51 
34 7815 0.342453000 0.116187000 0.00000000000000000000 1.00000000000000000000 2 0 8 17 18 19 33 35 50 51 52 
35 7816 0.361687000 0.116546000 0.00000000000000000000 1.00000000000000000000 2 0 8 18 19 20 34 36 51 52 53 
36 7817 0.381125000 0.116688000 0.00000000000000000000 1.00000000000000000000 2 0 8 19 20 21 35 37 52 53 54 
37 7818 0.400737000 0.116619000 0.00000000000000000000 1.00000000000000000000 2 0 8 20 21 22 36 38 53 54 55 
38 7819 0.420492000 0.116343000 0.00000000000000000000 1.00000000000000000000 2 0 8 21 22 23 37 39 54 55 56 
39 7820 0.440360000 0.115864000 0.00000000000000000000 1.00000000000000000000 2 0 8 22 23 24 38 40 55 56 57 
40 7821 0.460310000 0.115187000 0.00000000000000000000 1.00000000000000000000 2 0 8 23 24 25 39 41 56 57 58 
41 7822 0.480311000 0.114320000 0.00000000000000000000 1.00000000000000000000 2 0 8 24 25 26 40 42 57 58 59 
42 7823 0.500333000 0.113267000 0.00000000000000000000 1.00000000000000000000 2 0 8 25 26 27 41 43 58 59 60 
43 7824 0.520343000 0.112034000 0.00000000000000000000 1.00000000000000000000 2 0 8 26 27 28 42 44 59 60 61 
44 7825 0.540312000 0.110629000 0.00000000000000000000 1.00000000000000000000 2 0 8 27 28 29 43 45 60 61 62 
45 7826 0.560208000 0.109057000 0.00000000000000000000 1.00000000000000000000 2 0 8 28 29 30 44 46 61 62 63 
46 7827 0.580001000 0.107326000 0.00000000000000000000 1.00000000000000000000 2 0 8 29 30 31 45 47 62 63 64 
47 7828 0.599660000 0.105442000 0.00000000000000000000 1.00000000000000000000 2 0 8 30 31 604 46 48 63 64 65 
48 7829 0.619155000 0.103413000 0.00000000000000000000 1.00000000000000000000 2 0 8 31 604 605 47 607 64 65 609 
49 7830 0.301683000 0.143105000 0.00000000000000000000 1.00000000000000000000 2 0 8 606 32 33 608 50 610 66 67 
50 7831 0.320740000 0.144387000 0.00000000000000000000 1.00000000000000000000 2 0 8 32 33 34 49 51 66 67 68 
51 7832 0.340062000 0.145404000 0.00000000000000000000 1.00000000000000000000 2 0 8 33 34 35 50 52 67 68 69 
52 7833 0.359618000 0.146159000 0.00000000000000000000 1.00000000000000000000 2 0 8 34 35 36 51 53 68 69 70 
53 7834 0.379378000 0.146654000 0.00000000000000000000 1.00000000000000000000 2 0 8 35 36 37 52 54 69 70 71 
54 7835 0.399311000 0.146891000 0.00000000000000000000 1.00000000000000000000 2 0 8 36 37 38 53 55 70 71 72 
55 7836 0.419385000 0.146876000 0.00000000000000000000 1.00000000000000000000 2 0 8 37 38 39 54 56 71 72 73 
56 7837 0.439570000 0.146611000 0.00000000000000000000 1.00000000000000000000 2 0 8 38 39 40 55 57 72 73 74 
57 7838 0.459834000 0.146103000 0.00000000000000000000 1.00000000000000000000 2 0 8 39 40 41 56 58 73 74 75 
58 7839 0.480145000 0.145355000 0.00000000000000000000 1.00000000000000000000 2 0 8 40 41 42 57 59 74 75 76 
59 7840 0.500472000 0.144374000 0.00000000000000000000 1.00000000000000000000 2 0 8 41 42 43 58 60 75 76 77 
60 7841 0.520784000 0.143165000 0.00000000000000000000 1.00000000000000000000 2 0 8 42 43 44 59 61 76 77 78 
61 7842 0.541049000 0.141735000 0.00000000000000000000 1.00000000000000000000 2 0 8 43 44 45 60 62 77 78 79 
62 7843 0.561235000 0.140090000 0.00000000000000000000 1.00000000000000000000 2 0 8 44 45 46 61 63 78 79 80 
63 7844 0.581313000 0.138237000 0.00000000000000000000 1.00000000000000000000 2 0 8 45 46 47 62 64 79 80 81 
64 7845 0.601250000 0.136183000 0.00000000000000000000 1.00000000000000000000 2 0 8 46 47 48 63 65 80 81 82 
65 7846 0.621016000 0.133935000 0.00000000000000000000 1.00000000000000000000 2 0 8 47 48 607 64 609 81 82 611 
66 7847 0.297921000 0.171946000 0.00000000000000000000 1.00000000000000000000 2 0 8 608 49 50 610 67 612 83 84 
67 7848 0.317366000 0.173713000 0.00000000000000000000 1.00000000000000000000 2 0 8 49 50 51 66 68 83 84 85 
68 7849 0.337078000 0.175172000 0.00000000000000000000 1.00000000000000000000 2 0 8 50 51 52 67 69 84 85 86 
69 7850 0.357026000 0.176324000 0.00000000000000000000 1.00000000000000000000 2 0 8 51 52 53 68 70 85 86 87 
70 7851 0.377178000 0.177171000 0.00000000000000000000 1.00000000000000000000 2 0 8 52 53 54 69 71 86 87 88 
71 7852 0.397503000 0.177714000 0.00000000000000000000 1.00000000000000000000 2 0 8 53 54 55 70 72 87 88 89 
72 7853 0.417968000 0.177958000 0.00000000000000000000 1.00000000000000000000 2 0 8 54 55 56 71 73 88 89 90 
73 7854 0.438542000 0.177906000 0.00000000000000000000 1.00000000000000000000 2 0 8 55 56 57 72 74 89 90 91 
74 7855 0.459193000 0.177561000 0.00000000000000000000 1.00000000000000000000 2 0 8 56 57 58 73 75 90 91 92 
75 7856 0.479889000 0.176929000 0.00000000000000000000 1.00000000000000000000 2 0 8 57 58 59 74 76 91 92 93 
76 7857 0.500597000 0.176015000 0.00000000000000000000 1.00000000000000000000 2 0 8 58 59 60 75 77 92 93 94 
77 7858 0.521285000 0.174825000 0.00000000000000000000 1.00000000000000000000 2 0 8 59 60 61 76 78 93 94 95 
78 7859 0.541921000 0.173364000 0.00000000000000000000 1.00000000000000000000 2 0 8 60 61 62 77 79 94 95 96 
79 7860 0.562474000 0.171639000 0.00000000000000000000 1.00000000000000000000 2 0 8 61 62 63 78 80 95 96 97 
80 7861 0.582912000 0.169657000 0.00000000000000000000 1.00000000000000000000 2 0 8 62 63 64 79 81 96 97 98 
81 7862 0.603203000 0.167424000 0.00000000000000000000 1.00000000000000000000 2 0 8 63 64 65 80 82 97 98 99 
82 7863 0.623316000 0.164949000 0.00000000000000000000 1.00000000000000000000 2 0 8 64 65 609 81 611 98 99 613 
83 7864 0.293420000 0.201435000 0.00000000000000000000 1.00000000000000000000 2 0 8 610 66 67 612 84 614 100 101 
84 7865 0.313321000 0.203693000 0.00000000000000000000 1.00000000000000000000 2 0 8 66 67 68 83 85 100 101 102 
85 7866 0.333492000 0.205598000 0.00000000000000000000 1.00000000000000000000 2 0 8 67 68 69 84 86 101 102 103 
86 7867 0.353901000 0.207150000 0.00000000000000000000 1.00000000000000000000 2 0 8 68 69 70 85 87 102 103 104 
87 7868 0.374517000 0.208350000 0.00000000000000000000 1.00000000000000000000 2 0 8 69 70 71 86 88 103 104 105 
88 7869 0.395306000 0.209201000 0.00000000000000000000 1.00000000000000000000 2 0 8 70 71 72 87 89 104 105 106 
89 7870 0.416236000 0.209704000 0.00000000000000000000 1.00000000000000000000 2 0 8 71 72 73 88 90 105 106 107 
90 7871 0.437274000 0.209862000 0.00000000000000000000 1.00000000000000000000 2 0 8 72 73 74 89 91 106 107 108 
91 7872 0.458387000 0.209679000 0.00000000000000000000 1.00000000000000000000 2 0 8 73 74 75 90 92 107 108 109 
92 7873 0.479543000 0.209160000 0.00000000000000000000 1.00000000000000000000 2 0 8 74 75 76 91 93 108 109 110 
93 7874 0.500708000 0.208309000 0.00000000000000000000 1.00000000000000000000 2 0 8 75 76 77 92 94 109 110 111 
94 7875 0.521849000 0.207131000 0.00000000000000000000 1.00000000000000000000 2 0 8 76 77 78 93 95 110 111 112 
95 7876 0.542934000 0.205633000 0.00000000000000000000 1.00000000000000000000 2 0 8 77 78 79 94 96 111 112 113 
96 7877 0.563931000 0.203821000 0.00000000000000000000 1.00000000000000000000 2 0 8 78 79 80 95 97 112 113 114 
97 7878 0.584806000 0.201702000 0.00000000000000000000 1.00000000000000000000 2 0 8 79 80 81 96 98 113 114 115 
98 7879 0.605528000 0.199283000 0.00000000000000000000 1.00000000000000000000 2 0 8 80 81 82 97 99 114 115 116 
99 7880 0.626064000 0.196571000 0.00000000000000000000 1.00000000000000000000 2 0 8 81 82 611 98 613 115 116 615 
100 7881 0.288162000 0.231677000 0.00000000000000000000 1.00000000000000000000 2 0 8 612 83 84 614 101 617 117 118 
101 7882 0.308588000 0.234433000 0.00000000000000000000 1.00000000000000000000 2 0 8 83 84 85 100 102 117 118 119 
102 7883 0.329289000 0.236791000 0.00000000000000000000 1.00000000000000000000 2 0 8 84 85 86 101 103 118 119 120 
103 7884 0.350232000 0.238748000 0.00000000000000000000 1.00000000000000000000 2 0 8 85 86 87 102 104 119 120 121 
104 7885 0.371385000 0.240306000 0.00000000000000000000 1.00000000000000000000 2 0 8 86 87 88 103 105 120 121 122 
105 7886 0.392713000 0.241466000 0.00000000000000000000 1.00000000000000000000 2 0 8 87 88 89 104 106 121 122 123 
106 7887 0.414183000 0.242229000 0.00000000000000000000 1.00000000000000000000 2 0 8 88 89 90 105 107 122 123 124 
107 7888 0.435761000 0.242597000 0.00000000000000000000 1.00000000000000000000 2 0 8 89 90 91 106 108 123 124 125 
108 7889 0.457413000 0.242575000 0.00000000000000000000 1.00000000000000000000 2 0 8 90 91 92 107 109 124 125 126 
109 7890 0.479106000 0.242166000 0.00000000000000000000 1.00000000000000000000 2 0 8 91 92 93 108 110 125 126 127 
110 7891 0.500806000 0.241374000 0.00000000000000000000 1.00000000000000000000 2 0 8 92 93 94 109 111 126 127 128 
111 7892 0.522479000 0.240205000 0.00000000000000000000 1.00000000000000000000 2 0 8 93 94 95 110 112 127 128 129 
112 7893 0.544092000 0.238664000 0.00000000000000000000 1.00000000000000000000 2 0 8 94 95 96 111 113 128 129 130 
113 7894 0.565610000 0.236759000 0.00000000000000000000 1.00000000000000000000 2 0 8 95 96 97 112 114 129 130 131 
114 7895 0.587002000 0.234494000 0.00000000000000000000 1.00000000000000000000 2 0 8 96 97 98 113 115 130 131 132 
115 7896 0.608233000 0.231879000 0.00000000000000000000 1.00000000000000000000 2 0 8 97 98 99 114 116 131 132 133 
116 7897 0.629272000 0.228921000 0.00000000000000000000 1.00000000000000000000 2 0 8 98 99 613 115 615 132 133 618 
117 7898 0.282128000 0.262781000 0.00000000000000000000 1.00000000000000000000 2 0 8 614 100 101 617 118 134 135 136 
118 7899 0.303151000 0.266046000 0.00000000000000000000 1.00000000000000000000 2 0 8 100 101 102 117 119 135 136 137 
119 7900 0.324455000 0.268864000 0.00000000000000000000 1.00000000000000000000 2 0 8 101 102 103 118 120 136 137 138 
120 7901 0.346007000 0.271233000 0.00000000000000000000 1.00000000000000000000 2 0 8 102 103 104 119 121 137 138 139 
121 7902 0.367772000 0.273154000 0.00000000000000000000 1.00000000000000000000 2 0 8 103 104 105 120 122 138 139 140 
122 7903 0.389715000 0.274627000 0.00000000000000000000 1.00000000000000000000 2 0 8 104 105 106 121 123 139 140 141 
123 7904 0.411802000 0.275652000 0.00000000000000000000 1.00000000000000000000 2 0 8 105 106 107 122 124 140 141 142 
124 7905 0.433998000 0.276233000 0.00000000000000000000 1.00000000000000000000 2 0 8 106 107 108 123 125 141 142 143 
125 7906 0.456269000 0.276371000 0.00000000000000000000 1.00000000000000000000 2 0 8 107 108 109 124 126 142 143 144 
126 7907 0.478579000 0.276070000 0.00000000000000000000 1.00000000000000000000 2 0 8 108 109 110 125 127 143 144 145 
127 7908 0.500894000 0.275334000 0.00000000000000000000 1.00000000000000000000 2 0 8 109 110 111 126 128 144 145 146 
128 7909 0.523179000 0.274169000 0.00000000000000000000 1.00000000000000000000 2 0 8 110 111 112 127 129 145 146 147 
129 7910 0.545399000 0.272580000 0.00000000000000000000 1.00000000000000000000 2 0 8 111 112 113 128 130 146 147 148 
130 7911 0.567521000 0.270574000 0.00000000000000000000 1.00000000000000000000 2 0 8 112 113 114 129 131 147 148 149 
131 7912 0.589509000 0.268157000 0.00000000000000000000 1.00000000000000000000 2 0 8 113 114 115 130 132 148 149 150 
132 7913 0.611331000 0.265336000 0.00000000000000000000 1.00000000000000000000 2 0 8 114 115 116 131 133 149 150 151 
133 7914 0.632952000 0.262121000 0.00000000000000000000 1.00000000000000000000 2 0 8 115 116 615 132 618 150 151 620 
134 7915 0.253924000 0.290582000 0.00000000000000000000 1.00000000000000000000 2 0 8 616 617 117 619 135 621 152 153 
135 7916 0.275295000 0.294860000 0.00000000000000000000 1.00000000000000000000 2 0 8 617 117 118 134 136 152 153 154 
136 7917 0.296989000 0.298645000 0.00000000000000000000 1.00000000000000000000 2 0 8 117 118 119 135 137 153 154 155 
137 7918 0.318972000 0.301934000 0.00000000000000000000 1.00000000000000000000 2 0 8 118 119 120 136 138 154 155 156 
138 7919 0.341209000 0.304724000 0.00000000000000000000 1.00000000000000000000 2 0 8 119 120 121 137 139 155 156 157 
139 7920 0.363664000 0.307015000 0.00000000000000000000 1.00000000000000000000 2 0 8 120 121 122 138 140 156 157 158 
140 7921 0.386301000 0.308806000 0.00000000000000000000 1.00000000000000000000 2 0 8 121 122 123 139 141 157 158 159 
141 7922 0.409086000 0.310098000 0.00000000000000000000 1.00000000000000000000 2 0 8 122 123 124 140 142 158 159 160 
142 7923 0.431981000 0.310892000 0.00000000000000000000 1.00000000000000000000 2 0 8 123 124 125 141 143 159 160 161 
143 7924 0.454951000 0.311191000 0.00000000000000000000 1.00000000000000000000 2 0 8 124 125 126 142 144 160 161 162 
144 7925 0.477960000 0.310997000 0.00000000000000000000 1.00000000000000000000 2 0 8 125 126 127 143 145 161 162 163 
145 7926 0.500972000 0.310316000 0.00000000000000000000 1.00000000000000000000 2 0 8 126 127 128 144 146 162 163 164 
146 7927 0.523951000 0.309150000 0.00000000000000000000 1.00000000000000000000 2 0 8 127 128 129 145 147 163 164 165 
147 7928 0.546862000 0.307507000 0.00000000000000000000 1.00000000000000000000 2 0 8 128 129 130 146 148 164 165 166 
148 7929 0.569670000 0.305393000 0.00000000000000000000 1.00000000000000000000 2 0 8 129 130 131 147 149 165 166 167 
149 7930 0.592338000 0.302814000 0.00000000000000000000 1.00000000000000000000 2 0 8 130 131 132 148 150 166 167 168 
150 7931 0.614832000 0.299779000 0.00000000000000000000 1.00000000000000000000 2 0 8 131 132 133 149 151 167 168 169 
151 7932 0.637119000 0.296295000 0.00000000000000000000 1.00000000000000000000 2 0 8 132 133 618 150 620 168 169 622 
152 7933 0.245528000 0.323167000 0.00000000000000000000 1.00000000000000000000 2 0 8 619 134 135 621 153 624 170 171 
153 7934 0.267637000 0.328029000 0.00000000000000000000 1.00000000000000000000 2 0 8 134 135 136 152 154 170 171 172 
154 7935 0.290079000 0.332349000 0.00000000000000000000 1.00000000000000000000 2 0 8 135 136 137 153 155 171 172 173 
155 7936 0.312820000 0.336121000 0.00000000000000000000 1.00000000000000000000 2 0 8 136 137 138 154 156 172 173 174 
156 7937 0.335821000 0.339342000 0.00000000000000000000 1.00000000000000000000 2 0 8 137 138 139 155 157 173 174 175 
157 7938 0.359047000 0.342012000 0.00000000000000000000 1.00000000000000000000 2 0 8 138 139 140 156 158 174 175 176 
158 7939 0.382460000 0.344129000 0.00000000000000000000 1.00000000000000000000 2 0 8 139 140 141 157 159 175 176 177 
159 7940 0.406024000 0.345692000 0.00000000000000000000 1.00000000000000000000 2 0 8 140 141 142 158 160 176 177 178 
160 7941 0.429701000 0.346703000 0.00000000000000000000 1.00000000000000000000 2 0 8 141 142 143 159 161 177 178 179 
161 7942 0.453455000 0.347164000 0.00000000000000000000 1.00000000000000000000 2 0 8 142 143 144 160 162 178 179 180 
162 7943 0.477247000 0.347077000 0.00000000000000000000 1.00000000000000000000 2 0 8 143 144 145 161 163 179 180 181 
163 7944 0.501041000 0.346447000 0.00000000000000000000 1.00000000000000000000 2 0 8 144 145 146 162 164 180 181 182 
164 7945 0.524800000 0.345278000 0.00000000000000000000 1.00000000000000000000 2 0 8 145 146 147 163 165 181 182 183 
165 7946 0.548487000 0.343576000 0.00000000000000000000 1.00000000000000000000 2 0 8 146 147 148 164 166 182 183 184 
166 7947 0.572066000 0.341346000 0.00000000000000000000 1.00000000000000000000 2 0 8 147 148 149 165 167 183 184 185 
167 7948 0.595499000 0.338597000 0.00000000000000000000 1.00000000000000000000 2 0 8 148 149 150 166 168 184 185 186 
168 7949 0.618751000 0.335336000 0.00000000000000000000 1.00000000000000000000 2 0 8 149 150 151 167 169 185 186 187 
169 7950 0.641787000 0.331571000 0.00000000000000000000 1.00000000000000000000 2 0 8 150 151 620 168 622 186 187 188 
170 7951 0.236200000 0.356945000 0.00000000000000000000 1.00000000000000000000 2 0 8 621 152 153 624 171 627 189 190 
171 7952 0.259126000 0.362410000 0.00000000000000000000 1.00000000000000000000 2 0 8 152 153 154 170 172 189 190 191 
172 7953 0.282396000 0.367280000 0.00000000000000000000 1.00000000000000000000 2 0 8 153 154 155 171 173 190 191 192 
173 7954 0.305975000 0.371549000 0.00000000000000000000 1.00000000000000000000 2 0 8 154 155 156 172 174 191 192 193 
174 7955 0.329823000 0.375215000 0.00000000000000000000 1.00000000000000000000 2 0 8 155 156 157 173 175 192 193 194 
175 7956 0.353903000 0.378274000 0.00000000000000000000 1.00000000000000000000 2 0 8 156 157 158 174 176 193 194 195 
176 7957 0.378177000 0.380724000 0.00000000000000000000 1.00000000000000000000 2 0 8 157 158 159 175 177 194 195 196 
177 7958 0.402606000 0.382565000 0.00000000000000000000 1.00000000000000000000 2 0 8 158 159 160 176 178 195 196 197 
178 7959 0.427152000 0.383798000 0.00000000000000000000 1.00000000000000000000 2 0 8 159 160 161 177 179 196 197 198 
179 7960 0.451776000 0.384423000 0.00000000000000000000 1.00000000000000000000 2 0 8 160 161 162 178 180 197 198 199 
180 7961 0.476439000 0.384444000 0.00000000000000000000 1.00000000000000000000 2 0 8 161 162 163 179 181 198 199 200 
181 7962 0.501103000 0.383864000 0.00000000000000000000 1.00000000000000000000 2 0 8 162 163 164 180 182 199 200 201 
182 7963 0.525730000 0.382687000 0.00000000000000000000 1.00000000000000000000 2 0 8 163 164 165 181 183 200 201 202 
183 7964 0.550281000 0.380920000 0.00000000000000000000 1.00000000000000000000 2 0 8 164 165 166 182 184 201 202 203 
184 7965 0.574719000 0.378568000 0.00000000000000000000 1.00000000000000000000 2 0 8 165 166 167 183 185 202 203 204 
185 7966 0.599005000 0.375639000 0.00000000000000000000 1.00000000000000000000 2 0 8 166 167 168 184 186 203 204 205 
186 7967 0.623103000 0.372140000 0.00000000000000000000 1.00000000000000000000 2 0 8 167 168 169 185 187 204 205 206 
187 7968 0.646975000 0.368082000 0.00000000000000000000 1.00000000000000000000 2 0 8 168 169 622 186 188 205 206 207 
188 7969 0.670586000 0.363473000 0.00000000000000000000 1.00000000000000000000 2 0 8 169 622 623 187 625 206 207 208 
189 7970 0.225906000 0.392038000 0.00000000000000000000 1.00000000000000000000 2 0 8 624 170 171 627 190 631 209 210 
190 7971 0.249730000 0.398127000 0.00000000000000000000 1.00000000000000000000 2 0 8 170 171 172 189 191 209 210 211 
191 7972 0.273911000 0.403566000 0.00000000000000000000 1.00000000000000000000 2 0 8 171 172 173 190 192 210 211 212 
192 7973 0.298412000 0.408350000 0.00000000000000000000 1.00000000000000000000 2 0 8 172 173 174 191 193 211 212 213 
193 7974 0.323193000 0.412473000 0.00000000000000000000 1.00000000000000000000 2 0 8 173 174 175 192 194 212 213 214 
194 7975 0.348214000 0.415933000 0.00000000000000000000 1.00000000000000000000 2 0 8 174 175 176 193 195 213 214 215 
195 7976 0.373437000 0.418727000 0.00000000000000000000 1.00000000000000000000 2 0 8 175 176 177 194 196 214 215 216 
196 7977 0.398820000 0.420853000 0.00000000000000000000 1.00000000000000000000 2 0 8 176 177 178 195 197 215 216 217 
197 7978 0.424323000 0.422313000 0.00000000000000000000 1.00000000000000000000 2 0 8 177 178 179 196 198 216 217 218 
198 7979 0.449908000 0.423106000 0.00000000000000000000 1.00000000000000000000 2 0 8 178 179 180 197 199 217 218 219 
199 7980 0.475533000 0.423235000 0.00000000000000000000 1.00000000000000000000 2 0 8 179 180 181 198 200 218 219 220 
200 7981 0.501158000 0.422704000 0.00000000000000000000 1.00000000000000000000 2 0 8 180 181 182 199 201 219 220 221 
201 7982 0.526744000 0.421517000 0.00000000000000000000 1.00000000000000000000 2 0 8 181 182 183 200 202 220 221 222 
202 7983 0.552250000 0.419678000 0.00000000000000000000 1.00000000000000000000 2 0 8 182 183 184 201 203 221 222 223 
203 7984 0.577639000 0.417196000 0.00000000000000000000 1.00000000000000000000 2 0 8 183 184 185 202 204 222 223 224 
204 7985 0.602869000 0.414077000 0.00000000000000000000 1.00000000000000000000 2 0 8 184 185 186 203 205 223 224 225 
205 7986 0.627904000 0.410330000 0.00000000000000000000 1.00000000000000000000 2 0 8 185 186 187 204 206 224 225 226 
206 7987 0.652703000 0.405963000 0.00000000000000000000 1.00000000000000000000 2 0 8 186 187 188 205 207 225 226 227 
207 7988 0.677231000 0.400988000 0.00000000000000000000 1.00000000000000000000 2 0 8 187 188 625 206 208 226 227 228 
208 7989 0.701449000 0.395415000 0.00000000000000000000 1.00000000000000000000 2 0 8 188 625 626 207 628 227 228 229 
209 7990 0.214607000 0.428575000 0.00000000000000000000 1.00000000000000000000 2 0 8 627 189 190 631 210 230 231 232 
210 7991 0.239413000 0.435311000 0.00000000000000000000 1.00000000000000000000 2 0 8 189 190 191 209 211 231 232 233 
211 7992 0.264592000 0.441340000 0.00000000000000000000 1.00000000000000000000 2 0 8 190 191 192 210 212 232 233 234 
212 7993 0.290104000 0.446656000 0.00000000000000000000 1.00000000000000000000 2 0 8 191 192 193 211 213 233 234 235 
213 7994 0.315907000 0.451254000 0.00000000000000000000 1.00000000000000000000 2 0 8 192 193 194 212 214 234 235 236 
214 7995 0.341960000 0.455128000 0.00000000000000000000 1.00000000000000000000 2 0 8 193 194 195 213 215 235 236 237 
215 7996 0.368222000 0.458277000 0.00000000000000000000 1.00000000000000000000 2 0 8 194 195 196 214 216 236 237 238 
216 7997 0.394651000 0.460698000 0.00000000000000000000 1.00000000000000000000 2 0 8 195 196 197 215 217 237 238 239 
217 7998 0.421206000 0.462390000 0.00000000000000000000 1.00000000000000000000 2 0 8 196 197 198 216 218 238 239 240 
218 7999 0.447845000 0.463355000 0.00000000000000000000 1.00000000000000000000 2 0 8 197 198 199 217 219 239 240 241 
219 8000 0.474526000 0.463595000 0.00000000000000000000 1.00000000000000000000 2 0 8 198 199 200 218 220 240 241 242 
220 8001 0.501207000 0.463111000 0.00000000000000000000 1.00000000000000000000 2 0 8 199 200 201 219 221 241 242 243 
221 8002 0.527846000 0.461910000 0.00000000000000000000 1.00000000000000000000 2 0 8 200 201 202 220 222 242 243 244 
222 8003 0.554404000 0.459995000 0.00000000000000000000 1.00000000000000000000 2 0 8 201 202 203 221 223 243 244 245 
223 8004 0.580837000 0.457375000 0.00000000000000000000 1.00000000000000000000 2 0 8 202 203 204 222 224 244 245 246 
224 8005 0.607107000 0.454056000 0.00000000000000000000 1.00000000000000000000 2 0 8 203 204 205 223 225 245 246 247 
225 8006 0.633172000 0.450046000 0.00000000000000000000 1.00000000000000000000 2 0 8 204 205 206 224 226 246 247 248 
226 8007 0.658993000 0.445357000 0.00000000000000000000 1.00000000000000000000 2 0 8 205 206 207 225 227 247 248 249 
227 8008 0.684530000 0.439998000 0.00000000000000000000 1.00000000000000000000 2 0 8 206 207 208 226 228 248 249 250 
228 8009 0.709745000 0.433981000 0.00000000000000000000 1.00000000000000000000 2 0 8 207 208 628 227 229 249 250 251 
229 8010 0.734600000 0.427319000 0.00000000000000000000 1.00000000000000000000 2 0 8 208 628 629 228 632 250 251 252 
230 8011 0.176813000 0.458525000 0.00000000000000000000 1.00000000000000000000 2 0 8 630 631 209 635 231 253 254 255 
231 8012 0.202260000 0.466690000 0.00000000000000000000 1.00000000000000000000 2 0 8 631 209 210 230 232 254 255 256 
232 8013 0.228138000 0.474098000 0.00000000000000000000 1.00000000000000000000 2 0 8 209 210 211 231 233 255 256 257 
233 8014 0.254405000 0.480741000 0.00000000000000000000 1.00000000000000000000 2 0 8 210 211 212 232 234 256 257 258 
234 8015 0.281019000 0.486610000 0.00000000000000000000 1.00000000000000000000 2 0 8 211 212 213 233 235 257 258 259 
235 8016 0.307937000 0.491700000 0.00000000000000000000 1.00000000000000000000 2 0 8 212 213 214 234 236 258 259 260 
236 8017 0.335116000 0.496005000 0.00000000000000000000 1.00000000000000000000 2 0 8 213 214 215 235 237 259 260 261 
237 8018 0.362513000 0.499521000 0.00000000000000000000 1.00000000000000000000 2 0 8 214 215 216 236 238 260 261 262 
238 8019 0.390086000 0.502246000 0.00000000000000000000 1.00000000000000000000 2 0 8 215 216 217 237 239 261 262 263 
239 8020 0.417789000 0.504179000 0.00000000000000000000 1.00000000000000000000 2 0 8 216 217 218 238 240 262 263 264 
240 8021 0.445580000 0.505320000 0.00000000000000000000 1.00000000000000000000 2 0 8 217 218 219 239 241 263 264 265 
241 8022 0.473414000 0.505672000 0.00000000000000000000 1.00000000000000000000 2 0 8 218 219 220 240 242 264 265 266 
242 8023 0.501250000 0.505236000 0.00000000000000000000 1.00000000000000000000 2 0 8 219 220 221 241 243 265 266 267 
243 8024 0.529042000 0.504017000 0.00000000000000000000 1.00000000000000000000 2 0 8 220 221 222 242 244 266 267 268 
244 8025 0.556749000 0.502021000 0.00000000000000000000 1.00000000000000000000 2 0 8 221 222 223 243 245 267 268 269 
245 8026 0.584327000 0.499254000 0.00000000000000000000 1.00000000000000000000 2 0 8 222 223 224 244 246 268 269 270 
246 8027 0.611734000 0.495723000 0.00000000000000000000 1.00000000000000000000 2 0 8 223 224 225 245 247 269 270 271 
247 8028 0.638928000 0.491438000 0.00000000000000000000 1.00000000000000000000 2 0 8 224 225 226 246 248 270 271 272 
248 8029 0.665867000 0.486410000 0.00000000000000000000 1.00000000000000000000 2 0 8 225 226 227 247 249 271 272 273 
249 8030 0.692511000 0.480648000 0.00000000000000000000 1.00000000000000000000 2 0 8 226 227 228 248 250 272 273 274 
250 8031 0.718819000 0.474166000 0.00000000000000000000 1.00000000000000000000 2 0 8 227 228 229 249 251 273 274 275 
251 8032 0.744752000 0.466976000 0.00000000000000000000 1.00000000000000000000 2 0 8 228 229 632 250 252 274 275 276 
252 8033 0.770270000 0.459094000 0.00000000000000000000 1.00000000000000000000 2 0 8 229 632 633 251 636 275 276 277 
253 8034 0.136129000 0.487863000 0.00000000000000000000 1.00000000000000000000 2 0 8 634 635 230 639 254 278 279 280 
254 8035 0.162227000 0.497595000 0.00000000000000000000 1.00000000000000000000 2 0 8 635 230 231 253 255 279 280 281 
255 8036 0.188819000 0.506522000 0.00000000000000000000 1.00000000000000000000 2 0 8 230 231 232 254 256 280 281 282 
256 8037 0.215861000 0.514631000 0.00000000000000000000 1.00000000000000000000 2 0 8 231 232 233 255 257 281 282 283 
257 8038 0.243311000 0.521913000 0.00000000000000000000 1.00000000000000000000 2 0 8 232 233 234 256 258 282 283 284 
258 8039 0.271123000 0.528358000 0.00000000000000000000 1.00000000000000000000 2 0 8 233 234 235 257 259 283 284 285 
259 8040 0.299254000 0.533960000 0.00000000000000000000 1.00000000000000000000 2 0 8 234 235 236 258 260 284 285 286 
260 8041 0.327658000 0.538712000 0.00000000000000000000 1.00000000000000000000 2 0 8 235 236 237 259 261 285 286 287 
261 8042 0.356290000 0.542610000 0.00000000000000000000 1.00000000000000000000 2 0 8 236 237 238 260 262 286 287 288 
262 8043 0.385106000 0.545651000 0.00000000000000000000 1.00000000000000000000 2 0 8 237 238 239 261 263 287 288 289 
263 8044 0.414059000 0.547833000 0.00000000000000000000 1.00000000000000000000 2 0 8 238 239 240 262 264 288 289 290 
264 8045 0.443104000 0.549157000 0.00000000000000000000 1.00000000000000000000 2 0 8 239 240 241 263 265 289 290 291 
265 8046 0.472196000 0.549623000 0.00000000000000000000 1.00000000000000000000 2 0 8 240 241 242 264 266 290 291 292 
266 8047 0.501288000 0.549234000 0.00000000000000000000 1.00000000000000000000 2 0 8 241 242 243 265 267 291 292 293 
267 8048 0.530336000 0.547995000 0.00000000000000000000 1.00000000000000000000 2 0 8 242 243 244 266 268 292 293 294 
268 8049 0.559295000 0.545911000 0.00000000000000000000 1.00000000000000000000 2 0 8 243 244 245 267 269 293 294 295 
269 8050 0.588121000 0.542988000 0.00000000000000000000 1.00000000000000000000 2 0 8 244 245 246 268 270 294 295 296 
270 8051 0.616768000 0.539235000 0.00000000000000000000 1.00000000000000000000 2 0 8 245 246 247 269 271 295 296 297 
271 8052 0.645192000 0.534660000 0.00000000000000000000 1.00000000000000000000 2 0 8 246 247 248 270 272 296 297 298 
272 8053 0.673352000 0.529275000 0.00000000000000000000 1.00000000000000000000 2 0 8 247 248 249 271 273 297 298 299 
273 8054 0.701203000 0.523090000 0.00000000000000000000 1.00000000000000000000 2 0 8 248 249 250 272 274 298 299 300 
274 8055 0.728704000 0.516120000 0.00000000000000000000 1.00000000000000000000 2 0 8 249 250 251 273 275 299 300 301 
275 8056 0.755813000 0.508378000 0.00000000000000000000 1.00000000000000000000 2 0 8 250 251 252 274 276 300 301 302 
276 8057 0.782490000 0.499879000 0.00000000000000000000 1.00000000000000000000 2 0 8 251 252 636 275 277 301 302 303 
277 8058 0.808695000 0.490639000 0.00000000000000000000 1.00000000000000000000 2 0 8 252 636 637 276 640 302 303 643 
278 8059 0.092333800 0.516461000 0.00000000000000000000 1.00000000000000000000 2 0 8 638 639 253 642 279 304 305 306 
279 8060 0.119087000 0.527905000 0.00000000000000000000 1.00000000000000000000 2 0 8 639 253 254 278 280 305 306 307 
280 8061 0.146402000 0.538495000 0.00000000000000000000 1.00000000000000000000 2 0 8 253 254 255 279 281 306 307 308 
281 8062 0.174234000 0.548217000 0.00000000000000000000 1.00000000000000000000 2 0 8 254 255 256 280 282 307 308 309 
282 8063 0.202538000 0.557059000 0.00000000000000000000 1.00000000000000000000 2 0 8 255 256 257 281 283 308 309 310 
283 8064 0.231269000 0.565008000 0.00000000000000000000 1.00000000000000000000 2 0 8 256 257 258 282 284 309 310 311 
284 8065 0.260380000 0.572054000 0.00000000000000000000 1.00000000000000000000 2 0 8 257 258 259 283 285 310 311 312 
285 8066 0.289825000 0.578190000 0.00000000000000000000 1.00000000000000000000 2 0 8 258 259 260 284 286 311 312 313 
286 8067 0.319558000 0.583408000 0.00000000000000000000 1.00000000000000000000 2 0 8 259 260 261 285 287 312 313 314 
287 8068 0.349530000 0.587704000 0.00000000000000000000 1.00000000000000000000 2 0 8 260 261 262 286 288 313 314 315 
288 8069 0.379694000 0.591073000 0.00000000000000000000 1.00000000000000000000 2 0 8 261 262 263 287 289 314 315 316 
289 8070 0.410003000 0.593514000 0.00000000000000000000 1.00000000000000000000 2 0 8 262 263 264 288 290 315 316 317 
290 8071 0.440409000 0.595026000 0.00000000000000000000 1.00000000000000000000 2 0 8 263 264 265 289 291 316 317 318 
291 8072 0.470865000 0.595611000 0.00000000000000000000 1.00000000000000000000 2 0 8 264 265 266 290 292 317 318 319 
292 8073 0.501322000 0.595270000 0.00000000000000000000 1.00000000000000000000 2 0 8 265 266 267 291 293 318 319 320 
293 8074 0.531734000 0.594007000 0.00000000000000000000 1.00000000000000000000 2 0 8 266 267 268 292 294 319 320 321 
294 8075 0.562053000 0.591829000 0.00000000000000000000 1.00000000000000000000 2 0 8 267 268 269 293 295 320 321 322 
295 8076 0.592233000 0.588741000 0.00000000000000000000 1.00000000000000000000 2 0 8 268 269 270 294 296 321 322 323 
296 8077 0.622227000 0.584752000 0.00000000000000000000 1.00000000000000000000 2 0 8 269 270 271 295 297 322 323 324 
297 8078 0.651990000 0.579872000 0.00000000000000000000 1.00000000000000000000 2 0 8 270 271 272 296 298 323 324 325 
298 8079 0.681476000 0.574112000 0.00000000000000000000 1.00000000000000000000 2 0 8 271 272 273 297 299 324 325 326 
299 8080 0.710639000 0.567484000 0.00000000000000000000 1.00000000000000000000 2 0 8 272 273 274 298 300 325 326 327 
300 8081 0.739437000 0.560001000 0.00000000000000000000 1.00000000000000000000 2 0 8 273 274 275 299 301 326 327 328 
301 8082 0.767826000 0.551678000 0.00000000000000000000 1.00000000000000000000 2 0 8 274 275 276 300 302 327 328 329 
302 8083 0.795763000 0.542532000 0.00000000000000000000 1.00000000000000000000 2 0 8 275 276 277 301 303 328 329 330 
303 8084 0.823207000 0.532579000 0.00000000000000000000 1.00000000000000000000 2 0 8 276 277 640 302 643 329 330 645 
304 8085 0.045203000 0.544173000 0.00000000000000000000 1.00000000000000000000 2 0 8 641 642 278 644 305 646 331 332 
305 8086 0.072608400 0.557480000 0.00000000000000000000 1.00000000000000000000 2 0 8 642 278 279 304 306 331 332 333 
306 8087 0.100649000 0.569886000 0.00000000000000000000 1.00000000000000000000 2 0 8 278 279 280 305 307 332 333 334 
307 8088 0.129278000 0.581375000 0.00000000000000000000 1.00000000000000000000 2 0 8 279 280 281 306 308 333 334 335 
308 8089 0.158450000 0.591930000 0.00000000000000000000 1.00000000000000000000 2 0 8 280 281 282 307 309 334 335 336 
309 8090 0.188118000 0.601538000 0.00000000000000000000 1.00000000000000000000 2 0 8 281 282 283 308 310 335 336 337 
310 8091 0.218234000 0.610184000 0.00000000000000000000 1.00000000000000000000 2 0 8 282 283 284 309 311 336 337 338 
311 8092 0.248750000 0.617859000 0.00000000000000000000 1.00000000000000000000 2 0 8 283 284 285 310 312 337 338 339 
312 8093 0.279617000 0.624553000 0.00000000000000000000 1.00000000000000000000 2 0 8 284 285 286 311 313 338 339 340 
313 8094 0.310786000 0.630258000 0.00000000000000000000 1.00000000000000000000 2 0 8 285 286 287 312 314 339 340 341 
314 8095 0.342207000 0.634969000 0.00000000000000000000 1.00000000000000000000 2 0 8 286 287 288 313 315 340 341 342 
315 8096 0.373830000 0.638681000 0.00000000000000000000 1.00000000000000000000 2 0 8 287 288 289 314 316 341 342 343 
316 8097 0.405606000 0.641392000 0.00000000000000000000 1.00000000000000000000 2 0 8 288 289 290 315 317 342 343 344 
317 8098 0.437485000 0.643100000 0.00000000000000000000 1.00000000000000000000 2 0 8 289 290 291 316 318 343 344 345 
318 8099 0.469417000 0.643806000 0.00000000000000000000 1.00000000000000000000 2 0 8 290 291 292 317 319 344 345 346 
319 8100 0.501352000 0.643513000 0.00000000000000000000 1.00000000000000000000 2 0 8 291 292 293 318 320 345 346 347 
320 8101 0.533240000 0.642224000 0.00000000000000000000 1.00000000000000000000 2 0 8 292 293 294 319 321 346 347 348 
321 8102 0.565033000 0.639945000 0.00000000000000000000 1.00000000000000000000 2 0 8 293 294 295 320 322 347 348 349 
322 8103 0.596680000 0.636683000 0.00000000000000000000 1.00000000000000000000 2 0 8 294 295 296 321 323 348 349 350 
323 8104 0.628134000 0.632446000 0.00000000000000000000 1.00000000000000000000 2 0 8 295 296 297 322 324 349 350 351 
324 8105 0.659346000 0.627244000 0.00000000000000000000 1.00000000000000000000 2 0 8 296 297 298 323 325 350 351 352 
325 8106 0.690269000 0.621089000 0.00000000000000000000 1.00000000000000000000 2 0 8 297 298 299 324 326 351 352 353 
326 8107 0.720855000 0.613993000 0.00000000000000000000 1.00000000000000000000 2 0 8 298 299 300 325 327 352 353 354 
327 8108 0.751059000 0.605971000 0.00000000000000000000 1.00000000000000000000 2 0 8 299 300 301 326 328 353 354 355 
328 8109 0.780835000 0.597039000 0.00000000000000000000 1.00000000000000000000 2 0 8 300 301 302 327 329 354 355 356 
329 8110 0.810139000 0.587213000 0.00000000000000000000 1.00000000000000000000 2 0 8 301 302 303 328 330 355 356 357 
330 8111 0.838927000 0.576511000 0.00000000000000000000 1.00000000000000000000 2 0 8 302 303 643 329 645 356 357 647 
331 8112 0.022555800 0.586164000 0.00000000000000000000 1.00000000000000000000 2 0 8 644 304 305 646 332 648 649 358 
332 8113 0.051316400 0.600546000 0.00000000000000000000 1.00000000000000000000 2 0 8 304 305 306 331 333 649 358 359 
333 8114 0.080744000 0.613962000 0.00000000000000000000 1.00000000000000000000 2 0 8 305 306 307 332 334 358 359 360 
334 8115 0.110791000 0.626393000 0.00000000000000000000 1.00000000000000000000 2 0 8 306 307 308 333 335 359 360 361 
335 8116 0.141409000 0.637822000 0.00000000000000000000 1.00000000000000000000 2 0 8 307 308 309 334 336 360 361 362 
336 8117 0.172548000 0.648231000 0.00000000000000000000 1.00000000000000000000 2 0 8 308 309 310 335 337 361 362 363 
337 8118 0.204159000 0.657609000 0.00000000000000000000 1.00000000000000000000 2 0 8 309 310 311 336 338 362 363 364 
338 8119 0.236190000 0.665942000 0.00000000000000000000 1.00000000000000000000 2 0 8 310 311 312 337 339 363 364 365 
339 8120 0.268590000 0.673221000 0.00000000000000000000 1.00000000000000000000 2 0 8 311 312 313 338 340 364 365 366 
340 8121 0.301309000 0.679436000 0.00000000000000000000 1.00000000000000000000 2 0 8 312 313 314 339 341 365 366 367 
341 8122 0.334294000 0.684581000 0.00000000000000000000 1.00000000000000000000 2 0 8 313 314 315 340 342 366 367 368 
342 8123 0.367493000 0.688651000 0.00000000000000000000 1.00000000000000000000 2 0 8 314 315 316 341 343 367 368 369 
343 8124 0.400853000 0.691642000 0.00000000000000000000 1.00000000000000000000 2 0 8 315 316 317 342 344 368 369 370 
344 8125 0.434322000 0.693554000 0.00000000000000000000 1.00000000000000000000 2 0 8 316 317 318 343 345 369 370 371 
345 8126 0.467848000 0.694387000 0.00000000000000000000 1.00000000000000000000 2 0 8 317 318 319 344 346 370 371 372 
346 8127 0.501379000 0.694143000 0.00000000000000000000 1.00000000000000000000 2 0 8 318 319 320 345 347 371 372 373 
347 8128 0.534862000 0.692825000 0.00000000000000000000 1.00000000000000000000 2 0 8 319 320 321 346 348 372 373 374 
348 8129 0.568246000 0.690438000 0.00000000000000000000 1.00000000000000000000 2 0 8 320 321 322 347 349 373 374 375 
349 8130 0.601478000 0.686991000 0.00000000000000000000 1.00000000000000000000 2 0 8 321 322 323 348 350 374 375 376 
350 8131 0.634509000 0.682492000 0.00000000000000000000 1.00000000000000000000 2 0 8 322 323 324 349 351 375 376 377 
351 8132 0.667288000 0.676951000 0.00000000000000000000 1.00000000000000000000 2 0 8 323 324 325 350 352 376 377 378 
352 8133 0.699764000 0.670380000 0.00000000000000000000 1.00000000000000000000 2 0 8 324 325 326 351 353 377 378 379 
353 8134 0.731888000 0.662792000 0.00000000000000000000 1.00000000000000000000 2 0 8 325 326 327 352 354 378 379 380 
354 8135 0.763612000 0.654203000 0.00000000000000000000 1.00000000000000000000 2 0 8 326 327 328 353 355 379 380 381 
355 8136 0.794889000 0.644629000 0.00000000000000000000 1.00000000000000000000 2 0 8 327 328 329 354 356 380 381 382 
356 8137 0.825670000 0.634088000 0.00000000000000000000 1.00000000000000000000 2 0 8 328 329 330 355 357 381 382 383 
357 8138 0.855911000 0.622598000 0.00000000000000000000 1.00000000000000000000 2 0 8 329 330 645 356 647 382 383 650 
358 8139 0.028378200 0.645819000 0.00000000000000000000 1.00000000000000000000 2 0 8 331 332 333 649 359 651 652 384 
359 8140 0.059299300 0.660296000 0.00000000000000000000 1.00000000000000000000 2 0 8 332 333 334 358 360 652 384 385 
360 8141 0.090872300 0.673716000 0.00000000000000000000 1.00000000000000000000 2 0 8 333 334 335 359 361 384 385 386 
361 8142 0.123046000 0.686061000 0.00000000000000000000 1.00000000000000000000 2 0 8 334 335 336 360 362 385 386 387 
362 8143 0.155769000 0.697313000 0.00000000000000000000 1.00000000000000000000 2 0 8 335 336 337 361 363 386 387 388 
363 8144 0.188989000 0.707458000 0.00000000000000000000 1.00000000000000000000 2 0 8 336 337 338 362 364 387 388 389 
364 8145 0.222652000 0.716482000 0.00000000000000000000 1.00000000000000000000 2 0 8 337 338 339 363 365 388 389 390 
365 8146 0.256705000 0.724373000 0.00000000000000000000 1.00000000000000000000 2 0 8 338 339 340 364 366 389 390 391 
366 8147 0.291093000 0.731122000 0.00000000000000000000 1.00000000000000000000 2 0 8 339 340 341 365 367 390 391 392 
367 8148 0.325762000 0.736722000 0.00000000000000000000 1.00000000000000000000 2 0 8 340 341 342 366 368 391 392 393 
368 8149 0.360658000 0.741167000 0.00000000000000000000 1.00000000000000000000 2 0 8 341 342 343 367 369 392 393 394 
369 8150 0.395725000 0.744453000 0.00000000000000000000 1.00000000000000000000 2 0 8 342 343 344 368 370 393 394 395 
370 8151 0.430908000 0.746578000 0.00000000000000000000 1.00000000000000000000 2 0 8 343 344 345 369 371 394 395 396 
371 8152 0.466152000 0.747542000 0.00000000000000000000 1.00000000000000000000 2 0 8 344 345 346 370 372 395 396 397 
372 8153 0.501402000 0.747347000 0.00000000000000000000 1.00000000000000000000 2 0 8 345 346 347 371 373 396 397 398 
373 8154 0.536604000 0.745997000 0.00000000000000000000 1.00000000000000000000 2 0 8 346 347 348 372 374 397 398 399 
374 8155 0.571704000 0.743497000 0.00000000000000000000 1.00000000000000000000 2 0 8 347 348 349 373 375 398 399 400 
375 8156 0.606646000 0.739854000 0.00000000000000000000 1.00000000000000000000 2 0 8 348 349 350 374 376 399 400 401 
376 8157 0.641377000 0.735077000 0.00000000000000000000 1.00000000000000000000 2 0 8 349 350 351 375 377 400 401 402 
377 8158 0.675845000 0.729178000 0.00000000000000000000 1.00000000000000000000 2 0 8 350 351 352 376 378 401 402 403 
378 8159 0.709996000 0.722168000 0.00000000000000000000 1.00000000000000000000 2 0 8 351 352 353 377 379 402 403 404 
379 8160 0.743780000 0.714062000 0.00000000000000000000 1.00000000000000000000 2 0 8 352 353 354 378 380 403 404 405 
380 8161 0.777144000 0.704876000 0.00000000000000000000 1.00000000000000000000 2 0 8 353 354 355 379 381 404 405 406 
381 8162 0.810039000 0.694626000 0.00000000000000000000 1.00000000000000000000 2 0 8 354 355 356 380 382 405 406 407 
382 8163 0.842415000 0.683332000 0.00000000000000000000 1.00000000000000000000 2 0 8 355 356 357 381 383 406 407 408 
383 8164 0.874224000 0.671014000 0.00000000000000000000 1.00000000000000000000 2 0 8 356 357 647 382 650 407 408 653 
384 8165 0.036234100 0.709057000 0.00000000000000000000 1.00000000000000000000 2 0 8 358 359 360 652 385 654 655 409 
385 8166 0.069447300 0.723517000 0.00000000000000000000 1.00000000000000000000 2 0 8 359 360 361 384 386 655 409 410 
386 8167 0.103294000 0.736826000 0.00000000000000000000 1.00000000000000000000 2 0 8 360 361 362 385 387 409 410 411 
387 8168 0.137720000 0.748964000 0.00000000000000000000 1.00000000000000000000 2 0 8 361 362 363 386 388 410 411 412 
388 8169 0.172669000 0.759915000 0.00000000000000000000 1.00000000000000000000 2 0 8 362 363 364 387 389 411 412 413 
389 8170 0.208087000 0.769664000 0.00000000000000000000 1.00000000000000000000 2 0 8 363 364 365 388 390 412 413 414 
390 8171 0.243916000 0.778199000 0.00000000000000000000 1.00000000000000000000 2 0 8 364 365 366 389 391 413 414 415 
391 8172 0.280099000 0.785510000 0.00000000000000000000 1.00000000000000000000 2 0 8 365 366 367 390 392 414 415 416 
392 8173 0.316580000 0.791588000 0.00000000000000000000 1.00000000000000000000 2 0 8 366 367 368 391 393 415 416 417 
393 8174 0.353301000 0.796426000 0.00000000000000000000 1.00000000000000000000 2 0 8 367 368 369 392 394 416 417 418 
394 8175 0.390203000 0.800020000 0.00000000000000000000 1.00000000000000000000 2 0 8 368 369 370 393 395 417 418 419 
395 8176 0.427230000 0.802368000 0.00000000000000000000 1.00000000000000000000 2 0 8 369 370 371 394 396 418 419 420 
396 8177 0.464322000 0.803469000 0.00000000000000000000 1.00000000000000000000 2 0 8 370 371 372 395 397 419 420 421 
397 8178 0.501423000 0.803325000 0.00000000000000000000 1.00000000000000000000 2 0 8 371 372 373 396 398 420 421 422 
398 8179 0.538475000 0.801939000 0.00000000000000000000 1.00000000000000000000 2 0 8 372 373 374 397 399 421 422 423 
399 8180 0.575420000 0.799318000 0.00000000000000000000 1.00000000000000000000 2 0 8 373 374 375 398 400 422 423 424 
400 8181 0.612202000 0.795467000 0.00000000000000000000 1.00000000000000000000 2 0 8 374 375 376 399 401 423 424 425 
401 8182 0.648764000 0.790398000 0.00000000000000000000 1.00000000000000000000 2 0 8 375 376 377 400 402 424 425 426 
402 8183 0.685050000 0.784121000 0.00000000000000000000 1.00000000000000000000 2 0 8 376 377 378 401 403 425 426 427 
403 8184 0.721005000 0.776648000 0.00000000000000000000 1.00000000000000000000 2 0 8 377 378 379 402 404 426 427 428 
404 8185 0.756574000 0.767995000 0.00000000000000000000 1.00000000000000000000 2 0 8 378 379 380 403 405 427 428 429 
405 8186 0.791704000 0.758179000 0.00000000000000000000 1.00000000000000000000 2 0 8 379 380 381 404 406 428 429 430 
406 8187 0.826341000 0.747217000 0.00000000000000000000 1.00000000000000000000 2 0 8 380 381 382 405 407 429 430 431 
407 8188 0.860435000 0.735130000 0.00000000000000000000 1.00000000000000000000 2 0 8 381 382 383 406 408 430 431 432 
408 8189 0.893933000 0.721938000 0.00000000000000000000 1.00000000000000000000 2 0 8 382 383 650 407 653 431 432 656 
409 8190 0.046436200 0.775982000 0.00000000000000000000 1.00000000000000000000 2 0 8 384 385 386 655 410 657 658 433 
410 8191 0.082078400 0.790304000 0.00000000000000000000 1.00000000000000000000 2 0 8 385 386 387 409 411 658 433 434 
411 8192 0.118332000 0.803374000 0.00000000000000000000 1.00000000000000000000 2 0 8 386 387 388 410 412 433 434 435 
412 8193 0.155139000 0.815174000 0.00000000000000000000 1.00000000000000000000 2 0 8 387 388 389 411 413 434 435 436 
413 8194 0.192440000 0.825686000 0.00000000000000000000 1.00000000000000000000 2 0 8 388 389 390 412 414 435 436 437 
414 8195 0.230176000 0.834899000 0.00000000000000000000 1.00000000000000000000 2 0 8 389 390 391 413 415 436 437 438 
415 8196 0.268287000 0.842800000 0.00000000000000000000 1.00000000000000000000 2 0 8 390 391 392 414 416 437 438 439 
416 8197 0.306713000 0.849379000 0.00000000000000000000 1.00000000000000000000 2 0 8 391 392 393 415 417 438 439 440 
417 8198 0.345394000 0.854631000 0.00000000000000000000 1.00000000000000000000 2 0 8 392 393 394 416 418 439 440 441 
418 8199 0.384268000 0.858548000 0.00000000000000000000 1.00000000000000000000 2 0 8 393 394 395 417 419 440 441 442 
419 8200 0.423274000 0.861130000 0.00000000000000000000 1.00000000000000000000 2 0 8 394 395 396 418 420 441 442 443 
420 8201 0.462352000 0.862374000 0.00000000000000000000 1.00000000000000000000 2 0 8 395 396 397 419 421 442 443 444 
421 8202 0.501441000 0.862283000 0.00000000000000000000 1.00000000000000000000 2 0 8 396 397 398 420 422 443 444 445 
422 8203 0.540480000 0.860859000 0.00000000000000000000 1.00000000000000000000 2 0 8 397 398 399 421 423 444 445 446 
423 8204 0.579409000 0.858108000 0.00000000000000000000 1.00000000000000000000 2 0 8 398 399 400 422 424 445 446 447 
424 8205 0.618167000 0.854039000 0.00000000000000000000 1.00000000000000000000 2 0 8 399 400 401 423 425 446 447 448 
425 8206 0.656696000 0.848659000 0.00000000000000000000 1.00000000000000000000 2 0 8 400 401 402 424 426 447 448 449 
426 8207 0.694936000 0.841982000 0.00000000000000000000 1.00000000000000000000 2 0 8 401 402 403 425 427 448 449 450 
427 8208 0.732830000 0.834021000 0.00000000000000000000 1.00000000000000000000 2 0 8 402 403 404 426 428 449 450 451 
428 8209 0.770319000 0.824792000 0.00000000000000000000 1.00000000000000000000 2 0 8 403 404 405 427 429 450 451 452 
429 8210 0.807346000 0.814311000 0.00000000000000000000 1.00000000000000000000 2 0 8 404 405 406 428 430 451 452 453 
430 8211 0.843857000 0.802598000 0.00000000000000000000 1.00000000000000000000 2 0 8 405 406 407 429 431 452 453 454 
431 8212 0.879797000 0.789674000 0.00000000000000000000 1.00000000000000000000 2 0 8 406 407 408 430 432 453 454 455 
432 8213 0.915111000 0.775561000 0.00000000000000000000 1.00000000000000000000 2 0 8 407 408 653 431 656 454 455 659 
433 8214 0.059320300 0.846695000 0.00000000000000000000 1.00000000000000000000 2 0 8 409 410 411 658 434 660 661 456 
434 8215 0.097533600 0.860747000 0.00000000000000000000 1.00000000000000000000 2 0 8 410 411 412 433 435 661 456 457 
435 8216 0.136332000 0.873440000 0.00000000000000000000 1.00000000000000000000 2 0 8 411 412 413 434 436 456 457 458 
436 8217 0.175653000 0.884757000 0.00000000000000000000 1.00000000000000000000 2 0 8 412 413 414 435 437 457 458 459 
437 8218 0.215434000 0.894682000 0.00000000000000000000 1.00000000000000000000 2 0 8 413 414 415 436 438 458 459 460 
438 8219 0.255613000 0.903205000 0.00000000000000000000 1.00000000000000000000 2 0 8 414 415 416 437 439 459 460 461 
439 8220 0.296126000 0.910313000 0.00000000000000000000 1.00000000000000000000 2 0 8 415 416 417 438 440 460 461 462 
440 8221 0.336908000 0.915998000 0.00000000000000000000 1.00000000000000000000 2 0 8 416 417 418 439 441 461 462 463 
441 8222 0.377897000 0.920256000 0.00000000000000000000 1.00000000000000000000 2 0 8 417 418 419 440 442 462 463 464 
442 8223 0.419028000 0.923083000 0.00000000000000000000 1.00000000000000000000 2 0 8 418 419 420 441 443 463 464 465 
443 8224 0.460236000 0.924477000 0.00000000000000000000 1.00000000000000000000 2 0 8 419 420 421 442 444 464 465 466 
444 8225 0.501457000 0.924440000 0.00000000000000000000 1.00000000000000000000 2 0 8 420 421 422 443 445 465 466 467 
445 8226 0.542628000 0.922975000 0.00000000000000000000 1.00000000000000000000 2 0 8 421 422 423 444 446 466 467 468 
446 8227 0.583685000 0.920087000 0.00000000000000000000 1.00000000000000000000 2 0 8 422 423 424 445 447 467 468 469 
447 8228 0.624565000 0.915785000 0.00000000000000000000 1.00000000000000000000 2 0 8 423 424 425 446 448 468 469 470 
448 8229 0.665205000 0.910078000 0.00000000000000000000 1.00000000000000000000 2 0 8 424 425 426 447 449 469 470 471 
449 8230 0.705542000 0.902979000 0.00000000000000000000 1.00000000000000000000 2 0 8 425 426 427 448 450 470 471 472 
450 8231 0.745516000 0.894502000 0.00000000000000000000 1.00000000000000000000 2 0 8 426 427 428 449 451 471 472 473 
451 8232 0.785065000 0.884663000 0.00000000000000000000 1.00000000000000000000 2 0 8 427 428 429 450 452 472 473 474 
452 8233 0.824130000 0.873480000 0.00000000000000000000 1.00000000000000000000 2 0 8 428 429 430 451 453 473 474 475 
453 8234 0.862652000 0.860974000 0.00000000000000000000 1.00000000000000000000 2 0 8 429 430 431 452 454 474 475 476 
454 8235 0.900573000 0.847167000 0.00000000000000000000 1.00000000000000000000 2 0 8 430 431 432 453 455 475 476 477 
455 8236 0.937836000 0.832083000 0.00000000000000000000 1.00000000000000000000 2 0 8 431 432 656 454 659 476 477 662 
456 8237 0.075247300 0.921293000 0.00000000000000000000 1.00000000000000000000 2 0 8 433 434 435 661 457 663 664 478 
457 8238 0.116178000 0.934929000 0.00000000000000000000 1.00000000000000000000 2 0 8 434 435 436 456 458 664 478 479 
458 8239 0.157663000 0.947093000 0.00000000000000000000 1.00000000000000000000 2 0 8 435 436 437 457 459 478 479 480 
459 8240 0.199636000 0.957771000 0.00000000000000000000 1.00000000000000000000 2 0 8 436 437 438 458 460 479 480 481 
460 8241 0.242029000 0.966948000 0.00000000000000000000 1.00000000000000000000 2 0 8 437 438 439 459 461 480 481 482 
461 8242 0.284777000 0.974613000 0.00000000000000000000 1.00000000000000000000 2 0 8 438 439 440 460 462 481 482 483 
462 8243 0.327813000 0.980757000 0.00000000000000000000 1.00000000000000000000 2 0 8 439 440 441 461 463 482 483 484 
463 8244 0.371067000 0.985373000 0.00000000000000000000 1.00000000000000000000 2 0 8 440 441 442 462 464 483 484 485 
464 8245 0.414474000 0.988457000 0.00000000000000000000 1.00000000000000000000 2 0 8 441 442 443 463 465 484 485 486 
465 8246 0.457964000 0.990009000 0.00000000000000000000 1.00000000000000000000 2 0 8 442 443 444 464 466 485 486 487 
466 8247 0.501471000 0.990028000 0.00000000000000000000 1.00000000000000000000 2 0 8 443 444 445 465 467 486 487 488 
467 8248 0.544927000 0.988518000 0.00000000000000000000 1.00000000000000000000 2 0 8 444 445 446 466 468 487 488 489 
468 8249 0.588265000 0.985485000 0.00000000000000000000 1.00000000000000000000 2 0 8 445 446 447 467 469 488 489 490 
469 8250 0.631418000 0.980937000 0.00000000000000000000 1.00000000000000000000 2 0 8 446 447 448 468 470 489 490 491 
470 8251 0.674320000 0.974884000 0.00000000000000000000 1.00000000000000000000 2 0 8 447 448 449 469 471 490 491 492 
471 8252 0.716906000 0.967338000 0.00000000000000000000 1.00000000000000000000 2 0 8 448 449 450 470 472 491 492 493 
472 8253 0.759109000 0.958315000 0.00000000000000000000 1.00000000000000000000 2 0 8 449 450 451 471 473 492 493 494 
473 8254 0.800867000 0.947832000 0.00000000000000000000 1.00000000000000000000 2 0 8 450 451 452 472 474 493 494 495 
474 8255 0.842117000 0.935908000 0.00000000000000000000 1.00000000000000000000 2 0 8 451 452 453 473 475 494 495 496 
475 8256 0.882795000 0.922564000 0.00000000000000000000 1.00000000000000000000 2 0 8 452 453 454 474 476 495 496 497 
476 8257 0.922840000 0.907825000 0.00000000000000000000 1.00000000000000000000 2 0 8 453 454 455 475 477 496 497 498 
477 8258 0.962194000 0.891714000 0.00000000000000000000 1.00000000000000000000 2 0 8 454 455 659 476 662 497 498 665 
478 8259 0.094603900 0.999869000 0.00000000000000000000 1.00000000000000000000 2 0 8 456 457 458 664 479 667 668 499 
479 8260 0.138404000 1.012930000 0.00000000000000000000 1.00000000000000000000 2 0 8 457 458 459 478 480 668 499 500 
480 8261 0.182722000 1.024400000 0.00000000000000000000 1.00000000000000000000 2 0 8 458 459 460 479 481 499 500 501 
481 8262 0.227486000 1.034270000 0.00000000000000000000 1.00000000000000000000 2 0 8 459 460 461 480 482 500 501 502 
482 8263 0.272627000 1.042520000 0.00000000000000000000 1.00000000000000000000 2 0 8 460 461 462 481 483 501 502 503 
483 8264 0.318073000 1.049150000 0.00000000000000000000 1.00000000000000000000 2 0 8 461 462 463 482 484 502 503 504 
484 8265 0.363753000 1.054140000 0.00000000000000000000 1.00000000000000000000 2 0 8 462 463 464 483 485 503 504 505 
485 8266 0.409595000 1.057500000 0.00000000000000000000 1.00000000000000000000 2 0 8 463 464 465 484 486 504 505 506 
486 8267 0.455529000 1.059210000 0.00000000000000000000 1.00000000000000000000 2 0 8 464 465 466 485 487 505 506 507 
487 8268 0.501483000 1.059290000 0.00000000000000000000 1.00000000000000000000 2 0 8 465 466 467 486 488 506 507 508 
488 8269 0.547386000 1.057730000 0.00000000000000000000 1.00000000000000000000 2 0 8 466 467 468 487 489 507 508 509 
489 8270 0.593166000 1.054550000 0.00000000000000000000 1.00000000000000000000 2 0 8 467 468 469 488 490 508 509 510 
490 8271 0.638753000 1.049740000 0.00000000000000000000 1.00000000000000000000 2 0 8 468 469 470 489 491 509 510 511 
491 8272 0.684078000 1.043320000 0.00000000000000000000 1.00000000000000000000 2 0 8 469 470 471 490 492 510 511 512 
492 8273 0.729070000 1.035300000 0.00000000000000000000 1.00000000000000000000 2 0 8 470 471 472 491 493 511 512 513 
493 8274 0.773662000 1.025700000 0.00000000000000000000 1.00000000000000000000 2 0 8 471 472 473 492 494 512 513 514 
494 8275 0.817785000 1.014530000 0.00000000000000000000 1.00000000000000000000 2 0 8 472 473 474 493 495 513 514 515 
495 8276 0.861374000 1.001830000 0.00000000000000000000 1.00000000000000000000 2 0 8 473 474 475 494 496 514 515 516 
496 8277 0.904361000 0.987598000 0.00000000000000000000 1.00000000000000000000 2 0 8 474 475 476 495 497 515 516 517 
497 8278 0.946682000 0.971872000 0.00000000000000000000 1.00000000000000000000 2 0 8 475 476 477 496 498 516 517 518 
498 8279 0.988274000 0.954678000 0.00000000000000000000 1.00000000000000000000 2 0 8 476 477 662 497 665 517 518 519 
499 8280 0.117804000 1.082510000 0.00000000000000000000 1.00000000000000000000 2 0 8 478 479 480 668 500 671 672 520 
500 8281 0.164629000 1.094810000 0.00000000000000000000 1.00000000000000000000 2 0 8 479 480 481 499 501 672 520 521 
501 8282 0.211928000 1.105410000 0.00000000000000000000 1.00000000000000000000 2 0 8 480 481 482 500 502 520 521 522 
502 8283 0.259628000 1.114280000 0.00000000000000000000 1.00000000000000000000 2 0 8 481 482 483 501 503 521 522 523 
503 8284 0.307652000 1.121420000 0.00000000000000000000 1.00000000000000000000 2 0 8 482 483 484 502 504 522 523 524 
504 8285 0.355927000 1.126810000 0.00000000000000000000 1.00000000000000000000 2 0 8 483 484 485 503 505 523 524 525 
505 8286 0.404375000 1.130450000 0.00000000000000000000 1.00000000000000000000 2 0 8 484 485 486 504 506 524 525 526 
506 8287 0.452923000 1.132350000 0.00000000000000000000 1.00000000000000000000 2 0 8 485 486 487 505 507 525 526 527 
507 8288 0.501494000 1.132490000 0.00000000000000000000 1.00000000000000000000 2 0 8 486 487 488 506 508 526 527 528 
508 8289 0.550013000 1.130880000 0.00000000000000000000 1.00000000000000000000 2 0 8 487 488 489 507 509 527 528 529 
509 8290 0.598405000 1.127520000 0.00000000000000000000 1.00000000000000000000 2 0 8 488 489 490 508 510 528 529 530 
510 8291 0.646597000 1.122440000 0.00000000000000000000 1.00000000000000000000 2 0 8 489 490 491 509 511 529 530 531 
511 8292 0.694513000 1.115630000 0.00000000000000000000 1.00000000000000000000 2 0 8 490 491 492 510 512 530 531 532 
512 8293 0.742081000 1.107110000 0.00000000000000000000 1.00000000000000000000 2 0 8 491 492 493 511 513 531 532 533 
513 8294 0.789227000 1.096900000 0.00000000000000000000 1.00000000000000000000 2 0 8 492 493 494 512 514 532 533 534 
514 8295 0.835882000 1.085020000 0.00000000000000000000 1.00000000000000000000 2 0 8 493 494 495 513 515 533 534 535 
515 8296 0.881972000 1.071480000 0.00000000000000000000 1.00000000000000000000 2 0 8 494 495 496 514 516 534 535 536 
516 8297 0.927430000 1.056320000 0.00000000000000000000 1.00000000000000000000 2 0 8 495 496 497 515 517 535 536 537 
517 8298 0.972186000 1.039550000 0.00000000000000000000 1.00000000000000000000 2 0 8 496 497 498 516 518 536 537 538 
518 8299 1.016170000 1.021210000 0.00000000000000000000 1.00000000000000000000 2 0 8 497 498 665 517 519 537 538 539 
519 8300 1.059330000 1.001320000 0.00000000000000000000 1.00000000000000000000 2 0 8 498 665 666 518 669 538 539 540 
520 8301 0.145291000 1.169280000 0.00000000000000000000 1.00000000000000000000 2 0 8 499 500 501 672 521 674 675 541 
521 8302 0.195299000 1.180650000 0.00000000000000000000 1.00000000000000000000 2 0 8 500 501 502 520 522 675 541 542 
522 8303 0.245733000 1.190170000 0.00000000000000000000 1.00000000000000000000 2 0 8 501 502 503 521 523 541 542 543 
523 8304 0.296513000 1.197850000 0.00000000000000000000 1.00000000000000000000 2 0 8 502 503 504 522 524 542 543 544 
524 8305 0.347560000 1.203660000 0.00000000000000000000 1.00000000000000000000 2 0 8 503 504 505 523 525 543 544 545 
525 8306 0.398793000 1.207610000 0.00000000000000000000 1.00000000000000000000 2 0 8 504 505 506 524 526 544 545 546 
526 8307 0.450134000 1.209680000 0.00000000000000000000 1.00000000000000000000 2 0 8 505 506 507 525 527 545 546 547 
527 8308 0.501502000 1.209880000 0.00000000000000000000 1.00000000000000000000 2 0 8 506 507 508 526 528 546 547 548 
528 8309 0.552819000 1.208220000 0.00000000000000000000 1.00000000000000000000 2 0 8 507 508 509 527 529 547 548 549 
529 8310 0.604004000 1.204690000 0.00000000000000000000 1.00000000000000000000 2 0 8 508 509 510 528 530 548 549 550 
530 8311 0.654978000 1.199320000 0.00000000000000000000 1.00000000000000000000 2 0 8 509 510 511 529 531 549 550 551 
531 8312 0.705665000 1.192100000 0.00000000000000000000 1.00000000000000000000 2 0 8 510 511 512 530 532 550 551 552 
532 8313 0.755986000 1.183050000 0.00000000000000000000 1.00000000000000000000 2 0 8 511 512 513 531 533 551 552 553 
533 8314 0.805864000 1.172190000 0.00000000000000000000 1.00000000000000000000 2 0 8 512 513 514 532 534 552 553 554 
534 8315 0.855223000 1.159550000 0.00000000000000000000 1.00000000000000000000 2 0 8 513 514 515 533 535 553 554 555 
535 8316 0.903989000 1.145130000 0.00000000000000000000 1.00000000000000000000 2 0 8 514 515 516 534 536 554 555 556 
536 8317 0.952088000 1.128980000 0.00000000000000000000 1.00000000000000000000 2 0 8 515 516 517 535 537 555 556 557 
537 8318 0.999448000 1.111110000 0.00000000000000000000 1.00000000000000000000 2 0 8 516 517 518 536 538 556 557 558 
538 8319 1.046000000 1.091550000 0.00000000000000000000 1.00000000000000000000 2 0 8 517 518 519 537 539 557 558 559 
539 8320 1.091670000 1.070350000 0.00000000000000000000 1.00000000000000000000 2 0 8 518 519 669 538 540 558 559 560 
540 8321 1.136390000 1.047520000 0.00000000000000000000 1.00000000000000000000 2 0 8 519 669 670 539 673 559 560 676 
541 8322 0.177537000 1.260250000 0.00000000000000000000 1.00000000000000000000 2 0 8 520 521 522 675 542 678 679 561 
542 8323 0.230891000 1.270470000 0.00000000000000000000 1.00000000000000000000 2 0 8 521 522 523 541 543 679 561 562 
543 8324 0.284614000 1.278710000 0.00000000000000000000 1.00000000000000000000 2 0 8 522 523 524 542 544 561 562 563 
544 8325 0.338621000 1.284970000 0.00000000000000000000 1.00000000000000000000 2 0 8 523 524 525 543 545 562 563 564 
545 8326 0.392829000 1.289240000 0.00000000000000000000 1.00000000000000000000 2 0 8 524 525 526 544 546 563 564 565 
546 8327 0.447154000 1.291500000 0.00000000000000000000 1.00000000000000000000 2 0 8 525 526 527 545 547 564 565 566 
547 8328 0.501510000 1.291780000 0.00000000000000000000 1.00000000000000000000 2 0 8 526 527 528 546 548 565 566 567 
548 8329 0.555814000 1.290050000 0.00000000000000000000 1.00000000000000000000 2 0 8 527 528 529 547 549 566 567 568 
549 8330 0.609981000 1.286340000 0.00000000000000000000 1.00000000000000000000 2 0 8 528 529 530 548 550 567 568 569 
550 8331 0.663929000 1.280650000 0.00000000000000000000 1.00000000000000000000 2 0 8 529 530 531 549 551 568 569 570 
551 8332 0.717575000 1.273000000 0.00000000000000000000 1.00000000000000000000 2 0 8 530 531 532 550 552 569 570 571 
552 8333 0.770837000 1.263390000 0.00000000000000000000 1.00000000000000000000 2 0 8 531 532 533 551 553 570 571 572 
553 8334 0.823633000 1.251850000 0.00000000000000000000 1.00000000000000000000 2 0 8 532 533 534 552 554 571 572 573 
554 8335 0.875882000 1.238400000 0.00000000000000000000 1.00000000000000000000 2 0 8 533 534 535 553 555 572 573 574 
555 8336 0.927507000 1.223050000 0.00000000000000000000 1.00000000000000000000 2 0 8 534 535 536 554 556 573 574 575 
556 8337 0.978428000 1.205850000 0.00000000000000000000 1.00000000000000000000 2 0 8 535 536 537 555 557 574 575 576 
557 8338 1.028570000 1.186810000 0.00000000000000000000 1.00000000000000000000 2 0 8 536 537 538 556 558 575 576 577 
558 8339 1.077850000 1.165970000 0.00000000000000000000 1.00000000000000000000 2 0 8 537 538 539 557 559 576 577 578 
559 8340 1.126210000 1.143370000 0.00000000000000000000 1.00000000000000000000 2 0 8 538 539 540 558 560 577 578 579 
560 8341 1.173560000 1.119030000 0.00000000000000000000 1.00000000000000000000 2 0 8 539 540 673 559 676 578 579 580 
561 8342 0.215045000 1.355470000 0.00000000000000000000 1.00000000000000000000 2 0 8 541 542 543 679 562 681 682 581 
562 8343 0.271909000 1.364320000 0.00000000000000000000 1.00000000000000000000 2 0 8 542 543 544 561 563 682 581 582 
563 8344 0.329078000 1.371050000 0.00000000000000000000 1.00000000000000000000 2 0 8 543 544 545 562 564 581 582 583 
564 8345 0.386461000 1.375650000 0.00000000000000000000 1.00000000000000000000 2 0 8 544 545 546 563 565 582 583 584 
565 8346 0.443970000 1.378120000 0.00000000000000000000 1.00000000000000000000 2 0 8 545 546 547 564 566 583 584 585 
566 8347 0.501516000 1.378460000 0.00000000000000000000 1.00000000000000000000 2 0 8 546 547 548 565 567 584 585 586 
567 8348 0.559009000 1.376680000 0.00000000000000000000 1.00000000000000000000 2 0 8 547 548 549 566 568 585 586 587 
568 8349 0.616361000 1.372770000 0.00000000000000000000 1.00000000000000000000 2 0 8 548 549 550 567 569 586 587 588 
569 8350 0.673483000 1.366750000 0.00000000000000000000 1.00000000000000000000 2 0 8 549 550 551 568 570 587 588 589 
570 8351 0.730288000 1.358640000 0.00000000000000000000 1.00000000000000000000 2 0 8 550 551 552 569 571 588 589 590 
571 8352 0.786690000 1.348440000 0.00000000000000000000 1.00000000000000000000 2 0 8 551 552 553 570 572 589 590 591 
572 8353 0.842600000 1.336170000 0.00000000000000000000 1.00000000000000000000 2 0 8 552 553 554 571 573 590 591 592 
573 8354 0.897936000 1.321860000 0.00000000000000000000 1.00000000000000000000 2 0 8 553 554 555 572 574 591 592 593 
574 8355 0.952612000 1.305540000 0.00000000000000000000 1.00000000000000000000 2 0 8 554 555 556 573 575 592 593 594 
575 8356 1.006550000 1.287220000 0.00000000000000000000 1.00000000000000000000 2 0 8 555 556 557 574 576 593 594 595 
576 8357 1.059660000 1.266950000 0.00000000000000000000 1.00000000000000000000 2 0 8 556 557 558 575 577 594 595 596 
577 8358 1.111860000 1.244750000 0.00000000000000000000 1.00000000000000000000 2 0 8 557 558 559 576 578 595 596 597 
578 8359 1.163090000 1.220660000 0.00000000000000000000 1.00000000000000000000 2 0 8 558 559 560 577 579 596 597 598 
579 8360 1.213250000 1.194730000 0.00000000000000000000 1.00000000000000000000 2 0 8 559 560 676 578 580 597 598 599 
580 8361 1.262290000 1.166980000 0.00000000000000000000 1.00000000000000000000 2 0 8 560 676 677 579 680 598 599 683 
581 8362 0.258353000 1.454980000 0.00000000000000000000 1.00000000000000000000 2 0 8 561 562 563 682 582 684 685 686 
582 8363 0.318894000 1.462200000 0.00000000000000000000 1.00000000000000000000 2 0 8 562 563 564 581 583 685 686 687 
583 8364 0.379665000 1.467160000 0.00000000000000000000 1.00000000000000000000 2 0 8 563 564 565 582 584 686 687 688 
584 8365 0.440572000 1.469850000 0.00000000000000000000 1.00000000000000000000 2 0 8 564 565 566 583 585 687 688 689 
585 8366 0.501520000 1.470270000 0.00000000000000000000 1.00000000000000000000 2 0 8 565 566 567 584 586 688 689 690 
586 8367 0.562416000 1.468420000 0.00000000000000000000 1.00000000000000000000 2 0 8 566 567 568 585 587 689 690 691 
587 8368 0.623166000 1.464310000 0.00000000000000000000 1.00000000000000000000 2 0 8 567 568 569 586 588 690 691 692 
588 8369 0.683675000 1.457940000 0.00000000000000000000 1.00000000000000000000 2 0 8 568 569 570 587 589 691 692 693 
589 8370 0.743851000 1.449330000 0.00000000000000000000 1.00000000000000000000 2 0 8 569 570 571 588 590 692 693 694 
590 8371 0.803603000 1.438500000 0.00000000000000000000 1.00000000000000000000 2 0 8 570 571 572 589 591 693 694 695 
591 8372 0.862838000 1.425470000 0.00000000000000000000 1.00000000000000000000 2 0 8 571 572 573 590 592 694 695 696 
592 8373 0.921466000 1.410250000 0.00000000000000000000 1.00000000000000000000 2 0 8 572 573 574 591 593 695 696 697 
593 8374 0.979398000 1.392890000 0.00000000000000000000 1.00000000000000000000 2 0 8 573 574 575 592 594 696 697 698 
594 8375 1.036550000 1.373390000 0.00000000000000000000 1.00000000000000000000 2 0 8 574 575 576 593 595 697 698 699 
595 8376 1.092830000 1.351810000 0.00000000000000000000 1.00000000000000000000 2 0 8 575 576 577 594 596 698 699 700 
596 8377 1.148150000 1.328170000 0.00000000000000000000 1.00000000000000000000 2 0 8 576 577 578 595 597 699 700 701 
597 8378 1.202440000 1.302510000 0.00000000000000000000 1.00000000000000000000 2 0 8 577 578 579 596 598 700 701 702 
598 8379 1.255610000 1.274880000 0.00000000000000000000 1.00000000000000000000 2 0 8 578 579 580 597 599 701 702 703 
599 8380 1.307570000 1.245320000 0.00000000000000000000 1.00000000000000000000 2 0 8 579 580 680 598 683 702 703 704 
600 4824 0.29067 0.0594763 1 1
601 7185 0.597545 0.0449944 1 1
602 7186 0.616723 0.0433795 1 1
603 4863 0.288857 0.0864567 2 0
604 7208 0.617726 0.0732661 2 0
605 7209 0.636838 0.071357 2 0
606 4902 0.286277 0.113785 2 0
607 7230 0.638456 0.101245 2 0
608 4941 0.282921 0.141557 2 0
609 7252 0.640581 0.131501 2 0
610 4980 0.278774 0.16987 2 0
611 7274 0.64322 0.162238 2 0
612 5019 0.273821 0.198824 2 0
613 7296 0.646385 0.193575 2 0
614 5058 0.268044 0.228523 2 0
615 7318 0.650087 0.225628 2 0
616 5096 0.241059 0.254922 2 0
617 5097 0.261419 0.259072 2 0
618 7340 0.654341 0.258519 2 0
619 5134 0.23291 0.285816 2 0
620 7362 0.659163 0.292372 2 0
621 5171 0.223788 0.317767 2 0
622 7384 0.664571 0.327313 2 0
623 7385 0.687069 0.322571 2 0
624 5208 0.213657 0.35089 2 0
625 7406 0.6939 0.358325 2 0
626 7407 0.716881 0.352648 2 0
627 5245 0.20248 0.385306 2 0
628 7427 0.725321 0.389257 2 0
629 7428 0.748812 0.382526 2 0
630 5281 0.166272 0.413018 2 0
631 5282 0.190214 0.421141 2 0
632 7447 0.759058 0.420025 2 0
633 7448 0.783081 0.412114 2 0
634 5316 0.127375 0.43997 2 0
635 5317 0.151838 0.449614 2 0
636 7466 0.795336 0.450534 2 0
637 7467 0.819913 0.441313 2 0
638 5348 0.0855816 0.466037 2 0
639 5349 0.110567 0.477339 2 0
640 7485 0.834389 0.480676 2 0
641 5365 0.0406845 0.491078 2 0
642 5366 0.0661854 0.50418 2 0
643 7504 0.850117 0.521838 2 0
644 5379 0.018477 0.529985 2 0
645 7524 0.867155 0.564952 2 0
646 5446 -0.0054909 0.570836 2 0
647 7544 0.885566 0.610181 2 0
648 5478 -0.031309 0.613782 2 0
649 5479 -0.00184098 0.630307 2 0
650 7565 0.905419 0.657693 2 0
651 5512 -0.0280786 0.676766 2 0
652 5513 0.00370793 0.693466 2 0
653 7587 0.926786 0.707666 2 0
654 5547 -0.0227864 0.743662 2 0
655 5548 0.0114625 0.760427 2 0
656 7610 0.949747 0.760285 2 0
657 5583 -0.0151081 0.814595 2 0
658 5584 0.021753 0.831304 2 0
659 7634 0.974387 0.815748 2 0
660 5619 -0.00469413 0.889688 2 0
661 5620 0.034935 0.906206 2 0
662 7658 1.0008 0.874261 2 0
663 5655 0.0088316 0.969058 2 0
664 5656 0.0513901 0.985239 2 0
665 7682 1.02908 0.936043 2 0
666 7683 1.06902 0.915998 2 0
667 5691 0.0258732 1.05282 2 0
668 5692 0.0715278 1.0685 2 0
669 7705 1.10158 0.979928 2 0
670 7706 1.14288 0.957059 2 0
671 5727 0.0468642 1.14108 2 0
672 5728 0.0957865 1.15608 2 0
673 7726 1.18009 1.02312 2 0
674 5762 0.0722691 1.23393 2 0
675 5763 0.124635 1.24807 2 0
676 7745 1.21985 1.09301 2 0
677 7746 1.26499 1.06534 2 0
678 5797 0.102585 1.33147 2 0
679 5798 0.158574 1.34452 2 0
680 7764 1.31011 1.13748 2 0
681 5830 0.138341 1.43377 2 0
682 5831 0.198138 1.4455 2 0
683 8983 1.35827 1.21388 2 0
684 8381 0.180106 1.54088 2 0
685 8382 0.243895 1.55104 2 0
686 8383 0.308031 1.55879 2 0
687 8384 0.372415 1.56413 2 0
688 8385 0.436946 1.56704 2 0
689 8386 0.501523 1.56754 2 0
690 8387 0.566049 1.56562 2 0
691 8388 0.630422 1.56128 2 0
692 8389 0.694543 1.55455 2 0
693 8390 0.758315 1.54542 2 0
694 8391 0.821639 1.53393 2 0
695 8392 0.88442 1.52008 2 0
696 8393 0.94656 1.5039 2 0
697 8394 1.00797 1.48543 2 0
698 8395 1.06854 1.46469 2 0
699 8396 1.1282 1.44172 2 0
700 8397 1.18685 1.41655 2 0
701 8398 1.24441 1.38923 2 0
702 8399 1.30078 1.3598 2 0
703 9001 1.35588 1.32831 2 0
704 9002 1.40963 1.29481 2 0
