695 597 98
1 7185 0.597545000 0.044994400 0.08231462556632487826 0.99660639292444630488 1 1 8 598 2 600 601 24 604 605 606 
2 7186 0.616723000 0.043379500 0.08542075818770138163 0.99634496740367906042 1 1 8 1 3 601 24 25 605 606 46 
3 7187 0.635720000 0.041721500 0.08837356185850352153 0.99608740257290739883 1 1 8 2 4 24 25 26 606 46 47 
4 7188 0.654509000 0.040027100 0.09118499013007269616 0.99583397088820913012 1 1 8 3 5 25 26 27 46 47 48 
5 7189 0.673059000 0.038302500 0.09387942525532258498 0.99558357434910016437 1 1 8 4 6 26 27 28 47 48 49 
6 7190 0.691342000 0.036553900 0.09646021694760552323 0.99533684074609685144 1 1 8 5 7 27 28 29 48 49 50 
7 7191 0.709330000 0.034787400 0.09893996602310112243 0.99509340422060255094 1 1 8 6 8 28 29 30 49 50 51 
8 7192 0.726995000 0.033009000 0.10132820498595720982 0.99485305189978889828 1 1 8 7 9 29 30 31 50 51 52 
9 7193 0.744311000 0.031224500 0.10364558072098142838 0.99461429388331767942 1 1 8 8 10 30 31 32 51 52 53 
10 7194 0.761249000 0.029439500 0.10588992387536884376 0.99437785776920262215 1 1 8 9 11 31 32 33 52 53 54 
11 7195 0.777785000 0.027659900 0.10806336838556147850 0.99414400788475631998 1 1 8 10 12 32 33 34 53 54 55 
12 7196 0.793893000 0.025891100 0.11019007491550641964 0.99391053289021702444 1 1 8 11 13 33 34 35 54 55 56 
13 7197 0.809547000 0.024138600 0.11225983361103865354 0.99367888664176717839 1 1 8 12 14 34 35 36 55 56 57 
14 7198 0.824724000 0.022408000 0.11427346203834422289 0.99344933231331489232 1 1 8 13 15 35 36 37 56 57 58 
15 7199 0.839400000 0.020704700 0.11624154724163376917 0.99322097374897955202 1 1 8 14 16 36 37 38 57 58 59 
16 7200 0.853553000 0.019034000 0.11816065709095549541 0.99299449097959946453 1 1 8 15 17 37 38 39 58 59 60 
17 7201 0.867161000 0.017401300 0.12002653447902668360 0.99277068400560408712 1 1 8 16 18 38 39 40 59 60 61 
18 7202 0.880203000 0.015812000 0.12184400527015776250 0.99254926244480468078 1 1 8 17 19 39 40 41 60 61 62 
19 7203 0.892659000 0.014271200 0.12361062933351839310 0.99233079782689992410 1 1 8 18 20 40 41 42 61 62 63 
20 7204 0.904509000 0.012784300 0.12532152258104284348 0.99211618068549278782 1 1 8 19 21 41 42 43 62 63 64 
21 7205 0.915735000 0.011356300 0.12696646216782009331 0.99190701050279284079 1 1 8 20 22 42 43 44 63 64 65 
22 7206 0.926320000 0.009992440 0.12853916603416695730 0.99170443318321466197 1 1 8 21 23 43 44 45 64 65 66 
23 7207 0.936248000 0.008697520 0.13004657339925981829 0.99150788637665976388 1 1 8 22 599 44 45 602 65 66 67 
24 7208 0.617726000 0.073266100 0.00000000000000000000 1.00000000000000000000 2 0 8 1 2 3 601 25 605 606 46 
25 7209 0.636838000 0.071357000 0.00000000000000000000 1.00000000000000000000 2 0 8 2 3 4 24 26 606 46 47 
26 7210 0.655734000 0.069364000 0.00000000000000000000 1.00000000000000000000 2 0 8 3 4 5 25 27 46 47 48 
27 7211 0.674385000 0.067294000 0.00000000000000000000 1.00000000000000000000 2 0 8 4 5 6 26 28 47 48 49 
28 7212 0.692762000 0.065153600 0.00000000000000000000 1.00000000000000000000 2 0 8 5 6 7 27 29 48 49 50 
29 7213 0.710836000 0.062949800 0.00000000000000000000 1.00000000000000000000 2 0 8 6 7 8 28 30 49 50 51 
30 7214 0.728581000 0.060689000 0.00000000000000000000 1.00000000000000000000 2 0 8 7 8 9 29 31 50 51 52 
31 7215 0.745968000 0.058378100 0.00000000000000000000 1.00000000000000000000 2 0 8 8 9 10 30 32 51 52 53 
32 7216 0.762971000 0.056023500 0.00000000000000000000 1.00000000000000000000 2 0 8 9 10 11 31 33 52 53 54 
33 7217 0.779564000 0.053632000 0.00000000000000000000 1.00000000000000000000 2 0 8 10 11 12 32 34 53 54 55 
34 7218 0.795722000 0.051210000 0.00000000000000000000 1.00000000000000000000 2 0 8 11 12 13 33 35 54 55 56 
35 7219 0.811419000 0.048764200 0.00000000000000000000 1.00000000000000000000 2 0 8 12 13 14 34 36 55 56 57 
36 7220 0.826631000 0.046301100 0.00000000000000000000 1.00000000000000000000 2 0 8 13 14 15 35 37 56 57 58 
37 7221 0.841336000 0.043827200 0.00000000000000000000 1.00000000000000000000 2 0 8 14 15 16 36 38 57 58 59 
38 7222 0.855511000 0.041349100 0.00000000000000000000 1.00000000000000000000 2 0 8 15 16 17 37 39 58 59 60 
39 7223 0.869133000 0.038873400 0.00000000000000000000 1.00000000000000000000 2 0 8 16 17 18 38 40 59 60 61 
40 7224 0.882182000 0.036406500 0.00000000000000000000 1.00000000000000000000 2 0 8 17 18 19 39 41 60 61 62 
41 7225 0.894639000 0.033954900 0.00000000000000000000 1.00000000000000000000 2 0 8 18 19 20 40 42 61 62 63 
42 7226 0.906484000 0.031525000 0.00000000000000000000 1.00000000000000000000 2 0 8 19 20 21 41 43 62 63 64 
43 7227 0.917698000 0.029123200 0.00000000000000000000 1.00000000000000000000 2 0 8 20 21 22 42 44 63 64 65 
44 7228 0.928266000 0.026755700 0.00000000000000000000 1.00000000000000000000 2 0 8 21 22 23 43 45 64 65 66 
45 7229 0.938170000 0.024428600 0.00000000000000000000 1.00000000000000000000 2 0 8 22 23 599 44 602 65 66 67 
46 7230 0.638456000 0.101245000 0.00000000000000000000 1.00000000000000000000 2 0 8 24 25 26 606 47 608 68 69 
47 7231 0.657534000 0.098946300 0.00000000000000000000 1.00000000000000000000 2 0 8 25 26 27 46 48 68 69 70 
48 7232 0.676359000 0.096523400 0.00000000000000000000 1.00000000000000000000 2 0 8 26 27 28 47 49 69 70 71 
49 7233 0.694902000 0.093983900 0.00000000000000000000 1.00000000000000000000 2 0 8 27 28 29 48 50 70 71 72 
50 7234 0.713135000 0.091335000 0.00000000000000000000 1.00000000000000000000 2 0 8 28 29 30 49 51 71 72 73 
51 7235 0.731030000 0.088584300 0.00000000000000000000 1.00000000000000000000 2 0 8 29 30 31 50 52 72 73 74 
52 7236 0.748560000 0.085739100 0.00000000000000000000 1.00000000000000000000 2 0 8 30 31 32 51 53 73 74 75 
53 7237 0.765698000 0.082807000 0.00000000000000000000 1.00000000000000000000 2 0 8 31 32 33 52 54 74 75 76 
54 7238 0.782417000 0.079795400 0.00000000000000000000 1.00000000000000000000 2 0 8 32 33 34 53 55 75 76 77 
55 7239 0.798692000 0.076712000 0.00000000000000000000 1.00000000000000000000 2 0 8 33 34 35 54 56 76 77 78 
56 7240 0.814498000 0.073564400 0.00000000000000000000 1.00000000000000000000 2 0 8 34 35 36 55 57 77 78 79 
57 7241 0.829811000 0.070360200 0.00000000000000000000 1.00000000000000000000 2 0 8 35 36 37 56 58 78 79 80 
58 7242 0.844608000 0.067107100 0.00000000000000000000 1.00000000000000000000 2 0 8 36 37 38 57 59 79 80 81 
59 7243 0.858867000 0.063812600 0.00000000000000000000 1.00000000000000000000 2 0 8 37 38 39 58 60 80 81 82 
60 7244 0.872565000 0.060484700 0.00000000000000000000 1.00000000000000000000 2 0 8 38 39 40 59 61 81 82 83 
61 7245 0.885682000 0.057130800 0.00000000000000000000 1.00000000000000000000 2 0 8 39 40 41 60 62 82 83 84 
62 7246 0.898198000 0.053758800 0.00000000000000000000 1.00000000000000000000 2 0 8 40 41 42 61 63 83 84 85 
63 7247 0.910094000 0.050376200 0.00000000000000000000 1.00000000000000000000 2 0 8 41 42 43 62 64 84 85 86 
64 7248 0.921353000 0.046990500 0.00000000000000000000 1.00000000000000000000 2 0 8 42 43 44 63 65 85 86 87 
65 7249 0.931957000 0.043609200 0.00000000000000000000 1.00000000000000000000 2 0 8 43 44 45 64 66 86 87 88 
66 7250 0.941890000 0.040239600 0.00000000000000000000 1.00000000000000000000 2 0 8 44 45 602 65 67 87 88 89 
67 7251 0.951139000 0.036888900 0.00000000000000000000 1.00000000000000000000 2 0 8 45 602 603 66 607 88 89 609 
68 7252 0.640581000 0.131501000 0.00000000000000000000 1.00000000000000000000 2 0 8 606 46 47 608 69 610 90 91 
69 7253 0.659915000 0.128887000 0.00000000000000000000 1.00000000000000000000 2 0 8 46 47 48 68 70 90 91 92 
70 7254 0.678988000 0.126103000 0.00000000000000000000 1.00000000000000000000 2 0 8 47 48 49 69 71 91 92 93 
71 7255 0.697771000 0.123155000 0.00000000000000000000 1.00000000000000000000 2 0 8 48 49 50 70 72 92 93 94 
72 7256 0.716235000 0.120052000 0.00000000000000000000 1.00000000000000000000 2 0 8 49 50 51 71 73 93 94 95 
73 7257 0.734353000 0.116801000 0.00000000000000000000 1.00000000000000000000 2 0 8 50 51 52 72 74 94 95 96 
74 7258 0.752096000 0.113412000 0.00000000000000000000 1.00000000000000000000 2 0 8 51 52 53 73 75 95 96 97 
75 7259 0.769438000 0.109892000 0.00000000000000000000 1.00000000000000000000 2 0 8 52 53 54 74 76 96 97 98 
76 7260 0.786352000 0.106250000 0.00000000000000000000 1.00000000000000000000 2 0 8 53 54 55 75 77 97 98 99 
77 7261 0.802813000 0.102494000 0.00000000000000000000 1.00000000000000000000 2 0 8 54 55 56 76 78 98 99 100 
78 7262 0.818795000 0.098633000 0.00000000000000000000 1.00000000000000000000 2 0 8 55 56 57 77 79 99 100 101 
79 7263 0.834274000 0.094676000 0.00000000000000000000 1.00000000000000000000 2 0 8 56 57 58 78 80 100 101 102 
80 7264 0.849228000 0.090631500 0.00000000000000000000 1.00000000000000000000 2 0 8 57 58 59 79 81 101 102 103 
81 7265 0.863633000 0.086508300 0.00000000000000000000 1.00000000000000000000 2 0 8 58 59 60 80 82 102 103 104 
82 7266 0.877468000 0.082315400 0.00000000000000000000 1.00000000000000000000 2 0 8 59 60 61 81 83 103 104 105 
83 7267 0.890712000 0.078061500 0.00000000000000000000 1.00000000000000000000 2 0 8 60 61 62 82 84 104 105 106 
84 7268 0.903346000 0.073755600 0.00000000000000000000 1.00000000000000000000 2 0 8 61 62 63 83 85 105 106 107 
85 7269 0.915350000 0.069406400 0.00000000000000000000 1.00000000000000000000 2 0 8 62 63 64 84 86 106 107 108 
86 7270 0.926707000 0.065022800 0.00000000000000000000 1.00000000000000000000 2 0 8 63 64 65 85 87 107 108 109 
87 7271 0.937401000 0.060613400 0.00000000000000000000 1.00000000000000000000 2 0 8 64 65 66 86 88 108 109 110 
88 7272 0.947415000 0.056186700 0.00000000000000000000 1.00000000000000000000 2 0 8 65 66 67 87 89 109 110 111 
89 7273 0.956737000 0.051750900 0.00000000000000000000 1.00000000000000000000 2 0 8 66 67 607 88 609 110 111 611 
90 7274 0.643220000 0.162238000 0.00000000000000000000 1.00000000000000000000 2 0 8 608 68 69 610 91 612 112 113 
91 7275 0.662885000 0.159301000 0.00000000000000000000 1.00000000000000000000 2 0 8 68 69 70 90 92 112 113 114 
92 7276 0.682281000 0.156144000 0.00000000000000000000 1.00000000000000000000 2 0 8 69 70 71 91 93 113 114 115 
93 7277 0.701378000 0.152778000 0.00000000000000000000 1.00000000000000000000 2 0 8 70 71 72 92 94 114 115 116 
94 7278 0.720148000 0.149209000 0.00000000000000000000 1.00000000000000000000 2 0 8 71 72 73 93 95 115 116 117 
95 7279 0.738560000 0.145447000 0.00000000000000000000 1.00000000000000000000 2 0 8 72 73 74 94 96 116 117 118 
96 7280 0.756589000 0.141501000 0.00000000000000000000 1.00000000000000000000 2 0 8 73 74 75 95 97 117 118 119 
97 7281 0.774206000 0.137381000 0.00000000000000000000 1.00000000000000000000 2 0 8 74 75 76 96 98 118 119 120 
98 7282 0.791385000 0.133095000 0.00000000000000000000 1.00000000000000000000 2 0 8 75 76 77 97 99 119 120 121 
99 7283 0.808099000 0.128653000 0.00000000000000000000 1.00000000000000000000 2 0 8 76 77 78 98 100 120 121 122 
100 7284 0.824324000 0.124065000 0.00000000000000000000 1.00000000000000000000 2 0 8 77 78 79 99 101 121 122 123 
101 7285 0.840036000 0.119340000 0.00000000000000000000 1.00000000000000000000 2 0 8 78 79 80 100 102 122 123 124 
102 7286 0.855210000 0.114489000 0.00000000000000000000 1.00000000000000000000 2 0 8 79 80 81 101 103 123 124 125 
103 7287 0.869825000 0.109521000 0.00000000000000000000 1.00000000000000000000 2 0 8 80 81 82 102 104 124 125 126 
104 7288 0.883857000 0.104447000 0.00000000000000000000 1.00000000000000000000 2 0 8 81 82 83 103 105 125 126 127 
105 7289 0.897288000 0.099276500 0.00000000000000000000 1.00000000000000000000 2 0 8 82 83 84 104 106 126 127 128 
106 7290 0.910097000 0.094019500 0.00000000000000000000 1.00000000000000000000 2 0 8 83 84 85 105 107 127 128 129 
107 7291 0.922265000 0.088686200 0.00000000000000000000 1.00000000000000000000 2 0 8 84 85 86 106 108 128 129 130 
108 7292 0.933775000 0.083286600 0.00000000000000000000 1.00000000000000000000 2 0 8 85 86 87 107 109 129 130 131 
109 7293 0.944610000 0.077830500 0.00000000000000000000 1.00000000000000000000 2 0 8 86 87 88 108 110 130 131 132 
110 7294 0.954756000 0.072327700 0.00000000000000000000 1.00000000000000000000 2 0 8 87 88 89 109 111 131 132 133 
111 7295 0.964197000 0.066787600 0.00000000000000000000 1.00000000000000000000 2 0 8 88 89 609 110 611 132 133 613 
112 7296 0.646385000 0.193575000 0.00000000000000000000 1.00000000000000000000 2 0 8 610 90 91 612 113 614 134 135 
113 7297 0.666457000 0.190302000 0.00000000000000000000 1.00000000000000000000 2 0 8 90 91 92 112 114 134 135 136 
114 7298 0.686252000 0.186763000 0.00000000000000000000 1.00000000000000000000 2 0 8 91 92 93 113 115 135 136 137 
115 7299 0.705738000 0.182965000 0.00000000000000000000 1.00000000000000000000 2 0 8 92 93 94 114 116 136 137 138 
116 7300 0.724887000 0.178917000 0.00000000000000000000 1.00000000000000000000 2 0 8 93 94 95 115 117 137 138 139 
117 7301 0.743668000 0.174631000 0.00000000000000000000 1.00000000000000000000 2 0 8 94 95 96 116 118 138 139 140 
118 7302 0.762055000 0.170114000 0.00000000000000000000 1.00000000000000000000 2 0 8 95 96 97 117 119 139 140 141 
119 7303 0.780018000 0.165378000 0.00000000000000000000 1.00000000000000000000 2 0 8 96 97 98 118 120 140 141 142 
120 7304 0.797532000 0.160432000 0.00000000000000000000 1.00000000000000000000 2 0 8 97 98 99 119 121 141 142 143 
121 7305 0.814569000 0.155288000 0.00000000000000000000 1.00000000000000000000 2 0 8 98 99 100 120 122 142 143 144 
122 7306 0.831105000 0.149955000 0.00000000000000000000 1.00000000000000000000 2 0 8 99 100 101 121 123 143 144 145 
123 7307 0.847115000 0.144446000 0.00000000000000000000 1.00000000000000000000 2 0 8 100 101 102 122 124 144 145 146 
124 7308 0.862574000 0.138770000 0.00000000000000000000 1.00000000000000000000 2 0 8 101 102 103 123 125 145 146 147 
125 7309 0.877461000 0.132938000 0.00000000000000000000 1.00000000000000000000 2 0 8 102 103 104 124 126 146 147 148 
126 7310 0.891753000 0.126963000 0.00000000000000000000 1.00000000000000000000 2 0 8 103 104 105 125 127 147 148 149 
127 7311 0.905430000 0.120856000 0.00000000000000000000 1.00000000000000000000 2 0 8 104 105 106 126 128 148 149 150 
128 7312 0.918472000 0.114627000 0.00000000000000000000 1.00000000000000000000 2 0 8 105 106 107 127 129 149 150 151 
129 7313 0.930859000 0.108288000 0.00000000000000000000 1.00000000000000000000 2 0 8 106 107 108 128 130 150 151 152 
130 7314 0.942576000 0.101850000 0.00000000000000000000 1.00000000000000000000 2 0 8 107 108 109 129 131 151 152 153 
131 7315 0.953604000 0.095324900 0.00000000000000000000 1.00000000000000000000 2 0 8 108 109 110 130 132 152 153 154 
132 7316 0.963929000 0.088723100 0.00000000000000000000 1.00000000000000000000 2 0 8 109 110 111 131 133 153 154 155 
133 7317 0.973537000 0.082055500 0.00000000000000000000 1.00000000000000000000 2 0 8 110 111 611 132 613 154 155 615 
134 7318 0.650087000 0.225628000 0.00000000000000000000 1.00000000000000000000 2 0 8 612 112 113 614 135 616 156 157 
135 7319 0.670645000 0.222009000 0.00000000000000000000 1.00000000000000000000 2 0 8 112 113 114 134 136 156 157 158 
136 7320 0.690915000 0.218073000 0.00000000000000000000 1.00000000000000000000 2 0 8 113 114 115 135 137 157 158 159 
137 7321 0.710867000 0.213830000 0.00000000000000000000 1.00000000000000000000 2 0 8 114 115 116 136 138 158 159 160 
138 7322 0.730470000 0.209290000 0.00000000000000000000 1.00000000000000000000 2 0 8 115 116 117 137 139 159 160 161 
139 7323 0.749695000 0.204463000 0.00000000000000000000 1.00000000000000000000 2 0 8 116 117 118 138 140 160 161 162 
140 7324 0.768513000 0.199359000 0.00000000000000000000 1.00000000000000000000 2 0 8 117 118 119 139 141 161 162 163 
141 7325 0.786896000 0.193990000 0.00000000000000000000 1.00000000000000000000 2 0 8 118 119 120 140 142 162 163 164 
142 7326 0.804816000 0.188366000 0.00000000000000000000 1.00000000000000000000 2 0 8 119 120 121 141 143 163 164 165 
143 7327 0.822246000 0.182500000 0.00000000000000000000 1.00000000000000000000 2 0 8 120 121 122 142 144 164 165 166 
144 7328 0.839161000 0.176403000 0.00000000000000000000 1.00000000000000000000 2 0 8 121 122 123 143 145 165 166 167 
145 7329 0.855535000 0.170088000 0.00000000000000000000 1.00000000000000000000 2 0 8 122 123 124 144 146 166 167 168 
146 7330 0.871346000 0.163565000 0.00000000000000000000 1.00000000000000000000 2 0 8 123 124 125 145 147 167 168 169 
147 7331 0.886568000 0.156848000 0.00000000000000000000 1.00000000000000000000 2 0 8 124 125 126 146 148 168 169 170 
148 7332 0.901181000 0.149949000 0.00000000000000000000 1.00000000000000000000 2 0 8 125 126 127 147 149 169 170 171 
149 7333 0.915164000 0.142880000 0.00000000000000000000 1.00000000000000000000 2 0 8 126 127 128 148 150 170 171 172 
150 7334 0.928496000 0.135655000 0.00000000000000000000 1.00000000000000000000 2 0 8 127 128 129 149 151 171 172 173 
151 7335 0.941158000 0.128285000 0.00000000000000000000 1.00000000000000000000 2 0 8 128 129 130 150 152 172 173 174 
152 7336 0.953133000 0.120784000 0.00000000000000000000 1.00000000000000000000 2 0 8 129 130 131 151 153 173 174 175 
153 7337 0.964405000 0.113163000 0.00000000000000000000 1.00000000000000000000 2 0 8 130 131 132 152 154 174 175 176 
154 7338 0.974958000 0.105435000 0.00000000000000000000 1.00000000000000000000 2 0 8 131 132 133 153 155 175 176 177 
155 7339 0.984778000 0.097612900 0.00000000000000000000 1.00000000000000000000 2 0 8 132 133 613 154 615 176 177 617 
156 7340 0.654341000 0.258519000 0.00000000000000000000 1.00000000000000000000 2 0 8 614 134 135 616 157 618 178 179 
157 7341 0.675463000 0.254541000 0.00000000000000000000 1.00000000000000000000 2 0 8 134 135 136 156 158 178 179 180 
158 7342 0.696288000 0.250195000 0.00000000000000000000 1.00000000000000000000 2 0 8 135 136 137 157 159 179 180 181 
159 7343 0.716783000 0.245491000 0.00000000000000000000 1.00000000000000000000 2 0 8 136 137 138 158 160 180 181 182 
160 7344 0.736919000 0.240441000 0.00000000000000000000 1.00000000000000000000 2 0 8 137 138 139 159 161 181 182 183 
161 7345 0.756663000 0.235056000 0.00000000000000000000 1.00000000000000000000 2 0 8 138 139 140 160 162 182 183 184 
162 7346 0.775988000 0.229346000 0.00000000000000000000 1.00000000000000000000 2 0 8 139 140 141 161 163 183 184 185 
163 7347 0.794863000 0.223324000 0.00000000000000000000 1.00000000000000000000 2 0 8 140 141 142 162 164 184 185 186 
164 7348 0.813261000 0.217002000 0.00000000000000000000 1.00000000000000000000 2 0 8 141 142 143 163 165 185 186 187 
165 7349 0.831156000 0.210393000 0.00000000000000000000 1.00000000000000000000 2 0 8 142 143 144 164 166 186 187 188 
166 7350 0.848519000 0.203509000 0.00000000000000000000 1.00000000000000000000 2 0 8 143 144 145 165 167 187 188 189 
167 7351 0.865326000 0.196363000 0.00000000000000000000 1.00000000000000000000 2 0 8 144 145 146 166 168 188 189 190 
168 7352 0.881553000 0.188969000 0.00000000000000000000 1.00000000000000000000 2 0 8 145 146 147 167 169 189 190 191 
169 7353 0.897176000 0.181340000 0.00000000000000000000 1.00000000000000000000 2 0 8 146 147 148 168 170 190 191 192 
170 7354 0.912172000 0.173491000 0.00000000000000000000 1.00000000000000000000 2 0 8 147 148 149 169 171 191 192 193 
171 7355 0.926520000 0.165434000 0.00000000000000000000 1.00000000000000000000 2 0 8 148 149 150 170 172 192 193 194 
172 7356 0.940200000 0.157184000 0.00000000000000000000 1.00000000000000000000 2 0 8 149 150 151 171 173 193 194 195 
173 7357 0.953192000 0.148754000 0.00000000000000000000 1.00000000000000000000 2 0 8 150 151 152 172 174 194 195 196 
174 7358 0.965480000 0.140159000 0.00000000000000000000 1.00000000000000000000 2 0 8 151 152 153 173 175 195 196 197 
175 7359 0.977045000 0.131413000 0.00000000000000000000 1.00000000000000000000 2 0 8 152 153 154 174 176 196 197 198 
176 7360 0.987873000 0.122529000 0.00000000000000000000 1.00000000000000000000 2 0 8 153 154 155 175 177 197 198 199 
177 7361 0.997950000 0.113520000 0.00000000000000000000 1.00000000000000000000 2 0 8 154 155 615 176 617 198 199 619 
178 7362 0.659163000 0.292372000 0.00000000000000000000 1.00000000000000000000 2 0 8 616 156 157 618 179 620 200 201 
179 7363 0.680931000 0.288019000 0.00000000000000000000 1.00000000000000000000 2 0 8 156 157 158 178 180 200 201 202 
180 7364 0.702391000 0.283247000 0.00000000000000000000 1.00000000000000000000 2 0 8 157 158 159 179 181 201 202 203 
181 7365 0.723510000 0.278067000 0.00000000000000000000 1.00000000000000000000 2 0 8 158 159 160 180 182 202 203 204 
182 7366 0.744256000 0.272489000 0.00000000000000000000 1.00000000000000000000 2 0 8 159 160 161 181 183 203 204 205 
183 7367 0.764597000 0.266526000 0.00000000000000000000 1.00000000000000000000 2 0 8 160 161 162 182 184 204 205 206 
184 7368 0.784505000 0.260189000 0.00000000000000000000 1.00000000000000000000 2 0 8 161 162 163 183 185 205 206 207 
185 7369 0.803949000 0.253493000 0.00000000000000000000 1.00000000000000000000 2 0 8 162 163 164 184 186 206 207 208 
186 7370 0.822900000 0.246449000 0.00000000000000000000 1.00000000000000000000 2 0 8 163 164 165 185 187 207 208 209 
187 7371 0.841330000 0.239071000 0.00000000000000000000 1.00000000000000000000 2 0 8 164 165 166 186 188 208 209 210 
188 7372 0.859213000 0.231374000 0.00000000000000000000 1.00000000000000000000 2 0 8 165 166 167 187 189 209 210 211 
189 7373 0.876522000 0.223372000 0.00000000000000000000 1.00000000000000000000 2 0 8 166 167 168 188 190 210 211 212 
190 7374 0.893232000 0.215078000 0.00000000000000000000 1.00000000000000000000 2 0 8 167 168 169 189 191 211 212 213 
191 7375 0.909320000 0.206509000 0.00000000000000000000 1.00000000000000000000 2 0 8 168 169 170 190 192 212 213 214 
192 7376 0.924762000 0.197679000 0.00000000000000000000 1.00000000000000000000 2 0 8 169 170 171 191 193 213 214 215 
193 7377 0.939536000 0.188602000 0.00000000000000000000 1.00000000000000000000 2 0 8 170 171 172 192 194 214 215 216 
194 7378 0.953622000 0.179295000 0.00000000000000000000 1.00000000000000000000 2 0 8 171 172 173 193 195 215 216 217 
195 7379 0.967001000 0.169773000 0.00000000000000000000 1.00000000000000000000 2 0 8 172 173 174 194 196 216 217 218 
196 7380 0.979653000 0.160051000 0.00000000000000000000 1.00000000000000000000 2 0 8 173 174 175 195 197 217 218 219 
197 7381 0.991563000 0.150145000 0.00000000000000000000 1.00000000000000000000 2 0 8 174 175 176 196 198 218 219 220 
198 7382 1.002710000 0.140069000 0.00000000000000000000 1.00000000000000000000 2 0 8 175 176 177 197 199 219 220 221 
199 7383 1.013090000 0.129839000 0.00000000000000000000 1.00000000000000000000 2 0 8 176 177 617 198 619 220 221 621 
200 7384 0.664571000 0.327313000 0.00000000000000000000 1.00000000000000000000 2 0 8 618 178 179 620 201 622 623 222 
201 7385 0.687069000 0.322571000 0.00000000000000000000 1.00000000000000000000 2 0 8 178 179 180 200 202 623 222 223 
202 7386 0.709247000 0.317356000 0.00000000000000000000 1.00000000000000000000 2 0 8 179 180 181 201 203 222 223 224 
203 7387 0.731071000 0.311679000 0.00000000000000000000 1.00000000000000000000 2 0 8 180 181 182 202 204 223 224 225 
204 7388 0.752508000 0.305554000 0.00000000000000000000 1.00000000000000000000 2 0 8 181 182 183 203 205 224 225 226 
205 7389 0.773527000 0.298991000 0.00000000000000000000 1.00000000000000000000 2 0 8 182 183 184 204 206 225 226 227 
206 7390 0.794097000 0.292005000 0.00000000000000000000 1.00000000000000000000 2 0 8 183 184 185 205 207 226 227 228 
207 7391 0.814186000 0.284609000 0.00000000000000000000 1.00000000000000000000 2 0 8 184 185 186 206 208 227 228 229 
208 7392 0.833765000 0.276817000 0.00000000000000000000 1.00000000000000000000 2 0 8 185 186 187 207 209 228 229 230 
209 7393 0.852805000 0.268644000 0.00000000000000000000 1.00000000000000000000 2 0 8 186 187 188 208 210 229 230 231 
210 7394 0.871280000 0.260105000 0.00000000000000000000 1.00000000000000000000 2 0 8 187 188 189 209 211 230 231 232 
211 7395 0.889161000 0.251216000 0.00000000000000000000 1.00000000000000000000 2 0 8 188 189 190 210 212 231 232 233 
212 7396 0.906423000 0.241992000 0.00000000000000000000 1.00000000000000000000 2 0 8 189 190 191 211 213 232 233 234 
213 7397 0.923042000 0.232449000 0.00000000000000000000 1.00000000000000000000 2 0 8 190 191 192 212 214 233 234 235 
214 7398 0.938994000 0.222604000 0.00000000000000000000 1.00000000000000000000 2 0 8 191 192 193 213 215 234 235 236 
215 7399 0.954256000 0.212474000 0.00000000000000000000 1.00000000000000000000 2 0 8 192 193 194 214 216 235 236 237 
216 7400 0.968807000 0.202074000 0.00000000000000000000 1.00000000000000000000 2 0 8 193 194 195 215 217 236 237 238 
217 7401 0.982628000 0.191423000 0.00000000000000000000 1.00000000000000000000 2 0 8 194 195 196 216 218 237 238 239 
218 7402 0.995700000 0.180536000 0.00000000000000000000 1.00000000000000000000 2 0 8 195 196 197 217 219 238 239 240 
219 7403 1.008000000 0.169431000 0.00000000000000000000 1.00000000000000000000 2 0 8 196 197 198 218 220 239 240 241 
220 7404 1.019530000 0.158125000 0.00000000000000000000 1.00000000000000000000 2 0 8 197 198 199 219 221 240 241 242 
221 7405 1.030250000 0.146634000 0.00000000000000000000 1.00000000000000000000 2 0 8 198 199 619 220 621 241 242 624 
222 7406 0.693900000 0.358325000 0.00000000000000000000 1.00000000000000000000 2 0 8 200 201 202 623 223 625 626 243 
223 7407 0.716881000 0.352648000 0.00000000000000000000 1.00000000000000000000 2 0 8 201 202 203 222 224 626 243 244 
224 7408 0.739494000 0.346456000 0.00000000000000000000 1.00000000000000000000 2 0 8 202 203 204 223 225 243 244 245 
225 7409 0.761707000 0.339760000 0.00000000000000000000 1.00000000000000000000 2 0 8 203 204 205 224 226 244 245 246 
226 7410 0.783485000 0.332574000 0.00000000000000000000 1.00000000000000000000 2 0 8 204 205 206 225 227 245 246 247 
227 7411 0.804797000 0.324912000 0.00000000000000000000 1.00000000000000000000 2 0 8 205 206 207 226 228 246 247 248 
228 7412 0.825611000 0.316789000 0.00000000000000000000 1.00000000000000000000 2 0 8 206 207 208 227 229 247 248 249 
229 7413 0.845896000 0.308221000 0.00000000000000000000 1.00000000000000000000 2 0 8 207 208 209 228 230 248 249 250 
230 7414 0.865623000 0.299222000 0.00000000000000000000 1.00000000000000000000 2 0 8 208 209 210 229 231 249 250 251 
231 7415 0.884763000 0.289810000 0.00000000000000000000 1.00000000000000000000 2 0 8 209 210 211 230 232 250 251 252 
232 7416 0.903288000 0.280000000 0.00000000000000000000 1.00000000000000000000 2 0 8 210 211 212 231 233 251 252 253 
233 7417 0.921172000 0.269811000 0.00000000000000000000 1.00000000000000000000 2 0 8 211 212 213 232 234 252 253 254 
234 7418 0.938390000 0.259259000 0.00000000000000000000 1.00000000000000000000 2 0 8 212 213 214 233 235 253 254 255 
235 7419 0.954917000 0.248362000 0.00000000000000000000 1.00000000000000000000 2 0 8 213 214 215 234 236 254 255 256 
236 7420 0.970730000 0.237139000 0.00000000000000000000 1.00000000000000000000 2 0 8 214 215 216 235 237 255 256 257 
237 7421 0.985807000 0.225608000 0.00000000000000000000 1.00000000000000000000 2 0 8 215 216 217 236 238 256 257 258 
238 7422 1.000130000 0.213786000 0.00000000000000000000 1.00000000000000000000 2 0 8 216 217 218 237 239 257 258 259 
239 7423 1.013670000 0.201693000 0.00000000000000000000 1.00000000000000000000 2 0 8 217 218 219 238 240 258 259 260 
240 7424 1.026420000 0.189347000 0.00000000000000000000 1.00000000000000000000 2 0 8 218 219 220 239 241 259 260 261 
241 7425 1.038360000 0.176767000 0.00000000000000000000 1.00000000000000000000 2 0 8 219 220 221 240 242 260 261 262 
242 7426 1.049480000 0.163970000 0.00000000000000000000 1.00000000000000000000 2 0 8 220 221 621 241 624 261 262 627 
243 7427 0.725321000 0.389257000 0.00000000000000000000 1.00000000000000000000 2 0 8 222 223 224 626 244 628 629 263 
244 7428 0.748812000 0.382526000 0.00000000000000000000 1.00000000000000000000 2 0 8 223 224 225 243 245 629 263 264 
245 7429 0.771885000 0.375235000 0.00000000000000000000 1.00000000000000000000 2 0 8 224 225 226 244 246 263 264 265 
246 7430 0.794508000 0.367400000 0.00000000000000000000 1.00000000000000000000 2 0 8 225 226 227 245 247 264 265 266 
247 7431 0.816645000 0.359035000 0.00000000000000000000 1.00000000000000000000 2 0 8 226 227 228 246 248 265 266 267 
248 7432 0.838265000 0.350156000 0.00000000000000000000 1.00000000000000000000 2 0 8 227 228 229 247 249 266 267 268 
249 7433 0.859337000 0.340779000 0.00000000000000000000 1.00000000000000000000 2 0 8 228 229 230 248 250 267 268 269 
250 7434 0.879828000 0.330922000 0.00000000000000000000 1.00000000000000000000 2 0 8 229 230 231 249 251 268 269 270 
251 7435 0.899710000 0.320601000 0.00000000000000000000 1.00000000000000000000 2 0 8 230 231 232 250 252 269 270 271 
252 7436 0.918953000 0.309834000 0.00000000000000000000 1.00000000000000000000 2 0 8 231 232 233 251 253 270 271 272 
253 7437 0.937532000 0.298641000 0.00000000000000000000 1.00000000000000000000 2 0 8 232 233 234 252 254 271 272 273 
254 7438 0.955418000 0.287040000 0.00000000000000000000 1.00000000000000000000 2 0 8 233 234 235 253 255 272 273 274 
255 7439 0.972587000 0.275051000 0.00000000000000000000 1.00000000000000000000 2 0 8 234 235 236 254 256 273 274 275 
256 7440 0.989015000 0.262692000 0.00000000000000000000 1.00000000000000000000 2 0 8 235 236 237 255 257 274 275 276 
257 7441 1.004680000 0.249985000 0.00000000000000000000 1.00000000000000000000 2 0 8 236 237 238 256 258 275 276 277 
258 7442 1.019560000 0.236948000 0.00000000000000000000 1.00000000000000000000 2 0 8 237 238 239 257 259 276 277 278 
259 7443 1.033630000 0.223602000 0.00000000000000000000 1.00000000000000000000 2 0 8 238 239 240 258 260 277 278 279 
260 7444 1.046880000 0.209968000 0.00000000000000000000 1.00000000000000000000 2 0 8 239 240 241 259 261 278 279 280 
261 7445 1.059290000 0.196065000 0.00000000000000000000 1.00000000000000000000 2 0 8 240 241 242 260 262 279 280 281 
262 7446 1.070840000 0.181915000 0.00000000000000000000 1.00000000000000000000 2 0 8 241 242 624 261 627 280 281 630 
263 7447 0.759058000 0.420025000 0.00000000000000000000 1.00000000000000000000 2 0 8 243 244 245 629 264 632 633 282 
264 7448 0.783081000 0.412114000 0.00000000000000000000 1.00000000000000000000 2 0 8 244 245 246 263 265 633 282 283 
265 7449 0.806635000 0.403601000 0.00000000000000000000 1.00000000000000000000 2 0 8 245 246 247 264 266 282 283 284 
266 7450 0.829685000 0.394502000 0.00000000000000000000 1.00000000000000000000 2 0 8 246 247 248 265 267 283 284 285 
267 7451 0.852196000 0.384834000 0.00000000000000000000 1.00000000000000000000 2 0 8 247 248 249 266 268 284 285 286 
268 7452 0.874136000 0.374615000 0.00000000000000000000 1.00000000000000000000 2 0 8 248 249 250 267 269 285 286 287 
269 7453 0.895472000 0.363862000 0.00000000000000000000 1.00000000000000000000 2 0 8 249 250 251 268 270 286 287 288 
270 7454 0.916175000 0.352594000 0.00000000000000000000 1.00000000000000000000 2 0 8 250 251 252 269 271 287 288 289 
271 7455 0.936213000 0.340831000 0.00000000000000000000 1.00000000000000000000 2 0 8 251 252 253 270 272 288 289 290 
272 7456 0.955559000 0.328592000 0.00000000000000000000 1.00000000000000000000 2 0 8 252 253 254 271 273 289 290 291 
273 7457 0.974186000 0.315899000 0.00000000000000000000 1.00000000000000000000 2 0 8 253 254 255 272 274 290 291 292 
274 7458 0.992066000 0.302771000 0.00000000000000000000 1.00000000000000000000 2 0 8 254 255 256 273 275 291 292 293 
275 7459 1.009180000 0.289230000 0.00000000000000000000 1.00000000000000000000 2 0 8 255 256 257 274 276 292 293 294 
276 7460 1.025490000 0.275298000 0.00000000000000000000 1.00000000000000000000 2 0 8 256 257 258 275 277 293 294 295 
277 7461 1.040990000 0.260997000 0.00000000000000000000 1.00000000000000000000 2 0 8 257 258 259 276 278 294 295 296 
278 7462 1.055650000 0.246348000 0.00000000000000000000 1.00000000000000000000 2 0 8 258 259 260 277 279 295 296 297 
279 7463 1.069450000 0.231373000 0.00000000000000000000 1.00000000000000000000 2 0 8 259 260 261 278 280 296 297 298 
280 7464 1.082380000 0.216096000 0.00000000000000000000 1.00000000000000000000 2 0 8 260 261 262 279 281 297 298 299 
281 7465 1.094410000 0.200538000 0.00000000000000000000 1.00000000000000000000 2 0 8 261 262 627 280 630 298 299 300 
282 7466 0.795336000 0.450534000 0.00000000000000000000 1.00000000000000000000 2 0 8 263 264 265 633 283 636 637 301 
283 7467 0.819913000 0.441313000 0.00000000000000000000 1.00000000000000000000 2 0 8 264 265 266 282 284 637 301 302 
284 7468 0.843964000 0.431447000 0.00000000000000000000 1.00000000000000000000 2 0 8 265 266 267 283 285 301 302 303 
285 7469 0.867453000 0.420955000 0.00000000000000000000 1.00000000000000000000 2 0 8 266 267 268 284 286 302 303 304 
286 7470 0.890347000 0.409854000 0.00000000000000000000 1.00000000000000000000 2 0 8 267 268 269 285 287 303 304 305 
287 7471 0.912613000 0.398166000 0.00000000000000000000 1.00000000000000000000 2 0 8 268 269 270 286 288 304 305 306 
288 7472 0.934217000 0.385910000 0.00000000000000000000 1.00000000000000000000 2 0 8 269 270 271 287 289 305 306 307 
289 7473 0.955130000 0.373106000 0.00000000000000000000 1.00000000000000000000 2 0 8 270 271 272 288 290 306 307 308 
290 7474 0.975320000 0.359776000 0.00000000000000000000 1.00000000000000000000 2 0 8 271 272 273 289 291 307 308 309 
291 7475 0.994761000 0.345942000 0.00000000000000000000 1.00000000000000000000 2 0 8 272 273 274 290 292 308 309 310 
292 7476 1.013420000 0.331627000 0.00000000000000000000 1.00000000000000000000 2 0 8 273 274 275 291 293 309 310 311 
293 7477 1.031280000 0.316854000 0.00000000000000000000 1.00000000000000000000 2 0 8 274 275 276 292 294 310 311 312 
294 7478 1.048310000 0.301645000 0.00000000000000000000 1.00000000000000000000 2 0 8 275 276 277 293 295 311 312 313 
295 7479 1.064490000 0.286025000 0.00000000000000000000 1.00000000000000000000 2 0 8 276 277 278 294 296 312 313 314 
296 7480 1.079800000 0.270017000 0.00000000000000000000 1.00000000000000000000 2 0 8 277 278 279 295 297 313 314 315 
297 7481 1.094210000 0.253645000 0.00000000000000000000 1.00000000000000000000 2 0 8 278 279 280 296 298 314 315 316 
298 7482 1.107710000 0.236935000 0.00000000000000000000 1.00000000000000000000 2 0 8 279 280 281 297 299 315 316 317 
299 7483 1.120280000 0.219911000 0.00000000000000000000 1.00000000000000000000 2 0 8 280 281 630 298 300 316 317 318 
300 7484 1.131900000 0.202596000 0.00000000000000000000 1.00000000000000000000 2 0 8 281 630 631 299 634 317 318 319 
301 7485 0.834389000 0.480676000 0.00000000000000000000 1.00000000000000000000 2 0 8 282 283 284 637 302 640 320 321 
302 7486 0.859534000 0.470007000 0.00000000000000000000 1.00000000000000000000 2 0 8 283 284 285 301 303 320 321 322 
303 7487 0.884093000 0.458652000 0.00000000000000000000 1.00000000000000000000 2 0 8 284 285 286 302 304 321 322 323 
304 7488 0.908031000 0.446631000 0.00000000000000000000 1.00000000000000000000 2 0 8 285 286 287 303 305 322 323 324 
305 7489 0.931312000 0.433964000 0.00000000000000000000 1.00000000000000000000 2 0 8 286 287 288 304 306 323 324 325 
306 7490 0.953903000 0.420674000 0.00000000000000000000 1.00000000000000000000 2 0 8 287 288 289 305 307 324 325 326 
307 7491 0.975771000 0.406781000 0.00000000000000000000 1.00000000000000000000 2 0 8 288 289 290 306 308 325 326 327 
308 7492 0.996886000 0.392311000 0.00000000000000000000 1.00000000000000000000 2 0 8 289 290 291 307 309 326 327 328 
309 7493 1.017220000 0.377285000 0.00000000000000000000 1.00000000000000000000 2 0 8 290 291 292 308 310 327 328 329 
310 7494 1.036740000 0.361729000 0.00000000000000000000 1.00000000000000000000 2 0 8 291 292 293 309 311 328 329 330 
311 7495 1.055420000 0.345667000 0.00000000000000000000 1.00000000000000000000 2 0 8 292 293 294 310 312 329 330 331 
312 7496 1.073230000 0.329124000 0.00000000000000000000 1.00000000000000000000 2 0 8 293 294 295 311 313 330 331 332 
313 7497 1.090160000 0.312126000 0.00000000000000000000 1.00000000000000000000 2 0 8 294 295 296 312 314 331 332 333 
314 7498 1.106170000 0.294699000 0.00000000000000000000 1.00000000000000000000 2 0 8 295 296 297 313 315 332 333 334 
315 7499 1.121250000 0.276869000 0.00000000000000000000 1.00000000000000000000 2 0 8 296 297 298 314 316 333 334 335 
316 7500 1.135370000 0.258663000 0.00000000000000000000 1.00000000000000000000 2 0 8 297 298 299 315 317 334 335 336 
317 7501 1.148520000 0.240107000 0.00000000000000000000 1.00000000000000000000 2 0 8 298 299 300 316 318 335 336 337 
318 7502 1.160680000 0.221229000 0.00000000000000000000 1.00000000000000000000 2 0 8 299 300 634 317 319 336 337 338 
319 7503 1.171840000 0.202055000 0.00000000000000000000 1.00000000000000000000 2 0 8 300 634 635 318 638 337 338 339 
320 7504 0.850117000 0.521838000 0.00000000000000000000 1.00000000000000000000 2 0 8 637 301 302 640 321 642 340 341 
321 7505 0.876453000 0.510327000 0.00000000000000000000 1.00000000000000000000 2 0 8 301 302 303 320 322 340 341 342 
322 7506 0.902177000 0.498068000 0.00000000000000000000 1.00000000000000000000 2 0 8 302 303 304 321 323 341 342 343 
323 7507 0.927250000 0.485082000 0.00000000000000000000 1.00000000000000000000 2 0 8 303 304 305 322 324 342 343 344 
324 7508 0.951637000 0.471390000 0.00000000000000000000 1.00000000000000000000 2 0 8 304 305 306 323 325 343 344 345 
325 7509 0.975303000 0.457016000 0.00000000000000000000 1.00000000000000000000 2 0 8 305 306 307 324 326 344 345 346 
326 7510 0.998213000 0.441984000 0.00000000000000000000 1.00000000000000000000 2 0 8 306 307 308 325 327 345 346 347 
327 7511 1.020330000 0.426319000 0.00000000000000000000 1.00000000000000000000 2 0 8 307 308 309 326 328 346 347 348 
328 7512 1.041640000 0.410045000 0.00000000000000000000 1.00000000000000000000 2 0 8 308 309 310 327 329 347 348 349 
329 7513 1.062090000 0.393190000 0.00000000000000000000 1.00000000000000000000 2 0 8 309 310 311 328 330 348 349 350 
330 7514 1.081660000 0.375779000 0.00000000000000000000 1.00000000000000000000 2 0 8 310 311 312 329 331 349 350 351 
331 7515 1.100330000 0.357840000 0.00000000000000000000 1.00000000000000000000 2 0 8 311 312 313 330 332 350 351 352 
332 7516 1.118070000 0.339401000 0.00000000000000000000 1.00000000000000000000 2 0 8 312 313 314 331 333 351 352 353 
333 7517 1.134850000 0.320489000 0.00000000000000000000 1.00000000000000000000 2 0 8 313 314 315 332 334 352 353 354 
334 7518 1.150660000 0.301133000 0.00000000000000000000 1.00000000000000000000 2 0 8 314 315 316 333 335 353 354 355 
335 7519 1.165460000 0.281362000 0.00000000000000000000 1.00000000000000000000 2 0 8 315 316 317 334 336 354 355 356 
336 7520 1.179250000 0.261206000 0.00000000000000000000 1.00000000000000000000 2 0 8 316 317 318 335 337 355 356 357 
337 7521 1.192000000 0.240692000 0.00000000000000000000 1.00000000000000000000 2 0 8 317 318 319 336 338 356 357 358 
338 7522 1.203690000 0.219852000 0.00000000000000000000 1.00000000000000000000 2 0 8 318 319 638 337 339 357 358 359 
339 7523 1.214320000 0.198714000 0.00000000000000000000 1.00000000000000000000 2 0 8 319 638 639 338 641 358 359 643 
340 7524 0.867155000 0.564952000 0.00000000000000000000 1.00000000000000000000 2 0 8 640 320 321 642 341 645 360 361 
341 7525 0.894783000 0.552559000 0.00000000000000000000 1.00000000000000000000 2 0 8 320 321 322 340 342 360 361 362 
342 7526 0.921770000 0.539351000 0.00000000000000000000 1.00000000000000000000 2 0 8 321 322 323 341 343 361 362 363 
343 7527 0.948077000 0.525351000 0.00000000000000000000 1.00000000000000000000 2 0 8 322 323 324 342 344 362 363 364 
344 7528 0.973664000 0.510584000 0.00000000000000000000 1.00000000000000000000 2 0 8 323 324 325 343 345 363 364 365 
345 7529 0.998496000 0.495074000 0.00000000000000000000 1.00000000000000000000 2 0 8 324 325 326 344 346 364 365 366 
346 7530 1.022540000 0.478847000 0.00000000000000000000 1.00000000000000000000 2 0 8 325 326 327 345 347 365 366 367 
347 7531 1.045750000 0.461928000 0.00000000000000000000 1.00000000000000000000 2 0 8 326 327 328 346 348 366 367 368 
348 7532 1.068110000 0.444346000 0.00000000000000000000 1.00000000000000000000 2 0 8 327 328 329 347 349 367 368 369 
349 7533 1.089570000 0.426128000 0.00000000000000000000 1.00000000000000000000 2 0 8 328 329 330 348 350 368 369 370 
350 7534 1.110120000 0.407304000 0.00000000000000000000 1.00000000000000000000 2 0 8 329 330 331 349 351 369 370 371 
351 7535 1.129710000 0.387901000 0.00000000000000000000 1.00000000000000000000 2 0 8 330 331 332 350 352 370 371 372 
352 7536 1.148330000 0.367951000 0.00000000000000000000 1.00000000000000000000 2 0 8 331 332 333 351 353 371 372 373 
353 7537 1.165950000 0.347483000 0.00000000000000000000 1.00000000000000000000 2 0 8 332 333 334 352 354 372 373 374 
354 7538 1.182550000 0.326529000 0.00000000000000000000 1.00000000000000000000 2 0 8 333 334 335 353 355 373 374 375 
355 7539 1.198090000 0.305119000 0.00000000000000000000 1.00000000000000000000 2 0 8 334 335 336 354 356 374 375 376 
356 7540 1.212570000 0.283285000 0.00000000000000000000 1.00000000000000000000 2 0 8 335 336 337 355 357 375 376 377 
357 7541 1.225960000 0.261060000 0.00000000000000000000 1.00000000000000000000 2 0 8 336 337 338 356 358 376 377 378 
358 7542 1.238240000 0.238474000 0.00000000000000000000 1.00000000000000000000 2 0 8 337 338 339 357 359 377 378 379 
359 7543 1.249400000 0.215561000 0.00000000000000000000 1.00000000000000000000 2 0 8 338 339 641 358 643 378 379 380 
360 7544 0.885566000 0.610181000 0.00000000000000000000 1.00000000000000000000 2 0 8 642 340 341 645 361 648 381 382 
361 7545 0.914592000 0.596859000 0.00000000000000000000 1.00000000000000000000 2 0 8 340 341 342 360 362 381 382 383 
362 7546 0.942946000 0.582654000 0.00000000000000000000 1.00000000000000000000 2 0 8 341 342 343 361 363 382 383 384 
363 7547 0.970587000 0.567590000 0.00000000000000000000 1.00000000000000000000 2 0 8 342 343 344 362 364 383 384 385 
364 7548 0.997474000 0.551693000 0.00000000000000000000 1.00000000000000000000 2 0 8 343 344 345 363 365 384 385 386 
365 7549 1.023570000 0.534990000 0.00000000000000000000 1.00000000000000000000 2 0 8 344 345 346 364 366 385 386 387 
366 7550 1.048830000 0.517506000 0.00000000000000000000 1.00000000000000000000 2 0 8 345 346 347 365 367 386 387 388 
367 7551 1.073230000 0.499272000 0.00000000000000000000 1.00000000000000000000 2 0 8 346 347 348 366 368 387 388 389 
368 7552 1.096730000 0.480316000 0.00000000000000000000 1.00000000000000000000 2 0 8 347 348 349 367 369 388 389 390 
369 7553 1.119290000 0.460668000 0.00000000000000000000 1.00000000000000000000 2 0 8 348 349 350 368 370 389 390 391 
370 7554 1.140880000 0.440359000 0.00000000000000000000 1.00000000000000000000 2 0 8 349 350 351 369 371 390 391 392 
371 7555 1.161490000 0.419421000 0.00000000000000000000 1.00000000000000000000 2 0 8 350 351 352 370 372 391 392 393 
372 7556 1.181060000 0.397885000 0.00000000000000000000 1.00000000000000000000 2 0 8 351 352 353 371 373 392 393 394 
373 7557 1.199580000 0.375784000 0.00000000000000000000 1.00000000000000000000 2 0 8 352 353 354 372 374 393 394 395 
374 7558 1.217030000 0.353152000 0.00000000000000000000 1.00000000000000000000 2 0 8 353 354 355 373 375 394 395 396 
375 7559 1.233380000 0.330023000 0.00000000000000000000 1.00000000000000000000 2 0 8 354 355 356 374 376 395 396 397 
376 7560 1.248600000 0.306430000 0.00000000000000000000 1.00000000000000000000 2 0 8 355 356 357 375 377 396 397 398 
377 7561 1.262680000 0.282409000 0.00000000000000000000 1.00000000000000000000 2 0 8 356 357 358 376 378 397 398 399 
378 7562 1.275600000 0.257993000 0.00000000000000000000 1.00000000000000000000 2 0 8 357 358 359 377 379 398 399 400 
379 7563 1.287340000 0.233219000 0.00000000000000000000 1.00000000000000000000 2 0 8 358 359 643 378 380 399 400 401 
380 7564 1.297880000 0.208121000 0.00000000000000000000 1.00000000000000000000 2 0 8 359 643 644 379 646 400 401 402 
381 7565 0.905419000 0.657693000 0.00000000000000000000 1.00000000000000000000 2 0 8 645 360 361 648 382 651 403 404 
382 7566 0.935953000 0.643394000 0.00000000000000000000 1.00000000000000000000 2 0 8 360 361 362 381 383 403 404 405 
383 7567 0.965783000 0.628140000 0.00000000000000000000 1.00000000000000000000 2 0 8 361 362 363 382 384 404 405 406 
384 7568 0.994863000 0.611956000 0.00000000000000000000 1.00000000000000000000 2 0 8 362 363 364 383 385 405 406 407 
385 7569 1.023150000 0.594871000 0.00000000000000000000 1.00000000000000000000 2 0 8 363 364 365 384 386 406 407 408 
386 7570 1.050610000 0.576912000 0.00000000000000000000 1.00000000000000000000 2 0 8 364 365 366 385 387 407 408 409 
387 7571 1.077190000 0.558109000 0.00000000000000000000 1.00000000000000000000 2 0 8 365 366 367 386 388 408 409 410 
388 7572 1.102870000 0.538491000 0.00000000000000000000 1.00000000000000000000 2 0 8 366 367 368 387 389 409 410 411 
389 7573 1.127600000 0.518091000 0.00000000000000000000 1.00000000000000000000 2 0 8 367 368 369 388 390 410 411 412 
390 7574 1.151340000 0.496939000 0.00000000000000000000 1.00000000000000000000 2 0 8 368 369 370 389 391 411 412 413 
391 7575 1.174080000 0.475070000 0.00000000000000000000 1.00000000000000000000 2 0 8 369 370 371 390 392 412 413 414 
392 7576 1.195760000 0.452517000 0.00000000000000000000 1.00000000000000000000 2 0 8 370 371 372 391 393 413 414 415 
393 7577 1.216370000 0.429315000 0.00000000000000000000 1.00000000000000000000 2 0 8 371 372 373 392 394 414 415 416 
394 7578 1.235870000 0.405499000 0.00000000000000000000 1.00000000000000000000 2 0 8 372 373 374 393 395 415 416 417 
395 7579 1.254240000 0.381105000 0.00000000000000000000 1.00000000000000000000 2 0 8 373 374 375 394 396 416 417 418 
396 7580 1.271450000 0.356169000 0.00000000000000000000 1.00000000000000000000 2 0 8 374 375 376 395 397 417 418 419 
397 7581 1.287480000 0.330728000 0.00000000000000000000 1.00000000000000000000 2 0 8 375 376 377 396 398 418 419 420 
398 7582 1.302310000 0.304820000 0.00000000000000000000 1.00000000000000000000 2 0 8 376 377 378 397 399 419 420 421 
399 7583 1.315910000 0.278483000 0.00000000000000000000 1.00000000000000000000 2 0 8 377 378 379 398 400 420 421 422 
400 7584 1.328270000 0.251754000 0.00000000000000000000 1.00000000000000000000 2 0 8 378 379 380 399 401 421 422 423 
401 7585 1.339380000 0.224672000 0.00000000000000000000 1.00000000000000000000 2 0 8 379 380 646 400 402 422 423 424 
402 7586 1.349210000 0.197276000 0.00000000000000000000 1.00000000000000000000 2 0 8 380 646 647 401 649 423 424 425 
403 7587 0.926786000 0.707666000 0.00000000000000000000 1.00000000000000000000 2 0 8 648 381 382 651 404 654 426 427 
404 7588 0.958946000 0.692337000 0.00000000000000000000 1.00000000000000000000 2 0 8 381 382 383 403 405 426 427 428 
405 7589 0.990364000 0.675978000 0.00000000000000000000 1.00000000000000000000 2 0 8 382 383 384 404 406 427 428 429 
406 7590 1.021000000 0.658616000 0.00000000000000000000 1.00000000000000000000 2 0 8 383 384 385 405 407 428 429 430 
407 7591 1.050800000 0.640280000 0.00000000000000000000 1.00000000000000000000 2 0 8 384 385 386 406 408 429 430 431 
408 7592 1.079720000 0.621000000 0.00000000000000000000 1.00000000000000000000 2 0 8 385 386 387 407 409 430 431 432 
409 7593 1.107730000 0.600806000 0.00000000000000000000 1.00000000000000000000 2 0 8 386 387 388 408 410 431 432 433 
410 7594 1.134780000 0.579732000 0.00000000000000000000 1.00000000000000000000 2 0 8 387 388 389 409 411 432 433 434 
411 7595 1.160840000 0.557811000 0.00000000000000000000 1.00000000000000000000 2 0 8 388 389 390 410 412 433 434 435 
412 7596 1.185860000 0.535078000 0.00000000000000000000 1.00000000000000000000 2 0 8 389 390 391 411 413 434 435 436 
413 7597 1.209810000 0.511567000 0.00000000000000000000 1.00000000000000000000 2 0 8 390 391 392 412 414 435 436 437 
414 7598 1.232670000 0.487315000 0.00000000000000000000 1.00000000000000000000 2 0 8 391 392 393 413 415 436 437 438 
415 7599 1.254390000 0.462360000 0.00000000000000000000 1.00000000000000000000 2 0 8 392 393 394 414 416 437 438 439 
416 7600 1.274940000 0.436739000 0.00000000000000000000 1.00000000000000000000 2 0 8 393 394 395 415 417 438 439 440 
417 7601 1.294300000 0.410490000 0.00000000000000000000 1.00000000000000000000 2 0 8 394 395 396 416 418 439 440 441 
418 7602 1.312450000 0.383654000 0.00000000000000000000 1.00000000000000000000 2 0 8 395 396 397 417 419 440 441 442 
419 7603 1.329340000 0.356270000 0.00000000000000000000 1.00000000000000000000 2 0 8 396 397 398 418 420 441 442 443 
420 7604 1.344980000 0.328379000 0.00000000000000000000 1.00000000000000000000 2 0 8 397 398 399 419 421 442 443 444 
421 7605 1.359320000 0.300020000 0.00000000000000000000 1.00000000000000000000 2 0 8 398 399 400 420 422 443 444 445 
422 7606 1.372350000 0.271236000 0.00000000000000000000 1.00000000000000000000 2 0 8 399 400 401 421 423 444 445 446 
423 7607 1.384060000 0.242068000 0.00000000000000000000 1.00000000000000000000 2 0 8 400 401 402 422 424 445 446 447 
424 7608 1.394430000 0.212559000 0.00000000000000000000 1.00000000000000000000 2 0 8 401 402 649 423 425 446 447 448 
425 7609 1.403450000 0.182749000 0.00000000000000000000 1.00000000000000000000 2 0 8 402 649 650 424 652 447 448 449 
426 7610 0.949747000 0.760285000 0.00000000000000000000 1.00000000000000000000 2 0 8 651 403 404 654 427 656 450 451 
427 7611 0.983654000 0.743872000 0.00000000000000000000 1.00000000000000000000 2 0 8 403 404 405 426 428 450 451 452 
428 7612 1.016780000 0.726348000 0.00000000000000000000 1.00000000000000000000 2 0 8 404 405 406 427 429 451 452 453 
429 7613 1.049080000 0.707744000 0.00000000000000000000 1.00000000000000000000 2 0 8 405 406 407 428 430 452 453 454 
430 7614 1.080510000 0.688089000 0.00000000000000000000 1.00000000000000000000 2 0 8 406 407 408 429 431 453 454 455 
431 7615 1.111010000 0.667416000 0.00000000000000000000 1.00000000000000000000 2 0 8 407 408 409 430 432 454 455 456 
432 7616 1.140550000 0.645758000 0.00000000000000000000 1.00000000000000000000 2 0 8 408 409 410 431 433 455 456 457 
433 7617 1.169080000 0.623150000 0.00000000000000000000 1.00000000000000000000 2 0 8 409 410 411 432 434 456 457 458 
434 7618 1.196560000 0.599627000 0.00000000000000000000 1.00000000000000000000 2 0 8 410 411 412 433 435 457 458 459 
435 7619 1.222960000 0.575226000 0.00000000000000000000 1.00000000000000000000 2 0 8 411 412 413 434 436 458 459 460 
436 7620 1.248230000 0.549986000 0.00000000000000000000 1.00000000000000000000 2 0 8 412 413 414 435 437 459 460 461 
437 7621 1.272340000 0.523945000 0.00000000000000000000 1.00000000000000000000 2 0 8 413 414 415 436 438 460 461 462 
438 7622 1.295250000 0.497143000 0.00000000000000000000 1.00000000000000000000 2 0 8 414 415 416 437 439 461 462 463 
439 7623 1.316940000 0.469621000 0.00000000000000000000 1.00000000000000000000 2 0 8 415 416 417 438 440 462 463 464 
440 7624 1.337370000 0.441421000 0.00000000000000000000 1.00000000000000000000 2 0 8 416 417 418 439 441 463 464 465 
441 7625 1.356520000 0.412584000 0.00000000000000000000 1.00000000000000000000 2 0 8 417 418 419 440 442 464 465 466 
442 7626 1.374350000 0.383153000 0.00000000000000000000 1.00000000000000000000 2 0 8 418 419 420 441 443 465 466 467 
443 7627 1.390850000 0.353173000 0.00000000000000000000 1.00000000000000000000 2 0 8 419 420 421 442 444 466 467 468 
444 7628 1.405980000 0.322687000 0.00000000000000000000 1.00000000000000000000 2 0 8 420 421 422 443 445 467 468 469 
445 7629 1.419740000 0.291740000 0.00000000000000000000 1.00000000000000000000 2 0 8 421 422 423 444 446 468 469 470 
446 7630 1.432100000 0.260376000 0.00000000000000000000 1.00000000000000000000 2 0 8 422 423 424 445 447 469 470 471 
447 7631 1.443050000 0.228642000 0.00000000000000000000 1.00000000000000000000 2 0 8 423 424 425 446 448 470 471 472 
448 7632 1.452560000 0.196582000 0.00000000000000000000 1.00000000000000000000 2 0 8 424 425 652 447 449 471 472 473 
449 7633 1.460630000 0.164243000 0.00000000000000000000 1.00000000000000000000 2 0 8 425 652 653 448 655 472 473 657 
450 7634 0.974387000 0.815748000 0.00000000000000000000 1.00000000000000000000 2 0 8 654 426 427 656 451 658 474 475 
451 7635 1.010170000 0.798190000 0.00000000000000000000 1.00000000000000000000 2 0 8 426 427 428 450 452 474 475 476 
452 7636 1.045130000 0.779438000 0.00000000000000000000 1.00000000000000000000 2 0 8 427 428 429 451 453 475 476 477 
453 7637 1.079220000 0.759522000 0.00000000000000000000 1.00000000000000000000 2 0 8 428 429 430 452 454 476 477 478 
454 7638 1.112390000 0.738477000 0.00000000000000000000 1.00000000000000000000 2 0 8 429 430 431 453 455 477 478 479 
455 7639 1.144590000 0.716335000 0.00000000000000000000 1.00000000000000000000 2 0 8 430 431 432 454 456 478 479 480 
456 7640 1.175780000 0.693132000 0.00000000000000000000 1.00000000000000000000 2 0 8 431 432 433 455 457 479 480 481 
457 7641 1.205900000 0.668906000 0.00000000000000000000 1.00000000000000000000 2 0 8 432 433 434 456 458 480 481 482 
458 7642 1.234910000 0.643694000 0.00000000000000000000 1.00000000000000000000 2 0 8 433 434 435 457 459 481 482 483 
459 7643 1.262780000 0.617535000 0.00000000000000000000 1.00000000000000000000 2 0 8 434 435 436 458 460 482 483 484 
460 7644 1.289470000 0.590472000 0.00000000000000000000 1.00000000000000000000 2 0 8 435 436 437 459 461 483 484 485 
461 7645 1.314920000 0.562544000 0.00000000000000000000 1.00000000000000000000 2 0 8 436 437 438 460 462 484 485 486 
462 7646 1.339120000 0.533796000 0.00000000000000000000 1.00000000000000000000 2 0 8 437 438 439 461 463 485 486 487 
463 7647 1.362030000 0.504270000 0.00000000000000000000 1.00000000000000000000 2 0 8 438 439 440 462 464 486 487 488 
464 7648 1.383600000 0.474011000 0.00000000000000000000 1.00000000000000000000 2 0 8 439 440 441 463 465 487 488 489 
465 7649 1.403820000 0.443065000 0.00000000000000000000 1.00000000000000000000 2 0 8 440 441 442 464 466 488 489 490 
466 7650 1.422660000 0.411478000 0.00000000000000000000 1.00000000000000000000 2 0 8 441 442 443 465 467 489 490 491 
467 7651 1.440090000 0.379297000 0.00000000000000000000 1.00000000000000000000 2 0 8 442 443 444 466 468 490 491 492 
468 7652 1.456080000 0.346569000 0.00000000000000000000 1.00000000000000000000 2 0 8 443 444 445 467 469 491 492 493 
469 7653 1.470610000 0.313342000 0.00000000000000000000 1.00000000000000000000 2 0 8 444 445 446 468 470 492 493 494 
470 7654 1.483670000 0.279664000 0.00000000000000000000 1.00000000000000000000 2 0 8 445 446 447 469 471 493 494 495 
471 7655 1.495230000 0.245586000 0.00000000000000000000 1.00000000000000000000 2 0 8 446 447 448 470 472 494 495 496 
472 7656 1.505290000 0.211155000 0.00000000000000000000 1.00000000000000000000 2 0 8 447 448 449 471 473 495 496 497 
473 7657 1.513810000 0.176422000 0.00000000000000000000 1.00000000000000000000 2 0 8 448 449 655 472 657 496 497 659 
474 7658 1.000800000 0.874261000 0.00000000000000000000 1.00000000000000000000 2 0 8 656 450 451 658 475 660 498 499 
475 7659 1.038590000 0.855494000 0.00000000000000000000 1.00000000000000000000 2 0 8 450 451 452 474 476 498 499 500 
476 7660 1.075520000 0.835445000 0.00000000000000000000 1.00000000000000000000 2 0 8 451 452 453 475 477 499 500 501 
477 7661 1.111530000 0.814146000 0.00000000000000000000 1.00000000000000000000 2 0 8 452 453 454 476 478 500 501 502 
478 7662 1.146570000 0.791632000 0.00000000000000000000 1.00000000000000000000 2 0 8 453 454 455 477 479 501 502 503 
479 7663 1.180590000 0.767939000 0.00000000000000000000 1.00000000000000000000 2 0 8 454 455 456 478 480 502 503 504 
480 7664 1.213540000 0.743106000 0.00000000000000000000 1.00000000000000000000 2 0 8 455 456 457 479 481 503 504 505 
481 7665 1.245360000 0.717172000 0.00000000000000000000 1.00000000000000000000 2 0 8 456 457 458 480 482 504 505 506 
482 7666 1.276020000 0.690177000 0.00000000000000000000 1.00000000000000000000 2 0 8 457 458 459 481 483 505 506 507 
483 7667 1.305470000 0.662163000 0.00000000000000000000 1.00000000000000000000 2 0 8 458 459 460 482 484 506 507 508 
484 7668 1.333670000 0.633175000 0.00000000000000000000 1.00000000000000000000 2 0 8 459 460 461 483 485 507 508 509 
485 7669 1.360580000 0.603257000 0.00000000000000000000 1.00000000000000000000 2 0 8 460 461 462 484 486 508 509 510 
486 7670 1.386150000 0.572455000 0.00000000000000000000 1.00000000000000000000 2 0 8 461 462 463 485 487 509 510 511 
487 7671 1.410360000 0.540814000 0.00000000000000000000 1.00000000000000000000 2 0 8 462 463 464 486 488 510 511 512 
488 7672 1.433170000 0.508384000 0.00000000000000000000 1.00000000000000000000 2 0 8 463 464 465 487 489 511 512 513 
489 7673 1.454540000 0.475213000 0.00000000000000000000 1.00000000000000000000 2 0 8 464 465 466 488 490 512 513 514 
490 7674 1.474460000 0.441351000 0.00000000000000000000 1.00000000000000000000 2 0 8 465 466 467 489 491 513 514 515 
491 7675 1.492880000 0.406848000 0.00000000000000000000 1.00000000000000000000 2 0 8 466 467 468 490 492 514 515 516 
492 7676 1.509780000 0.371754000 0.00000000000000000000 1.00000000000000000000 2 0 8 467 468 469 491 493 515 516 517 
493 7677 1.525150000 0.336123000 0.00000000000000000000 1.00000000000000000000 2 0 8 468 469 470 492 494 516 517 518 
494 7678 1.538960000 0.300005000 0.00000000000000000000 1.00000000000000000000 2 0 8 469 470 471 493 495 517 518 519 
495 7679 1.551180000 0.263454000 0.00000000000000000000 1.00000000000000000000 2 0 8 470 471 472 494 496 518 519 520 
496 7680 1.561810000 0.226523000 0.00000000000000000000 1.00000000000000000000 2 0 8 471 472 473 495 497 519 520 661 
497 7681 1.570830000 0.189266000 0.00000000000000000000 1.00000000000000000000 2 0 8 472 473 657 496 659 520 661 662 
498 7682 1.029080000 0.936043000 0.00000000000000000000 1.00000000000000000000 2 0 8 658 474 475 660 499 663 664 521 
499 7683 1.069020000 0.915998000 0.00000000000000000000 1.00000000000000000000 2 0 8 474 475 476 498 500 664 521 522 
500 7684 1.108060000 0.894578000 0.00000000000000000000 1.00000000000000000000 2 0 8 475 476 477 499 501 521 522 523 
501 7685 1.146130000 0.871817000 0.00000000000000000000 1.00000000000000000000 2 0 8 476 477 478 500 502 522 523 524 
502 7686 1.183180000 0.847752000 0.00000000000000000000 1.00000000000000000000 2 0 8 477 478 479 501 503 523 524 525 
503 7687 1.219140000 0.822422000 0.00000000000000000000 1.00000000000000000000 2 0 8 478 479 480 502 504 524 525 526 
504 7688 1.253980000 0.795866000 0.00000000000000000000 1.00000000000000000000 2 0 8 479 480 481 503 505 525 526 527 
505 7689 1.287630000 0.768128000 0.00000000000000000000 1.00000000000000000000 2 0 8 480 481 482 504 506 526 527 528 
506 7690 1.320050000 0.739250000 0.00000000000000000000 1.00000000000000000000 2 0 8 481 482 483 505 507 527 528 529 
507 7691 1.351190000 0.709277000 0.00000000000000000000 1.00000000000000000000 2 0 8 482 483 484 506 508 528 529 530 
508 7692 1.381020000 0.678257000 0.00000000000000000000 1.00000000000000000000 2 0 8 483 484 485 507 509 529 530 531 
509 7693 1.409470000 0.646236000 0.00000000000000000000 1.00000000000000000000 2 0 8 484 485 486 508 510 530 531 532 
510 7694 1.436520000 0.613264000 0.00000000000000000000 1.00000000000000000000 2 0 8 485 486 487 509 511 531 532 533 
511 7695 1.462130000 0.579392000 0.00000000000000000000 1.00000000000000000000 2 0 8 486 487 488 510 512 532 533 534 
512 7696 1.486250000 0.544669000 0.00000000000000000000 1.00000000000000000000 2 0 8 487 488 489 511 513 533 534 535 
513 7697 1.508860000 0.509149000 0.00000000000000000000 1.00000000000000000000 2 0 8 488 489 490 512 514 534 535 536 
514 7698 1.529930000 0.472884000 0.00000000000000000000 1.00000000000000000000 2 0 8 489 490 491 513 515 535 536 537 
515 7699 1.549420000 0.435929000 0.00000000000000000000 1.00000000000000000000 2 0 8 490 491 492 514 516 536 537 538 
516 7700 1.567300000 0.398339000 0.00000000000000000000 1.00000000000000000000 2 0 8 491 492 493 515 517 537 538 539 
517 7701 1.583560000 0.360169000 0.00000000000000000000 1.00000000000000000000 2 0 8 492 493 494 516 518 538 539 540 
518 7702 1.598170000 0.321475000 0.00000000000000000000 1.00000000000000000000 2 0 8 493 494 495 517 519 539 540 541 
519 7703 1.611100000 0.282314000 0.00000000000000000000 1.00000000000000000000 2 0 8 494 495 496 518 520 540 541 665 
520 7704 1.622350000 0.242744000 0.00000000000000000000 1.00000000000000000000 2 0 8 495 496 497 519 661 541 665 666 
521 7705 1.101580000 0.979928000 0.00000000000000000000 1.00000000000000000000 2 0 8 498 499 500 664 522 667 668 542 
522 7706 1.142880000 0.957059000 0.00000000000000000000 1.00000000000000000000 2 0 8 499 500 501 521 523 668 542 543 
523 7707 1.183150000 0.932753000 0.00000000000000000000 1.00000000000000000000 2 0 8 500 501 502 522 524 542 543 544 
524 7708 1.222340000 0.907048000 0.00000000000000000000 1.00000000000000000000 2 0 8 501 502 503 523 525 543 544 545 
525 7709 1.260390000 0.879986000 0.00000000000000000000 1.00000000000000000000 2 0 8 502 503 504 524 526 544 545 546 
526 7710 1.297240000 0.851610000 0.00000000000000000000 1.00000000000000000000 2 0 8 503 504 505 525 527 545 546 547 
527 7711 1.332850000 0.821964000 0.00000000000000000000 1.00000000000000000000 2 0 8 504 505 506 526 528 546 547 548 
528 7712 1.367160000 0.791096000 0.00000000000000000000 1.00000000000000000000 2 0 8 505 506 507 527 529 547 548 549 
529 7713 1.400110000 0.759053000 0.00000000000000000000 1.00000000000000000000 2 0 8 506 507 508 528 530 548 549 550 
530 7714 1.431670000 0.725885000 0.00000000000000000000 1.00000000000000000000 2 0 8 507 508 509 529 531 549 550 551 
531 7715 1.461780000 0.691642000 0.00000000000000000000 1.00000000000000000000 2 0 8 508 509 510 530 532 550 551 552 
532 7716 1.490410000 0.656378000 0.00000000000000000000 1.00000000000000000000 2 0 8 509 510 511 531 533 551 552 553 
533 7717 1.517510000 0.620146000 0.00000000000000000000 1.00000000000000000000 2 0 8 510 511 512 532 534 552 553 554 
534 7718 1.543050000 0.583001000 0.00000000000000000000 1.00000000000000000000 2 0 8 511 512 513 533 535 553 554 555 
535 7719 1.566980000 0.544998000 0.00000000000000000000 1.00000000000000000000 2 0 8 512 513 514 534 536 554 555 556 
536 7720 1.589280000 0.506195000 0.00000000000000000000 1.00000000000000000000 2 0 8 513 514 515 535 537 555 556 557 
537 7721 1.609910000 0.466650000 0.00000000000000000000 1.00000000000000000000 2 0 8 514 515 516 536 538 556 557 558 
538 7722 1.628850000 0.426422000 0.00000000000000000000 1.00000000000000000000 2 0 8 515 516 517 537 539 557 558 559 
539 7723 1.646060000 0.385570000 0.00000000000000000000 1.00000000000000000000 2 0 8 516 517 518 538 540 558 559 560 
540 7724 1.661520000 0.344155000 0.00000000000000000000 1.00000000000000000000 2 0 8 517 518 519 539 541 559 560 669 
541 7725 1.675220000 0.302237000 0.00000000000000000000 1.00000000000000000000 2 0 8 518 519 520 540 665 560 669 670 
542 7726 1.180090000 1.023120000 0.00000000000000000000 1.00000000000000000000 2 0 8 521 522 523 668 543 671 561 562 
543 7727 1.222720000 0.997179000 0.00000000000000000000 1.00000000000000000000 2 0 8 522 523 524 542 544 561 562 563 
544 7728 1.264200000 0.969739000 0.00000000000000000000 1.00000000000000000000 2 0 8 523 524 525 543 545 562 563 564 
545 7729 1.304480000 0.940846000 0.00000000000000000000 1.00000000000000000000 2 0 8 524 525 526 544 546 563 564 565 
546 7730 1.343490000 0.910544000 0.00000000000000000000 1.00000000000000000000 2 0 8 525 526 527 545 547 564 565 566 
547 7731 1.381190000 0.878882000 0.00000000000000000000 1.00000000000000000000 2 0 8 526 527 528 546 548 565 566 567 
548 7732 1.417510000 0.845909000 0.00000000000000000000 1.00000000000000000000 2 0 8 527 528 529 547 549 566 567 568 
549 7733 1.452410000 0.811676000 0.00000000000000000000 1.00000000000000000000 2 0 8 528 529 530 548 550 567 568 569 
550 7734 1.485820000 0.776237000 0.00000000000000000000 1.00000000000000000000 2 0 8 529 530 531 549 551 568 569 570 
551 7735 1.517710000 0.739645000 0.00000000000000000000 1.00000000000000000000 2 0 8 530 531 532 550 552 569 570 571 
552 7736 1.548030000 0.701957000 0.00000000000000000000 1.00000000000000000000 2 0 8 531 532 533 551 553 570 571 572 
553 7737 1.576730000 0.663230000 0.00000000000000000000 1.00000000000000000000 2 0 8 532 533 534 552 554 571 572 573 
554 7738 1.603770000 0.623523000 0.00000000000000000000 1.00000000000000000000 2 0 8 533 534 535 553 555 572 573 574 
555 7739 1.629120000 0.582896000 0.00000000000000000000 1.00000000000000000000 2 0 8 534 535 536 554 556 573 574 575 
556 7740 1.652730000 0.541409000 0.00000000000000000000 1.00000000000000000000 2 0 8 535 536 537 555 557 574 575 576 
557 7741 1.674590000 0.499126000 0.00000000000000000000 1.00000000000000000000 2 0 8 536 537 538 556 558 575 576 577 
558 7742 1.694640000 0.456109000 0.00000000000000000000 1.00000000000000000000 2 0 8 537 538 539 557 559 576 577 578 
559 7743 1.712870000 0.412421000 0.00000000000000000000 1.00000000000000000000 2 0 8 538 539 540 558 560 577 578 579 
560 7744 1.729250000 0.368129000 0.00000000000000000000 1.00000000000000000000 2 0 8 539 540 541 559 669 578 579 672 
561 7745 1.219850000 1.093010000 0.00000000000000000000 1.00000000000000000000 2 0 8 668 542 543 671 562 673 674 580 
562 7746 1.264990000 1.065340000 0.00000000000000000000 1.00000000000000000000 2 0 8 542 543 544 561 563 674 580 581 
563 7747 1.308920000 1.036060000 0.00000000000000000000 1.00000000000000000000 2 0 8 543 544 545 562 564 580 581 582 
564 7748 1.351580000 1.005230000 0.00000000000000000000 1.00000000000000000000 2 0 8 544 545 546 563 565 581 582 583 
565 7749 1.392910000 0.972891000 0.00000000000000000000 1.00000000000000000000 2 0 8 545 546 547 564 566 582 583 584 
566 7750 1.432830000 0.939094000 0.00000000000000000000 1.00000000000000000000 2 0 8 546 547 548 565 567 583 584 585 
567 7751 1.471310000 0.903894000 0.00000000000000000000 1.00000000000000000000 2 0 8 547 548 549 566 568 584 585 586 
568 7752 1.508270000 0.867344000 0.00000000000000000000 1.00000000000000000000 2 0 8 548 549 550 567 569 585 586 587 
569 7753 1.543670000 0.829501000 0.00000000000000000000 1.00000000000000000000 2 0 8 549 550 551 568 570 586 587 588 
570 7754 1.577460000 0.790423000 0.00000000000000000000 1.00000000000000000000 2 0 8 550 551 552 569 571 587 588 589 
571 7755 1.609580000 0.750171000 0.00000000000000000000 1.00000000000000000000 2 0 8 551 552 553 570 572 588 589 590 
572 7756 1.639980000 0.708804000 0.00000000000000000000 1.00000000000000000000 2 0 8 552 553 554 571 573 589 590 591 
573 7757 1.668640000 0.666387000 0.00000000000000000000 1.00000000000000000000 2 0 8 553 554 555 572 574 590 591 592 
574 7758 1.695500000 0.622983000 0.00000000000000000000 1.00000000000000000000 2 0 8 554 555 556 573 575 591 592 593 
575 7759 1.720520000 0.578658000 0.00000000000000000000 1.00000000000000000000 2 0 8 555 556 557 574 576 592 593 594 
576 7760 1.743680000 0.533477000 0.00000000000000000000 1.00000000000000000000 2 0 8 556 557 558 575 577 593 594 595 
577 7761 1.764930000 0.487510000 0.00000000000000000000 1.00000000000000000000 2 0 8 557 558 559 576 578 594 595 596 
578 7762 1.784250000 0.440823000 0.00000000000000000000 1.00000000000000000000 2 0 8 558 559 560 577 579 595 596 597 
579 7763 1.801620000 0.393487000 0.00000000000000000000 1.00000000000000000000 2 0 8 559 560 669 578 672 596 597 675 
580 7764 1.310110000 1.137480000 0.00000000000000000000 1.00000000000000000000 2 0 8 561 562 563 674 581 676 677 678 
581 7765 1.356660000 1.106260000 0.00000000000000000000 1.00000000000000000000 2 0 8 562 563 564 580 582 677 678 679 
582 7766 1.401870000 1.073380000 0.00000000000000000000 1.00000000000000000000 2 0 8 563 564 565 581 583 678 679 680 
583 7767 1.445660000 1.038880000 0.00000000000000000000 1.00000000000000000000 2 0 8 564 565 566 582 584 679 680 681 
584 7768 1.487970000 1.002830000 0.00000000000000000000 1.00000000000000000000 2 0 8 565 566 567 583 585 680 681 682 
585 7769 1.528740000 0.965267000 0.00000000000000000000 1.00000000000000000000 2 0 8 566 567 568 584 586 681 682 683 
586 7770 1.567920000 0.926264000 0.00000000000000000000 1.00000000000000000000 2 0 8 567 568 569 585 587 682 683 684 
587 7771 1.605440000 0.885877000 0.00000000000000000000 1.00000000000000000000 2 0 8 568 569 570 586 588 683 684 685 
588 7772 1.641250000 0.844168000 0.00000000000000000000 1.00000000000000000000 2 0 8 569 570 571 587 589 684 685 686 
589 7773 1.675290000 0.801200000 0.00000000000000000000 1.00000000000000000000 2 0 8 570 571 572 588 590 685 686 687 
590 7774 1.707520000 0.757040000 0.00000000000000000000 1.00000000000000000000 2 0 8 571 572 573 589 591 686 687 688 
591 7775 1.737900000 0.711754000 0.00000000000000000000 1.00000000000000000000 2 0 8 572 573 574 590 592 687 688 689 
592 7776 1.766370000 0.665411000 0.00000000000000000000 1.00000000000000000000 2 0 8 573 574 575 591 593 688 689 690 
593 7777 1.792900000 0.618080000 0.00000000000000000000 1.00000000000000000000 2 0 8 574 575 576 592 594 689 690 691 
594 7778 1.817450000 0.569834000 0.00000000000000000000 1.00000000000000000000 2 0 8 575 576 577 593 595 690 691 692 
595 7779 1.839980000 0.520743000 0.00000000000000000000 1.00000000000000000000 2 0 8 576 577 578 594 596 691 692 693 
596 7780 1.860470000 0.470882000 0.00000000000000000000 1.00000000000000000000 2 0 8 577 578 579 595 597 692 693 694 
597 7781 1.878870000 0.420325000 0.00000000000000000000 1.00000000000000000000 2 0 8 578 579 672 596 675 693 694 695 
598 7796 0.578217 0.0465599 1 1
599 23 0.945503 0.00747639 1 1
600 7811 0.578971 0.0768056 2 0
601 7812 0.598427 0.0750846 2 0
602 57 0.947397 0.0221478 2 0
603 58 0.955931 0.0199192 2 0
604 7827 0.580001 0.107326 2 0
605 7828 0.59966 0.105442 2 0
606 7829 0.619155 0.103413 2 0
607 90 0.95969 0.0335638 2 0
608 7846 0.621016 0.133935 2 0
609 122 0.965351 0.047314 2 0
610 7863 0.623316 0.164949 2 0
611 154 0.972922 0.0612194 2 0
612 7880 0.626064 0.196571 2 0
613 186 0.982415 0.0753323 2 0
614 7897 0.629272 0.228921 2 0
615 218 0.993852 0.0897072 2 0
616 7914 0.632952 0.262121 2 0
617 250 1.00726 0.1044 2 0
618 7932 0.637119 0.296295 2 0
619 282 1.02268 0.11947 2 0
620 7950 0.641787 0.331571 2 0
621 314 1.04016 0.134975 2 0
622 7968 0.646975 0.368082 2 0
623 7969 0.670586 0.363473 2 0
624 346 1.05975 0.150977 2 0
625 7988 0.677231 0.400988 2 0
626 7989 0.701449 0.395415 2 0
627 378 1.08152 0.167538 2 0
628 8009 0.709745 0.433981 2 0
629 8010 0.7346 0.427319 2 0
630 410 1.10554 0.184722 2 0
631 411 1.11575 0.16867 2 0
632 8032 0.744752 0.466976 2 0
633 8033 0.77027 0.459094 2 0
634 442 1.14256 0.185016 2 0
635 443 1.15224 0.167196 2 0
636 8057 0.78249 0.499879 2 0
637 8058 0.808695 0.490639 2 0
638 473 1.18197 0.182612 2 0
639 474 1.19107 0.162928 2 0
640 8084 0.823207 0.532579 2 0
641 501 1.22386 0.177308 2 0
642 8111 0.838927 0.576511 2 0
643 525 1.25943 0.192353 2 0
644 526 1.2683 0.168882 2 0
645 8138 0.855911 0.622598 2 0
646 548 1.30722 0.182735 2 0
647 549 1.31533 0.157097 2 0
648 8164 0.874224 0.671014 2 0
649 569 1.35776 0.169604 2 0
650 570 1.36501 0.141696 2 0
651 8189 0.893933 0.721938 2 0
652 588 1.41109 0.152682 2 0
653 589 1.41737 0.1224 2 0
654 8213 0.915111 0.775561 2 0
655 605 1.46725 0.131671 2 0
656 8236 0.937836 0.832083 2 0
657 695 1.52081 0.141437 2 0
658 8258 0.962194 0.891714 2 0
659 728 1.57823 0.151736 2 0
660 8279 0.988274 0.954678 2 0
661 762 1.6319 0.202822 2 0
662 763 1.63972 0.162606 2 0
663 8299 1.01617 1.02121 2 0
664 8300 1.05933 1.00132 2 0
665 798 1.68713 0.259879 2 0
666 799 1.69723 0.217142 2 0
667 8320 1.09167 1.07035 2 0
668 8321 1.13639 1.04752 2 0
669 836 1.74376 0.323297 2 0
670 837 1.75638 0.277991 2 0
671 8341 1.17356 1.11903 2 0
672 876 1.81699 0.345572 2 0
673 8360 1.21325 1.19473 2 0
674 8361 1.26229 1.16698 2 0
675 917 1.89518 0.369147 2 0
676 8380 1.30757 1.24532 2 0
677 8983 1.35827 1.21388 2 0
678 8984 1.40761 1.1806 2 0
679 8985 1.45553 1.14554 2 0
680 8986 1.50195 1.10876 2 0
681 8987 1.5468 1.07031 2 0
682 8988 1.59003 1.03026 2 0
683 8989 1.63157 0.988656 2 0
684 8990 1.67135 0.945575 2 0
685 8991 1.70931 0.901078 2 0
686 8992 1.74541 0.855236 2 0
687 8993 1.77959 0.808116 2 0
688 8994 1.81181 0.759792 2 0
689 8995 1.842 0.710337 2 0
690 8996 1.87014 0.659824 2 0
691 8997 1.89617 0.60833 2 0
692 8998 1.92007 0.555933 2 0
693 8999 1.94179 0.502711 2 0
694 9000 1.96132 0.448743 2 0
695 959 1.97861 0.39411 2 0
