672 590 82
1 1204 2.689800000 -0.000051598 0.00000000000000000000 1.00000000000000000000 2 0 8 605 591 592 13 2 28 14 15 
2 1205 2.688120000 -0.083726000 0.00000000000000000000 1.00000000000000000000 2 0 8 591 592 593 1 3 14 15 16 
3 1206 2.683100000 -0.167275000 0.00000000000000000000 1.00000000000000000000 2 0 8 592 593 594 2 4 15 16 17 
4 1207 2.674740000 -0.250572000 0.00000000000000000000 1.00000000000000000000 2 0 8 593 594 595 3 5 16 17 18 
5 1208 2.663060000 -0.333493000 0.00000000000000000000 1.00000000000000000000 2 0 8 594 595 596 4 6 17 18 19 
6 1209 2.648070000 -0.415913000 0.00000000000000000000 1.00000000000000000000 2 0 8 595 596 597 5 7 18 19 20 
7 1210 2.629790000 -0.497708000 0.00000000000000000000 1.00000000000000000000 2 0 8 596 597 598 6 8 19 20 21 
8 1211 2.608260000 -0.578755000 0.00000000000000000000 1.00000000000000000000 2 0 8 597 598 599 7 9 20 21 22 
9 1212 2.583500000 -0.658931000 0.00000000000000000000 1.00000000000000000000 2 0 8 598 599 600 8 10 21 22 23 
10 1213 2.555550000 -0.738117000 0.00000000000000000000 1.00000000000000000000 2 0 8 599 600 601 9 11 22 23 24 
11 1214 2.524450000 -0.816192000 0.00000000000000000000 1.00000000000000000000 2 0 8 600 601 602 10 12 23 24 25 
12 1215 2.490240000 -0.893039000 0.00000000000000000000 1.00000000000000000000 2 0 8 601 602 603 11 606 24 25 26 
13 1216 2.688120000 0.083623400 0.00000000000000000000 1.00000000000000000000 2 0 8 604 605 591 609 1 27 28 14 
14 1217 2.824980000 -0.000054105 0.00000000000000000000 1.00000000000000000000 2 0 8 13 1 2 28 15 46 29 30 
15 1218 2.823200000 -0.089171200 0.00000000000000000000 1.00000000000000000000 2 0 8 1 2 3 14 16 29 30 31 
16 1219 2.817860000 -0.178154000 0.00000000000000000000 1.00000000000000000000 2 0 8 2 3 4 15 17 30 31 32 
17 1220 2.808990000 -0.266869000 0.00000000000000000000 1.00000000000000000000 2 0 8 3 4 5 16 18 31 32 33 
18 1221 2.796580000 -0.355182000 0.00000000000000000000 1.00000000000000000000 2 0 8 4 5 6 17 19 32 33 34 
19 1222 2.780650000 -0.442960000 0.00000000000000000000 1.00000000000000000000 2 0 8 5 6 7 18 20 33 34 35 
20 1223 2.761240000 -0.530071000 0.00000000000000000000 1.00000000000000000000 2 0 8 6 7 8 19 21 34 35 36 
21 1224 2.738360000 -0.616385000 0.00000000000000000000 1.00000000000000000000 2 0 8 7 8 9 20 22 35 36 37 
22 1225 2.712060000 -0.701770000 0.00000000000000000000 1.00000000000000000000 2 0 8 8 9 10 21 23 36 37 38 
23 1226 2.682370000 -0.786097000 0.00000000000000000000 1.00000000000000000000 2 0 8 9 10 11 22 24 37 38 39 
24 1227 2.649330000 -0.869240000 0.00000000000000000000 1.00000000000000000000 2 0 8 10 11 12 23 25 38 39 40 
25 1228 2.613000000 -0.951072000 0.00000000000000000000 1.00000000000000000000 2 0 8 11 12 606 24 26 39 40 41 
26 1229 2.573420000 -1.031470000 0.00000000000000000000 1.00000000000000000000 2 0 8 12 606 607 25 610 40 41 42 
27 1230 2.817870000 0.178047000 0.00000000000000000000 1.00000000000000000000 2 0 8 608 609 13 614 28 44 45 46 
28 1231 2.823200000 0.089063500 0.00000000000000000000 1.00000000000000000000 2 0 8 609 13 1 27 14 45 46 29 
29 1232 2.968880000 -0.000056547 0.00000000000000000000 1.00000000000000000000 2 0 8 28 14 15 46 30 66 47 48 
30 1233 2.966990000 -0.094950500 0.00000000000000000000 1.00000000000000000000 2 0 8 14 15 16 29 31 47 48 49 
31 1234 2.961320000 -0.189701000 0.00000000000000000000 1.00000000000000000000 2 0 8 15 16 17 30 32 48 49 50 
32 1235 2.951890000 -0.284166000 0.00000000000000000000 1.00000000000000000000 2 0 8 16 17 18 31 33 49 50 51 
33 1236 2.938700000 -0.378202000 0.00000000000000000000 1.00000000000000000000 2 0 8 17 18 19 32 34 50 51 52 
34 1237 2.921780000 -0.471668000 0.00000000000000000000 1.00000000000000000000 2 0 8 18 19 20 33 35 51 52 53 
35 1238 2.901160000 -0.564423000 0.00000000000000000000 1.00000000000000000000 2 0 8 19 20 21 34 36 52 53 54 
36 1239 2.876850000 -0.656326000 0.00000000000000000000 1.00000000000000000000 2 0 8 20 21 22 35 37 53 54 55 
37 1240 2.848910000 -0.747239000 0.00000000000000000000 1.00000000000000000000 2 0 8 21 22 23 36 38 54 55 56 
38 1241 2.817360000 -0.837025000 0.00000000000000000000 1.00000000000000000000 2 0 8 22 23 24 37 39 55 56 57 
39 1242 2.782260000 -0.925546000 0.00000000000000000000 1.00000000000000000000 2 0 8 23 24 25 38 40 56 57 58 
40 1243 2.743660000 -1.012670000 0.00000000000000000000 1.00000000000000000000 2 0 8 24 25 26 39 41 57 58 59 
41 1244 2.701620000 -1.098260000 0.00000000000000000000 1.00000000000000000000 2 0 8 25 26 610 40 42 58 59 60 
42 1245 2.656190000 -1.182200000 0.00000000000000000000 1.00000000000000000000 2 0 8 26 610 611 41 43 59 60 61 
43 1246 2.607450000 -1.264340000 0.00000000000000000000 1.00000000000000000000 2 0 8 610 611 612 42 615 60 61 62 
44 1247 2.951900000 0.284055000 0.00000000000000000000 1.00000000000000000000 2 0 8 613 614 27 618 45 63 64 65 
45 1248 2.961330000 0.189589000 0.00000000000000000000 1.00000000000000000000 2 0 8 614 27 28 44 46 64 65 66 
46 1249 2.966990000 0.094838000 0.00000000000000000000 1.00000000000000000000 2 0 8 27 28 14 45 29 65 66 47 
47 1250 3.122030000 -0.000058901 0.00000000000000000000 1.00000000000000000000 2 0 8 46 29 30 66 48 87 67 68 
48 1251 3.120020000 -0.101086000 0.00000000000000000000 1.00000000000000000000 2 0 8 29 30 31 47 49 67 68 69 
49 1252 3.114000000 -0.201960000 0.00000000000000000000 1.00000000000000000000 2 0 8 30 31 32 48 50 68 69 70 
50 1253 3.103970000 -0.302529000 0.00000000000000000000 1.00000000000000000000 2 0 8 31 32 33 49 51 69 70 71 
51 1254 3.089960000 -0.402641000 0.00000000000000000000 1.00000000000000000000 2 0 8 32 33 34 50 52 70 71 72 
52 1255 3.071990000 -0.502146000 0.00000000000000000000 1.00000000000000000000 2 0 8 33 34 35 51 53 71 72 73 
53 1256 3.050070000 -0.600891000 0.00000000000000000000 1.00000000000000000000 2 0 8 34 35 36 52 54 72 73 74 
54 1257 3.024250000 -0.698729000 0.00000000000000000000 1.00000000000000000000 2 0 8 35 36 37 53 55 73 74 75 
55 1258 2.994550000 -0.795511000 0.00000000000000000000 1.00000000000000000000 2 0 8 36 37 38 54 56 74 75 76 
56 1259 2.961040000 -0.891090000 0.00000000000000000000 1.00000000000000000000 2 0 8 37 38 39 55 57 75 76 77 
57 1260 2.923740000 -0.985322000 0.00000000000000000000 1.00000000000000000000 2 0 8 38 39 40 56 58 76 77 78 
58 1261 2.882730000 -1.078060000 0.00000000000000000000 1.00000000000000000000 2 0 8 39 40 41 57 59 77 78 79 
59 1262 2.838060000 -1.169170000 0.00000000000000000000 1.00000000000000000000 2 0 8 40 41 42 58 60 78 79 80 
60 1263 2.789790000 -1.258520000 0.00000000000000000000 1.00000000000000000000 2 0 8 41 42 43 59 61 79 80 81 
61 1264 2.738000000 -1.345950000 0.00000000000000000000 1.00000000000000000000 2 0 8 42 43 615 60 62 80 81 82 
62 1265 2.682770000 -1.431350000 0.00000000000000000000 1.00000000000000000000 2 0 8 43 615 616 61 619 81 82 83 
63 1266 3.089980000 0.402526000 0.00000000000000000000 1.00000000000000000000 2 0 8 617 618 44 621 64 624 84 85 
64 1267 3.103990000 0.302413000 0.00000000000000000000 1.00000000000000000000 2 0 8 618 44 45 63 65 84 85 86 
65 1268 3.114010000 0.201843000 0.00000000000000000000 1.00000000000000000000 2 0 8 44 45 46 64 66 85 86 87 
66 1269 3.120020000 0.100969000 0.00000000000000000000 1.00000000000000000000 2 0 8 45 46 29 65 47 86 87 67 
67 1270 3.285010000 -0.000061140 0.00000000000000000000 1.00000000000000000000 2 0 8 66 47 48 87 68 109 88 89 
68 1271 3.282870000 -0.107600000 0.00000000000000000000 1.00000000000000000000 2 0 8 47 48 49 67 69 88 89 90 
69 1272 3.276470000 -0.214976000 0.00000000000000000000 1.00000000000000000000 2 0 8 48 49 50 68 70 89 90 91 
70 1273 3.265820000 -0.322027000 0.00000000000000000000 1.00000000000000000000 2 0 8 49 50 51 69 71 90 91 92 
71 1274 3.250930000 -0.428590000 0.00000000000000000000 1.00000000000000000000 2 0 8 50 51 52 70 72 91 92 93 
72 1275 3.231830000 -0.534505000 0.00000000000000000000 1.00000000000000000000 2 0 8 51 52 53 71 73 92 93 94 
73 1276 3.208540000 -0.639612000 0.00000000000000000000 1.00000000000000000000 2 0 8 52 53 54 72 74 93 94 95 
74 1277 3.181090000 -0.743751000 0.00000000000000000000 1.00000000000000000000 2 0 8 53 54 55 73 75 94 95 96 
75 1278 3.149540000 -0.846764000 0.00000000000000000000 1.00000000000000000000 2 0 8 54 55 56 74 76 95 96 97 
76 1279 3.113920000 -0.948495000 0.00000000000000000000 1.00000000000000000000 2 0 8 55 56 57 75 77 96 97 98 
77 1280 3.074300000 -1.048790000 0.00000000000000000000 1.00000000000000000000 2 0 8 56 57 58 76 78 97 98 99 
78 1281 3.030720000 -1.147500000 0.00000000000000000000 1.00000000000000000000 2 0 8 57 58 59 77 79 98 99 100 
79 1282 2.983250000 -1.244470000 0.00000000000000000000 1.00000000000000000000 2 0 8 58 59 60 78 80 99 100 101 
80 1283 2.931960000 -1.339550000 0.00000000000000000000 1.00000000000000000000 2 0 8 59 60 61 79 81 100 101 102 
81 1284 2.876940000 -1.432600000 0.00000000000000000000 1.00000000000000000000 2 0 8 60 61 62 80 82 101 102 103 
82 1285 2.818250000 -1.523480000 0.00000000000000000000 1.00000000000000000000 2 0 8 61 62 619 81 83 102 103 104 
83 1286 2.756000000 -1.612040000 0.00000000000000000000 1.00000000000000000000 2 0 8 62 619 620 82 622 103 104 105 
84 1287 3.250950000 0.428471000 0.00000000000000000000 1.00000000000000000000 2 0 8 621 63 64 624 85 627 106 107 
85 1288 3.265830000 0.321906000 0.00000000000000000000 1.00000000000000000000 2 0 8 63 64 65 84 86 106 107 108 
86 1289 3.276480000 0.214855000 0.00000000000000000000 1.00000000000000000000 2 0 8 64 65 66 85 87 107 108 109 
87 1290 3.282870000 0.107478000 0.00000000000000000000 1.00000000000000000000 2 0 8 65 66 47 86 67 108 109 88 
88 1291 3.458410000 -0.000063233 0.00000000000000000000 1.00000000000000000000 2 0 8 87 67 68 109 89 132 110 111 
89 1292 3.456140000 -0.114517000 0.00000000000000000000 1.00000000000000000000 2 0 8 67 68 69 88 90 110 111 112 
90 1293 3.449340000 -0.228797000 0.00000000000000000000 1.00000000000000000000 2 0 8 68 69 70 89 91 111 112 113 
91 1294 3.438020000 -0.342731000 0.00000000000000000000 1.00000000000000000000 2 0 8 69 70 71 90 92 112 113 114 
92 1295 3.422200000 -0.456146000 0.00000000000000000000 1.00000000000000000000 2 0 8 70 71 72 91 93 113 114 115 
93 1296 3.401900000 -0.568869000 0.00000000000000000000 1.00000000000000000000 2 0 8 71 72 73 92 94 114 115 116 
94 1297 3.377140000 -0.680731000 0.00000000000000000000 1.00000000000000000000 2 0 8 72 73 74 93 95 115 116 117 
95 1298 3.347980000 -0.791561000 0.00000000000000000000 1.00000000000000000000 2 0 8 73 74 75 94 96 116 117 118 
96 1299 3.314450000 -0.901191000 0.00000000000000000000 1.00000000000000000000 2 0 8 74 75 76 95 97 117 118 119 
97 1300 3.276600000 -1.009460000 0.00000000000000000000 1.00000000000000000000 2 0 8 75 76 77 96 98 118 119 120 
98 1301 3.234490000 -1.116190000 0.00000000000000000000 1.00000000000000000000 2 0 8 76 77 78 97 99 119 120 121 
99 1302 3.188170000 -1.221230000 0.00000000000000000000 1.00000000000000000000 2 0 8 77 78 79 98 100 120 121 122 
100 1303 3.137730000 -1.324420000 0.00000000000000000000 1.00000000000000000000 2 0 8 78 79 80 99 101 121 122 123 
101 1304 3.083230000 -1.425600000 0.00000000000000000000 1.00000000000000000000 2 0 8 79 80 81 100 102 122 123 124 
102 1305 3.024760000 -1.524610000 0.00000000000000000000 1.00000000000000000000 2 0 8 80 81 82 101 103 123 124 125 
103 1306 2.962400000 -1.621310000 0.00000000000000000000 1.00000000000000000000 2 0 8 81 82 83 102 104 124 125 126 
104 1307 2.896250000 -1.715550000 0.00000000000000000000 1.00000000000000000000 2 0 8 82 83 622 103 105 125 126 127 
105 1308 2.826410000 -1.807170000 0.00000000000000000000 1.00000000000000000000 2 0 8 83 622 623 104 625 126 127 128 
106 1309 3.422220000 0.456022000 0.00000000000000000000 1.00000000000000000000 2 0 8 624 84 85 627 107 630 129 130 
107 1310 3.438030000 0.342607000 0.00000000000000000000 1.00000000000000000000 2 0 8 84 85 86 106 108 129 130 131 
108 1311 3.449350000 0.228672000 0.00000000000000000000 1.00000000000000000000 2 0 8 85 86 87 107 109 130 131 132 
109 1312 3.456140000 0.114391000 0.00000000000000000000 1.00000000000000000000 2 0 8 86 87 67 108 88 131 132 110 
110 1313 3.642900000 -0.000065148 0.00000000000000000000 1.00000000000000000000 2 0 8 109 88 89 132 111 156 133 134 
111 1314 3.640480000 -0.121863000 0.00000000000000000000 1.00000000000000000000 2 0 8 88 89 90 110 112 133 134 135 
112 1315 3.633260000 -0.243477000 0.00000000000000000000 1.00000000000000000000 2 0 8 89 90 91 111 113 134 135 136 
113 1316 3.621230000 -0.364720000 0.00000000000000000000 1.00000000000000000000 2 0 8 90 91 92 112 114 135 136 137 
114 1317 3.604410000 -0.485411000 0.00000000000000000000 1.00000000000000000000 2 0 8 91 92 93 113 115 136 137 138 
115 1318 3.582830000 -0.605365000 0.00000000000000000000 1.00000000000000000000 2 0 8 92 93 94 114 116 137 138 139 
116 1319 3.556530000 -0.724401000 0.00000000000000000000 1.00000000000000000000 2 0 8 93 94 95 115 117 138 139 140 
117 1320 3.525530000 -0.842338000 0.00000000000000000000 1.00000000000000000000 2 0 8 94 95 96 116 118 139 140 141 
118 1321 3.489890000 -0.958997000 0.00000000000000000000 1.00000000000000000000 2 0 8 95 96 97 117 119 140 141 142 
119 1322 3.449670000 -1.074200000 0.00000000000000000000 1.00000000000000000000 2 0 8 96 97 98 118 120 141 142 143 
120 1323 3.404910000 -1.187770000 0.00000000000000000000 1.00000000000000000000 2 0 8 97 98 99 119 121 142 143 144 
121 1324 3.355690000 -1.299540000 0.00000000000000000000 1.00000000000000000000 2 0 8 98 99 100 120 122 143 144 145 
122 1325 3.302080000 -1.409340000 0.00000000000000000000 1.00000000000000000000 2 0 8 99 100 101 121 123 144 145 146 
123 1326 3.244170000 -1.516990000 0.00000000000000000000 1.00000000000000000000 2 0 8 100 101 102 122 124 145 146 147 
124 1327 3.182030000 -1.622340000 0.00000000000000000000 1.00000000000000000000 2 0 8 101 102 103 123 125 146 147 148 
125 1328 3.115760000 -1.725220000 0.00000000000000000000 1.00000000000000000000 2 0 8 102 103 104 124 126 147 148 149 
126 1329 3.045460000 -1.825470000 0.00000000000000000000 1.00000000000000000000 2 0 8 103 104 105 125 127 148 149 150 
127 1330 2.971240000 -1.922950000 0.00000000000000000000 1.00000000000000000000 2 0 8 104 105 625 126 128 149 150 151 
128 1331 2.893210000 -2.017510000 0.00000000000000000000 1.00000000000000000000 2 0 8 105 625 626 127 628 150 151 152 
129 1332 3.604430000 0.485284000 0.00000000000000000000 1.00000000000000000000 2 0 8 627 106 107 630 130 632 153 154 
130 1333 3.621240000 0.364592000 0.00000000000000000000 1.00000000000000000000 2 0 8 106 107 108 129 131 153 154 155 
131 1334 3.633260000 0.243347000 0.00000000000000000000 1.00000000000000000000 2 0 8 107 108 109 130 132 154 155 156 
132 1335 3.640490000 0.121734000 0.00000000000000000000 1.00000000000000000000 2 0 8 108 109 88 131 110 155 156 133 
133 1336 3.839150000 -0.000066851 0.00000000000000000000 1.00000000000000000000 2 0 8 132 110 111 156 134 180 157 158 
134 1337 3.836590000 -0.129666000 0.00000000000000000000 1.00000000000000000000 2 0 8 110 111 112 133 135 157 158 159 
135 1338 3.828900000 -0.259068000 0.00000000000000000000 1.00000000000000000000 2 0 8 111 112 113 134 136 158 159 160 
136 1339 3.816120000 -0.388077000 0.00000000000000000000 1.00000000000000000000 2 0 8 112 113 114 135 137 159 160 161 
137 1340 3.798240000 -0.516496000 0.00000000000000000000 1.00000000000000000000 2 0 8 113 114 115 136 138 160 161 162 
138 1341 3.775310000 -0.644131000 0.00000000000000000000 1.00000000000000000000 2 0 8 114 115 116 137 139 161 162 163 
139 1342 3.747350000 -0.770787000 0.00000000000000000000 1.00000000000000000000 2 0 8 115 116 117 138 140 162 163 164 
140 1343 3.714410000 -0.896273000 0.00000000000000000000 1.00000000000000000000 2 0 8 116 117 118 139 141 163 164 165 
141 1344 3.676530000 -1.020400000 0.00000000000000000000 1.00000000000000000000 2 0 8 117 118 119 140 142 164 165 166 
142 1345 3.633770000 -1.142970000 0.00000000000000000000 1.00000000000000000000 2 0 8 118 119 120 141 143 165 166 167 
143 1346 3.586200000 -1.263810000 0.00000000000000000000 1.00000000000000000000 2 0 8 119 120 121 142 144 166 167 168 
144 1347 3.533890000 -1.382720000 0.00000000000000000000 1.00000000000000000000 2 0 8 120 121 122 143 145 167 168 169 
145 1348 3.476920000 -1.499530000 0.00000000000000000000 1.00000000000000000000 2 0 8 121 122 123 144 146 168 169 170 
146 1349 3.415370000 -1.614060000 0.00000000000000000000 1.00000000000000000000 2 0 8 122 123 124 145 147 169 170 171 
147 1350 3.349330000 -1.726140000 0.00000000000000000000 1.00000000000000000000 2 0 8 123 124 125 146 148 170 171 172 
148 1351 3.278900000 -1.835580000 0.00000000000000000000 1.00000000000000000000 2 0 8 124 125 126 147 149 171 172 173 
149 1352 3.204190000 -1.942240000 0.00000000000000000000 1.00000000000000000000 2 0 8 125 126 127 148 150 172 173 174 
150 1353 3.125320000 -2.045930000 0.00000000000000000000 1.00000000000000000000 2 0 8 126 127 128 149 151 173 174 175 
151 1354 3.042390000 -2.146510000 0.00000000000000000000 1.00000000000000000000 2 0 8 127 128 628 150 152 174 175 176 
152 1355 2.955540000 -2.243820000 0.00000000000000000000 1.00000000000000000000 2 0 8 128 628 629 151 631 175 176 633 
153 1356 3.798260000 0.516365000 0.00000000000000000000 1.00000000000000000000 2 0 8 630 129 130 632 154 634 177 178 
154 1357 3.816130000 0.387945000 0.00000000000000000000 1.00000000000000000000 2 0 8 129 130 131 153 155 177 178 179 
155 1358 3.828910000 0.258936000 0.00000000000000000000 1.00000000000000000000 2 0 8 130 131 132 154 156 178 179 180 
156 1359 3.836590000 0.129533000 0.00000000000000000000 1.00000000000000000000 2 0 8 131 132 110 155 133 179 180 157 
157 1360 4.047910000 -0.000068302 0.00000000000000000000 1.00000000000000000000 2 0 8 156 133 134 180 158 204 181 182 
158 1361 4.045180000 -0.137954000 0.00000000000000000000 1.00000000000000000000 2 0 8 133 134 135 157 159 181 182 183 
159 1362 4.037010000 -0.275631000 0.00000000000000000000 1.00000000000000000000 2 0 8 134 135 136 158 160 182 183 184 
160 1363 4.023420000 -0.412888000 0.00000000000000000000 1.00000000000000000000 2 0 8 135 136 137 159 161 183 184 185 
161 1364 4.004420000 -0.549517000 0.00000000000000000000 1.00000000000000000000 2 0 8 136 137 138 160 162 184 185 186 
162 1365 3.980050000 -0.685311000 0.00000000000000000000 1.00000000000000000000 2 0 8 137 138 139 161 163 185 186 187 
163 1366 3.950330000 -0.820062000 0.00000000000000000000 1.00000000000000000000 2 0 8 138 139 140 162 164 186 187 188 
164 1367 3.915310000 -0.953566000 0.00000000000000000000 1.00000000000000000000 2 0 8 139 140 141 163 165 187 188 189 
165 1368 3.875050000 -1.085620000 0.00000000000000000000 1.00000000000000000000 2 0 8 140 141 142 164 166 188 189 190 
166 1369 3.829610000 -1.216020000 0.00000000000000000000 1.00000000000000000000 2 0 8 141 142 143 165 167 189 190 191 
167 1370 3.779050000 -1.344570000 0.00000000000000000000 1.00000000000000000000 2 0 8 142 143 144 166 168 190 191 192 
168 1371 3.723450000 -1.471080000 0.00000000000000000000 1.00000000000000000000 2 0 8 143 144 145 167 169 191 192 193 
169 1372 3.662890000 -1.595350000 0.00000000000000000000 1.00000000000000000000 2 0 8 144 145 146 168 170 192 193 194 
170 1373 3.597470000 -1.717180000 0.00000000000000000000 1.00000000000000000000 2 0 8 145 146 147 169 171 193 194 195 
171 1374 3.527280000 -1.836400000 0.00000000000000000000 1.00000000000000000000 2 0 8 146 147 148 170 172 194 195 196 
172 1375 3.452430000 -1.952830000 0.00000000000000000000 1.00000000000000000000 2 0 8 147 148 149 171 173 195 196 197 
173 1376 3.373030000 -2.066270000 0.00000000000000000000 1.00000000000000000000 2 0 8 148 149 150 172 174 196 197 198 
174 1377 3.289200000 -2.176570000 0.00000000000000000000 1.00000000000000000000 2 0 8 149 150 151 173 175 197 198 199 
175 1378 3.201070000 -2.283550000 0.00000000000000000000 1.00000000000000000000 2 0 8 150 151 152 174 176 198 199 200 
176 1379 3.108770000 -2.387040000 0.00000000000000000000 1.00000000000000000000 2 0 8 151 152 631 175 633 199 200 635 
177 1380 4.004440000 0.549384000 0.00000000000000000000 1.00000000000000000000 2 0 8 632 153 154 634 178 636 201 202 
178 1381 4.023440000 0.412753000 0.00000000000000000000 1.00000000000000000000 2 0 8 153 154 155 177 179 201 202 203 
179 1382 4.037020000 0.275495000 0.00000000000000000000 1.00000000000000000000 2 0 8 154 155 156 178 180 202 203 204 
180 1383 4.045180000 0.137818000 0.00000000000000000000 1.00000000000000000000 2 0 8 155 156 133 179 157 203 204 181 
181 1384 4.269940000 -0.000069460 0.00000000000000000000 1.00000000000000000000 2 0 8 180 157 158 204 182 228 205 206 
182 1385 4.267040000 -0.146760000 0.00000000000000000000 1.00000000000000000000 2 0 8 157 158 159 181 183 205 206 207 
183 1386 4.258370000 -0.293226000 0.00000000000000000000 1.00000000000000000000 2 0 8 158 159 160 182 184 206 207 208 
184 1387 4.243920000 -0.439246000 0.00000000000000000000 1.00000000000000000000 2 0 8 159 160 161 183 185 207 208 209 
185 1388 4.223720000 -0.584598000 0.00000000000000000000 1.00000000000000000000 2 0 8 160 161 162 184 186 208 209 210 
186 1389 4.197810000 -0.729060000 0.00000000000000000000 1.00000000000000000000 2 0 8 161 162 163 185 187 209 210 211 
187 1390 4.166220000 -0.872411000 0.00000000000000000000 1.00000000000000000000 2 0 8 162 163 164 186 188 210 211 212 
188 1391 4.129000000 -1.014430000 0.00000000000000000000 1.00000000000000000000 2 0 8 163 164 165 187 189 211 212 213 
189 1392 4.086200000 -1.154910000 0.00000000000000000000 1.00000000000000000000 2 0 8 164 165 166 188 190 212 213 214 
190 1393 4.037900000 -1.293630000 0.00000000000000000000 1.00000000000000000000 2 0 8 165 166 167 189 191 213 214 215 
191 1394 3.984160000 -1.430380000 0.00000000000000000000 1.00000000000000000000 2 0 8 166 167 168 190 192 214 215 216 
192 1395 3.925060000 -1.564950000 0.00000000000000000000 1.00000000000000000000 2 0 8 167 168 169 191 193 215 216 217 
193 1396 3.860690000 -1.697140000 0.00000000000000000000 1.00000000000000000000 2 0 8 168 169 170 192 194 216 217 218 
194 1397 3.791150000 -1.826740000 0.00000000000000000000 1.00000000000000000000 2 0 8 169 170 171 193 195 217 218 219 
195 1398 3.716550000 -1.953550000 0.00000000000000000000 1.00000000000000000000 2 0 8 170 171 172 194 196 218 219 220 
196 1399 3.637000000 -2.077380000 0.00000000000000000000 1.00000000000000000000 2 0 8 171 172 173 195 197 219 220 221 
197 1400 3.552610000 -2.198050000 0.00000000000000000000 1.00000000000000000000 2 0 8 172 173 174 196 198 220 221 222 
198 1401 3.463510000 -2.315360000 0.00000000000000000000 1.00000000000000000000 2 0 8 173 174 175 197 199 221 222 223 
199 1402 3.369840000 -2.429140000 0.00000000000000000000 1.00000000000000000000 2 0 8 174 175 176 198 200 222 223 224 
200 1403 3.271750000 -2.539200000 0.00000000000000000000 1.00000000000000000000 2 0 8 175 176 633 199 635 223 224 637 
201 1404 4.223740000 0.584462000 0.00000000000000000000 1.00000000000000000000 2 0 8 634 177 178 636 202 638 225 226 
202 1405 4.243930000 0.439110000 0.00000000000000000000 1.00000000000000000000 2 0 8 177 178 179 201 203 225 226 227 
203 1406 4.258370000 0.293089000 0.00000000000000000000 1.00000000000000000000 2 0 8 178 179 180 202 204 226 227 228 
204 1407 4.267050000 0.146621000 0.00000000000000000000 1.00000000000000000000 2 0 8 179 180 157 203 181 227 228 205 
205 1408 4.506090000 -0.000070280 0.00000000000000000000 1.00000000000000000000 2 0 8 204 181 182 228 206 252 229 230 
206 1409 4.503010000 -0.156114000 0.00000000000000000000 1.00000000000000000000 2 0 8 181 182 183 205 207 229 230 231 
207 1410 4.493780000 -0.311921000 0.00000000000000000000 1.00000000000000000000 2 0 8 182 183 184 206 208 230 231 232 
208 1411 4.478420000 -0.467252000 0.00000000000000000000 1.00000000000000000000 2 0 8 183 184 185 207 209 231 232 233 
209 1412 4.456960000 -0.621871000 0.00000000000000000000 1.00000000000000000000 2 0 8 184 185 186 208 210 232 233 234 
210 1413 4.429410000 -0.775542000 0.00000000000000000000 1.00000000000000000000 2 0 8 185 186 187 209 211 233 234 235 
211 1414 4.395830000 -0.928031000 0.00000000000000000000 1.00000000000000000000 2 0 8 186 187 188 210 212 234 235 236 
212 1415 4.356260000 -1.079110000 0.00000000000000000000 1.00000000000000000000 2 0 8 187 188 189 211 213 235 236 237 
213 1416 4.310770000 -1.228540000 0.00000000000000000000 1.00000000000000000000 2 0 8 188 189 190 212 214 236 237 238 
214 1417 4.259430000 -1.376090000 0.00000000000000000000 1.00000000000000000000 2 0 8 189 190 191 213 215 237 238 239 
215 1418 4.202300000 -1.521550000 0.00000000000000000000 1.00000000000000000000 2 0 8 190 191 192 214 216 238 239 240 
216 1419 4.139480000 -1.664690000 0.00000000000000000000 1.00000000000000000000 2 0 8 191 192 193 215 217 239 240 241 
217 1420 4.071060000 -1.805290000 0.00000000000000000000 1.00000000000000000000 2 0 8 192 193 194 216 218 240 241 242 
218 1421 3.997150000 -1.943130000 0.00000000000000000000 1.00000000000000000000 2 0 8 193 194 195 217 219 241 242 243 
219 1422 3.917850000 -2.078010000 0.00000000000000000000 1.00000000000000000000 2 0 8 194 195 196 218 220 242 243 244 
220 1423 3.833290000 -2.209720000 0.00000000000000000000 1.00000000000000000000 2 0 8 195 196 197 219 221 243 244 245 
221 1424 3.743590000 -2.338050000 0.00000000000000000000 1.00000000000000000000 2 0 8 196 197 198 220 222 244 245 246 
222 1425 3.648890000 -2.462820000 0.00000000000000000000 1.00000000000000000000 2 0 8 197 198 199 221 223 245 246 247 
223 1426 3.549340000 -2.583820000 0.00000000000000000000 1.00000000000000000000 2 0 8 198 199 200 222 224 246 247 248 
224 1427 3.445080000 -2.700870000 0.00000000000000000000 1.00000000000000000000 2 0 8 199 200 635 223 637 247 248 639 
225 1428 4.456980000 0.621733000 0.00000000000000000000 1.00000000000000000000 2 0 8 636 201 202 638 226 640 249 250 
226 1429 4.478440000 0.467113000 0.00000000000000000000 1.00000000000000000000 2 0 8 201 202 203 225 227 249 250 251 
227 1430 4.493790000 0.311782000 0.00000000000000000000 1.00000000000000000000 2 0 8 202 203 204 226 228 250 251 252 
228 1431 4.503010000 0.155975000 0.00000000000000000000 1.00000000000000000000 2 0 8 203 204 181 227 205 251 252 229 
229 1432 4.757230000 -0.000070714 0.00000000000000000000 1.00000000000000000000 2 0 8 228 205 206 252 230 276 253 254 
230 1433 4.753960000 -0.166054000 0.00000000000000000000 1.00000000000000000000 2 0 8 205 206 207 229 231 253 254 255 
231 1434 4.744150000 -0.331785000 0.00000000000000000000 1.00000000000000000000 2 0 8 206 207 208 230 232 254 255 256 
232 1435 4.727820000 -0.497009000 0.00000000000000000000 1.00000000000000000000 2 0 8 207 208 209 231 233 255 256 257 
233 1436 4.705000000 -0.661475000 0.00000000000000000000 1.00000000000000000000 2 0 8 208 209 210 232 234 256 257 258 
234 1437 4.675720000 -0.824931000 0.00000000000000000000 1.00000000000000000000 2 0 8 209 210 211 233 235 257 258 259 
235 1438 4.640020000 -0.987130000 0.00000000000000000000 1.00000000000000000000 2 0 8 210 211 212 234 236 258 259 260 
236 1439 4.597960000 -1.147820000 0.00000000000000000000 1.00000000000000000000 2 0 8 211 212 213 235 237 259 260 261 
237 1440 4.549600000 -1.306760000 0.00000000000000000000 1.00000000000000000000 2 0 8 212 213 214 236 238 260 261 262 
238 1441 4.495020000 -1.463710000 0.00000000000000000000 1.00000000000000000000 2 0 8 213 214 215 237 239 261 262 263 
239 1442 4.434290000 -1.618420000 0.00000000000000000000 1.00000000000000000000 2 0 8 214 215 216 238 240 262 263 264 
240 1443 4.367510000 -1.770660000 0.00000000000000000000 1.00000000000000000000 2 0 8 215 216 217 239 241 263 264 265 
241 1444 4.294790000 -1.920200000 0.00000000000000000000 1.00000000000000000000 2 0 8 216 217 218 240 242 264 265 266 
242 1445 4.216220000 -2.066810000 0.00000000000000000000 1.00000000000000000000 2 0 8 217 218 219 241 243 265 266 267 
243 1446 4.131930000 -2.210260000 0.00000000000000000000 1.00000000000000000000 2 0 8 218 219 220 242 244 266 267 268 
244 1447 4.042040000 -2.350330000 0.00000000000000000000 1.00000000000000000000 2 0 8 219 220 221 243 245 267 268 269 
245 1448 3.946700000 -2.486820000 0.00000000000000000000 1.00000000000000000000 2 0 8 220 221 222 244 246 268 269 270 
246 1449 3.846050000 -2.619500000 0.00000000000000000000 1.00000000000000000000 2 0 8 221 222 223 245 247 269 270 271 
247 1450 3.740230000 -2.748170000 0.00000000000000000000 1.00000000000000000000 2 0 8 222 223 224 246 248 270 271 272 
248 1451 3.629410000 -2.872640000 0.00000000000000000000 1.00000000000000000000 2 0 8 223 224 637 247 639 271 272 641 
249 1452 4.705020000 0.661336000 0.00000000000000000000 1.00000000000000000000 2 0 8 638 225 226 640 250 642 273 274 
250 1453 4.727830000 0.496869000 0.00000000000000000000 1.00000000000000000000 2 0 8 225 226 227 249 251 273 274 275 
251 1454 4.744160000 0.331644000 0.00000000000000000000 1.00000000000000000000 2 0 8 226 227 228 250 252 274 275 276 
252 1455 4.753960000 0.165914000 0.00000000000000000000 1.00000000000000000000 2 0 8 227 228 205 251 229 275 276 253 
253 1456 5.024300000 -0.000070709 0.00000000000000000000 1.00000000000000000000 2 0 8 252 229 230 276 254 300 277 278 
254 1457 5.020820000 -0.176616000 0.00000000000000000000 1.00000000000000000000 2 0 8 229 230 231 253 255 277 278 279 
255 1458 5.010390000 -0.352892000 0.00000000000000000000 1.00000000000000000000 2 0 8 230 231 232 254 256 278 279 280 
256 1459 4.993040000 -0.528629000 0.00000000000000000000 1.00000000000000000000 2 0 8 231 232 233 255 257 279 280 281 
257 1460 4.968780000 -0.703559000 0.00000000000000000000 1.00000000000000000000 2 0 8 232 233 234 256 258 280 281 282 
258 1461 4.937650000 -0.877414000 0.00000000000000000000 1.00000000000000000000 2 0 8 233 234 235 257 259 281 282 283 
259 1462 4.899700000 -1.049930000 0.00000000000000000000 1.00000000000000000000 2 0 8 234 235 236 258 260 282 283 284 
260 1463 4.854990000 -1.220840000 0.00000000000000000000 1.00000000000000000000 2 0 8 235 236 237 259 261 283 284 285 
261 1464 4.803580000 -1.389890000 0.00000000000000000000 1.00000000000000000000 2 0 8 236 237 238 260 262 284 285 286 
262 1465 4.745550000 -1.556810000 0.00000000000000000000 1.00000000000000000000 2 0 8 237 238 239 261 263 285 286 287 
263 1466 4.681000000 -1.721360000 0.00000000000000000000 1.00000000000000000000 2 0 8 238 239 240 262 264 286 287 288 
264 1467 4.610010000 -1.883280000 0.00000000000000000000 1.00000000000000000000 2 0 8 239 240 241 263 265 287 288 289 
265 1468 4.532700000 -2.042320000 0.00000000000000000000 1.00000000000000000000 2 0 8 240 241 242 264 266 288 289 290 
266 1469 4.449180000 -2.198230000 0.00000000000000000000 1.00000000000000000000 2 0 8 241 242 243 265 267 289 290 291 
267 1470 4.359580000 -2.350790000 0.00000000000000000000 1.00000000000000000000 2 0 8 242 243 244 266 268 290 291 292 
268 1471 4.264040000 -2.499750000 0.00000000000000000000 1.00000000000000000000 2 0 8 243 244 245 267 269 291 292 293 
269 1472 4.162690000 -2.644890000 0.00000000000000000000 1.00000000000000000000 2 0 8 244 245 246 268 270 292 293 294 
270 1473 4.055700000 -2.785990000 0.00000000000000000000 1.00000000000000000000 2 0 8 245 246 247 269 271 293 294 295 
271 1474 3.943220000 -2.922820000 0.00000000000000000000 1.00000000000000000000 2 0 8 246 247 248 270 272 294 295 296 
272 1475 3.825430000 -3.055180000 0.00000000000000000000 1.00000000000000000000 2 0 8 247 248 639 271 641 295 296 643 
273 1476 4.968800000 0.703421000 0.00000000000000000000 1.00000000000000000000 2 0 8 640 249 250 642 274 644 297 298 
274 1477 4.993050000 0.528490000 0.00000000000000000000 1.00000000000000000000 2 0 8 249 250 251 273 275 297 298 299 
275 1478 5.010400000 0.352752000 0.00000000000000000000 1.00000000000000000000 2 0 8 250 251 252 274 276 298 299 300 
276 1479 5.020820000 0.176476000 0.00000000000000000000 1.00000000000000000000 2 0 8 251 252 229 275 253 299 300 277 
277 1480 5.308300000 -0.000070209 0.00000000000000000000 1.00000000000000000000 2 0 8 276 253 254 300 278 324 301 302 
278 1481 5.304600000 -0.187840000 0.00000000000000000000 1.00000000000000000000 2 0 8 253 254 255 277 279 301 302 303 
279 1482 5.293520000 -0.375323000 0.00000000000000000000 1.00000000000000000000 2 0 8 254 255 256 278 280 302 303 304 
280 1483 5.275070000 -0.562232000 0.00000000000000000000 1.00000000000000000000 2 0 8 255 256 257 279 281 303 304 305 
281 1484 5.249280000 -0.748281000 0.00000000000000000000 1.00000000000000000000 2 0 8 256 257 258 280 282 304 305 306 
282 1485 5.216180000 -0.933188000 0.00000000000000000000 1.00000000000000000000 2 0 8 257 258 259 281 283 305 306 307 
283 1486 5.175840000 -1.116670000 0.00000000000000000000 1.00000000000000000000 2 0 8 258 259 260 282 284 306 307 308 
284 1487 5.128310000 -1.298440000 0.00000000000000000000 1.00000000000000000000 2 0 8 259 260 261 283 285 307 308 309 
285 1488 5.073660000 -1.478230000 0.00000000000000000000 1.00000000000000000000 2 0 8 260 261 262 284 286 308 309 310 
286 1489 5.011970000 -1.655760000 0.00000000000000000000 1.00000000000000000000 2 0 8 261 262 263 285 287 309 310 311 
287 1490 4.943350000 -1.830750000 0.00000000000000000000 1.00000000000000000000 2 0 8 262 263 264 286 288 310 311 312 
288 1491 4.867880000 -2.002950000 0.00000000000000000000 1.00000000000000000000 2 0 8 263 264 265 287 289 311 312 313 
289 1492 4.785700000 -2.172090000 0.00000000000000000000 1.00000000000000000000 2 0 8 264 265 266 288 290 312 313 314 
290 1493 4.696910000 -2.337900000 0.00000000000000000000 1.00000000000000000000 2 0 8 265 266 267 289 291 313 314 315 
291 1494 4.601670000 -2.500130000 0.00000000000000000000 1.00000000000000000000 2 0 8 266 267 268 290 292 314 315 316 
292 1495 4.500100000 -2.658540000 0.00000000000000000000 1.00000000000000000000 2 0 8 267 268 269 291 293 315 316 317 
293 1496 4.392370000 -2.812880000 0.00000000000000000000 1.00000000000000000000 2 0 8 268 269 270 292 294 316 317 318 
294 1497 4.278640000 -2.962920000 0.00000000000000000000 1.00000000000000000000 2 0 8 269 270 271 293 295 317 318 319 
295 1498 4.159080000 -3.108410000 0.00000000000000000000 1.00000000000000000000 2 0 8 270 271 272 294 296 318 319 320 
296 1499 4.033870000 -3.249150000 0.00000000000000000000 1.00000000000000000000 2 0 8 271 272 641 295 643 319 320 645 
297 1500 5.249300000 0.748144000 0.00000000000000000000 1.00000000000000000000 2 0 8 642 273 274 644 298 646 321 322 
298 1501 5.275080000 0.562093000 0.00000000000000000000 1.00000000000000000000 2 0 8 273 274 275 297 299 321 322 323 
299 1502 5.293530000 0.375184000 0.00000000000000000000 1.00000000000000000000 2 0 8 274 275 276 298 300 322 323 324 
300 1503 5.304610000 0.187700000 0.00000000000000000000 1.00000000000000000000 2 0 8 275 276 253 299 277 323 324 301 
301 1504 5.610300000 -0.000069156 0.00000000000000000000 1.00000000000000000000 2 0 8 300 277 278 324 302 348 325 326 
302 1505 5.606370000 -0.199768000 0.00000000000000000000 1.00000000000000000000 2 0 8 277 278 279 301 303 325 326 327 
303 1506 5.594580000 -0.399161000 0.00000000000000000000 1.00000000000000000000 2 0 8 278 279 280 302 304 326 327 328 
304 1507 5.574970000 -0.597943000 0.00000000000000000000 1.00000000000000000000 2 0 8 279 280 281 303 305 327 328 329 
305 1508 5.547550000 -0.795811000 0.00000000000000000000 1.00000000000000000000 2 0 8 280 281 282 304 306 328 329 330 
306 1509 5.512360000 -0.992462000 0.00000000000000000000 1.00000000000000000000 2 0 8 281 282 283 305 307 329 330 331 
307 1510 5.469470000 -1.187590000 0.00000000000000000000 1.00000000000000000000 2 0 8 282 283 284 306 308 330 331 332 
308 1511 5.418940000 -1.380910000 0.00000000000000000000 1.00000000000000000000 2 0 8 283 284 285 307 309 331 332 333 
309 1512 5.360840000 -1.572110000 0.00000000000000000000 1.00000000000000000000 2 0 8 284 285 286 308 310 332 333 334 
310 1513 5.295270000 -1.760910000 0.00000000000000000000 1.00000000000000000000 2 0 8 285 286 287 309 311 333 334 335 
311 1514 5.222310000 -1.947010000 0.00000000000000000000 1.00000000000000000000 2 0 8 286 287 288 310 312 334 335 336 
312 1515 5.142090000 -2.130140000 0.00000000000000000000 1.00000000000000000000 2 0 8 287 288 289 311 313 335 336 337 
313 1516 5.054720000 -2.310000000 0.00000000000000000000 1.00000000000000000000 2 0 8 288 289 290 312 314 336 337 338 
314 1517 4.960330000 -2.486330000 0.00000000000000000000 1.00000000000000000000 2 0 8 289 290 291 313 315 337 338 339 
315 1518 4.859080000 -2.658850000 0.00000000000000000000 1.00000000000000000000 2 0 8 290 291 292 314 316 338 339 340 
316 1519 4.751110000 -2.827290000 0.00000000000000000000 1.00000000000000000000 2 0 8 291 292 293 315 317 339 340 341 
317 1520 4.636590000 -2.991410000 0.00000000000000000000 1.00000000000000000000 2 0 8 292 293 294 316 318 340 341 342 
318 1521 4.515700000 -3.150950000 0.00000000000000000000 1.00000000000000000000 2 0 8 293 294 295 317 319 341 342 343 
319 1522 4.388610000 -3.305660000 0.00000000000000000000 1.00000000000000000000 2 0 8 294 295 296 318 320 342 343 344 
320 1523 4.255510000 -3.455300000 0.00000000000000000000 1.00000000000000000000 2 0 8 295 296 643 319 645 343 344 647 
321 1524 5.547560000 0.795676000 0.00000000000000000000 1.00000000000000000000 2 0 8 644 297 298 646 322 648 345 346 
322 1525 5.574980000 0.597807000 0.00000000000000000000 1.00000000000000000000 2 0 8 297 298 299 321 323 345 346 347 
323 1526 5.594590000 0.399024000 0.00000000000000000000 1.00000000000000000000 2 0 8 298 299 300 322 324 346 347 348 
324 1527 5.606370000 0.199630000 0.00000000000000000000 1.00000000000000000000 2 0 8 299 300 277 323 301 347 348 325 
325 1528 5.931420000 -0.000067485 0.00000000000000000000 1.00000000000000000000 2 0 8 324 301 302 348 326 372 349 350 
326 1529 5.927230000 -0.212444000 0.00000000000000000000 1.00000000000000000000 2 0 8 301 302 303 325 327 349 350 351 
327 1530 5.914710000 -0.424496000 0.00000000000000000000 1.00000000000000000000 2 0 8 302 303 304 326 328 350 351 352 
328 1531 5.893850000 -0.635898000 0.00000000000000000000 1.00000000000000000000 2 0 8 303 304 305 327 329 351 352 353 
329 1532 5.864700000 -0.846326000 0.00000000000000000000 1.00000000000000000000 2 0 8 304 305 306 328 330 352 353 354 
330 1533 5.827300000 -1.055460000 0.00000000000000000000 1.00000000000000000000 2 0 8 305 306 307 329 331 353 354 355 
331 1534 5.781700000 -1.262980000 0.00000000000000000000 1.00000000000000000000 2 0 8 306 307 308 330 332 354 355 356 
332 1535 5.727980000 -1.468560000 0.00000000000000000000 1.00000000000000000000 2 0 8 307 308 309 331 333 355 356 357 
333 1536 5.666210000 -1.671890000 0.00000000000000000000 1.00000000000000000000 2 0 8 308 309 310 332 334 356 357 358 
334 1537 5.596500000 -1.872670000 0.00000000000000000000 1.00000000000000000000 2 0 8 309 310 311 333 335 357 358 359 
335 1538 5.518940000 -2.070570000 0.00000000000000000000 1.00000000000000000000 2 0 8 310 311 312 334 336 358 359 360 
336 1539 5.433650000 -2.265310000 0.00000000000000000000 1.00000000000000000000 2 0 8 311 312 313 335 337 359 360 361 
337 1540 5.340770000 -2.456580000 0.00000000000000000000 1.00000000000000000000 2 0 8 312 313 314 336 338 360 361 362 
338 1541 5.240430000 -2.644080000 0.00000000000000000000 1.00000000000000000000 2 0 8 313 314 315 337 339 361 362 363 
339 1542 5.132790000 -2.827530000 0.00000000000000000000 1.00000000000000000000 2 0 8 314 315 316 338 340 362 363 364 
340 1543 5.018020000 -3.006650000 0.00000000000000000000 1.00000000000000000000 2 0 8 315 316 317 339 341 363 364 365 
341 1544 4.896280000 -3.181160000 0.00000000000000000000 1.00000000000000000000 2 0 8 316 317 318 340 342 364 365 366 
342 1545 4.767760000 -3.350790000 0.00000000000000000000 1.00000000000000000000 2 0 8 317 318 319 341 343 365 366 367 
343 1546 4.632660000 -3.515290000 0.00000000000000000000 1.00000000000000000000 2 0 8 318 319 320 342 344 366 367 368 
344 1547 4.491180000 -3.674390000 0.00000000000000000000 1.00000000000000000000 2 0 8 319 320 645 343 647 367 368 649 
345 1548 5.864720000 0.846195000 0.00000000000000000000 1.00000000000000000000 2 0 8 646 321 322 648 346 650 369 370 
346 1549 5.893870000 0.635765000 0.00000000000000000000 1.00000000000000000000 2 0 8 321 322 323 345 347 369 370 371 
347 1550 5.914720000 0.424363000 0.00000000000000000000 1.00000000000000000000 2 0 8 322 323 324 346 348 370 371 372 
348 1551 5.927240000 0.212310000 0.00000000000000000000 1.00000000000000000000 2 0 8 323 324 301 347 325 371 372 349 
349 1552 6.272850000 -0.000065130 0.00000000000000000000 1.00000000000000000000 2 0 8 348 325 326 372 350 396 373 374 
350 1553 6.268410000 -0.225918000 0.00000000000000000000 1.00000000000000000000 2 0 8 325 326 327 349 351 373 374 375 
351 1554 6.255090000 -0.451424000 0.00000000000000000000 1.00000000000000000000 2 0 8 326 327 328 350 352 374 375 376 
352 1555 6.232920000 -0.676239000 0.00000000000000000000 1.00000000000000000000 2 0 8 327 328 329 351 353 375 376 377 
353 1556 6.201930000 -0.900018000 0.00000000000000000000 1.00000000000000000000 2 0 8 328 329 330 352 354 376 377 378 
354 1557 6.162160000 -1.122420000 0.00000000000000000000 1.00000000000000000000 2 0 8 329 330 331 353 355 377 378 379 
355 1558 6.113680000 -1.343100000 0.00000000000000000000 1.00000000000000000000 2 0 8 330 331 332 354 356 378 379 380 
356 1559 6.056570000 -1.561720000 0.00000000000000000000 1.00000000000000000000 2 0 8 331 332 333 355 357 379 380 381 
357 1560 5.990900000 -1.777950000 0.00000000000000000000 1.00000000000000000000 2 0 8 332 333 334 356 358 380 381 382 
358 1561 5.916790000 -1.991450000 0.00000000000000000000 1.00000000000000000000 2 0 8 333 334 335 357 359 381 382 383 
359 1562 5.834330000 -2.201910000 0.00000000000000000000 1.00000000000000000000 2 0 8 334 335 336 358 360 382 383 384 
360 1563 5.743660000 -2.408980000 0.00000000000000000000 1.00000000000000000000 2 0 8 335 336 337 359 361 383 384 385 
361 1564 5.644920000 -2.612370000 0.00000000000000000000 1.00000000000000000000 2 0 8 336 337 338 360 362 384 385 386 
362 1565 5.538250000 -2.811750000 0.00000000000000000000 1.00000000000000000000 2 0 8 337 338 339 361 363 385 386 387 
363 1566 5.423820000 -3.006820000 0.00000000000000000000 1.00000000000000000000 2 0 8 338 339 340 362 364 386 387 388 
364 1567 5.301800000 -3.197270000 0.00000000000000000000 1.00000000000000000000 2 0 8 339 340 341 363 365 387 388 389 
365 1568 5.172390000 -3.382830000 0.00000000000000000000 1.00000000000000000000 2 0 8 340 341 342 364 366 388 389 390 
366 1569 5.035760000 -3.563190000 0.00000000000000000000 1.00000000000000000000 2 0 8 341 342 343 365 367 389 390 391 
367 1570 4.892150000 -3.738090000 0.00000000000000000000 1.00000000000000000000 2 0 8 342 343 344 366 368 390 391 392 
368 1571 4.741750000 -3.907250000 0.00000000000000000000 1.00000000000000000000 2 0 8 343 344 647 367 649 391 392 651 
369 1572 6.201940000 0.899891000 0.00000000000000000000 1.00000000000000000000 2 0 8 648 345 346 650 370 652 393 394 
370 1573 6.232930000 0.676111000 0.00000000000000000000 1.00000000000000000000 2 0 8 345 346 347 369 371 393 394 395 
371 1574 6.255100000 0.451295000 0.00000000000000000000 1.00000000000000000000 2 0 8 346 347 348 370 372 394 395 396 
372 1575 6.268410000 0.225788000 0.00000000000000000000 1.00000000000000000000 2 0 8 347 348 325 371 349 395 396 373 
373 1576 6.635890000 -0.000062018 0.00000000000000000000 1.00000000000000000000 2 0 8 372 349 350 396 374 420 397 398 
374 1577 6.631170000 -0.240239000 0.00000000000000000000 1.00000000000000000000 2 0 8 349 350 351 373 375 397 398 399 
375 1578 6.617010000 -0.480047000 0.00000000000000000000 1.00000000000000000000 2 0 8 350 351 352 374 376 398 399 400 
376 1579 6.593430000 -0.719119000 0.00000000000000000000 1.00000000000000000000 2 0 8 351 352 353 375 377 399 400 401 
377 1580 6.560480000 -0.957089000 0.00000000000000000000 1.00000000000000000000 2 0 8 352 353 354 376 378 400 401 402 
378 1581 6.518210000 -1.193590000 0.00000000000000000000 1.00000000000000000000 2 0 8 353 354 355 377 379 401 402 403 
379 1582 6.466670000 -1.428260000 0.00000000000000000000 1.00000000000000000000 2 0 8 354 355 356 378 380 402 403 404 
380 1583 6.405950000 -1.660740000 0.00000000000000000000 1.00000000000000000000 2 0 8 355 356 357 379 381 403 404 405 
381 1584 6.336130000 -1.890680000 0.00000000000000000000 1.00000000000000000000 2 0 8 356 357 358 380 382 404 405 406 
382 1585 6.257330000 -2.117710000 0.00000000000000000000 1.00000000000000000000 2 0 8 357 358 359 381 383 405 406 407 
383 1586 6.169670000 -2.341500000 0.00000000000000000000 1.00000000000000000000 2 0 8 358 359 360 382 384 406 407 408 
384 1587 6.073280000 -2.561700000 0.00000000000000000000 1.00000000000000000000 2 0 8 359 360 361 383 385 407 408 409 
385 1588 5.968300000 -2.777960000 0.00000000000000000000 1.00000000000000000000 2 0 8 360 361 362 384 386 408 409 410 
386 1589 5.854900000 -2.989970000 0.00000000000000000000 1.00000000000000000000 2 0 8 361 362 363 385 387 409 410 411 
387 1590 5.733250000 -3.197390000 0.00000000000000000000 1.00000000000000000000 2 0 8 362 363 364 386 388 410 411 412 
388 1591 5.603540000 -3.399900000 0.00000000000000000000 1.00000000000000000000 2 0 8 363 364 365 387 389 411 412 413 
389 1592 5.465950000 -3.597190000 0.00000000000000000000 1.00000000000000000000 2 0 8 364 365 366 388 390 412 413 414 
390 1593 5.320720000 -3.788960000 0.00000000000000000000 1.00000000000000000000 2 0 8 365 366 367 389 391 413 414 415 
391 1594 5.168040000 -3.974920000 0.00000000000000000000 1.00000000000000000000 2 0 8 366 367 368 390 392 414 415 416 
392 1595 5.008170000 -4.154770000 0.00000000000000000000 1.00000000000000000000 2 0 8 367 368 649 391 651 415 416 653 
393 1596 6.560500000 0.956968000 0.00000000000000000000 1.00000000000000000000 2 0 8 650 369 370 652 394 654 417 418 
394 1597 6.593450000 0.718997000 0.00000000000000000000 1.00000000000000000000 2 0 8 369 370 371 393 395 417 418 419 
395 1598 6.617010000 0.479924000 0.00000000000000000000 1.00000000000000000000 2 0 8 370 371 372 394 396 418 419 420 
396 1599 6.631170000 0.240115000 0.00000000000000000000 1.00000000000000000000 2 0 8 371 372 349 395 373 419 420 397 
397 1600 7.021880000 -0.000058075 0.00000000000000000000 1.00000000000000000000 2 0 8 396 373 374 420 398 444 421 422 
398 1601 7.016860000 -0.255461000 0.00000000000000000000 1.00000000000000000000 2 0 8 373 374 375 397 399 421 422 423 
399 1602 7.001810000 -0.510472000 0.00000000000000000000 1.00000000000000000000 2 0 8 374 375 376 398 400 422 423 424 
400 1603 6.976740000 -0.764700000 0.00000000000000000000 1.00000000000000000000 2 0 8 375 376 377 399 401 423 424 425 
401 1604 6.941710000 -1.017750000 0.00000000000000000000 1.00000000000000000000 2 0 8 376 377 378 400 402 424 425 426 
402 1605 6.896770000 -1.269250000 0.00000000000000000000 1.00000000000000000000 2 0 8 377 378 379 401 403 425 426 427 
403 1606 6.841970000 -1.518790000 0.00000000000000000000 1.00000000000000000000 2 0 8 378 379 380 402 404 426 427 428 
404 1607 6.777410000 -1.766010000 0.00000000000000000000 1.00000000000000000000 2 0 8 379 380 381 403 405 427 428 429 
405 1608 6.703190000 -2.010510000 0.00000000000000000000 1.00000000000000000000 2 0 8 380 381 382 404 406 428 429 430 
406 1609 6.619420000 -2.251930000 0.00000000000000000000 1.00000000000000000000 2 0 8 381 382 383 405 407 429 430 431 
407 1610 6.526220000 -2.489890000 0.00000000000000000000 1.00000000000000000000 2 0 8 382 383 384 406 408 430 431 432 
408 1611 6.423740000 -2.724030000 0.00000000000000000000 1.00000000000000000000 2 0 8 383 384 385 407 409 431 432 433 
409 1612 6.312130000 -2.953990000 0.00000000000000000000 1.00000000000000000000 2 0 8 384 385 386 408 410 432 433 434 
410 1613 6.191570000 -3.179410000 0.00000000000000000000 1.00000000000000000000 2 0 8 385 386 387 409 411 433 434 435 
411 1614 6.062240000 -3.399960000 0.00000000000000000000 1.00000000000000000000 2 0 8 386 387 388 410 412 434 435 436 
412 1615 5.924340000 -3.615280000 0.00000000000000000000 1.00000000000000000000 2 0 8 387 388 389 411 413 435 436 437 
413 1616 5.778080000 -3.825050000 0.00000000000000000000 1.00000000000000000000 2 0 8 388 389 390 412 414 436 437 438 
414 1617 5.623680000 -4.028940000 0.00000000000000000000 1.00000000000000000000 2 0 8 389 390 391 413 415 437 438 439 
415 1618 5.461370000 -4.226650000 0.00000000000000000000 1.00000000000000000000 2 0 8 390 391 392 414 416 438 439 440 
416 1619 5.291420000 -4.417860000 0.00000000000000000000 1.00000000000000000000 2 0 8 391 392 651 415 653 439 440 655 
417 1620 6.941730000 1.017640000 0.00000000000000000000 1.00000000000000000000 2 0 8 652 393 394 654 418 656 441 442 
418 1621 6.976760000 0.764586000 0.00000000000000000000 1.00000000000000000000 2 0 8 393 394 395 417 419 441 442 443 
419 1622 7.001810000 0.510357000 0.00000000000000000000 1.00000000000000000000 2 0 8 394 395 396 418 420 442 443 444 
420 1623 7.016860000 0.255346000 0.00000000000000000000 1.00000000000000000000 2 0 8 395 396 373 419 397 443 444 421 
421 1624 7.432280000 -0.000053221 0.00000000000000000000 1.00000000000000000000 2 0 8 420 397 398 444 422 468 445 446 
422 1625 7.426940000 -0.271643000 0.00000000000000000000 1.00000000000000000000 2 0 8 397 398 399 421 423 445 446 447 
423 1626 7.410930000 -0.542815000 0.00000000000000000000 1.00000000000000000000 2 0 8 398 399 400 422 424 446 447 448 
424 1627 7.384290000 -0.813154000 0.00000000000000000000 1.00000000000000000000 2 0 8 399 400 401 423 425 447 448 449 
425 1628 7.347040000 -1.082240000 0.00000000000000000000 1.00000000000000000000 2 0 8 400 401 402 424 426 448 449 450 
426 1629 7.299250000 -1.349670000 0.00000000000000000000 1.00000000000000000000 2 0 8 401 402 403 425 427 449 450 451 
427 1630 7.241000000 -1.615030000 0.00000000000000000000 1.00000000000000000000 2 0 8 402 403 404 426 428 450 451 452 
428 1631 7.172360000 -1.877900000 0.00000000000000000000 1.00000000000000000000 2 0 8 403 404 405 427 429 451 452 453 
429 1632 7.093450000 -2.137890000 0.00000000000000000000 1.00000000000000000000 2 0 8 404 405 406 428 430 452 453 454 
430 1633 7.004380000 -2.394600000 0.00000000000000000000 1.00000000000000000000 2 0 8 405 406 407 429 431 453 454 455 
431 1634 6.905290000 -2.647630000 0.00000000000000000000 1.00000000000000000000 2 0 8 406 407 408 430 432 454 455 456 
432 1635 6.796340000 -2.896600000 0.00000000000000000000 1.00000000000000000000 2 0 8 407 408 409 431 433 455 456 457 
433 1636 6.677690000 -3.141110000 0.00000000000000000000 1.00000000000000000000 2 0 8 408 409 410 432 434 456 457 458 
434 1637 6.549520000 -3.380800000 0.00000000000000000000 1.00000000000000000000 2 0 8 409 410 411 433 435 457 458 459 
435 1638 6.412020000 -3.615290000 0.00000000000000000000 1.00000000000000000000 2 0 8 410 411 412 434 436 458 459 460 
436 1639 6.265410000 -3.844230000 0.00000000000000000000 1.00000000000000000000 2 0 8 411 412 413 435 437 459 460 461 
437 1640 6.109920000 -4.067270000 0.00000000000000000000 1.00000000000000000000 2 0 8 412 413 414 436 438 460 461 462 
438 1641 5.945780000 -4.284050000 0.00000000000000000000 1.00000000000000000000 2 0 8 413 414 415 437 439 461 462 463 
439 1642 5.773240000 -4.494250000 0.00000000000000000000 1.00000000000000000000 2 0 8 414 415 416 438 440 462 463 464 
440 1643 5.592560000 -4.697540000 0.00000000000000000000 1.00000000000000000000 2 0 8 415 416 653 439 655 463 464 657 
441 1644 7.347060000 1.082140000 0.00000000000000000000 1.00000000000000000000 2 0 8 654 417 418 656 442 658 465 466 
442 1645 7.384300000 0.813049000 0.00000000000000000000 1.00000000000000000000 2 0 8 417 418 419 441 443 465 466 467 
443 1646 7.410940000 0.542710000 0.00000000000000000000 1.00000000000000000000 2 0 8 418 419 420 442 444 466 467 468 
444 1647 7.426940000 0.271537000 0.00000000000000000000 1.00000000000000000000 2 0 8 419 420 397 443 421 467 468 445 
445 1648 7.868600000 -0.000047373 0.00000000000000000000 1.00000000000000000000 2 0 8 444 421 422 468 446 492 469 470 
446 1649 7.862920000 -0.288845000 0.00000000000000000000 1.00000000000000000000 2 0 8 421 422 423 445 447 469 470 471 
447 1650 7.845910000 -0.577198000 0.00000000000000000000 1.00000000000000000000 2 0 8 422 423 424 446 448 470 471 472 
448 1651 7.817580000 -0.864664000 0.00000000000000000000 1.00000000000000000000 2 0 8 423 424 425 447 449 471 472 473 
449 1652 7.777980000 -1.150800000 0.00000000000000000000 1.00000000000000000000 2 0 8 424 425 426 448 450 472 473 474 
450 1653 7.727170000 -1.435170000 0.00000000000000000000 1.00000000000000000000 2 0 8 425 426 427 449 451 473 474 475 
451 1654 7.665230000 -1.717340000 0.00000000000000000000 1.00000000000000000000 2 0 8 426 427 428 450 452 474 475 476 
452 1655 7.592260000 -1.996860000 0.00000000000000000000 1.00000000000000000000 2 0 8 427 428 429 451 453 475 476 477 
453 1656 7.508360000 -2.273320000 0.00000000000000000000 1.00000000000000000000 2 0 8 428 429 430 452 454 476 477 478 
454 1657 7.413670000 -2.546280000 0.00000000000000000000 1.00000000000000000000 2 0 8 429 430 431 453 455 477 478 479 
455 1658 7.308320000 -2.815330000 0.00000000000000000000 1.00000000000000000000 2 0 8 430 431 432 454 456 478 479 480 
456 1659 7.192480000 -3.080050000 0.00000000000000000000 1.00000000000000000000 2 0 8 431 432 433 455 457 479 480 481 
457 1660 7.066340000 -3.340040000 0.00000000000000000000 1.00000000000000000000 2 0 8 432 433 434 456 458 480 481 482 
458 1661 6.930070000 -3.594890000 0.00000000000000000000 1.00000000000000000000 2 0 8 433 434 435 457 459 481 482 483 
459 1662 6.783890000 -3.844210000 0.00000000000000000000 1.00000000000000000000 2 0 8 434 435 436 458 460 482 483 484 
460 1663 6.628030000 -4.087630000 0.00000000000000000000 1.00000000000000000000 2 0 8 435 436 437 459 461 483 484 485 
461 1664 6.462720000 -4.324760000 0.00000000000000000000 1.00000000000000000000 2 0 8 436 437 438 460 462 484 485 486 
462 1665 6.288220000 -4.555240000 0.00000000000000000000 1.00000000000000000000 2 0 8 437 438 439 461 463 485 486 487 
463 1666 6.104790000 -4.778720000 0.00000000000000000000 1.00000000000000000000 2 0 8 438 439 440 462 464 486 487 488 
464 1667 5.912720000 -4.994850000 0.00000000000000000000 1.00000000000000000000 2 0 8 439 440 655 463 657 487 488 659 
465 1668 7.777990000 1.150710000 0.00000000000000000000 1.00000000000000000000 2 0 8 656 441 442 658 466 660 489 490 
466 1669 7.817590000 0.864571000 0.00000000000000000000 1.00000000000000000000 2 0 8 441 442 443 465 467 489 490 491 
467 1670 7.845910000 0.577104000 0.00000000000000000000 1.00000000000000000000 2 0 8 442 443 444 466 468 490 491 492 
468 1671 7.862930000 0.288750000 0.00000000000000000000 1.00000000000000000000 2 0 8 443 444 421 467 445 491 492 469 
469 1672 8.332490000 -0.000040442 0.00000000000000000000 1.00000000000000000000 2 0 8 468 445 446 492 470 516 493 494 
470 1673 8.326450000 -0.307132000 0.00000000000000000000 1.00000000000000000000 2 0 8 445 446 447 469 471 493 494 495 
471 1674 8.308360000 -0.613752000 0.00000000000000000000 1.00000000000000000000 2 0 8 446 447 448 470 472 494 495 496 
472 1675 8.278240000 -0.919427000 0.00000000000000000000 1.00000000000000000000 2 0 8 447 448 449 471 473 495 496 497 
473 1676 8.236140000 -1.223690000 0.00000000000000000000 1.00000000000000000000 2 0 8 448 449 450 472 474 496 497 498 
474 1677 8.182120000 -1.526070000 0.00000000000000000000 1.00000000000000000000 2 0 8 449 450 451 473 475 497 498 499 
475 1678 8.116270000 -1.826100000 0.00000000000000000000 1.00000000000000000000 2 0 8 450 451 452 474 476 498 499 500 
476 1679 8.038680000 -2.123330000 0.00000000000000000000 1.00000000000000000000 2 0 8 451 452 453 475 477 499 500 501 
477 1680 7.949480000 -2.417290000 0.00000000000000000000 1.00000000000000000000 2 0 8 452 453 454 476 478 500 501 502 
478 1681 7.848800000 -2.707530000 0.00000000000000000000 1.00000000000000000000 2 0 8 453 454 455 477 479 501 502 503 
479 1682 7.736800000 -2.993610000 0.00000000000000000000 1.00000000000000000000 2 0 8 454 455 456 478 480 502 503 504 
480 1683 7.613650000 -3.275080000 0.00000000000000000000 1.00000000000000000000 2 0 8 455 456 457 479 481 503 504 505 
481 1684 7.479530000 -3.551520000 0.00000000000000000000 1.00000000000000000000 2 0 8 456 457 458 480 482 504 505 506 
482 1685 7.334660000 -3.822490000 0.00000000000000000000 1.00000000000000000000 2 0 8 457 458 459 481 483 505 506 507 
483 1686 7.179250000 -4.087590000 0.00000000000000000000 1.00000000000000000000 2 0 8 458 459 460 482 484 506 507 508 
484 1687 7.013550000 -4.346390000 0.00000000000000000000 1.00000000000000000000 2 0 8 459 460 461 483 485 507 508 509 
485 1688 6.837800000 -4.598510000 0.00000000000000000000 1.00000000000000000000 2 0 8 460 461 462 484 486 508 509 510 
486 1689 6.652280000 -4.843560000 0.00000000000000000000 1.00000000000000000000 2 0 8 461 462 463 485 487 509 510 511 
487 1690 6.457280000 -5.081150000 0.00000000000000000000 1.00000000000000000000 2 0 8 462 463 464 486 488 510 511 512 
488 1691 6.253090000 -5.310920000 0.00000000000000000000 1.00000000000000000000 2 0 8 463 464 657 487 659 511 512 661 
489 1692 8.236150000 1.223610000 0.00000000000000000000 1.00000000000000000000 2 0 8 658 465 466 660 490 662 513 514 
490 1693 8.278250000 0.919348000 0.00000000000000000000 1.00000000000000000000 2 0 8 465 466 467 489 491 513 514 515 
491 1694 8.308370000 0.613672000 0.00000000000000000000 1.00000000000000000000 2 0 8 466 467 468 490 492 514 515 516 
492 1695 8.326460000 0.307052000 0.00000000000000000000 1.00000000000000000000 2 0 8 467 468 445 491 469 515 516 493 
493 1696 8.825670000 -0.000032338 0.00000000000000000000 1.00000000000000000000 2 0 8 492 469 470 516 494 540 517 518 
494 1697 8.819260000 -0.326575000 0.00000000000000000000 1.00000000000000000000 2 0 8 469 470 471 493 495 517 518 519 
495 1698 8.800020000 -0.652615000 0.00000000000000000000 1.00000000000000000000 2 0 8 470 471 472 494 496 518 519 520 
496 1699 8.768000000 -0.977651000 0.00000000000000000000 1.00000000000000000000 2 0 8 471 472 473 495 497 519 520 521 
497 1700 8.723240000 -1.301180000 0.00000000000000000000 1.00000000000000000000 2 0 8 472 473 474 496 498 520 521 522 
498 1701 8.665800000 -1.622710000 0.00000000000000000000 1.00000000000000000000 2 0 8 473 474 475 497 499 521 522 523 
499 1702 8.595790000 -1.941740000 0.00000000000000000000 1.00000000000000000000 2 0 8 474 475 476 498 500 522 523 524 
500 1703 8.513300000 -2.257790000 0.00000000000000000000 1.00000000000000000000 2 0 8 475 476 477 499 501 523 524 525 
501 1704 8.418460000 -2.570360000 0.00000000000000000000 1.00000000000000000000 2 0 8 476 477 478 500 502 524 525 526 
502 1705 8.311420000 -2.878970000 0.00000000000000000000 1.00000000000000000000 2 0 8 477 478 479 501 503 525 526 527 
503 1706 8.192330000 -3.183150000 0.00000000000000000000 1.00000000000000000000 2 0 8 478 479 480 502 504 526 527 528 
504 1707 8.061400000 -3.482440000 0.00000000000000000000 1.00000000000000000000 2 0 8 479 480 481 503 505 527 528 529 
505 1708 7.918810000 -3.776360000 0.00000000000000000000 1.00000000000000000000 2 0 8 480 481 482 504 506 528 529 530 
506 1709 7.764780000 -4.064470000 0.00000000000000000000 1.00000000000000000000 2 0 8 481 482 483 505 507 529 530 531 
507 1710 7.599560000 -4.346330000 0.00000000000000000000 1.00000000000000000000 2 0 8 482 483 484 506 508 530 531 532 
508 1711 7.423390000 -4.621500000 0.00000000000000000000 1.00000000000000000000 2 0 8 483 484 485 507 509 531 532 533 
509 1712 7.236550000 -4.889550000 0.00000000000000000000 1.00000000000000000000 2 0 8 484 485 486 508 510 532 533 534 
510 1713 7.039320000 -5.150080000 0.00000000000000000000 1.00000000000000000000 2 0 8 485 486 487 509 511 533 534 535 
511 1714 6.832010000 -5.402670000 0.00000000000000000000 1.00000000000000000000 2 0 8 486 487 488 510 512 534 535 536 
512 1715 6.614930000 -5.646950000 0.00000000000000000000 1.00000000000000000000 2 0 8 487 488 659 511 661 535 536 663 
513 1716 8.723250000 1.301120000 0.00000000000000000000 1.00000000000000000000 2 0 8 660 489 490 662 514 666 537 538 
514 1717 8.768010000 0.977587000 0.00000000000000000000 1.00000000000000000000 2 0 8 489 490 491 513 515 537 538 539 
515 1718 8.800030000 0.652551000 0.00000000000000000000 1.00000000000000000000 2 0 8 490 491 492 514 516 538 539 540 
516 1719 8.819260000 0.326511000 0.00000000000000000000 1.00000000000000000000 2 0 8 491 492 469 515 493 539 540 517 
517 1720 9.350000000 -0.000022964 0.00000000000000000000 1.00000000000000000000 2 0 8 516 493 494 540 518 564 541 542 
518 1721 9.343170000 -0.347247000 0.00000000000000000000 1.00000000000000000000 2 0 8 493 494 495 517 519 541 542 543 
519 1722 9.322720000 -0.693936000 0.00000000000000000000 1.00000000000000000000 2 0 8 494 495 496 518 520 542 543 544 
520 1723 9.288680000 -1.039560000 0.00000000000000000000 1.00000000000000000000 2 0 8 495 496 497 519 521 543 544 545 
521 1724 9.241080000 -1.383580000 0.00000000000000000000 1.00000000000000000000 2 0 8 496 497 498 520 522 544 545 546 
522 1725 9.180020000 -1.725460000 0.00000000000000000000 1.00000000000000000000 2 0 8 497 498 499 521 523 545 546 547 
523 1726 9.105580000 -2.064700000 0.00000000000000000000 1.00000000000000000000 2 0 8 498 499 500 522 524 546 547 548 
524 1727 9.017870000 -2.400750000 0.00000000000000000000 1.00000000000000000000 2 0 8 499 500 501 523 525 547 548 549 
525 1728 8.917040000 -2.733110000 0.00000000000000000000 1.00000000000000000000 2 0 8 500 501 502 524 526 548 549 550 
526 1729 8.803230000 -3.061250000 0.00000000000000000000 1.00000000000000000000 2 0 8 501 502 503 525 527 549 550 551 
527 1730 8.676620000 -3.384690000 0.00000000000000000000 1.00000000000000000000 2 0 8 502 503 504 526 528 550 551 552 
528 1731 8.537410000 -3.702910000 0.00000000000000000000 1.00000000000000000000 2 0 8 503 504 505 527 529 551 552 553 
529 1732 8.385810000 -4.015420000 0.00000000000000000000 1.00000000000000000000 2 0 8 504 505 506 528 530 552 553 554 
530 1733 8.222060000 -4.321760000 0.00000000000000000000 1.00000000000000000000 2 0 8 505 506 507 529 531 553 554 555 
531 1734 8.046400000 -4.621440000 0.00000000000000000000 1.00000000000000000000 2 0 8 506 507 508 530 532 554 555 556 
532 1735 7.859100000 -4.914000000 0.00000000000000000000 1.00000000000000000000 2 0 8 507 508 509 531 533 555 556 557 
533 1736 7.660460000 -5.198990000 0.00000000000000000000 1.00000000000000000000 2 0 8 508 509 510 532 534 556 557 558 
534 1737 7.450780000 -5.475970000 0.00000000000000000000 1.00000000000000000000 2 0 8 509 510 511 533 535 557 558 559 
535 1738 7.230380000 -5.744520000 0.00000000000000000000 1.00000000000000000000 2 0 8 510 511 512 534 536 558 559 560 
536 1739 6.999600000 -6.004220000 0.00000000000000000000 1.00000000000000000000 2 0 8 511 512 661 535 663 559 560 667 
537 1740 9.241090000 1.383530000 0.00000000000000000000 1.00000000000000000000 2 0 8 662 513 514 666 538 670 561 562 
538 1741 9.288680000 1.039510000 0.00000000000000000000 1.00000000000000000000 2 0 8 513 514 515 537 539 561 562 563 
539 1742 9.322730000 0.693890000 0.00000000000000000000 1.00000000000000000000 2 0 8 514 515 516 538 540 562 563 564 
540 1743 9.343170000 0.347201000 0.00000000000000000000 1.00000000000000000000 2 0 8 515 516 493 539 517 563 564 541 
541 1744 9.907410000 -0.000012220 0.00000000000000000000 1.00000000000000000000 2 0 8 540 517 518 564 542 590 565 566 
542 1745 9.900160000 -0.369226000 0.00000000000000000000 1.00000000000000000000 2 0 8 517 518 519 541 543 565 566 567 
543 1746 9.878420000 -0.737872000 0.00000000000000000000 1.00000000000000000000 2 0 8 518 519 520 542 544 566 567 568 
544 1747 9.842220000 -1.105380000 0.00000000000000000000 1.00000000000000000000 2 0 8 519 520 521 543 545 567 568 569 
545 1748 9.791620000 -1.471180000 0.00000000000000000000 1.00000000000000000000 2 0 8 520 521 522 544 546 568 569 570 
546 1749 9.726690000 -1.834720000 0.00000000000000000000 1.00000000000000000000 2 0 8 521 522 523 545 547 569 570 571 
547 1750 9.647540000 -2.195430000 0.00000000000000000000 1.00000000000000000000 2 0 8 522 523 524 546 548 570 571 572 
548 1751 9.554290000 -2.552760000 0.00000000000000000000 1.00000000000000000000 2 0 8 523 524 525 547 549 571 572 573 
549 1752 9.447080000 -2.906160000 0.00000000000000000000 1.00000000000000000000 2 0 8 524 525 526 548 550 572 573 574 
550 1753 9.326080000 -3.255070000 0.00000000000000000000 1.00000000000000000000 2 0 8 525 526 527 549 551 573 574 575 
551 1754 9.191470000 -3.598970000 0.00000000000000000000 1.00000000000000000000 2 0 8 526 527 528 550 552 574 575 576 
552 1755 9.043460000 -3.937330000 0.00000000000000000000 1.00000000000000000000 2 0 8 527 528 529 551 553 575 576 577 
553 1756 8.882280000 -4.269610000 0.00000000000000000000 1.00000000000000000000 2 0 8 528 529 530 552 554 576 577 578 
554 1757 8.708180000 -4.595320000 0.00000000000000000000 1.00000000000000000000 2 0 8 529 530 531 553 555 577 578 579 
555 1758 8.521420000 -4.913950000 0.00000000000000000000 1.00000000000000000000 2 0 8 530 531 532 554 556 578 579 580 
556 1759 8.322290000 -5.225000000 0.00000000000000000000 1.00000000000000000000 2 0 8 531 532 533 555 557 579 580 581 
557 1760 8.111110000 -5.528000000 0.00000000000000000000 1.00000000000000000000 2 0 8 532 533 534 556 558 580 581 582 
558 1761 7.888180000 -5.822490000 0.00000000000000000000 1.00000000000000000000 2 0 8 533 534 535 557 559 581 582 583 
559 1762 7.653870000 -6.108000000 0.00000000000000000000 1.00000000000000000000 2 0 8 534 535 536 558 560 582 583 584 
560 1763 7.408520000 -6.384090000 0.00000000000000000000 1.00000000000000000000 2 0 8 535 536 663 559 667 583 584 585 
561 1764 9.791620000 1.471160000 0.00000000000000000000 1.00000000000000000000 2 0 8 666 537 538 670 562 586 587 588 
562 1765 9.842220000 1.105360000 0.00000000000000000000 1.00000000000000000000 2 0 8 537 538 539 561 563 587 588 589 
563 1766 9.878420000 0.737847000 0.00000000000000000000 1.00000000000000000000 2 0 8 538 539 540 562 564 588 589 590 
564 1767 9.900160000 0.369202000 0.00000000000000000000 1.00000000000000000000 2 0 8 539 540 517 563 541 589 590 565 
565 1768 10.500000000 0.000000000 0.99980772181371246887 -0.01960916626667839197 3 0 9 564 541 542 590 566 563 543 589 567 
566 1769 10.492300000 -0.392598000 0.99923036785665630966 -0.03922590920617784888 3 0 8 541 542 543 565 567 517 518 519 
567 1770 10.469200000 -0.784591000 0.99691788084202492826 -0.07845214374028332271 3 0 8 542 543 544 566 568 518 519 520 
568 1771 10.430700000 -1.175370000 0.99306687754364719734 -0.11755074106831842062 3 0 8 543 544 545 567 569 519 520 521 
569 1772 10.376900000 -1.564340000 0.98769461406689917915 -0.15639485075679213089 3 0 8 544 545 546 568 570 520 521 522 
570 1773 10.307900000 -1.950900000 0.98078147951815464189 -0.19510942938305086969 3 0 8 545 546 547 569 571 521 522 523 
571 1774 10.223700000 -2.334450000 0.97236995871930587132 -0.23344520423477366222 3 0 8 546 547 548 570 572 522 523 524 
572 1775 10.124600000 -2.714400000 0.96246690843181492703 -0.27139906074580361084 3 0 8 547 548 549 571 573 523 524 525 
573 1776 10.010600000 -3.090170000 0.95103790582147740285 -0.30907426565584311673 3 0 8 548 549 550 572 574 524 525 526 
574 1777 9.881910000 -3.461170000 0.93817819331705998298 -0.34615267958566708906 3 0 8 549 550 551 573 575 525 526 527 
575 1778 9.738800000 -3.826830000 0.92388085835679678581 -0.38268023147519464322 3 0 8 550 551 552 574 576 526 527 528 
576 1779 9.581430000 -4.186600000 0.90814529595099369175 -0.41865513425978917450 3 0 8 551 552 553 575 577 527 528 529 
577 1780 9.410070000 -4.539910000 0.89100606038921459362 -0.45399140999548787123 3 0 8 552 553 554 576 578 528 529 530 
578 1781 9.224960000 -4.886210000 0.87249233372822920796 -0.48862780066781752453 3 0 8 553 554 555 577 579 529 530 531 
579 1782 9.026400000 -5.224990000 0.85264243366699354887 -0.52249486151581092663 3 0 8 554 555 556 578 580 530 531 532 
580 1783 8.814700000 -5.555700000 0.83146790944808723900 -0.55557278151294220425 3 0 8 555 556 557 579 581 531 532 533 
581 1784 8.590170000 -5.877850000 0.80901631335569235137 -0.58778618963392137431 3 0 8 556 557 558 580 582 532 533 534 
582 1785 8.353170000 -6.190940000 0.78531810464800855254 -0.61909246039025511710 3 0 8 557 558 559 581 583 533 534 535 
583 1786 8.104060000 -6.494480000 0.76040971087001563156 -0.64944366315684309843 3 0 8 558 559 560 582 584 534 535 536 
584 1787 7.843230000 -6.788010000 0.73432524777927332682 -0.67879778319755068594 3 0 8 559 560 667 583 585 535 536 663 
585 1788 7.571070000 -7.071070000 0.70710678118654757274 -0.70710678118654757274 3 0 8 560 667 668 584 671 536 663 664 
586 1789 10.307900000 1.950900000 0.98078147951815464189 0.19510942938305086969 3 0 8 669 670 561 672 587 665 666 537 
587 1790 10.376900000 1.564340000 0.98769461406689917915 0.15639485075679213089 3 0 8 670 561 562 586 588 666 537 538 
588 1791 10.430700000 1.175370000 0.99306687754364719734 0.11755074106831842062 3 0 8 561 562 563 587 589 537 538 539 
589 1792 10.469200000 0.784591000 0.99691788084202492826 0.07845214374028332271 3 0 8 562 563 564 588 590 538 539 540 
590 1793 10.492300000 0.392598000 0.99923036785665630966 0.03922590920617784888 3 0 9 563 564 541 589 565 562 542 588 566 
591 1116 2.56282 -4.90491e-05 2 0
592 1117 2.56124 -0.0785949 2 0
593 1118 2.55652 -0.157023 2 0
594 1119 2.54865 -0.235215 2 0
595 1120 2.53765 -0.313055 2 0
596 1121 2.52354 -0.390426 2 0
597 1122 2.50633 -0.467211 2 0
598 1123 2.48606 -0.543295 2 0
599 1124 2.46275 -0.618564 2 0
600 1125 2.43643 -0.692905 2 0
601 1126 2.40715 -0.766205 2 0
602 1127 2.37495 -0.838354 2 0
603 1128 2.33987 -0.909243 2 0
604 1145 2.55652 0.156926 2 0
605 1146 2.56125 0.0784973 2 0
606 1147 2.45298 -0.968541 2 0
607 1148 2.41273 -1.04258 2 0
608 9134 2.67475 0.25047 2 0
609 9135 2.6831 0.167173 2 0
610 1163 2.53066 -1.11031 2 0
611 1164 2.48477 -1.18748 2 0
612 1165 2.43584 -1.26285 2 0
613 9158 2.79659 0.355076 2 0
614 9159 2.809 0.266762 2 0
615 1177 2.55546 -1.34458 2 0
616 1178 2.50031 -1.42278 2 0
617 9180 2.9218 0.471559 2 0
618 9181 2.93872 0.378092 2 0
619 1188 2.62418 -1.51457 2 0
620 1189 2.56232 -1.5955 2 0
621 9202 3.07201 0.502031 2 0
622 1195 2.69027 -1.69816 2 0
623 1196 2.62116 -1.7817 2 0
624 9222 3.23185 0.534387 2 0
625 1200 2.75297 -1.89605 2 0
626 1201 2.67606 -1.98205 2 0
627 9242 3.40192 0.568747 2 0
628 1203 2.81148 -2.10899 2 0
629 1888 2.72618 -2.19725 2 0
630 9262 3.58285 0.605239 2 0
631 1910 2.86489 -2.3377 2 0
632 9282 3.77533 0.644001 2 0
633 1933 3.01244 -2.48689 2 0
634 9301 3.98007 0.685178 2 0
635 1957 3.16937 -2.64539 2 0
636 9319 4.19783 0.728925 2 0
637 1982 3.33627 -2.81379 2 0
638 9337 4.42944 0.775406 2 0
639 2008 3.51376 -2.99272 2 0
640 9355 4.67574 0.824794 2 0
641 2034 3.70251 -3.18286 2 0
642 9373 4.93767 0.877277 2 0
643 2060 3.90321 -3.38491 2 0
644 9391 5.21621 0.933052 2 0
645 2086 4.11663 -3.59964 2 0
646 9409 5.51239 0.992328 2 0
647 2112 4.34355 -3.82786 2 0
648 9427 5.82732 1.05533 2 0
649 2138 4.58482 -4.07042 2 0
650 9445 6.16218 1.12229 2 0
651 2164 4.84134 -4.32824 2 0
652 9463 6.51823 1.19347 2 0
653 2190 5.11407 -4.60229 2 0
654 9481 6.89679 1.26913 2 0
655 2216 5.40403 -4.89361 2 0
656 9499 7.29927 1.34957 2 0
657 2242 5.7123 -5.20329 2 0
658 9517 7.72719 1.43508 2 0
659 2268 6.04002 -5.53252 2 0
660 9534 8.18214 1.52599 2 0
661 2294 6.38842 -5.88254 2 0
662 9551 8.66581 1.62265 2 0
663 2320 6.7588 -6.25468 2 0
664 2321 6.50834 -6.49549 2 0
665 9567 9.10559 2.06465 2 0
666 9568 9.18003 1.72542 2 0
667 2346 7.15252 -6.65035 2 0
668 2347 6.88627 -6.90636 2 0
669 9584 9.64755 2.19541 2 0
670 9585 9.72669 1.8347 2 0
671 2372 7.28801 -7.34323 3 0
672 9600 10.2237 2.33445 3 0
