720 594 126
1 3596 0.296083000 -0.910306000 0.00000000000000000000 1.00000000000000000000 2 0 8 595 596 597 599 600 2 3 4 
2 3597 0.327767000 -0.980751000 0.00000000000000000000 1.00000000000000000000 2 0 8 598 599 1 612 3 14 15 16 
3 3598 0.284732000 -0.974606000 0.00000000000000000000 1.00000000000000000000 2 0 8 599 1 600 2 4 15 16 17 
4 3599 0.241984000 -0.966939000 0.00000000000000000000 1.00000000000000000000 2 0 8 1 600 601 3 5 16 17 18 
5 3600 0.199591000 -0.957761000 0.00000000000000000000 1.00000000000000000000 2 0 8 600 601 602 4 6 17 18 19 
6 3601 0.157619000 -0.947081000 0.00000000000000000000 1.00000000000000000000 2 0 8 601 602 603 5 7 18 19 20 
7 3602 0.116135000 -0.934915000 0.00000000000000000000 1.00000000000000000000 2 0 8 602 603 604 6 8 19 20 21 
8 3603 0.075204400 -0.921278000 0.00000000000000000000 1.00000000000000000000 2 0 8 603 604 605 7 9 20 21 22 
9 3604 0.034892900 -0.906189000 0.00000000000000000000 1.00000000000000000000 2 0 8 604 605 606 8 10 21 22 23 
10 3605 -0.004735460 -0.889670000 0.00000000000000000000 1.00000000000000000000 2 0 8 605 606 607 9 11 22 23 24 
11 3606 -0.043617100 -0.871743000 0.00000000000000000000 1.00000000000000000000 2 0 8 606 607 608 10 12 23 24 25 
12 3607 -0.081689700 -0.852435000 0.00000000000000000000 1.00000000000000000000 2 0 8 607 608 609 11 13 24 25 26 
13 3608 -0.118892000 -0.831774000 0.00000000000000000000 1.00000000000000000000 2 0 8 608 609 610 12 613 25 26 27 
14 3609 0.363703000 -1.054140000 0.00000000000000000000 1.00000000000000000000 2 0 8 611 612 2 618 15 30 31 32 
15 3610 0.318023000 -1.049140000 0.00000000000000000000 1.00000000000000000000 2 0 8 612 2 3 14 16 31 32 33 
16 3611 0.272577000 -1.042510000 0.00000000000000000000 1.00000000000000000000 2 0 8 2 3 4 15 17 32 33 34 
17 3612 0.227437000 -1.034260000 0.00000000000000000000 1.00000000000000000000 2 0 8 3 4 5 16 18 33 34 35 
18 3613 0.182673000 -1.024390000 0.00000000000000000000 1.00000000000000000000 2 0 8 4 5 6 17 19 34 35 36 
19 3614 0.138357000 -1.012910000 0.00000000000000000000 1.00000000000000000000 2 0 8 5 6 7 18 20 35 36 37 
20 3615 0.094557000 -0.999854000 0.00000000000000000000 1.00000000000000000000 2 0 8 6 7 8 19 21 36 37 38 
21 3616 0.051343900 -0.985222000 0.00000000000000000000 1.00000000000000000000 2 0 8 7 8 9 20 22 37 38 39 
22 3617 0.008786210 -0.969040000 0.00000000000000000000 1.00000000000000000000 2 0 8 8 9 10 21 23 38 39 40 
23 3618 -0.033048400 -0.951331000 0.00000000000000000000 1.00000000000000000000 2 0 8 9 10 11 22 24 39 40 41 
24 3619 -0.074093000 -0.932119000 0.00000000000000000000 1.00000000000000000000 2 0 8 10 11 12 23 25 40 41 42 
25 3620 -0.114282000 -0.911434000 0.00000000000000000000 1.00000000000000000000 2 0 8 11 12 13 24 26 41 42 43 
26 3621 -0.153550000 -0.889305000 0.00000000000000000000 1.00000000000000000000 2 0 8 12 13 613 25 27 42 43 44 
27 3622 -0.191835000 -0.865765000 0.00000000000000000000 1.00000000000000000000 2 0 8 13 613 614 26 28 43 44 45 
28 3623 -0.229075000 -0.840849000 0.00000000000000000000 1.00000000000000000000 2 0 8 613 614 615 27 29 44 45 46 
29 3624 -0.265209000 -0.814596000 0.00000000000000000000 1.00000000000000000000 2 0 8 614 615 616 28 619 45 46 47 
30 3625 0.404321000 -1.130450000 0.00000000000000000000 1.00000000000000000000 2 0 8 617 618 14 624 31 50 51 52 
31 3626 0.355873000 -1.126810000 0.00000000000000000000 1.00000000000000000000 2 0 8 618 14 15 30 32 51 52 53 
32 3627 0.307599000 -1.121410000 0.00000000000000000000 1.00000000000000000000 2 0 8 14 15 16 31 33 52 53 54 
33 3628 0.259575000 -1.114280000 0.00000000000000000000 1.00000000000000000000 2 0 8 15 16 17 32 34 53 54 55 
34 3629 0.211876000 -1.105400000 0.00000000000000000000 1.00000000000000000000 2 0 8 16 17 18 33 35 54 55 56 
35 3630 0.164577000 -1.094800000 0.00000000000000000000 1.00000000000000000000 2 0 8 17 18 19 34 36 55 56 57 
36 3631 0.117753000 -1.082490000 0.00000000000000000000 1.00000000000000000000 2 0 8 18 19 20 35 37 56 57 58 
37 3632 0.071477400 -1.068480000 0.00000000000000000000 1.00000000000000000000 2 0 8 19 20 21 36 38 57 58 59 
38 3633 0.025823600 -1.052800000 0.00000000000000000000 1.00000000000000000000 2 0 8 20 21 22 37 39 58 59 60 
39 3634 -0.019135900 -1.035470000 0.00000000000000000000 1.00000000000000000000 2 0 8 21 22 23 38 40 59 60 61 
40 3635 -0.063329500 -1.016500000 0.00000000000000000000 1.00000000000000000000 2 0 8 22 23 24 39 41 60 61 62 
41 3636 -0.106687000 -0.995930000 0.00000000000000000000 1.00000000000000000000 2 0 8 23 24 25 40 42 61 62 63 
42 3637 -0.149138000 -0.973789000 0.00000000000000000000 1.00000000000000000000 2 0 8 24 25 26 41 43 62 63 64 
43 3638 -0.190615000 -0.950109000 0.00000000000000000000 1.00000000000000000000 2 0 8 25 26 27 42 44 63 64 65 
44 3639 -0.231052000 -0.924924000 0.00000000000000000000 1.00000000000000000000 2 0 8 26 27 28 43 45 64 65 66 
45 3640 -0.270384000 -0.898272000 0.00000000000000000000 1.00000000000000000000 2 0 8 27 28 29 44 46 65 66 67 
46 3641 -0.308546000 -0.870195000 0.00000000000000000000 1.00000000000000000000 2 0 8 28 29 619 45 47 66 67 68 
47 3642 -0.345477000 -0.840734000 0.00000000000000000000 1.00000000000000000000 2 0 8 29 619 620 46 625 67 68 69 
48 3643 0.552761000 -1.208220000 0.00000000000000000000 1.00000000000000000000 2 0 8 621 622 623 628 49 70 71 72 
49 3644 0.501445000 -1.209890000 0.00000000000000000000 1.00000000000000000000 2 0 8 622 623 624 48 50 71 72 73 
50 3645 0.450076000 -1.209680000 0.00000000000000000000 1.00000000000000000000 2 0 8 623 624 30 49 51 72 73 74 
51 3646 0.398736000 -1.207600000 0.00000000000000000000 1.00000000000000000000 2 0 8 624 30 31 50 52 73 74 75 
52 3647 0.347502000 -1.203660000 0.00000000000000000000 1.00000000000000000000 2 0 8 30 31 32 51 53 74 75 76 
53 3648 0.296456000 -1.197840000 0.00000000000000000000 1.00000000000000000000 2 0 8 31 32 33 52 54 75 76 77 
54 3649 0.245677000 -1.190160000 0.00000000000000000000 1.00000000000000000000 2 0 8 32 33 34 53 55 76 77 78 
55 3650 0.195243000 -1.180630000 0.00000000000000000000 1.00000000000000000000 2 0 8 33 34 35 54 56 77 78 79 
56 3651 0.145235000 -1.169260000 0.00000000000000000000 1.00000000000000000000 2 0 8 34 35 36 55 57 78 79 80 
57 3652 0.095731700 -1.156070000 0.00000000000000000000 1.00000000000000000000 2 0 8 35 36 37 56 58 79 80 81 
58 3653 0.046810200 -1.141060000 0.00000000000000000000 1.00000000000000000000 2 0 8 36 37 38 57 59 80 81 82 
59 3654 -0.001451710 -1.124270000 0.00000000000000000000 1.00000000000000000000 2 0 8 37 38 39 58 60 81 82 83 
60 3655 -0.048977500 -1.105710000 0.00000000000000000000 1.00000000000000000000 2 0 8 38 39 40 59 61 82 83 84 
61 3656 -0.095691500 -1.085420000 0.00000000000000000000 1.00000000000000000000 2 0 8 39 40 41 60 62 83 84 85 
62 3657 -0.141519000 -1.063410000 0.00000000000000000000 1.00000000000000000000 2 0 8 40 41 42 61 63 84 85 86 
63 3658 -0.186388000 -1.039730000 0.00000000000000000000 1.00000000000000000000 2 0 8 41 42 43 62 64 85 86 87 
64 3659 -0.230226000 -1.014410000 0.00000000000000000000 1.00000000000000000000 2 0 8 42 43 44 63 65 86 87 88 
65 3660 -0.272962000 -0.987488000 0.00000000000000000000 1.00000000000000000000 2 0 8 43 44 45 64 66 87 88 89 
66 3661 -0.314528000 -0.959001000 0.00000000000000000000 1.00000000000000000000 2 0 8 44 45 46 65 67 88 89 90 
67 3662 -0.354857000 -0.928994000 0.00000000000000000000 1.00000000000000000000 2 0 8 45 46 47 66 68 89 90 91 
68 3663 -0.393883000 -0.897514000 0.00000000000000000000 1.00000000000000000000 2 0 8 46 47 625 67 69 90 91 92 
69 3664 -0.431545000 -0.864608000 0.00000000000000000000 1.00000000000000000000 2 0 8 47 625 626 68 629 91 92 93 
70 3665 0.609919000 -1.286350000 0.00000000000000000000 1.00000000000000000000 2 0 8 627 628 48 640 71 102 103 104 
71 3666 0.555752000 -1.290060000 0.00000000000000000000 1.00000000000000000000 2 0 8 628 48 49 70 72 103 104 105 
72 3667 0.501448000 -1.291780000 0.00000000000000000000 1.00000000000000000000 2 0 8 48 49 50 71 73 104 105 106 
73 3668 0.447092000 -1.291500000 0.00000000000000000000 1.00000000000000000000 2 0 8 49 50 51 72 74 105 106 107 
74 3669 0.392768000 -1.289230000 0.00000000000000000000 1.00000000000000000000 2 0 8 50 51 52 73 75 106 107 108 
75 3670 0.338560000 -1.284970000 0.00000000000000000000 1.00000000000000000000 2 0 8 51 52 53 74 76 107 108 109 
76 3671 0.284553000 -1.278710000 0.00000000000000000000 1.00000000000000000000 2 0 8 52 53 54 75 77 108 109 110 
77 3672 0.230830000 -1.270460000 0.00000000000000000000 1.00000000000000000000 2 0 8 53 54 55 76 78 109 110 111 
78 3673 0.177477000 -1.260240000 0.00000000000000000000 1.00000000000000000000 2 0 8 54 55 56 77 79 110 111 112 
79 3674 0.124576000 -1.248050000 0.00000000000000000000 1.00000000000000000000 2 0 8 55 56 57 78 80 111 112 113 
80 3675 0.072210500 -1.233920000 0.00000000000000000000 1.00000000000000000000 2 0 8 56 57 58 79 81 112 113 114 
81 3676 0.020463500 -1.217860000 0.00000000000000000000 1.00000000000000000000 2 0 8 57 58 59 80 82 113 114 115 
82 3677 -0.030583400 -1.199890000 0.00000000000000000000 1.00000000000000000000 2 0 8 58 59 60 81 83 114 115 116 
83 3678 -0.080849500 -1.180040000 0.00000000000000000000 1.00000000000000000000 2 0 8 59 60 61 82 84 115 116 117 
84 3679 -0.130255000 -1.158340000 0.00000000000000000000 1.00000000000000000000 2 0 8 60 61 62 83 85 116 117 118 
85 3680 -0.178721000 -1.134820000 0.00000000000000000000 1.00000000000000000000 2 0 8 61 62 63 84 86 117 118 119 
86 3681 -0.226171000 -1.109510000 0.00000000000000000000 1.00000000000000000000 2 0 8 62 63 64 85 87 118 119 120 
87 3682 -0.272528000 -1.082450000 0.00000000000000000000 1.00000000000000000000 2 0 8 63 64 65 86 88 119 120 121 
88 3683 -0.317719000 -1.053690000 0.00000000000000000000 1.00000000000000000000 2 0 8 64 65 66 87 89 120 121 122 
89 3684 -0.361671000 -1.023260000 0.00000000000000000000 1.00000000000000000000 2 0 8 65 66 67 88 90 121 122 123 
90 3685 -0.404314000 -0.991213000 0.00000000000000000000 1.00000000000000000000 2 0 8 66 67 68 89 91 122 123 124 
91 3686 -0.445578000 -0.957596000 0.00000000000000000000 1.00000000000000000000 2 0 8 67 68 69 90 92 123 124 125 
92 3687 -0.485397000 -0.922461000 0.00000000000000000000 1.00000000000000000000 2 0 8 68 69 629 91 93 124 125 126 
93 3688 -0.523706000 -0.885863000 0.00000000000000000000 1.00000000000000000000 2 0 8 69 629 630 92 94 125 126 127 
94 3689 -0.560445000 -0.847857000 0.00000000000000000000 1.00000000000000000000 2 0 8 629 630 631 93 95 126 127 128 
95 3690 -0.595552000 -0.808503000 0.00000000000000000000 1.00000000000000000000 2 0 8 630 631 632 94 96 127 128 129 
96 3691 -0.628972000 -0.767862000 0.00000000000000000000 1.00000000000000000000 2 0 8 631 632 633 95 97 128 129 130 
97 3692 -0.660649000 -0.725998000 0.00000000000000000000 1.00000000000000000000 2 0 8 632 633 634 96 98 129 130 131 
98 3693 -0.690533000 -0.682976000 0.00000000000000000000 1.00000000000000000000 2 0 8 633 634 635 97 99 130 131 132 
99 3694 -0.718574000 -0.638864000 0.00000000000000000000 1.00000000000000000000 2 0 8 634 635 636 98 100 131 132 133 
100 3695 -0.744726000 -0.593732000 0.00000000000000000000 1.00000000000000000000 2 0 8 635 636 637 99 101 132 133 134 
101 3696 -0.768947000 -0.547652000 0.00000000000000000000 1.00000000000000000000 2 0 8 636 637 638 100 641 133 134 644 
102 3697 0.673417000 -1.366760000 0.00000000000000000000 1.00000000000000000000 2 0 8 639 640 70 643 103 135 136 137 
103 3698 0.616295000 -1.372780000 0.00000000000000000000 1.00000000000000000000 2 0 8 640 70 71 102 104 136 137 138 
104 3699 0.558943000 -1.376680000 0.00000000000000000000 1.00000000000000000000 2 0 8 70 71 72 103 105 137 138 139 
105 3700 0.501450000 -1.378460000 0.00000000000000000000 1.00000000000000000000 2 0 8 71 72 73 104 106 138 139 140 
106 3701 0.443904000 -1.378120000 0.00000000000000000000 1.00000000000000000000 2 0 8 72 73 74 105 107 139 140 141 
107 3702 0.386395000 -1.375640000 0.00000000000000000000 1.00000000000000000000 2 0 8 73 74 75 106 108 140 141 142 
108 3703 0.329012000 -1.371040000 0.00000000000000000000 1.00000000000000000000 2 0 8 74 75 76 107 109 141 142 143 
109 3704 0.271844000 -1.364310000 0.00000000000000000000 1.00000000000000000000 2 0 8 75 76 77 108 110 142 143 144 
110 3705 0.214981000 -1.355460000 0.00000000000000000000 1.00000000000000000000 2 0 8 76 77 78 109 111 143 144 145 
111 3706 0.158510000 -1.344510000 0.00000000000000000000 1.00000000000000000000 2 0 8 77 78 79 110 112 144 145 146 
112 3707 0.102521000 -1.331460000 0.00000000000000000000 1.00000000000000000000 2 0 8 78 79 80 111 113 145 146 147 
113 3708 0.047101900 -1.316330000 0.00000000000000000000 1.00000000000000000000 2 0 8 79 80 81 112 114 146 147 148 
114 3709 -0.007660630 -1.299150000 0.00000000000000000000 1.00000000000000000000 2 0 8 80 81 82 113 115 147 148 149 
115 3710 -0.061680000 -1.279940000 0.00000000000000000000 1.00000000000000000000 2 0 8 81 82 83 114 116 148 149 150 
116 3711 -0.114871000 -1.258720000 0.00000000000000000000 1.00000000000000000000 2 0 8 82 83 84 115 117 149 150 151 
117 3712 -0.167149000 -1.235530000 0.00000000000000000000 1.00000000000000000000 2 0 8 83 84 85 116 118 150 151 152 
118 3713 -0.218430000 -1.210410000 0.00000000000000000000 1.00000000000000000000 2 0 8 84 85 86 117 119 151 152 153 
119 3714 -0.268635000 -1.183380000 0.00000000000000000000 1.00000000000000000000 2 0 8 85 86 87 118 120 152 153 154 
120 3715 -0.317681000 -1.154480000 0.00000000000000000000 1.00000000000000000000 2 0 8 86 87 88 119 121 153 154 155 
121 3716 -0.365492000 -1.123770000 0.00000000000000000000 1.00000000000000000000 2 0 8 87 88 89 120 122 154 155 156 
122 3717 -0.411990000 -1.091290000 0.00000000000000000000 1.00000000000000000000 2 0 8 88 89 90 121 123 155 156 157 
123 3718 -0.457101000 -1.057080000 0.00000000000000000000 1.00000000000000000000 2 0 8 89 90 91 122 124 156 157 158 
124 3719 -0.500752000 -1.021200000 0.00000000000000000000 1.00000000000000000000 2 0 8 90 91 92 123 125 157 158 159 
125 3720 -0.542874000 -0.983708000 0.00000000000000000000 1.00000000000000000000 2 0 8 91 92 93 124 126 158 159 160 
126 3721 -0.583397000 -0.944656000 0.00000000000000000000 1.00000000000000000000 2 0 8 92 93 94 125 127 159 160 161 
127 3722 -0.622257000 -0.904106000 0.00000000000000000000 1.00000000000000000000 2 0 8 93 94 95 126 128 160 161 162 
128 3723 -0.659391000 -0.862121000 0.00000000000000000000 1.00000000000000000000 2 0 8 94 95 96 127 129 161 162 163 
129 3724 -0.694739000 -0.818767000 0.00000000000000000000 1.00000000000000000000 2 0 8 95 96 97 128 130 162 163 164 
130 3725 -0.728243000 -0.774112000 0.00000000000000000000 1.00000000000000000000 2 0 8 96 97 98 129 131 163 164 165 
131 3726 -0.759849000 -0.728225000 0.00000000000000000000 1.00000000000000000000 2 0 8 97 98 99 130 132 164 165 166 
132 3727 -0.789505000 -0.681178000 0.00000000000000000000 1.00000000000000000000 2 0 8 98 99 100 131 133 165 166 167 
133 3728 -0.817163000 -0.633046000 0.00000000000000000000 1.00000000000000000000 2 0 8 99 100 101 132 134 166 167 168 
134 3729 -0.842779000 -0.583905000 0.00000000000000000000 1.00000000000000000000 2 0 8 100 101 641 133 644 167 168 647 
135 3730 0.743782000 -1.449340000 0.00000000000000000000 1.00000000000000000000 2 0 8 642 643 102 646 136 169 170 171 
136 3731 0.683605000 -1.457950000 0.00000000000000000000 1.00000000000000000000 2 0 8 643 102 103 135 137 170 171 172 
137 3732 0.623095000 -1.464310000 0.00000000000000000000 1.00000000000000000000 2 0 8 102 103 104 136 138 171 172 173 
138 3733 0.562346000 -1.468420000 0.00000000000000000000 1.00000000000000000000 2 0 8 103 104 105 137 139 172 173 174 
139 3734 0.501450000 -1.470270000 0.00000000000000000000 1.00000000000000000000 2 0 8 104 105 106 138 140 173 174 175 
140 3735 0.440501000 -1.469850000 0.00000000000000000000 1.00000000000000000000 2 0 8 105 106 107 139 141 174 175 176 
141 3736 0.379595000 -1.467160000 0.00000000000000000000 1.00000000000000000000 2 0 8 106 107 108 140 142 175 176 177 
142 3737 0.318824000 -1.462200000 0.00000000000000000000 1.00000000000000000000 2 0 8 107 108 109 141 143 176 177 178 
143 3738 0.258284000 -1.454970000 0.00000000000000000000 1.00000000000000000000 2 0 8 108 109 110 142 144 177 178 179 
144 3739 0.198069000 -1.445480000 0.00000000000000000000 1.00000000000000000000 2 0 8 109 110 111 143 145 178 179 180 
145 3740 0.138273000 -1.433750000 0.00000000000000000000 1.00000000000000000000 2 0 8 110 111 112 144 146 179 180 181 
146 3741 0.078990100 -1.419790000 0.00000000000000000000 1.00000000000000000000 2 0 8 111 112 113 145 147 180 181 182 
147 3742 0.020312600 -1.403620000 0.00000000000000000000 1.00000000000000000000 2 0 8 112 113 114 146 148 181 182 183 
148 3743 -0.037666900 -1.385250000 0.00000000000000000000 1.00000000000000000000 2 0 8 113 114 115 147 149 182 183 184 
149 3744 -0.094857200 -1.364720000 0.00000000000000000000 1.00000000000000000000 2 0 8 114 115 116 148 150 183 184 185 
150 3745 -0.151168000 -1.342060000 0.00000000000000000000 1.00000000000000000000 2 0 8 115 116 117 149 151 184 185 186 
151 3746 -0.206510000 -1.317290000 0.00000000000000000000 1.00000000000000000000 2 0 8 116 117 118 150 152 185 186 187 
152 3747 -0.260795000 -1.290460000 0.00000000000000000000 1.00000000000000000000 2 0 8 117 118 119 151 153 186 187 188 
153 3748 -0.313938000 -1.261610000 0.00000000000000000000 1.00000000000000000000 2 0 8 118 119 120 152 154 187 188 189 
154 3749 -0.365853000 -1.230770000 0.00000000000000000000 1.00000000000000000000 2 0 8 119 120 121 153 155 188 189 190 
155 3750 -0.416458000 -1.198000000 0.00000000000000000000 1.00000000000000000000 2 0 8 120 121 122 154 156 189 190 191 
156 3751 -0.465672000 -1.163340000 0.00000000000000000000 1.00000000000000000000 2 0 8 121 122 123 155 157 190 191 192 
157 3752 -0.513416000 -1.126840000 0.00000000000000000000 1.00000000000000000000 2 0 8 122 123 124 156 158 191 192 193 
158 3753 -0.559613000 -1.088570000 0.00000000000000000000 1.00000000000000000000 2 0 8 123 124 125 157 159 192 193 194 
159 3754 -0.604190000 -1.048580000 0.00000000000000000000 1.00000000000000000000 2 0 8 124 125 126 158 160 193 194 195 
160 3755 -0.647075000 -1.006930000 0.00000000000000000000 1.00000000000000000000 2 0 8 125 126 127 159 161 194 195 196 
161 3756 -0.688198000 -0.963681000 0.00000000000000000000 1.00000000000000000000 2 0 8 126 127 128 160 162 195 196 197 
162 3757 -0.727493000 -0.918911000 0.00000000000000000000 1.00000000000000000000 2 0 8 127 128 129 161 163 196 197 198 
163 3758 -0.764897000 -0.872683000 0.00000000000000000000 1.00000000000000000000 2 0 8 128 129 130 162 164 197 198 199 
164 3759 -0.800349000 -0.825071000 0.00000000000000000000 1.00000000000000000000 2 0 8 129 130 131 163 165 198 199 200 
165 3760 -0.833792000 -0.776149000 0.00000000000000000000 1.00000000000000000000 2 0 8 130 131 132 164 166 199 200 201 
166 3761 -0.865171000 -0.725995000 0.00000000000000000000 1.00000000000000000000 2 0 8 131 132 133 165 167 200 201 202 
167 3762 -0.894436000 -0.674685000 0.00000000000000000000 1.00000000000000000000 2 0 8 132 133 134 166 168 201 202 203 
168 3763 -0.921538000 -0.622303000 0.00000000000000000000 1.00000000000000000000 2 0 8 133 134 644 167 647 202 203 650 
169 3764 0.821566000 -1.533940000 0.00000000000000000000 1.00000000000000000000 2 0 8 645 646 135 649 170 204 205 206 
170 3765 0.758241000 -1.545430000 0.00000000000000000000 1.00000000000000000000 2 0 8 646 135 136 169 171 205 206 207 
171 3766 0.694469000 -1.554560000 0.00000000000000000000 1.00000000000000000000 2 0 8 135 136 137 170 172 206 207 208 
172 3767 0.630347000 -1.561290000 0.00000000000000000000 1.00000000000000000000 2 0 8 136 137 138 171 173 207 208 209 
173 3768 0.565974000 -1.565620000 0.00000000000000000000 1.00000000000000000000 2 0 8 137 138 139 172 174 208 209 210 
174 3769 0.501449000 -1.567540000 0.00000000000000000000 1.00000000000000000000 2 0 8 138 139 140 173 175 209 210 211 
175 3770 0.436871000 -1.567040000 0.00000000000000000000 1.00000000000000000000 2 0 8 139 140 141 174 176 210 211 212 
176 3771 0.372340000 -1.564120000 0.00000000000000000000 1.00000000000000000000 2 0 8 140 141 142 175 177 211 212 213 
177 3772 0.307957000 -1.558780000 0.00000000000000000000 1.00000000000000000000 2 0 8 141 142 143 176 178 212 213 214 
178 3773 0.243821000 -1.551030000 0.00000000000000000000 1.00000000000000000000 2 0 8 142 143 144 177 179 213 214 215 
179 3774 0.180033000 -1.540860000 0.00000000000000000000 1.00000000000000000000 2 0 8 143 144 145 178 180 214 215 216 
180 3775 0.116691000 -1.528310000 0.00000000000000000000 1.00000000000000000000 2 0 8 144 145 146 179 181 215 216 217 
181 3776 0.053894700 -1.513380000 0.00000000000000000000 1.00000000000000000000 2 0 8 145 146 147 180 182 216 217 218 
182 3777 -0.008257090 -1.496090000 0.00000000000000000000 1.00000000000000000000 2 0 8 146 147 148 181 183 217 218 219 
183 3778 -0.069667000 -1.476470000 0.00000000000000000000 1.00000000000000000000 2 0 8 147 148 149 182 184 218 219 220 
184 3779 -0.130238000 -1.454550000 0.00000000000000000000 1.00000000000000000000 2 0 8 148 149 150 183 185 219 220 221 
185 3780 -0.189876000 -1.430350000 0.00000000000000000000 1.00000000000000000000 2 0 8 149 150 151 184 186 220 221 222 
186 3781 -0.248485000 -1.403920000 0.00000000000000000000 1.00000000000000000000 2 0 8 150 151 152 185 187 221 222 223 
187 3782 -0.305973000 -1.375290000 0.00000000000000000000 1.00000000000000000000 2 0 8 151 152 153 186 188 222 223 224 
188 3783 -0.362248000 -1.344500000 0.00000000000000000000 1.00000000000000000000 2 0 8 152 153 154 187 189 223 224 225 
189 3784 -0.417222000 -1.311600000 0.00000000000000000000 1.00000000000000000000 2 0 8 153 154 155 188 190 224 225 226 
190 3785 -0.470806000 -1.276640000 0.00000000000000000000 1.00000000000000000000 2 0 8 154 155 156 189 191 225 226 227 
191 3786 -0.522916000 -1.239680000 0.00000000000000000000 1.00000000000000000000 2 0 8 155 156 157 190 192 226 227 228 
192 3787 -0.573467000 -1.200760000 0.00000000000000000000 1.00000000000000000000 2 0 8 156 157 158 191 193 227 228 229 
193 3788 -0.622380000 -1.159950000 0.00000000000000000000 1.00000000000000000000 2 0 8 157 158 159 192 194 228 229 230 
194 3789 -0.669575000 -1.117310000 0.00000000000000000000 1.00000000000000000000 2 0 8 158 159 160 193 195 229 230 231 
195 3790 -0.714977000 -1.072900000 0.00000000000000000000 1.00000000000000000000 2 0 8 159 160 161 194 196 230 231 232 
196 3791 -0.758512000 -1.026800000 0.00000000000000000000 1.00000000000000000000 2 0 8 160 161 162 195 197 231 232 233 
197 3792 -0.800112000 -0.979081000 0.00000000000000000000 1.00000000000000000000 2 0 8 161 162 163 196 198 232 233 234 
198 3793 -0.839708000 -0.929809000 0.00000000000000000000 1.00000000000000000000 2 0 8 162 163 164 197 199 233 234 235 
199 3794 -0.877237000 -0.879065000 0.00000000000000000000 1.00000000000000000000 2 0 8 163 164 165 198 200 234 235 236 
200 3795 -0.912638000 -0.826928000 0.00000000000000000000 1.00000000000000000000 2 0 8 164 165 166 199 201 235 236 237 
201 3796 -0.945854000 -0.773480000 0.00000000000000000000 1.00000000000000000000 2 0 8 165 166 167 200 202 236 237 238 
202 3797 -0.976831000 -0.718804000 0.00000000000000000000 1.00000000000000000000 2 0 8 166 167 168 201 203 237 238 239 
203 3798 -1.005520000 -0.662988000 0.00000000000000000000 1.00000000000000000000 2 0 8 167 168 647 202 650 238 239 653 
204 3799 0.907349000 -1.620370000 0.00000000000000000000 1.00000000000000000000 2 0 8 648 649 169 652 205 240 241 242 
205 3800 0.840789000 -1.635080000 0.00000000000000000000 1.00000000000000000000 2 0 8 649 169 170 204 206 241 242 243 
206 3801 0.773655000 -1.647280000 0.00000000000000000000 1.00000000000000000000 2 0 8 169 170 171 205 207 242 243 244 
207 3802 0.706049000 -1.656950000 0.00000000000000000000 1.00000000000000000000 2 0 8 170 171 172 206 208 243 244 245 
208 3803 0.638076000 -1.664080000 0.00000000000000000000 1.00000000000000000000 2 0 8 171 172 173 207 209 244 245 246 
209 3804 0.569840000 -1.668640000 0.00000000000000000000 1.00000000000000000000 2 0 8 172 173 174 208 210 245 246 247 
210 3805 0.501446000 -1.670630000 0.00000000000000000000 1.00000000000000000000 2 0 8 173 174 175 209 211 246 247 248 
211 3806 0.433000000 -1.670050000 0.00000000000000000000 1.00000000000000000000 2 0 8 174 175 176 210 212 247 248 249 
212 3807 0.364606000 -1.666890000 0.00000000000000000000 1.00000000000000000000 2 0 8 175 176 177 211 213 248 249 250 
213 3808 0.296372000 -1.661150000 0.00000000000000000000 1.00000000000000000000 2 0 8 176 177 178 212 214 249 250 251 
214 3809 0.228403000 -1.652830000 0.00000000000000000000 1.00000000000000000000 2 0 8 177 178 179 213 215 250 251 252 
215 3810 0.160804000 -1.641960000 0.00000000000000000000 1.00000000000000000000 2 0 8 178 179 180 214 216 251 252 253 
216 3811 0.093682400 -1.628530000 0.00000000000000000000 1.00000000000000000000 2 0 8 179 180 181 215 217 252 253 254 
217 3812 0.027141700 -1.612570000 0.00000000000000000000 1.00000000000000000000 2 0 8 180 181 182 216 218 253 254 255 
218 3813 -0.038713600 -1.594110000 0.00000000000000000000 1.00000000000000000000 2 0 8 181 182 183 217 219 254 255 256 
219 3814 -0.103780000 -1.573160000 0.00000000000000000000 1.00000000000000000000 2 0 8 182 183 184 218 220 255 256 257 
220 3815 -0.167955000 -1.549760000 0.00000000000000000000 1.00000000000000000000 2 0 8 183 184 185 219 221 256 257 258 
221 3816 -0.231139000 -1.523940000 0.00000000000000000000 1.00000000000000000000 2 0 8 184 185 186 220 222 257 258 259 
222 3817 -0.293230000 -1.495740000 0.00000000000000000000 1.00000000000000000000 2 0 8 185 186 187 221 223 258 259 260 
223 3818 -0.354131000 -1.465190000 0.00000000000000000000 1.00000000000000000000 2 0 8 186 187 188 222 224 259 260 261 
224 3819 -0.413746000 -1.432360000 0.00000000000000000000 1.00000000000000000000 2 0 8 187 188 189 223 225 260 261 262 
225 3820 -0.471980000 -1.397270000 0.00000000000000000000 1.00000000000000000000 2 0 8 188 189 190 224 226 261 262 263 
226 3821 -0.528739000 -1.360000000 0.00000000000000000000 1.00000000000000000000 2 0 8 189 190 191 225 227 262 263 264 
227 3822 -0.583935000 -1.320590000 0.00000000000000000000 1.00000000000000000000 2 0 8 190 191 192 226 228 263 264 265 
228 3823 -0.637479000 -1.279100000 0.00000000000000000000 1.00000000000000000000 2 0 8 191 192 193 227 229 264 265 266 
229 3824 -0.689285000 -1.235600000 0.00000000000000000000 1.00000000000000000000 2 0 8 192 193 194 228 230 265 266 267 
230 3825 -0.739270000 -1.190150000 0.00000000000000000000 1.00000000000000000000 2 0 8 193 194 195 229 231 266 267 268 
231 3826 -0.787355000 -1.142830000 0.00000000000000000000 1.00000000000000000000 2 0 8 194 195 196 230 232 267 268 269 
232 3827 -0.833462000 -1.093710000 0.00000000000000000000 1.00000000000000000000 2 0 8 195 196 197 231 233 268 269 270 
233 3828 -0.877517000 -1.042860000 0.00000000000000000000 1.00000000000000000000 2 0 8 196 197 198 232 234 269 270 271 
234 3829 -0.919450000 -0.990358000 0.00000000000000000000 1.00000000000000000000 2 0 8 197 198 199 233 235 270 271 272 
235 3830 -0.959193000 -0.936294000 0.00000000000000000000 1.00000000000000000000 2 0 8 198 199 200 234 236 271 272 273 
236 3831 -0.996681000 -0.880749000 0.00000000000000000000 1.00000000000000000000 2 0 8 199 200 201 235 237 272 273 274 
237 3832 -1.031850000 -0.823810000 0.00000000000000000000 1.00000000000000000000 2 0 8 200 201 202 236 238 273 274 275 
238 3833 -1.064660000 -0.765567000 0.00000000000000000000 1.00000000000000000000 2 0 8 201 202 203 237 239 274 275 276 
239 3834 -1.095030000 -0.706110000 0.00000000000000000000 1.00000000000000000000 2 0 8 202 203 650 238 653 275 276 655 
240 3835 1.001740000 -1.708410000 0.00000000000000000000 1.00000000000000000000 2 0 8 651 652 204 654 241 656 657 277 
241 3836 0.931863000 -1.726680000 0.00000000000000000000 1.00000000000000000000 2 0 8 652 204 205 240 242 657 277 278 
242 3837 0.861274000 -1.742300000 0.00000000000000000000 1.00000000000000000000 2 0 8 204 205 206 241 243 277 278 279 
243 3838 0.790080000 -1.755250000 0.00000000000000000000 1.00000000000000000000 2 0 8 205 206 207 242 244 278 279 280 
244 3839 0.718389000 -1.765510000 0.00000000000000000000 1.00000000000000000000 2 0 8 206 207 208 243 245 279 280 281 
245 3840 0.646312000 -1.773050000 0.00000000000000000000 1.00000000000000000000 2 0 8 207 208 209 244 246 280 281 282 
246 3841 0.573960000 -1.777860000 0.00000000000000000000 1.00000000000000000000 2 0 8 208 209 210 245 247 281 282 283 
247 3842 0.501443000 -1.779930000 0.00000000000000000000 1.00000000000000000000 2 0 8 209 210 211 246 248 282 283 284 
248 3843 0.428873000 -1.779260000 0.00000000000000000000 1.00000000000000000000 2 0 8 210 211 212 247 249 283 284 285 
249 3844 0.356363000 -1.775840000 0.00000000000000000000 1.00000000000000000000 2 0 8 211 212 213 248 250 284 285 286 
250 3845 0.284024000 -1.769670000 0.00000000000000000000 1.00000000000000000000 2 0 8 212 213 214 249 251 285 286 287 
251 3846 0.211970000 -1.760770000 0.00000000000000000000 1.00000000000000000000 2 0 8 213 214 215 250 252 286 287 288 
252 3847 0.140312000 -1.749130000 0.00000000000000000000 1.00000000000000000000 2 0 8 214 215 216 251 253 287 288 289 
253 3848 0.069162300 -1.734790000 0.00000000000000000000 1.00000000000000000000 2 0 8 215 216 217 252 254 288 289 290 
254 3849 -0.001368650 -1.717740000 0.00000000000000000000 1.00000000000000000000 2 0 8 216 217 218 253 255 289 290 291 
255 3850 -0.071170200 -1.698030000 0.00000000000000000000 1.00000000000000000000 2 0 8 217 218 219 254 256 290 291 292 
256 3851 -0.140133000 -1.675670000 0.00000000000000000000 1.00000000000000000000 2 0 8 218 219 220 255 257 291 292 293 
257 3852 -0.208149000 -1.650700000 0.00000000000000000000 1.00000000000000000000 2 0 8 219 220 221 256 258 292 293 294 
258 3853 -0.275110000 -1.623160000 0.00000000000000000000 1.00000000000000000000 2 0 8 220 221 222 257 259 293 294 295 
259 3854 -0.340912000 -1.593080000 0.00000000000000000000 1.00000000000000000000 2 0 8 221 222 223 258 260 294 295 296 
260 3855 -0.405450000 -1.560510000 0.00000000000000000000 1.00000000000000000000 2 0 8 222 223 224 259 261 295 296 297 
261 3856 -0.468623000 -1.525500000 0.00000000000000000000 1.00000000000000000000 2 0 8 223 224 225 260 262 296 297 298 
262 3857 -0.530330000 -1.488100000 0.00000000000000000000 1.00000000000000000000 2 0 8 224 225 226 261 263 297 298 299 
263 3858 -0.590473000 -1.448370000 0.00000000000000000000 1.00000000000000000000 2 0 8 225 226 227 262 264 298 299 300 
264 3859 -0.648957000 -1.406370000 0.00000000000000000000 1.00000000000000000000 2 0 8 226 227 228 263 265 299 300 301 
265 3860 -0.705689000 -1.362160000 0.00000000000000000000 1.00000000000000000000 2 0 8 227 228 229 264 266 300 301 302 
266 3861 -0.760578000 -1.315810000 0.00000000000000000000 1.00000000000000000000 2 0 8 228 229 230 265 267 301 302 303 
267 3862 -0.813536000 -1.267390000 0.00000000000000000000 1.00000000000000000000 2 0 8 229 230 231 266 268 302 303 304 
268 3863 -0.864480000 -1.216970000 0.00000000000000000000 1.00000000000000000000 2 0 8 230 231 232 267 269 303 304 305 
269 3864 -0.913326000 -1.164640000 0.00000000000000000000 1.00000000000000000000 2 0 8 231 232 233 268 270 304 305 306 
270 3865 -0.959998000 -1.110470000 0.00000000000000000000 1.00000000000000000000 2 0 8 232 233 234 269 271 305 306 307 
271 3866 -1.004420000 -1.054550000 0.00000000000000000000 1.00000000000000000000 2 0 8 233 234 235 270 272 306 307 308 
272 3867 -1.046520000 -0.996971000 0.00000000000000000000 1.00000000000000000000 2 0 8 234 235 236 271 273 307 308 309 
273 3868 -1.086230000 -0.937813000 0.00000000000000000000 1.00000000000000000000 2 0 8 235 236 237 272 274 308 309 310 
274 3869 -1.123490000 -0.877173000 0.00000000000000000000 1.00000000000000000000 2 0 8 236 237 238 273 275 309 310 311 
275 3870 -1.158240000 -0.815146000 0.00000000000000000000 1.00000000000000000000 2 0 8 237 238 239 274 276 310 311 312 
276 3871 -1.190410000 -0.751830000 0.00000000000000000000 1.00000000000000000000 2 0 8 238 239 653 275 655 311 312 658 
277 3872 0.957978000 -1.839420000 0.00000000000000000000 1.00000000000000000000 2 0 8 240 241 242 657 278 659 660 313 
278 3873 0.883097000 -1.856010000 0.00000000000000000000 1.00000000000000000000 2 0 8 241 242 243 277 279 660 313 314 
279 3874 0.807578000 -1.869760000 0.00000000000000000000 1.00000000000000000000 2 0 8 242 243 244 278 280 313 314 315 
280 3875 0.731535000 -1.880630000 0.00000000000000000000 1.00000000000000000000 2 0 8 243 244 245 279 281 314 315 316 
281 3876 0.655086000 -1.888610000 0.00000000000000000000 1.00000000000000000000 2 0 8 244 245 246 280 282 315 316 317 
282 3877 0.578347000 -1.893690000 0.00000000000000000000 1.00000000000000000000 2 0 8 245 246 247 281 283 316 317 318 
283 3878 0.501437000 -1.895850000 0.00000000000000000000 1.00000000000000000000 2 0 8 246 247 248 282 284 317 318 319 
284 3879 0.424475000 -1.895080000 0.00000000000000000000 1.00000000000000000000 2 0 8 247 248 249 283 285 318 319 320 
285 3880 0.347579000 -1.891390000 0.00000000000000000000 1.00000000000000000000 2 0 8 248 249 250 284 286 319 320 321 
286 3881 0.270869000 -1.884770000 0.00000000000000000000 1.00000000000000000000 2 0 8 249 250 251 285 287 320 321 322 
287 3882 0.194463000 -1.875240000 0.00000000000000000000 1.00000000000000000000 2 0 8 250 251 252 286 288 321 322 323 
288 3883 0.118480000 -1.862800000 0.00000000000000000000 1.00000000000000000000 2 0 8 251 252 253 287 289 322 323 324 
289 3884 0.043039400 -1.847470000 0.00000000000000000000 1.00000000000000000000 2 0 8 252 253 254 288 290 323 324 325 
290 3885 -0.031742300 -1.829270000 0.00000000000000000000 1.00000000000000000000 2 0 8 253 254 255 289 291 324 325 326 
291 3886 -0.105748000 -1.808240000 0.00000000000000000000 1.00000000000000000000 2 0 8 254 255 256 290 292 325 326 327 
292 3887 -0.178861000 -1.784380000 0.00000000000000000000 1.00000000000000000000 2 0 8 255 256 257 291 293 326 327 328 
293 3888 -0.250968000 -1.757750000 0.00000000000000000000 1.00000000000000000000 2 0 8 256 257 258 292 294 327 328 329 
294 3889 -0.321954000 -1.728380000 0.00000000000000000000 1.00000000000000000000 2 0 8 257 258 259 293 295 328 329 330 
295 3890 -0.391708000 -1.696320000 0.00000000000000000000 1.00000000000000000000 2 0 8 258 259 260 294 296 329 330 331 
296 3891 -0.460121000 -1.661600000 0.00000000000000000000 1.00000000000000000000 2 0 8 259 260 261 295 297 330 331 332 
297 3892 -0.527084000 -1.624290000 0.00000000000000000000 1.00000000000000000000 2 0 8 260 261 262 296 298 331 332 333 
298 3893 -0.592490000 -1.584430000 0.00000000000000000000 1.00000000000000000000 2 0 8 261 262 263 297 299 332 333 334 
299 3894 -0.656238000 -1.542100000 0.00000000000000000000 1.00000000000000000000 2 0 8 262 263 264 298 300 333 334 335 
300 3895 -0.718224000 -1.497350000 0.00000000000000000000 1.00000000000000000000 2 0 8 263 264 265 299 301 334 335 336 
301 3896 -0.778351000 -1.450250000 0.00000000000000000000 1.00000000000000000000 2 0 8 264 265 266 300 302 335 336 337 
302 3897 -0.836524000 -1.400870000 0.00000000000000000000 1.00000000000000000000 2 0 8 265 266 267 301 303 336 337 338 
303 3898 -0.892649000 -1.349300000 0.00000000000000000000 1.00000000000000000000 2 0 8 266 267 268 302 304 337 338 339 
304 3899 -0.946637000 -1.295600000 0.00000000000000000000 1.00000000000000000000 2 0 8 267 268 269 303 305 338 339 340 
305 3900 -0.998402000 -1.239870000 0.00000000000000000000 1.00000000000000000000 2 0 8 268 269 270 304 306 339 340 341 
306 3901 -1.047860000 -1.182180000 0.00000000000000000000 1.00000000000000000000 2 0 8 269 270 271 305 307 340 341 342 
307 3902 -1.094930000 -1.122640000 0.00000000000000000000 1.00000000000000000000 2 0 8 270 271 272 306 308 341 342 343 
308 3903 -1.139550000 -1.061320000 0.00000000000000000000 1.00000000000000000000 2 0 8 271 272 273 307 309 342 343 344 
309 3904 -1.181630000 -0.998330000 0.00000000000000000000 1.00000000000000000000 2 0 8 272 273 274 308 310 343 344 345 
310 3905 -1.221110000 -0.933765000 0.00000000000000000000 1.00000000000000000000 2 0 8 273 274 275 309 311 344 345 346 
311 3906 -1.257920000 -0.867727000 0.00000000000000000000 1.00000000000000000000 2 0 8 274 275 276 310 312 345 346 347 
312 3907 -1.292020000 -0.800318000 0.00000000000000000000 1.00000000000000000000 2 0 8 275 276 655 311 658 346 347 661 
313 3908 0.906341000 -1.976630000 0.00000000000000000000 1.00000000000000000000 2 0 8 277 278 279 660 314 662 663 348 
314 3909 0.826214000 -1.991220000 0.00000000000000000000 1.00000000000000000000 2 0 8 278 279 280 313 315 663 348 349 
315 3910 0.745536000 -2.002760000 0.00000000000000000000 1.00000000000000000000 2 0 8 279 280 281 314 316 348 349 350 
316 3911 0.664429000 -2.011210000 0.00000000000000000000 1.00000000000000000000 2 0 8 280 281 282 315 317 349 350 351 
317 3912 0.583019000 -2.016560000 0.00000000000000000000 1.00000000000000000000 2 0 8 281 282 283 316 318 350 351 352 
318 3913 0.501431000 -2.018810000 0.00000000000000000000 1.00000000000000000000 2 0 8 282 283 284 317 319 351 352 353 
319 3914 0.419790000 -2.017940000 0.00000000000000000000 1.00000000000000000000 2 0 8 283 284 285 318 320 352 353 354 
320 3915 0.338223000 -2.013960000 0.00000000000000000000 1.00000000000000000000 2 0 8 284 285 286 319 321 353 354 355 
321 3916 0.256857000 -2.006870000 0.00000000000000000000 1.00000000000000000000 2 0 8 285 286 287 320 322 354 355 356 
322 3917 0.175816000 -1.996670000 0.00000000000000000000 1.00000000000000000000 2 0 8 286 287 288 321 323 355 356 357 
323 3918 0.095227400 -1.983380000 0.00000000000000000000 1.00000000000000000000 2 0 8 287 288 289 322 324 356 357 358 
324 3919 0.015216300 -1.967010000 0.00000000000000000000 1.00000000000000000000 2 0 8 288 289 290 323 325 357 358 359 
325 3920 -0.064092400 -1.947590000 0.00000000000000000000 1.00000000000000000000 2 0 8 289 290 291 324 326 358 359 360 
326 3921 -0.142575000 -1.925140000 0.00000000000000000000 1.00000000000000000000 2 0 8 290 291 292 325 327 359 360 361 
327 3922 -0.220109000 -1.899710000 0.00000000000000000000 1.00000000000000000000 2 0 8 291 292 293 326 328 360 361 362 
328 3923 -0.296572000 -1.871310000 0.00000000000000000000 1.00000000000000000000 2 0 8 292 293 294 327 329 361 362 363 
329 3924 -0.371844000 -1.840000000 0.00000000000000000000 1.00000000000000000000 2 0 8 293 294 295 328 330 362 363 364 
330 3925 -0.445808000 -1.805830000 0.00000000000000000000 1.00000000000000000000 2 0 8 294 295 296 329 331 363 364 365 
331 3926 -0.518346000 -1.768830000 0.00000000000000000000 1.00000000000000000000 2 0 8 295 296 297 330 332 364 365 366 
332 3927 -0.589345000 -1.729080000 0.00000000000000000000 1.00000000000000000000 2 0 8 296 297 298 331 333 365 366 367 
333 3928 -0.658692000 -1.686620000 0.00000000000000000000 1.00000000000000000000 2 0 8 297 298 299 332 334 366 367 368 
334 3929 -0.726277000 -1.641520000 0.00000000000000000000 1.00000000000000000000 2 0 8 298 299 300 333 335 367 368 369 
335 3930 -0.791993000 -1.593860000 0.00000000000000000000 1.00000000000000000000 2 0 8 299 300 301 334 336 368 369 370 
336 3931 -0.855737000 -1.543690000 0.00000000000000000000 1.00000000000000000000 2 0 8 300 301 302 335 337 369 370 371 
337 3932 -0.917406000 -1.491110000 0.00000000000000000000 1.00000000000000000000 2 0 8 301 302 303 336 338 370 371 372 
338 3933 -0.976903000 -1.436190000 0.00000000000000000000 1.00000000000000000000 2 0 8 302 303 304 337 339 371 372 373 
339 3934 -1.034130000 -1.379010000 0.00000000000000000000 1.00000000000000000000 2 0 8 303 304 305 338 340 372 373 374 
340 3935 -1.089010000 -1.319670000 0.00000000000000000000 1.00000000000000000000 2 0 8 304 305 306 339 341 373 374 375 
341 3936 -1.141430000 -1.258250000 0.00000000000000000000 1.00000000000000000000 2 0 8 305 306 307 340 342 374 375 376 
342 3937 -1.191330000 -1.194860000 0.00000000000000000000 1.00000000000000000000 2 0 8 306 307 308 341 343 375 376 377 
343 3938 -1.238610000 -1.129580000 0.00000000000000000000 1.00000000000000000000 2 0 8 307 308 309 342 344 376 377 378 
344 3939 -1.283220000 -1.062530000 0.00000000000000000000 1.00000000000000000000 2 0 8 308 309 310 343 345 377 378 379 
345 3940 -1.325060000 -0.993798000 0.00000000000000000000 1.00000000000000000000 2 0 8 309 310 311 344 346 378 379 380 
346 3941 -1.364080000 -0.923504000 0.00000000000000000000 1.00000000000000000000 2 0 8 310 311 312 345 347 379 380 381 
347 3942 -1.400220000 -0.851753000 0.00000000000000000000 1.00000000000000000000 2 0 8 311 312 658 346 661 380 381 664 
348 3943 0.846057000 -2.120110000 0.00000000000000000000 1.00000000000000000000 2 0 8 313 314 315 663 349 665 666 382 
349 3944 0.760443000 -2.132330000 0.00000000000000000000 1.00000000000000000000 2 0 8 314 315 316 348 350 666 382 383 
350 3945 0.674377000 -2.141280000 0.00000000000000000000 1.00000000000000000000 2 0 8 315 316 317 349 351 382 383 384 
351 3946 0.587993000 -2.146930000 0.00000000000000000000 1.00000000000000000000 2 0 8 316 317 318 350 352 383 384 385 
352 3947 0.501423000 -2.149280000 0.00000000000000000000 1.00000000000000000000 2 0 8 317 318 319 351 353 384 385 386 
353 3948 0.414801000 -2.148300000 0.00000000000000000000 1.00000000000000000000 2 0 8 318 319 320 352 354 385 386 387 
354 3949 0.328260000 -2.144020000 0.00000000000000000000 1.00000000000000000000 2 0 8 319 320 321 353 355 386 387 388 
355 3950 0.241935000 -2.136410000 0.00000000000000000000 1.00000000000000000000 2 0 8 320 321 322 354 356 387 388 389 
356 3951 0.155960000 -2.125510000 0.00000000000000000000 1.00000000000000000000 2 0 8 321 322 323 355 357 388 389 390 
357 3952 0.070466600 -2.111310000 0.00000000000000000000 1.00000000000000000000 2 0 8 322 323 324 356 358 389 390 391 
358 3953 -0.014410400 -2.093840000 0.00000000000000000000 1.00000000000000000000 2 0 8 323 324 325 357 359 390 391 392 
359 3954 -0.098539300 -2.073120000 0.00000000000000000000 1.00000000000000000000 2 0 8 324 325 326 358 360 391 392 393 
360 3955 -0.181789000 -2.049190000 0.00000000000000000000 1.00000000000000000000 2 0 8 325 326 327 359 361 392 393 394 
361 3956 -0.264029000 -2.022070000 0.00000000000000000000 1.00000000000000000000 2 0 8 326 327 328 360 362 393 394 395 
362 3957 -0.345131000 -1.991800000 0.00000000000000000000 1.00000000000000000000 2 0 8 327 328 329 361 363 394 395 396 
363 3958 -0.424967000 -1.958440000 0.00000000000000000000 1.00000000000000000000 2 0 8 328 329 330 362 364 395 396 397 
364 3959 -0.503412000 -1.922020000 0.00000000000000000000 1.00000000000000000000 2 0 8 329 330 331 363 365 396 397 398 
365 3960 -0.580343000 -1.882610000 0.00000000000000000000 1.00000000000000000000 2 0 8 330 331 332 364 366 397 398 399 
366 3961 -0.655639000 -1.840260000 0.00000000000000000000 1.00000000000000000000 2 0 8 331 332 333 365 367 398 399 400 
367 3962 -0.729181000 -1.795040000 0.00000000000000000000 1.00000000000000000000 2 0 8 332 333 334 366 368 399 400 401 
368 3963 -0.800852000 -1.747010000 0.00000000000000000000 1.00000000000000000000 2 0 8 333 334 335 367 369 400 401 402 
369 3964 -0.870539000 -1.696250000 0.00000000000000000000 1.00000000000000000000 2 0 8 334 335 336 368 370 401 402 403 
370 3965 -0.938133000 -1.642840000 0.00000000000000000000 1.00000000000000000000 2 0 8 335 336 337 369 371 402 403 404 
371 3966 -1.003530000 -1.586850000 0.00000000000000000000 1.00000000000000000000 2 0 8 336 337 338 370 372 403 404 405 
372 3967 -1.066610000 -1.528380000 0.00000000000000000000 1.00000000000000000000 2 0 8 337 338 339 371 373 404 405 406 
373 3968 -1.127290000 -1.467510000 0.00000000000000000000 1.00000000000000000000 2 0 8 338 339 340 372 374 405 406 407 
374 3969 -1.185470000 -1.404340000 0.00000000000000000000 1.00000000000000000000 2 0 8 339 340 341 373 375 406 407 408 
375 3970 -1.241060000 -1.338960000 0.00000000000000000000 1.00000000000000000000 2 0 8 340 341 342 374 376 407 408 409 
376 3971 -1.293960000 -1.271490000 0.00000000000000000000 1.00000000000000000000 2 0 8 341 342 343 375 377 408 409 410 
377 3972 -1.344100000 -1.202010000 0.00000000000000000000 1.00000000000000000000 2 0 8 342 343 344 376 378 409 410 411 
378 3973 -1.391380000 -1.130640000 0.00000000000000000000 1.00000000000000000000 2 0 8 343 344 345 377 379 410 411 412 
379 3974 -1.435750000 -1.057500000 0.00000000000000000000 1.00000000000000000000 2 0 8 344 345 346 378 380 411 412 413 
380 3975 -1.477110000 -0.982685000 0.00000000000000000000 1.00000000000000000000 2 0 8 345 346 347 379 381 412 413 414 
381 3976 -1.515420000 -0.906328000 0.00000000000000000000 1.00000000000000000000 2 0 8 346 347 661 380 664 413 414 667 
382 3977 0.776312000 -2.269850000 0.00000000000000000000 1.00000000000000000000 2 0 8 348 349 350 666 383 668 669 415 
383 3978 0.684967000 -2.279320000 0.00000000000000000000 1.00000000000000000000 2 0 8 349 350 351 382 384 669 415 416 
384 3979 0.593287000 -2.285290000 0.00000000000000000000 1.00000000000000000000 2 0 8 350 351 352 383 385 415 416 417 
385 3980 0.501414000 -2.287730000 0.00000000000000000000 1.00000000000000000000 2 0 8 351 352 353 384 386 416 417 418 
386 3981 0.409488000 -2.286650000 0.00000000000000000000 1.00000000000000000000 2 0 8 352 353 354 385 387 417 418 419 
387 3982 0.317653000 -2.282040000 0.00000000000000000000 1.00000000000000000000 2 0 8 353 354 355 386 388 418 419 420 
388 3983 0.226049000 -2.273900000 0.00000000000000000000 1.00000000000000000000 2 0 8 354 355 356 387 389 419 420 421 
389 3984 0.134820000 -2.262240000 0.00000000000000000000 1.00000000000000000000 2 0 8 355 356 357 388 390 420 421 422 
390 3985 0.044106000 -2.247080000 0.00000000000000000000 1.00000000000000000000 2 0 8 356 357 358 389 391 421 422 423 
391 3986 -0.045951100 -2.228440000 0.00000000000000000000 1.00000000000000000000 2 0 8 357 358 359 390 392 422 423 424 
392 3987 -0.135211000 -2.206350000 0.00000000000000000000 1.00000000000000000000 2 0 8 358 359 360 391 393 423 424 425 
393 3988 -0.223535000 -2.180830000 0.00000000000000000000 1.00000000000000000000 2 0 8 359 360 361 392 394 424 425 426 
394 3989 -0.310786000 -2.151920000 0.00000000000000000000 1.00000000000000000000 2 0 8 360 361 362 393 395 425 426 427 
395 3990 -0.396825000 -2.119670000 0.00000000000000000000 1.00000000000000000000 2 0 8 361 362 363 394 396 426 427 428 
396 3991 -0.481519000 -2.084130000 0.00000000000000000000 1.00000000000000000000 2 0 8 362 363 364 395 397 427 428 429 
397 3992 -0.564735000 -2.045340000 0.00000000000000000000 1.00000000000000000000 2 0 8 363 364 365 396 398 428 429 430 
398 3993 -0.646343000 -2.003360000 0.00000000000000000000 1.00000000000000000000 2 0 8 364 365 366 397 399 429 430 431 
399 3994 -0.726213000 -1.958260000 0.00000000000000000000 1.00000000000000000000 2 0 8 365 366 367 398 400 430 431 432 
400 3995 -0.804219000 -1.910100000 0.00000000000000000000 1.00000000000000000000 2 0 8 366 367 368 399 401 431 432 433 
401 3996 -0.880240000 -1.858960000 0.00000000000000000000 1.00000000000000000000 2 0 8 367 368 369 400 402 432 433 434 
402 3997 -0.954155000 -1.804920000 0.00000000000000000000 1.00000000000000000000 2 0 8 368 369 370 401 403 433 434 435 
403 3998 -1.025850000 -1.748060000 0.00000000000000000000 1.00000000000000000000 2 0 8 369 370 371 402 404 434 435 436 
404 3999 -1.095200000 -1.688460000 0.00000000000000000000 1.00000000000000000000 2 0 8 370 371 372 403 405 435 436 437 
405 4000 -1.162110000 -1.626220000 0.00000000000000000000 1.00000000000000000000 2 0 8 371 372 373 404 406 436 437 438 
406 4001 -1.226470000 -1.561430000 0.00000000000000000000 1.00000000000000000000 2 0 8 372 373 374 405 407 437 438 439 
407 4002 -1.288170000 -1.494200000 0.00000000000000000000 1.00000000000000000000 2 0 8 373 374 375 406 408 438 439 440 
408 4003 -1.347110000 -1.424620000 0.00000000000000000000 1.00000000000000000000 2 0 8 374 375 376 407 409 439 440 441 
409 4004 -1.403220000 -1.352810000 0.00000000000000000000 1.00000000000000000000 2 0 8 375 376 377 408 410 440 441 442 
410 4005 -1.456380000 -1.278870000 0.00000000000000000000 1.00000000000000000000 2 0 8 376 377 378 409 411 441 442 443 
411 4006 -1.506530000 -1.202930000 0.00000000000000000000 1.00000000000000000000 2 0 8 377 378 379 410 412 442 443 444 
412 4007 -1.553570000 -1.125090000 0.00000000000000000000 1.00000000000000000000 2 0 8 378 379 380 411 413 443 444 445 
413 4008 -1.597440000 -1.045490000 0.00000000000000000000 1.00000000000000000000 2 0 8 379 380 381 412 414 444 445 446 
414 4009 -1.638060000 -0.964244000 0.00000000000000000000 1.00000000000000000000 2 0 8 380 381 664 413 667 445 446 670 
415 4010 0.696238000 -2.425850000 0.00000000000000000000 1.00000000000000000000 2 0 8 382 383 384 669 416 671 672 447 
416 4011 0.598922000 -2.432150000 0.00000000000000000000 1.00000000000000000000 2 0 8 383 384 385 415 417 672 447 448 
417 4012 0.501403000 -2.434700000 0.00000000000000000000 1.00000000000000000000 2 0 8 384 385 386 416 418 447 448 449 
418 4013 0.403832000 -2.433500000 0.00000000000000000000 1.00000000000000000000 2 0 8 385 386 387 417 419 448 449 450 
419 4014 0.306361000 -2.428540000 0.00000000000000000000 1.00000000000000000000 2 0 8 386 387 388 418 420 449 450 451 
420 4015 0.209139000 -2.419820000 0.00000000000000000000 1.00000000000000000000 2 0 8 387 388 389 419 421 450 451 452 
421 4016 0.112318000 -2.407370000 0.00000000000000000000 1.00000000000000000000 2 0 8 388 389 390 420 422 451 452 453 
422 4017 0.016047400 -2.391190000 0.00000000000000000000 1.00000000000000000000 2 0 8 389 390 391 421 423 452 453 454 
423 4018 -0.079523200 -2.371310000 0.00000000000000000000 1.00000000000000000000 2 0 8 390 391 392 422 424 453 454 455 
424 4019 -0.174245000 -2.347750000 0.00000000000000000000 1.00000000000000000000 2 0 8 391 392 393 423 425 454 455 456 
425 4020 -0.267970000 -2.320560000 0.00000000000000000000 1.00000000000000000000 2 0 8 392 393 394 424 426 455 456 457 
426 4021 -0.360553000 -2.289760000 0.00000000000000000000 1.00000000000000000000 2 0 8 393 394 395 425 427 456 457 458 
427 4022 -0.451848000 -2.255400000 0.00000000000000000000 1.00000000000000000000 2 0 8 394 395 396 426 428 457 458 459 
428 4023 -0.541712000 -2.217540000 0.00000000000000000000 1.00000000000000000000 2 0 8 395 396 397 427 429 458 459 460 
429 4024 -0.630006000 -2.176220000 0.00000000000000000000 1.00000000000000000000 2 0 8 396 397 398 428 430 459 460 461 
430 4025 -0.716590000 -2.131520000 0.00000000000000000000 1.00000000000000000000 2 0 8 397 398 399 429 431 460 461 462 
431 4026 -0.801328000 -2.083500000 0.00000000000000000000 1.00000000000000000000 2 0 8 398 399 400 430 432 461 462 463 
432 4027 -0.884087000 -2.032230000 0.00000000000000000000 1.00000000000000000000 2 0 8 399 400 401 431 433 462 463 464 
433 4028 -0.964737000 -1.977790000 0.00000000000000000000 1.00000000000000000000 2 0 8 400 401 402 432 434 463 464 465 
434 4029 -1.043150000 -1.920270000 0.00000000000000000000 1.00000000000000000000 2 0 8 401 402 403 433 435 464 465 466 
435 4030 -1.119200000 -1.859740000 0.00000000000000000000 1.00000000000000000000 2 0 8 402 403 404 434 436 465 466 467 
436 4031 -1.192780000 -1.796310000 0.00000000000000000000 1.00000000000000000000 2 0 8 403 404 405 435 437 466 467 468 
437 4032 -1.263750000 -1.730070000 0.00000000000000000000 1.00000000000000000000 2 0 8 404 405 406 436 438 467 468 469 
438 4033 -1.332020000 -1.661120000 0.00000000000000000000 1.00000000000000000000 2 0 8 405 406 407 437 439 468 469 470 
439 4034 -1.397460000 -1.589570000 0.00000000000000000000 1.00000000000000000000 2 0 8 406 407 408 438 440 469 470 471 
440 4035 -1.459990000 -1.515530000 0.00000000000000000000 1.00000000000000000000 2 0 8 407 408 409 439 441 470 471 472 
441 4036 -1.519500000 -1.439120000 0.00000000000000000000 1.00000000000000000000 2 0 8 408 409 410 440 442 471 472 473 
442 4037 -1.575890000 -1.360450000 0.00000000000000000000 1.00000000000000000000 2 0 8 409 410 411 441 443 472 473 474 
443 4038 -1.629070000 -1.279650000 0.00000000000000000000 1.00000000000000000000 2 0 8 410 411 412 442 444 473 474 475 
444 4039 -1.678970000 -1.196840000 0.00000000000000000000 1.00000000000000000000 2 0 8 411 412 413 443 445 474 475 476 
445 4040 -1.725500000 -1.112150000 0.00000000000000000000 1.00000000000000000000 2 0 8 412 413 414 444 446 475 476 477 
446 4041 -1.768580000 -1.025720000 0.00000000000000000000 1.00000000000000000000 2 0 8 413 414 667 445 670 476 477 673 
447 4042 0.604917000 -2.588050000 0.00000000000000000000 1.00000000000000000000 2 0 8 415 416 417 672 448 674 675 478 
448 4043 0.501390000 -2.590720000 0.00000000000000000000 1.00000000000000000000 2 0 8 416 417 418 447 449 675 478 479 
449 4044 0.397813000 -2.589390000 0.00000000000000000000 1.00000000000000000000 2 0 8 417 418 419 448 450 478 479 480 
450 4045 0.294343000 -2.584060000 0.00000000000000000000 1.00000000000000000000 2 0 8 418 419 420 449 451 479 480 481 
451 4046 0.191143000 -2.574740000 0.00000000000000000000 1.00000000000000000000 2 0 8 419 420 421 450 452 480 481 482 
452 4047 0.088370500 -2.561440000 0.00000000000000000000 1.00000000000000000000 2 0 8 420 421 422 451 453 481 482 483 
453 4048 -0.013813900 -2.544180000 0.00000000000000000000 1.00000000000000000000 2 0 8 421 422 423 452 454 482 483 484 
454 4049 -0.115252000 -2.522980000 0.00000000000000000000 1.00000000000000000000 2 0 8 422 423 424 453 455 483 484 485 
455 4050 -0.215785000 -2.497870000 0.00000000000000000000 1.00000000000000000000 2 0 8 423 424 425 454 456 484 485 486 
456 4051 -0.315258000 -2.468890000 0.00000000000000000000 1.00000000000000000000 2 0 8 424 425 426 455 457 485 486 487 
457 4052 -0.413515000 -2.436080000 0.00000000000000000000 1.00000000000000000000 2 0 8 425 426 427 456 458 486 487 488 
458 4053 -0.510403000 -2.399490000 0.00000000000000000000 1.00000000000000000000 2 0 8 426 427 428 457 459 487 488 489 
459 4054 -0.605770000 -2.359160000 0.00000000000000000000 1.00000000000000000000 2 0 8 427 428 429 458 460 488 489 490 
460 4055 -0.699467000 -2.315170000 0.00000000000000000000 1.00000000000000000000 2 0 8 428 429 430 459 461 489 490 491 
461 4056 -0.791346000 -2.267580000 0.00000000000000000000 1.00000000000000000000 2 0 8 429 430 431 460 462 490 491 492 
462 4057 -0.881265000 -2.216460000 0.00000000000000000000 1.00000000000000000000 2 0 8 430 431 432 461 463 491 492 493 
463 4058 -0.969081000 -2.161890000 0.00000000000000000000 1.00000000000000000000 2 0 8 431 432 433 462 464 492 493 494 
464 4059 -1.054660000 -2.103940000 0.00000000000000000000 1.00000000000000000000 2 0 8 432 433 434 463 465 493 494 495 
465 4060 -1.137860000 -2.042720000 0.00000000000000000000 1.00000000000000000000 2 0 8 433 434 435 464 466 494 495 496 
466 4061 -1.218550000 -1.978300000 0.00000000000000000000 1.00000000000000000000 2 0 8 434 435 436 465 467 495 496 497 
467 4062 -1.296610000 -1.910800000 0.00000000000000000000 1.00000000000000000000 2 0 8 435 436 437 466 468 496 497 498 
468 4063 -1.371910000 -1.840310000 0.00000000000000000000 1.00000000000000000000 2 0 8 436 437 438 467 469 497 498 499 
469 4064 -1.444340000 -1.766950000 0.00000000000000000000 1.00000000000000000000 2 0 8 437 438 439 468 470 498 499 500 
470 4065 -1.513780000 -1.690820000 0.00000000000000000000 1.00000000000000000000 2 0 8 438 439 440 469 471 499 500 501 
471 4066 -1.580110000 -1.612050000 0.00000000000000000000 1.00000000000000000000 2 0 8 439 440 441 470 472 500 501 502 
472 4067 -1.643240000 -1.530750000 0.00000000000000000000 1.00000000000000000000 2 0 8 440 441 442 471 473 501 502 503 
473 4068 -1.703060000 -1.447060000 0.00000000000000000000 1.00000000000000000000 2 0 8 441 442 443 472 474 502 503 504 
474 4069 -1.759480000 -1.361100000 0.00000000000000000000 1.00000000000000000000 2 0 8 442 443 444 473 475 503 504 505 
475 4070 -1.812410000 -1.273010000 0.00000000000000000000 1.00000000000000000000 2 0 8 443 444 445 474 476 504 505 506 
476 4071 -1.861770000 -1.182920000 0.00000000000000000000 1.00000000000000000000 2 0 8 444 445 446 475 477 505 506 507 
477 4072 -1.907470000 -1.090980000 0.00000000000000000000 1.00000000000000000000 2 0 8 445 446 670 476 673 506 507 676 
478 4073 0.501376000 -2.756380000 0.00000000000000000000 1.00000000000000000000 2 0 8 447 448 449 675 479 677 678 508 
479 4074 0.391406000 -2.754910000 0.00000000000000000000 1.00000000000000000000 2 0 8 448 449 450 478 480 678 508 509 
480 4075 0.281555000 -2.749190000 0.00000000000000000000 1.00000000000000000000 2 0 8 449 450 451 479 481 508 509 510 
481 4076 0.171992000 -2.739230000 0.00000000000000000000 1.00000000000000000000 2 0 8 450 451 452 480 482 509 510 511 
482 4077 0.062887900 -2.725030000 0.00000000000000000000 1.00000000000000000000 2 0 8 451 452 453 481 483 510 511 512 
483 4078 -0.045588900 -2.706620000 0.00000000000000000000 1.00000000000000000000 2 0 8 452 453 454 482 484 511 512 513 
484 4079 -0.153270000 -2.684020000 0.00000000000000000000 1.00000000000000000000 2 0 8 453 454 455 483 485 512 513 514 
485 4080 -0.259988000 -2.657270000 0.00000000000000000000 1.00000000000000000000 2 0 8 454 455 456 484 486 513 514 515 
486 4081 -0.365576000 -2.626390000 0.00000000000000000000 1.00000000000000000000 2 0 8 455 456 457 485 487 514 515 516 
487 4082 -0.469871000 -2.591440000 0.00000000000000000000 1.00000000000000000000 2 0 8 456 457 458 486 488 515 516 517 
488 4083 -0.572709000 -2.552470000 0.00000000000000000000 1.00000000000000000000 2 0 8 457 458 459 487 489 516 517 518 
489 4084 -0.673930000 -2.509540000 0.00000000000000000000 1.00000000000000000000 2 0 8 458 459 460 488 490 517 518 519 
490 4085 -0.773376000 -2.462710000 0.00000000000000000000 1.00000000000000000000 2 0 8 459 460 461 489 491 518 519 520 
491 4086 -0.870890000 -2.412040000 0.00000000000000000000 1.00000000000000000000 2 0 8 460 461 462 490 492 519 520 521 
492 4087 -0.966321000 -2.357630000 0.00000000000000000000 1.00000000000000000000 2 0 8 461 462 463 491 493 520 521 522 
493 4088 -1.059520000 -2.299540000 0.00000000000000000000 1.00000000000000000000 2 0 8 462 463 464 492 494 521 522 523 
494 4089 -1.150330000 -2.237880000 0.00000000000000000000 1.00000000000000000000 2 0 8 463 464 465 493 495 522 523 524 
495 4090 -1.238630000 -2.172720000 0.00000000000000000000 1.00000000000000000000 2 0 8 464 465 466 494 496 523 524 525 
496 4091 -1.324260000 -2.104180000 0.00000000000000000000 1.00000000000000000000 2 0 8 465 466 467 495 497 524 525 526 
497 4092 -1.407090000 -2.032360000 0.00000000000000000000 1.00000000000000000000 2 0 8 466 467 468 496 498 525 526 527 
498 4093 -1.487000000 -1.957360000 0.00000000000000000000 1.00000000000000000000 2 0 8 467 468 469 497 499 526 527 528 
499 4094 -1.563850000 -1.879310000 0.00000000000000000000 1.00000000000000000000 2 0 8 468 469 470 498 500 527 528 529 
500 4095 -1.637530000 -1.798320000 0.00000000000000000000 1.00000000000000000000 2 0 8 469 470 471 499 501 528 529 530 
501 4096 -1.707920000 -1.714520000 0.00000000000000000000 1.00000000000000000000 2 0 8 470 471 472 500 502 529 530 531 
502 4097 -1.774900000 -1.628040000 0.00000000000000000000 1.00000000000000000000 2 0 8 471 472 473 501 503 530 531 532 
503 4098 -1.838380000 -1.539020000 0.00000000000000000000 1.00000000000000000000 2 0 8 472 473 474 502 504 531 532 533 
504 4099 -1.898240000 -1.447580000 0.00000000000000000000 1.00000000000000000000 2 0 8 473 474 475 503 505 532 533 534 
505 4100 -1.954400000 -1.353880000 0.00000000000000000000 1.00000000000000000000 2 0 8 474 475 476 504 506 533 534 535 
506 4101 -2.006760000 -1.258060000 0.00000000000000000000 1.00000000000000000000 2 0 8 475 476 477 505 507 534 535 536 
507 4102 -2.055250000 -1.160270000 0.00000000000000000000 1.00000000000000000000 2 0 8 476 477 673 506 676 535 536 679 
508 4103 0.384589000 -2.930680000 0.00000000000000000000 1.00000000000000000000 2 0 8 478 479 480 678 509 680 681 537 
509 4104 0.267948000 -2.924550000 0.00000000000000000000 1.00000000000000000000 2 0 8 479 480 481 508 510 681 537 538 
510 4105 0.151616000 -2.913900000 0.00000000000000000000 1.00000000000000000000 2 0 8 480 481 482 509 511 537 538 539 
511 4106 0.035775300 -2.898750000 0.00000000000000000000 1.00000000000000000000 2 0 8 481 482 483 510 512 538 539 540 
512 4107 -0.079396100 -2.879120000 0.00000000000000000000 1.00000000000000000000 2 0 8 482 483 484 511 513 539 540 541 
513 4108 -0.193719000 -2.855030000 0.00000000000000000000 1.00000000000000000000 2 0 8 483 484 485 512 514 540 541 542 
514 4109 -0.307016000 -2.826520000 0.00000000000000000000 1.00000000000000000000 2 0 8 484 485 486 513 515 541 542 543 
515 4110 -0.419111000 -2.793640000 0.00000000000000000000 1.00000000000000000000 2 0 8 485 486 487 514 516 542 543 544 
516 4111 -0.529829000 -2.756420000 0.00000000000000000000 1.00000000000000000000 2 0 8 486 487 488 515 517 543 544 545 
517 4112 -0.638998000 -2.714930000 0.00000000000000000000 1.00000000000000000000 2 0 8 487 488 489 516 518 544 545 546 
518 4113 -0.746447000 -2.669220000 0.00000000000000000000 1.00000000000000000000 2 0 8 488 489 490 517 519 545 546 547 
519 4114 -0.852009000 -2.619370000 0.00000000000000000000 1.00000000000000000000 2 0 8 489 490 491 518 520 546 547 548 
520 4115 -0.955518000 -2.565440000 0.00000000000000000000 1.00000000000000000000 2 0 8 490 491 492 519 521 547 548 549 
521 4116 -1.056810000 -2.507530000 0.00000000000000000000 1.00000000000000000000 2 0 8 491 492 493 520 522 548 549 550 
522 4117 -1.155730000 -2.445720000 0.00000000000000000000 1.00000000000000000000 2 0 8 492 493 494 521 523 549 550 551 
523 4118 -1.252120000 -2.380100000 0.00000000000000000000 1.00000000000000000000 2 0 8 493 494 495 522 524 550 551 552 
524 4119 -1.345840000 -2.310780000 0.00000000000000000000 1.00000000000000000000 2 0 8 494 495 496 523 525 551 552 553 
525 4120 -1.436720000 -2.237850000 0.00000000000000000000 1.00000000000000000000 2 0 8 495 496 497 524 526 552 553 554 
526 4121 -1.524630000 -2.161440000 0.00000000000000000000 1.00000000000000000000 2 0 8 496 497 498 525 527 553 554 555 
527 4122 -1.609440000 -2.081660000 0.00000000000000000000 1.00000000000000000000 2 0 8 497 498 499 526 528 554 555 556 
528 4123 -1.691000000 -1.998630000 0.00000000000000000000 1.00000000000000000000 2 0 8 498 499 500 527 529 555 556 557 
529 4124 -1.769190000 -1.912470000 0.00000000000000000000 1.00000000000000000000 2 0 8 499 500 501 528 530 556 557 558 
530 4125 -1.843890000 -1.823340000 0.00000000000000000000 1.00000000000000000000 2 0 8 500 501 502 529 531 557 558 559 
531 4126 -1.914970000 -1.731350000 0.00000000000000000000 1.00000000000000000000 2 0 8 501 502 503 530 532 558 559 560 
532 4127 -1.982330000 -1.636660000 0.00000000000000000000 1.00000000000000000000 2 0 8 502 503 504 531 533 559 560 561 
533 4128 -2.045860000 -1.539410000 0.00000000000000000000 1.00000000000000000000 2 0 8 503 504 505 532 534 560 561 562 
534 4129 -2.105450000 -1.439750000 0.00000000000000000000 1.00000000000000000000 2 0 8 504 505 506 533 535 561 562 682 
535 4130 -2.161020000 -1.337840000 0.00000000000000000000 1.00000000000000000000 2 0 8 505 506 507 534 536 562 682 683 
536 4131 -2.212470000 -1.233840000 0.00000000000000000000 1.00000000000000000000 2 0 8 506 507 676 535 679 682 683 684 
537 4132 0.253471000 -3.110780000 0.00000000000000000000 1.00000000000000000000 2 0 8 508 509 510 681 538 685 686 563 
538 4133 0.129939000 -3.099410000 0.00000000000000000000 1.00000000000000000000 2 0 8 509 510 511 537 539 686 563 564 
539 4134 0.006931520 -3.083240000 0.00000000000000000000 1.00000000000000000000 2 0 8 510 511 512 538 540 563 564 565 
540 4135 -0.115361000 -3.062310000 0.00000000000000000000 1.00000000000000000000 2 0 8 511 512 513 539 541 564 565 566 
541 4136 -0.236750000 -3.036650000 0.00000000000000000000 1.00000000000000000000 2 0 8 512 513 514 540 542 565 566 567 
542 4137 -0.357046000 -3.006280000 0.00000000000000000000 1.00000000000000000000 2 0 8 513 514 515 541 543 566 567 568 
543 4138 -0.476062000 -2.971250000 0.00000000000000000000 1.00000000000000000000 2 0 8 514 515 516 542 544 567 568 569 
544 4139 -0.593613000 -2.931630000 0.00000000000000000000 1.00000000000000000000 2 0 8 515 516 517 543 545 568 569 570 
545 4140 -0.709516000 -2.887450000 0.00000000000000000000 1.00000000000000000000 2 0 8 516 517 518 544 546 569 570 571 
546 4141 -0.823590000 -2.838800000 0.00000000000000000000 1.00000000000000000000 2 0 8 517 518 519 545 547 570 571 572 
547 4142 -0.935658000 -2.785740000 0.00000000000000000000 1.00000000000000000000 2 0 8 518 519 520 546 548 571 572 573 
548 4143 -1.045540000 -2.728360000 0.00000000000000000000 1.00000000000000000000 2 0 8 519 520 521 547 549 572 573 574 
549 4144 -1.153070000 -2.666730000 0.00000000000000000000 1.00000000000000000000 2 0 8 520 521 522 548 550 573 574 575 
550 4145 -1.258080000 -2.600960000 0.00000000000000000000 1.00000000000000000000 2 0 8 521 522 523 549 551 574 575 576 
551 4146 -1.360410000 -2.531150000 0.00000000000000000000 1.00000000000000000000 2 0 8 522 523 524 550 552 575 576 577 
552 4147 -1.459880000 -2.457390000 0.00000000000000000000 1.00000000000000000000 2 0 8 523 524 525 551 553 576 577 687 
553 4148 -1.556350000 -2.379810000 0.00000000000000000000 1.00000000000000000000 2 0 8 524 525 526 552 554 577 687 688 
554 4149 -1.649670000 -2.298520000 0.00000000000000000000 1.00000000000000000000 2 0 8 525 526 527 553 555 687 688 689 
555 4150 -1.739680000 -2.213660000 0.00000000000000000000 1.00000000000000000000 2 0 8 526 527 528 554 556 688 689 690 
556 4151 -1.826260000 -2.125340000 0.00000000000000000000 1.00000000000000000000 2 0 8 527 528 529 555 557 689 690 691 
557 4152 -1.909250000 -2.033700000 0.00000000000000000000 1.00000000000000000000 2 0 8 528 529 530 556 558 690 691 692 
558 4153 -1.988530000 -1.938900000 0.00000000000000000000 1.00000000000000000000 2 0 8 529 530 531 557 559 691 692 693 
559 4154 -2.063970000 -1.841060000 0.00000000000000000000 1.00000000000000000000 2 0 8 530 531 532 558 560 692 693 694 
560 4155 -2.135460000 -1.740360000 0.00000000000000000000 1.00000000000000000000 2 0 8 531 532 533 559 561 693 694 695 
561 4156 -2.202880000 -1.636930000 0.00000000000000000000 1.00000000000000000000 2 0 8 532 533 534 560 562 694 695 696 
562 4157 -2.266130000 -1.530950000 0.00000000000000000000 1.00000000000000000000 2 0 8 533 534 535 561 682 695 696 697 
563 4158 0.106880000 -3.296440000 0.00000000000000000000 1.00000000000000000000 2 0 8 537 538 539 686 564 698 699 578 
564 4159 -0.023750800 -3.279200000 0.00000000000000000000 1.00000000000000000000 2 0 8 538 539 540 563 565 699 578 579 
565 4160 -0.153619000 -3.256890000 0.00000000000000000000 1.00000000000000000000 2 0 8 539 540 541 564 566 578 579 580 
566 4161 -0.282523000 -3.229540000 0.00000000000000000000 1.00000000000000000000 2 0 8 540 541 542 565 567 579 580 581 
567 4162 -0.410263000 -3.197200000 0.00000000000000000000 1.00000000000000000000 2 0 8 541 542 543 566 568 580 581 582 
568 4163 -0.536641000 -3.159910000 0.00000000000000000000 1.00000000000000000000 2 0 8 542 543 544 567 569 581 582 583 
569 4164 -0.661460000 -3.117720000 0.00000000000000000000 1.00000000000000000000 2 0 8 543 544 545 568 570 582 583 584 
570 4165 -0.784526000 -3.070700000 0.00000000000000000000 1.00000000000000000000 2 0 8 544 545 546 569 571 583 584 585 
571 4166 -0.905647000 -3.018920000 0.00000000000000000000 1.00000000000000000000 2 0 8 545 546 547 570 572 584 585 586 
572 4167 -1.024630000 -2.962450000 0.00000000000000000000 1.00000000000000000000 2 0 8 546 547 548 571 573 585 586 700 
573 4168 -1.141300000 -2.901390000 0.00000000000000000000 1.00000000000000000000 2 0 8 547 548 549 572 574 586 700 701 
574 4169 -1.255470000 -2.835820000 0.00000000000000000000 1.00000000000000000000 2 0 8 548 549 550 573 575 700 701 702 
575 4170 -1.366950000 -2.765840000 0.00000000000000000000 1.00000000000000000000 2 0 8 549 550 551 574 576 701 702 703 
576 4171 -1.475580000 -2.691570000 0.00000000000000000000 1.00000000000000000000 2 0 8 550 551 552 575 577 702 703 704 
577 4172 -1.581190000 -2.613110000 0.00000000000000000000 1.00000000000000000000 2 0 8 551 552 553 576 687 703 704 705 
578 4173 -0.056386100 -3.487350000 0.00000000000000000000 1.00000000000000000000 2 0 8 563 564 565 699 579 706 707 587 
579 4174 -0.194311000 -3.463570000 0.00000000000000000000 1.00000000000000000000 2 0 8 564 565 566 578 580 707 587 588 
580 4175 -0.331209000 -3.434440000 0.00000000000000000000 1.00000000000000000000 2 0 8 565 566 567 579 581 587 588 589 
581 4176 -0.466867000 -3.400000000 0.00000000000000000000 1.00000000000000000000 2 0 8 566 567 568 580 582 588 589 590 
582 4177 -0.601074000 -3.360300000 0.00000000000000000000 1.00000000000000000000 2 0 8 567 568 569 581 583 589 590 591 
583 4178 -0.733623000 -3.315390000 0.00000000000000000000 1.00000000000000000000 2 0 8 568 569 570 582 584 590 591 592 
584 4179 -0.864307000 -3.265340000 0.00000000000000000000 1.00000000000000000000 2 0 8 569 570 571 583 585 591 592 593 
585 4180 -0.992923000 -3.210240000 0.00000000000000000000 1.00000000000000000000 2 0 8 570 571 572 584 586 592 593 708 
586 4181 -1.119270000 -3.150150000 0.00000000000000000000 1.00000000000000000000 2 0 8 571 572 573 585 700 593 708 709 
587 4182 -0.237589000 -3.683140000 0.00000000000000000000 1.00000000000000000000 2 0 8 578 579 580 707 588 710 711 594 
588 4183 -0.382988000 -3.652110000 0.00000000000000000000 1.00000000000000000000 2 0 8 579 580 581 587 589 711 594 712 
589 4184 -0.527067000 -3.615440000 0.00000000000000000000 1.00000000000000000000 2 0 8 580 581 582 588 590 594 712 713 
590 4185 -0.669601000 -3.573170000 0.00000000000000000000 1.00000000000000000000 2 0 8 581 582 583 589 591 712 713 714 
591 4186 -0.810371000 -3.525380000 0.00000000000000000000 1.00000000000000000000 2 0 8 582 583 584 590 592 713 714 715 
592 4187 -0.949156000 -3.472120000 0.00000000000000000000 1.00000000000000000000 2 0 8 583 584 585 591 593 714 715 716 
593 4188 -1.085740000 -3.413480000 0.00000000000000000000 1.00000000000000000000 2 0 8 584 585 586 592 708 715 716 717 
594 4189 -0.438054000 -3.883360000 0.00000000000000000000 1.00000000000000000000 2 0 8 587 588 589 711 712 718 719 720 
595 2923 0.345355 -0.854626 2 0
596 3491 0.306675 -0.849374 2 0
597 3492 0.268249 -0.842793 2 0
598 2939 0.377854 -0.920253 2 0
599 2940 0.336866 -0.915993 2 0
600 3519 0.255571 -0.903196 2 0
601 3520 0.215393 -0.894673 2 0
602 3521 0.175612 -0.884746 2 0
603 3522 0.136291 -0.873427 2 0
604 3523 0.0974939 -0.860733 2 0
605 3524 0.0592813 -0.84668 2 0
606 3525 0.0217148 -0.831287 2 0
607 3526 -0.0151456 -0.814577 2 0
608 3527 -0.0512404 -0.796574 2 0
609 3528 -0.0865116 -0.777304 2 0
610 3529 -0.120902 -0.756795 2 0
611 2954 0.414427 -0.988455 2 0
612 2955 0.371021 -0.985369 2 0
613 3546 -0.155164 -0.809791 2 0
614 3547 -0.190447 -0.786518 2 0
615 3548 -0.224684 -0.761991 2 0
616 3549 -0.257819 -0.736247 2 0
617 2967 0.455479 -1.05921 2 0
618 2968 0.409545 -1.05749 2 0
619 3563 -0.300178 -0.787045 2 0
620 3564 -0.333927 -0.758238 2 0
621 2976 0.598351 -1.12753 2 0
622 2977 0.549959 -1.13088 2 0
623 2978 0.50144 -1.13249 2 0
624 2979 0.452869 -1.13234 2 0
625 3576 -0.381118 -0.809935 2 0
626 3577 -0.41541 -0.777845 2 0
627 2985 0.654921 -1.19932 2 0
628 2986 0.603946 -1.2047 2 0
629 3587 -0.46778 -0.830328 2 0
630 3588 -0.50253 -0.794725 2 0
631 3589 -0.535738 -0.757856 2 0
632 3590 -0.567351 -0.719778 2 0
633 3591 -0.597317 -0.68055 2 0
634 3592 -0.625586 -0.640235 2 0
635 3593 -0.652113 -0.598896 2 0
636 3594 -0.676854 -0.556598 2 0
637 3595 -0.699768 -0.513408 2 0
638 6594 -0.720819 -0.469395 2 0
639 2990 0.717514 -1.27301 2 0
640 2991 0.663868 -1.28066 2 0
641 6601 -0.791197 -0.500695 2 0
642 2993 0.786624 -1.34845 2 0
643 2994 0.730223 -1.35865 2 0
644 6610 -0.866309 -0.533833 2 0
645 958 0.862769 -1.42549 2 0
646 2995 0.803533 -1.43852 2 0
647 6620 -0.946434 -0.56893 2 0
648 999 0.946488 -1.50392 2 0
649 1000 0.884347 -1.5201 2 0
650 6633 -1.03187 -0.606118 2 0
651 1039 1.03834 -1.58354 2 0
652 1040 0.973235 -1.60318 2 0
653 6647 -1.12294 -0.645534 2 0
654 1078 1.0708 -1.68753 2 0
655 6662 -1.21997 -0.687324 2 0
656 1796 1.10537 -1.79781 2 0
657 1797 1.03211 -1.82 2 0
658 6681 -1.32333 -0.731645 2 0
659 1802 1.06445 -1.93838 2 0
660 1803 0.985793 -1.95901 2 0
661 6702 -1.43341 -0.778659 2 0
662 1810 1.01541 -2.0859 2 0
663 1811 0.93109 -2.10462 2 0
664 6724 -1.55061 -0.828543 2 0
665 1820 0.957438 -2.24044 2 0
666 1821 0.867182 -2.25688 2 0
667 6747 -1.67537 -0.881482 2 0
668 1832 0.889667 -2.40206 2 0
669 1833 0.793203 -2.41581 2 0
670 6771 -1.80815 -0.937672 2 0
671 1848 0.811178 -2.57077 2 0
672 1849 0.708232 -2.5814 2 0
673 6797 -1.94945 -0.997323 2 0
674 1866 0.720994 -2.74656 2 0
675 1867 0.611295 -2.75359 2 0
676 6824 -2.09979 -1.06066 2 0
677 1886 0.618081 -2.92938 2 0
678 1887 0.50136 -2.93229 2 0
679 6851 -2.25973 -1.12791 2 0
680 1908 0.501342 -3.11912 2 0
681 1909 0.377336 -3.11735 2 0
682 4190 -2.32511 -1.42257 2 0
683 4191 -2.37971 -1.31198 2 0
684 4192 -2.42986 -1.19933 2 0
685 1931 0.369619 -3.31563 2 0
686 1932 0.238071 -3.30859 2 0
687 4193 -1.6836 -2.53058 2 0
688 4194 -1.78267 -2.44412 2 0
689 4195 -1.87822 -2.35385 2 0
690 4196 -1.97012 -2.25992 2 0
691 4197 -2.05822 -2.16246 2 0
692 4198 -2.14237 -2.06163 2 0
693 4199 -2.22246 -1.95759 2 0
694 4200 -2.29834 -1.85049 2 0
695 4201 -2.36991 -1.74051 2 0
696 4202 -2.43704 -1.62781 2 0
697 4203 -2.49963 -1.51257 2 0
698 1955 0.22169 -3.5187 2 0
699 1956 0.0823524 -3.50573 2 0
700 4207 -1.24315 -3.08518 2 0
701 4208 -1.36437 -3.01542 2 0
702 4209 -1.48274 -2.94098 2 0
703 4210 -1.59808 -2.86197 2 0
704 4211 -1.71021 -2.77851 2 0
705 4212 -1.81894 -2.69074 2 0
706 1980 0.0562654 -3.72807 2 0
707 1981 -0.0910959 -3.70847 2 0
708 4227 -1.21992 -3.34955 2 0
709 4228 -1.35147 -3.28043 2 0
710 2006 -0.12801 -3.94339 2 0
711 2007 -0.283615 -3.9164 2 0
712 4249 -0.591087 -3.84432 2 0
713 4250 -0.742477 -3.79933 2 0
714 4251 -0.891988 -3.74846 2 0
715 4252 -1.03939 -3.69179 2 0
716 4253 -1.18445 -3.6294 2 0
717 4254 -1.32695 -3.56139 2 0
718 2033 -0.33256 -4.16424 2 0
719 4277 -0.496612 -4.12906 2 0
720 4278 -0.659167 -4.0875 2 0
