719 618 101
1 8983 1.358270000 1.213880000 0.00000000000000000000 1.00000000000000000000 2 0 8 619 620 621 640 2 19 20 21 
2 8984 1.407610000 1.180600000 0.00000000000000000000 1.00000000000000000000 2 0 8 620 621 622 1 3 20 21 22 
3 8985 1.455530000 1.145540000 0.00000000000000000000 1.00000000000000000000 2 0 8 621 622 623 2 4 21 22 23 
4 8986 1.501950000 1.108760000 0.00000000000000000000 1.00000000000000000000 2 0 8 622 623 624 3 5 22 23 24 
5 8987 1.546800000 1.070310000 0.00000000000000000000 1.00000000000000000000 2 0 8 623 624 625 4 6 23 24 25 
6 8988 1.590030000 1.030260000 0.00000000000000000000 1.00000000000000000000 2 0 8 624 625 626 5 7 24 25 26 
7 8989 1.631570000 0.988656000 0.00000000000000000000 1.00000000000000000000 2 0 8 625 626 627 6 8 25 26 27 
8 8990 1.671350000 0.945575000 0.00000000000000000000 1.00000000000000000000 2 0 8 626 627 628 7 9 26 27 28 
9 8991 1.709310000 0.901078000 0.00000000000000000000 1.00000000000000000000 2 0 8 627 628 629 8 10 27 28 29 
10 8992 1.745410000 0.855236000 0.00000000000000000000 1.00000000000000000000 2 0 8 628 629 630 9 11 28 29 30 
11 8993 1.779590000 0.808116000 0.00000000000000000000 1.00000000000000000000 2 0 8 629 630 631 10 12 29 30 31 
12 8994 1.811810000 0.759792000 0.00000000000000000000 1.00000000000000000000 2 0 8 630 631 632 11 13 30 31 32 
13 8995 1.842000000 0.710337000 0.00000000000000000000 1.00000000000000000000 2 0 8 631 632 633 12 14 31 32 33 
14 8996 1.870140000 0.659824000 0.00000000000000000000 1.00000000000000000000 2 0 8 632 633 634 13 15 32 33 34 
15 8997 1.896170000 0.608330000 0.00000000000000000000 1.00000000000000000000 2 0 8 633 634 635 14 16 33 34 35 
16 8998 1.920070000 0.555933000 0.00000000000000000000 1.00000000000000000000 2 0 8 634 635 636 15 17 34 35 36 
17 8999 1.941790000 0.502711000 0.00000000000000000000 1.00000000000000000000 2 0 8 635 636 637 16 18 35 36 37 
18 9000 1.961320000 0.448743000 0.00000000000000000000 1.00000000000000000000 2 0 8 636 637 638 17 641 36 37 38 
19 9001 1.355880000 1.328310000 0.00000000000000000000 1.00000000000000000000 2 0 8 639 640 1 643 20 646 39 40 
20 9002 1.409630000 1.294810000 0.00000000000000000000 1.00000000000000000000 2 0 8 640 1 2 19 21 39 40 41 
21 9003 1.461950000 1.259360000 0.00000000000000000000 1.00000000000000000000 2 0 8 1 2 3 20 22 40 41 42 
22 9004 1.512760000 1.222000000 0.00000000000000000000 1.00000000000000000000 2 0 8 2 3 4 21 23 41 42 43 
23 9005 1.561990000 1.182790000 0.00000000000000000000 1.00000000000000000000 2 0 8 3 4 5 22 24 42 43 44 
24 9006 1.609560000 1.141810000 0.00000000000000000000 1.00000000000000000000 2 0 8 4 5 6 23 25 43 44 45 
25 9007 1.655400000 1.099110000 0.00000000000000000000 1.00000000000000000000 2 0 8 5 6 7 24 26 44 45 46 
26 9008 1.699450000 1.054750000 0.00000000000000000000 1.00000000000000000000 2 0 8 6 7 8 25 27 45 46 47 
27 9009 1.741640000 1.008820000 0.00000000000000000000 1.00000000000000000000 2 0 8 7 8 9 26 28 46 47 48 
28 9010 1.781920000 0.961368000 0.00000000000000000000 1.00000000000000000000 2 0 8 8 9 10 27 29 47 48 49 
29 9011 1.820210000 0.912479000 0.00000000000000000000 1.00000000000000000000 2 0 8 9 10 11 28 30 48 49 50 
30 9012 1.856470000 0.862225000 0.00000000000000000000 1.00000000000000000000 2 0 8 10 11 12 29 31 49 50 51 
31 9013 1.890630000 0.810682000 0.00000000000000000000 1.00000000000000000000 2 0 8 11 12 13 30 32 50 51 52 
32 9014 1.922670000 0.757929000 0.00000000000000000000 1.00000000000000000000 2 0 8 12 13 14 31 33 51 52 53 
33 9015 1.952510000 0.704045000 0.00000000000000000000 1.00000000000000000000 2 0 8 13 14 15 32 34 52 53 54 
34 9016 1.980130000 0.649111000 0.00000000000000000000 1.00000000000000000000 2 0 8 14 15 16 33 35 53 54 55 
35 9017 2.005490000 0.593211000 0.00000000000000000000 1.00000000000000000000 2 0 8 15 16 17 34 36 54 55 56 
36 9018 2.028540000 0.536427000 0.00000000000000000000 1.00000000000000000000 2 0 8 16 17 18 35 37 55 56 57 
37 9019 2.049250000 0.478846000 0.00000000000000000000 1.00000000000000000000 2 0 8 17 18 641 36 38 56 57 58 
38 9020 2.067600000 0.420553000 0.00000000000000000000 1.00000000000000000000 2 0 8 18 641 642 37 644 57 58 59 
39 9021 1.407370000 1.416270000 0.00000000000000000000 1.00000000000000000000 2 0 8 643 19 20 646 40 649 60 61 
40 9022 1.464380000 1.380590000 0.00000000000000000000 1.00000000000000000000 2 0 8 19 20 21 39 41 60 61 62 
41 9023 1.519880000 1.342820000 0.00000000000000000000 1.00000000000000000000 2 0 8 20 21 22 40 42 61 62 63 
42 9024 1.573770000 1.303020000 0.00000000000000000000 1.00000000000000000000 2 0 8 21 22 23 41 43 62 63 64 
43 9025 1.625990000 1.261250000 0.00000000000000000000 1.00000000000000000000 2 0 8 22 23 24 42 44 63 64 65 
44 9026 1.676460000 1.217580000 0.00000000000000000000 1.00000000000000000000 2 0 8 23 24 25 43 45 64 65 66 
45 9027 1.725090000 1.172070000 0.00000000000000000000 1.00000000000000000000 2 0 8 24 25 26 44 46 65 66 67 
46 9028 1.771830000 1.124800000 0.00000000000000000000 1.00000000000000000000 2 0 8 25 26 27 45 47 66 67 68 
47 9029 1.816590000 1.075840000 0.00000000000000000000 1.00000000000000000000 2 0 8 26 27 28 46 48 67 68 69 
48 9030 1.859320000 1.025260000 0.00000000000000000000 1.00000000000000000000 2 0 8 27 28 29 47 49 68 69 70 
49 9031 1.899950000 0.973144000 0.00000000000000000000 1.00000000000000000000 2 0 8 28 29 30 48 50 69 70 71 
50 9032 1.938420000 0.919568000 0.00000000000000000000 1.00000000000000000000 2 0 8 29 30 31 49 51 70 71 72 
51 9033 1.974680000 0.864613000 0.00000000000000000000 1.00000000000000000000 2 0 8 30 31 32 50 52 71 72 73 
52 9034 2.008670000 0.808365000 0.00000000000000000000 1.00000000000000000000 2 0 8 31 32 33 51 53 72 73 74 
53 9035 2.040340000 0.750908000 0.00000000000000000000 1.00000000000000000000 2 0 8 32 33 34 52 54 73 74 75 
54 9036 2.069650000 0.692329000 0.00000000000000000000 1.00000000000000000000 2 0 8 33 34 35 53 55 74 75 76 
55 9037 2.096560000 0.632716000 0.00000000000000000000 1.00000000000000000000 2 0 8 34 35 36 54 56 75 76 77 
56 9038 2.121020000 0.572159000 0.00000000000000000000 1.00000000000000000000 2 0 8 35 36 37 55 57 76 77 78 
57 9039 2.143000000 0.510748000 0.00000000000000000000 1.00000000000000000000 2 0 8 36 37 38 56 58 77 78 79 
58 9040 2.162480000 0.448576000 0.00000000000000000000 1.00000000000000000000 2 0 8 37 38 644 57 59 78 79 80 
59 9041 2.179410000 0.385735000 0.00000000000000000000 1.00000000000000000000 2 0 8 38 644 645 58 647 79 80 81 
60 9042 1.462250000 1.509530000 0.00000000000000000000 1.00000000000000000000 2 0 8 646 39 40 649 61 652 82 83 
61 9043 1.522730000 1.471530000 0.00000000000000000000 1.00000000000000000000 2 0 8 39 40 41 60 62 82 83 84 
62 9044 1.581610000 1.431310000 0.00000000000000000000 1.00000000000000000000 2 0 8 40 41 42 61 63 83 84 85 
63 9045 1.638800000 1.388920000 0.00000000000000000000 1.00000000000000000000 2 0 8 41 42 43 62 64 84 85 86 
64 9046 1.694210000 1.344430000 0.00000000000000000000 1.00000000000000000000 2 0 8 42 43 44 63 65 85 86 87 
65 9047 1.747760000 1.297910000 0.00000000000000000000 1.00000000000000000000 2 0 8 43 44 45 64 66 86 87 88 
66 9048 1.799370000 1.249430000 0.00000000000000000000 1.00000000000000000000 2 0 8 44 45 46 65 67 87 88 89 
67 9049 1.848960000 1.199070000 0.00000000000000000000 1.00000000000000000000 2 0 8 45 46 47 66 68 88 89 90 
68 9050 1.896470000 1.146900000 0.00000000000000000000 1.00000000000000000000 2 0 8 46 47 48 67 69 89 90 91 
69 9051 1.941820000 1.093000000 0.00000000000000000000 1.00000000000000000000 2 0 8 47 48 49 68 70 90 91 92 
70 9052 1.984940000 1.037460000 0.00000000000000000000 1.00000000000000000000 2 0 8 48 49 50 69 71 91 92 93 
71 9053 2.025770000 0.980359000 0.00000000000000000000 1.00000000000000000000 2 0 8 49 50 51 70 72 92 93 94 
72 9054 2.064250000 0.921788000 0.00000000000000000000 1.00000000000000000000 2 0 8 50 51 52 71 73 93 94 95 
73 9055 2.100330000 0.861834000 0.00000000000000000000 1.00000000000000000000 2 0 8 51 52 53 72 74 94 95 96 
74 9056 2.133950000 0.800589000 0.00000000000000000000 1.00000000000000000000 2 0 8 52 53 54 73 75 95 96 97 
75 9057 2.165060000 0.738145000 0.00000000000000000000 1.00000000000000000000 2 0 8 53 54 55 74 76 96 97 98 
76 9058 2.193620000 0.674596000 0.00000000000000000000 1.00000000000000000000 2 0 8 54 55 56 75 77 97 98 99 
77 9059 2.219590000 0.610038000 0.00000000000000000000 1.00000000000000000000 2 0 8 55 56 57 76 78 98 99 100 
78 9060 2.242920000 0.544567000 0.00000000000000000000 1.00000000000000000000 2 0 8 56 57 58 77 79 99 100 101 
79 9061 2.263590000 0.478283000 0.00000000000000000000 1.00000000000000000000 2 0 8 57 58 59 78 80 100 101 102 
80 9062 2.281570000 0.411285000 0.00000000000000000000 1.00000000000000000000 2 0 8 58 59 647 79 81 101 102 103 
81 9063 2.296820000 0.343672000 0.00000000000000000000 1.00000000000000000000 2 0 8 59 647 648 80 650 102 103 104 
82 9064 1.520720000 1.608420000 0.00000000000000000000 1.00000000000000000000 2 0 8 649 60 61 652 83 655 105 106 
83 9065 1.584910000 1.567980000 0.00000000000000000000 1.00000000000000000000 2 0 8 60 61 62 82 84 105 106 107 
84 9066 1.647390000 1.525150000 0.00000000000000000000 1.00000000000000000000 2 0 8 61 62 63 83 85 106 107 108 
85 9067 1.708080000 1.480020000 0.00000000000000000000 1.00000000000000000000 2 0 8 62 63 64 84 86 107 108 109 
86 9068 1.766890000 1.432640000 0.00000000000000000000 1.00000000000000000000 2 0 8 63 64 65 85 87 108 109 110 
87 9069 1.823730000 1.383100000 0.00000000000000000000 1.00000000000000000000 2 0 8 64 65 66 86 88 109 110 111 
88 9070 1.878510000 1.331460000 0.00000000000000000000 1.00000000000000000000 2 0 8 65 66 67 87 89 110 111 112 
89 9071 1.931150000 1.277820000 0.00000000000000000000 1.00000000000000000000 2 0 8 66 67 68 88 90 111 112 113 
90 9072 1.981570000 1.222250000 0.00000000000000000000 1.00000000000000000000 2 0 8 67 68 69 89 91 112 113 114 
91 9073 2.029710000 1.164830000 0.00000000000000000000 1.00000000000000000000 2 0 8 68 69 70 90 92 113 114 115 
92 9074 2.075490000 1.105660000 0.00000000000000000000 1.00000000000000000000 2 0 8 69 70 71 91 93 114 115 116 
93 9075 2.118830000 1.044820000 0.00000000000000000000 1.00000000000000000000 2 0 8 70 71 72 92 94 115 116 117 
94 9076 2.159690000 0.982419000 0.00000000000000000000 1.00000000000000000000 2 0 8 71 72 73 93 95 116 117 118 
95 9077 2.197990000 0.918536000 0.00000000000000000000 1.00000000000000000000 2 0 8 72 73 74 94 96 117 118 119 
96 9078 2.233680000 0.853274000 0.00000000000000000000 1.00000000000000000000 2 0 8 73 74 75 95 97 118 119 120 
97 9079 2.266710000 0.786731000 0.00000000000000000000 1.00000000000000000000 2 0 8 74 75 76 96 98 119 120 121 
98 9080 2.297040000 0.719007000 0.00000000000000000000 1.00000000000000000000 2 0 8 75 76 77 97 99 120 121 122 
99 9081 2.324610000 0.650206000 0.00000000000000000000 1.00000000000000000000 2 0 8 76 77 78 98 100 121 122 123 
100 9082 2.349380000 0.580431000 0.00000000000000000000 1.00000000000000000000 2 0 8 77 78 79 99 101 122 123 124 
101 9083 2.371330000 0.509786000 0.00000000000000000000 1.00000000000000000000 2 0 8 78 79 80 100 102 123 124 125 
102 9084 2.390420000 0.438378000 0.00000000000000000000 1.00000000000000000000 2 0 8 79 80 81 101 103 124 125 126 
103 9085 2.406610000 0.366314000 0.00000000000000000000 1.00000000000000000000 2 0 8 80 81 650 102 104 125 126 127 
104 9086 2.419900000 0.293702000 0.00000000000000000000 1.00000000000000000000 2 0 8 81 650 651 103 653 126 127 128 
105 9087 1.582990000 1.713320000 0.00000000000000000000 1.00000000000000000000 2 0 8 652 82 83 655 106 658 129 130 
106 9088 1.651120000 1.670280000 0.00000000000000000000 1.00000000000000000000 2 0 8 82 83 84 105 107 129 130 131 
107 9089 1.717450000 1.624700000 0.00000000000000000000 1.00000000000000000000 2 0 8 83 84 85 106 108 130 131 132 
108 9090 1.781880000 1.576650000 0.00000000000000000000 1.00000000000000000000 2 0 8 84 85 86 107 109 131 132 133 
109 9091 1.844310000 1.526210000 0.00000000000000000000 1.00000000000000000000 2 0 8 85 86 87 108 110 132 133 134 
110 9092 1.904640000 1.473460000 0.00000000000000000000 1.00000000000000000000 2 0 8 86 87 88 109 111 133 134 135 
111 9093 1.962800000 1.418480000 0.00000000000000000000 1.00000000000000000000 2 0 8 87 88 89 110 112 134 135 136 
112 9094 2.018680000 1.361360000 0.00000000000000000000 1.00000000000000000000 2 0 8 88 89 90 111 113 135 136 137 
113 9095 2.072220000 1.302180000 0.00000000000000000000 1.00000000000000000000 2 0 8 89 90 91 112 114 136 137 138 
114 9096 2.123330000 1.241030000 0.00000000000000000000 1.00000000000000000000 2 0 8 90 91 92 113 115 137 138 139 
115 9097 2.171930000 1.178000000 0.00000000000000000000 1.00000000000000000000 2 0 8 91 92 93 114 116 138 139 140 
116 9098 2.217960000 1.113210000 0.00000000000000000000 1.00000000000000000000 2 0 8 92 93 94 115 117 139 140 141 
117 9099 2.261340000 1.046730000 0.00000000000000000000 1.00000000000000000000 2 0 8 93 94 95 116 118 140 141 142 
118 9100 2.302010000 0.978682000 0.00000000000000000000 1.00000000000000000000 2 0 8 94 95 96 117 119 141 142 143 
119 9101 2.339910000 0.909158000 0.00000000000000000000 1.00000000000000000000 2 0 8 95 96 97 118 120 142 143 144 
120 9102 2.374990000 0.838267000 0.00000000000000000000 1.00000000000000000000 2 0 8 96 97 98 119 121 143 144 145 
121 9103 2.407190000 0.766116000 0.00000000000000000000 1.00000000000000000000 2 0 8 97 98 99 120 122 144 145 146 
122 9104 2.436470000 0.692815000 0.00000000000000000000 1.00000000000000000000 2 0 8 98 99 100 121 123 145 146 147 
123 9105 2.462780000 0.618473000 0.00000000000000000000 1.00000000000000000000 2 0 8 99 100 101 122 124 146 147 148 
124 9106 2.486090000 0.543202000 0.00000000000000000000 1.00000000000000000000 2 0 8 100 101 102 123 125 147 148 149 
125 9107 2.506350000 0.467117000 0.00000000000000000000 1.00000000000000000000 2 0 8 101 102 103 124 126 148 149 150 
126 9108 2.523560000 0.390331000 0.00000000000000000000 1.00000000000000000000 2 0 8 102 103 104 125 127 149 150 151 
127 9109 2.537660000 0.312959000 0.00000000000000000000 1.00000000000000000000 2 0 8 103 104 653 126 128 150 151 152 
128 9110 2.548660000 0.235119000 0.00000000000000000000 1.00000000000000000000 2 0 8 104 653 654 127 656 151 152 153 
129 9111 1.649310000 1.824630000 0.00000000000000000000 1.00000000000000000000 2 0 8 655 105 106 658 130 660 154 155 
130 9112 1.721640000 1.778820000 0.00000000000000000000 1.00000000000000000000 2 0 8 105 106 107 129 131 154 155 156 
131 9113 1.792060000 1.730320000 0.00000000000000000000 1.00000000000000000000 2 0 8 106 107 108 130 132 155 156 157 
132 9114 1.860460000 1.679180000 0.00000000000000000000 1.00000000000000000000 2 0 8 107 108 109 131 133 156 157 158 
133 9115 1.926740000 1.625490000 0.00000000000000000000 1.00000000000000000000 2 0 8 108 109 110 132 134 157 158 159 
134 9116 1.990800000 1.569340000 0.00000000000000000000 1.00000000000000000000 2 0 8 109 110 111 133 135 158 159 160 
135 9117 2.052560000 1.510810000 0.00000000000000000000 1.00000000000000000000 2 0 8 110 111 112 134 136 159 160 161 
136 9118 2.111900000 1.449990000 0.00000000000000000000 1.00000000000000000000 2 0 8 111 112 113 135 137 160 161 162 
137 9119 2.168750000 1.386980000 0.00000000000000000000 1.00000000000000000000 2 0 8 112 113 114 136 138 161 162 163 
138 9120 2.223020000 1.321870000 0.00000000000000000000 1.00000000000000000000 2 0 8 113 114 115 137 139 162 163 164 
139 9121 2.274640000 1.254760000 0.00000000000000000000 1.00000000000000000000 2 0 8 114 115 116 138 140 163 164 165 
140 9122 2.323510000 1.185760000 0.00000000000000000000 1.00000000000000000000 2 0 8 115 116 117 139 141 164 165 166 
141 9123 2.369580000 1.114970000 0.00000000000000000000 1.00000000000000000000 2 0 8 116 117 118 140 142 165 166 167 
142 9124 2.412780000 1.042500000 0.00000000000000000000 1.00000000000000000000 2 0 8 117 118 119 141 143 166 167 168 
143 9125 2.453030000 0.968451000 0.00000000000000000000 1.00000000000000000000 2 0 8 118 119 120 142 144 167 168 169 
144 9126 2.490290000 0.892948000 0.00000000000000000000 1.00000000000000000000 2 0 8 119 120 121 143 145 168 169 170 
145 9127 2.524490000 0.816099000 0.00000000000000000000 1.00000000000000000000 2 0 8 120 121 122 144 146 169 170 171 
146 9128 2.555580000 0.738022000 0.00000000000000000000 1.00000000000000000000 2 0 8 121 122 123 145 147 170 171 172 
147 9129 2.583530000 0.658835000 0.00000000000000000000 1.00000000000000000000 2 0 8 122 123 124 146 148 171 172 173 
148 9130 2.608290000 0.578657000 0.00000000000000000000 1.00000000000000000000 2 0 8 123 124 125 147 149 172 173 174 
149 9131 2.629820000 0.497609000 0.00000000000000000000 1.00000000000000000000 2 0 8 124 125 126 148 150 173 174 175 
150 9132 2.648090000 0.415813000 0.00000000000000000000 1.00000000000000000000 2 0 8 125 126 127 149 151 174 175 176 
151 9133 2.663070000 0.333392000 0.00000000000000000000 1.00000000000000000000 2 0 8 126 127 128 150 152 175 176 177 
152 9134 2.674750000 0.250470000 0.00000000000000000000 1.00000000000000000000 2 0 8 127 128 656 151 153 176 177 661 
153 9135 2.683100000 0.167173000 0.00000000000000000000 1.00000000000000000000 2 0 8 128 656 657 152 659 177 661 662 
154 9136 1.719910000 1.942750000 0.00000000000000000000 1.00000000000000000000 2 0 8 658 129 130 660 155 663 664 178 
155 9137 1.796710000 1.894020000 0.00000000000000000000 1.00000000000000000000 2 0 8 129 130 131 154 156 664 178 179 
156 9138 1.871480000 1.842400000 0.00000000000000000000 1.00000000000000000000 2 0 8 130 131 132 155 157 178 179 180 
157 9139 1.944120000 1.787990000 0.00000000000000000000 1.00000000000000000000 2 0 8 131 132 133 156 158 179 180 181 
158 9140 2.014510000 1.730850000 0.00000000000000000000 1.00000000000000000000 2 0 8 132 133 134 157 159 180 181 182 
159 9141 2.082540000 1.671090000 0.00000000000000000000 1.00000000000000000000 2 0 8 133 134 135 158 160 181 182 183 
160 9142 2.148120000 1.608800000 0.00000000000000000000 1.00000000000000000000 2 0 8 134 135 136 159 161 182 183 184 
161 9143 2.211140000 1.544060000 0.00000000000000000000 1.00000000000000000000 2 0 8 135 136 137 160 162 183 184 185 
162 9144 2.271520000 1.476980000 0.00000000000000000000 1.00000000000000000000 2 0 8 136 137 138 161 163 184 185 186 
163 9145 2.329160000 1.407670000 0.00000000000000000000 1.00000000000000000000 2 0 8 137 138 139 162 164 185 186 187 
164 9146 2.383980000 1.336220000 0.00000000000000000000 1.00000000000000000000 2 0 8 138 139 140 163 165 186 187 188 
165 9147 2.435890000 1.262760000 0.00000000000000000000 1.00000000000000000000 2 0 8 139 140 141 164 166 187 188 189 
166 9148 2.484830000 1.187390000 0.00000000000000000000 1.00000000000000000000 2 0 8 140 141 142 165 167 188 189 190 
167 9149 2.530710000 1.110220000 0.00000000000000000000 1.00000000000000000000 2 0 8 141 142 143 166 168 189 190 191 
168 9150 2.573470000 1.031380000 0.00000000000000000000 1.00000000000000000000 2 0 8 142 143 144 167 169 190 191 192 
169 9151 2.613040000 0.950976000 0.00000000000000000000 1.00000000000000000000 2 0 8 143 144 145 168 170 191 192 193 
170 9152 2.649370000 0.869142000 0.00000000000000000000 1.00000000000000000000 2 0 8 144 145 146 169 171 192 193 194 
171 9153 2.682400000 0.785998000 0.00000000000000000000 1.00000000000000000000 2 0 8 145 146 147 170 172 193 194 195 
172 9154 2.712090000 0.701669000 0.00000000000000000000 1.00000000000000000000 2 0 8 146 147 148 171 173 194 195 196 
173 9155 2.738390000 0.616282000 0.00000000000000000000 1.00000000000000000000 2 0 8 147 148 149 172 174 195 196 197 
174 9156 2.761260000 0.529968000 0.00000000000000000000 1.00000000000000000000 2 0 8 148 149 150 173 175 196 197 198 
175 9157 2.780670000 0.442855000 0.00000000000000000000 1.00000000000000000000 2 0 8 149 150 151 174 176 197 198 199 
176 9158 2.796590000 0.355076000 0.00000000000000000000 1.00000000000000000000 2 0 8 150 151 152 175 177 198 199 665 
177 9159 2.809000000 0.266762000 0.00000000000000000000 1.00000000000000000000 2 0 8 151 152 153 176 661 199 665 666 
178 9160 1.876620000 2.016290000 0.00000000000000000000 1.00000000000000000000 2 0 8 154 155 156 664 179 667 200 201 
179 9161 1.956030000 1.961380000 0.00000000000000000000 1.00000000000000000000 2 0 8 155 156 157 178 180 200 201 202 
180 9162 2.033170000 1.903480000 0.00000000000000000000 1.00000000000000000000 2 0 8 156 157 158 179 181 201 202 203 
181 9163 2.107930000 1.842690000 0.00000000000000000000 1.00000000000000000000 2 0 8 157 158 159 180 182 202 203 204 
182 9164 2.180180000 1.779100000 0.00000000000000000000 1.00000000000000000000 2 0 8 158 159 160 181 183 203 204 205 
183 9165 2.249840000 1.712800000 0.00000000000000000000 1.00000000000000000000 2 0 8 159 160 161 182 184 204 205 206 
184 9166 2.316780000 1.643900000 0.00000000000000000000 1.00000000000000000000 2 0 8 160 161 162 183 185 205 206 207 
185 9167 2.380910000 1.572510000 0.00000000000000000000 1.00000000000000000000 2 0 8 161 162 163 184 186 206 207 208 
186 9168 2.442140000 1.498730000 0.00000000000000000000 1.00000000000000000000 2 0 8 162 163 164 185 187 207 208 209 
187 9169 2.500370000 1.422690000 0.00000000000000000000 1.00000000000000000000 2 0 8 163 164 165 186 188 208 209 210 
188 9170 2.555520000 1.344490000 0.00000000000000000000 1.00000000000000000000 2 0 8 164 165 166 187 189 209 210 211 
189 9171 2.607500000 1.264250000 0.00000000000000000000 1.00000000000000000000 2 0 8 165 166 167 188 190 210 211 212 
190 9172 2.656240000 1.182100000 0.00000000000000000000 1.00000000000000000000 2 0 8 166 167 168 189 191 211 212 213 
191 9173 2.701670000 1.098170000 0.00000000000000000000 1.00000000000000000000 2 0 8 167 168 169 190 192 212 213 214 
192 9174 2.743710000 1.012570000 0.00000000000000000000 1.00000000000000000000 2 0 8 168 169 170 191 193 213 214 215 
193 9175 2.782300000 0.925444000 0.00000000000000000000 1.00000000000000000000 2 0 8 169 170 171 192 194 214 215 216 
194 9176 2.817400000 0.836921000 0.00000000000000000000 1.00000000000000000000 2 0 8 170 171 172 193 195 215 216 217 
195 9177 2.848940000 0.747134000 0.00000000000000000000 1.00000000000000000000 2 0 8 171 172 173 194 196 216 217 218 
196 9178 2.876880000 0.656219000 0.00000000000000000000 1.00000000000000000000 2 0 8 172 173 174 195 197 217 218 219 
197 9179 2.901180000 0.564315000 0.00000000000000000000 1.00000000000000000000 2 0 8 173 174 175 196 198 218 219 220 
198 9180 2.921800000 0.471559000 0.00000000000000000000 1.00000000000000000000 2 0 8 174 175 176 197 199 219 220 668 
199 9181 2.938720000 0.378092000 0.00000000000000000000 1.00000000000000000000 2 0 8 175 176 177 198 665 220 668 669 
200 9182 1.961660000 2.146100000 0.00000000000000000000 1.00000000000000000000 2 0 8 664 178 179 667 201 670 671 221 
201 9183 2.046010000 2.087690000 0.00000000000000000000 1.00000000000000000000 2 0 8 178 179 180 200 202 671 221 222 
202 9184 2.127940000 2.026090000 0.00000000000000000000 1.00000000000000000000 2 0 8 179 180 181 201 203 221 222 223 
203 9185 2.207350000 1.961420000 0.00000000000000000000 1.00000000000000000000 2 0 8 180 181 182 202 204 222 223 224 
204 9186 2.284110000 1.893750000 0.00000000000000000000 1.00000000000000000000 2 0 8 181 182 183 203 205 223 224 225 
205 9187 2.358100000 1.823210000 0.00000000000000000000 1.00000000000000000000 2 0 8 182 183 184 204 206 224 225 226 
206 9188 2.429210000 1.749900000 0.00000000000000000000 1.00000000000000000000 2 0 8 183 184 185 205 207 225 226 227 
207 9189 2.497340000 1.673930000 0.00000000000000000000 1.00000000000000000000 2 0 8 184 185 186 206 208 226 227 228 
208 9190 2.562390000 1.595410000 0.00000000000000000000 1.00000000000000000000 2 0 8 185 186 187 207 209 227 228 229 
209 9191 2.624250000 1.514480000 0.00000000000000000000 1.00000000000000000000 2 0 8 186 187 188 208 210 228 229 230 
210 9192 2.682840000 1.431250000 0.00000000000000000000 1.00000000000000000000 2 0 8 187 188 189 209 211 229 230 231 
211 9193 2.738060000 1.345850000 0.00000000000000000000 1.00000000000000000000 2 0 8 188 189 190 210 212 230 231 232 
212 9194 2.789850000 1.258420000 0.00000000000000000000 1.00000000000000000000 2 0 8 189 190 191 211 213 231 232 233 
213 9195 2.838110000 1.169070000 0.00000000000000000000 1.00000000000000000000 2 0 8 190 191 192 212 214 232 233 234 
214 9196 2.882780000 1.077960000 0.00000000000000000000 1.00000000000000000000 2 0 8 191 192 193 213 215 233 234 235 
215 9197 2.923790000 0.985215000 0.00000000000000000000 1.00000000000000000000 2 0 8 192 193 194 214 216 234 235 236 
216 9198 2.961070000 0.890982000 0.00000000000000000000 1.00000000000000000000 2 0 8 193 194 195 215 217 235 236 237 
217 9199 2.994590000 0.795401000 0.00000000000000000000 1.00000000000000000000 2 0 8 194 195 196 216 218 236 237 238 
218 9200 3.024280000 0.698617000 0.00000000000000000000 1.00000000000000000000 2 0 8 195 196 197 217 219 237 238 239 
219 9201 3.050100000 0.600778000 0.00000000000000000000 1.00000000000000000000 2 0 8 196 197 198 218 220 238 239 240 
220 9202 3.072010000 0.502031000 0.00000000000000000000 1.00000000000000000000 2 0 8 197 198 199 219 668 239 240 672 
221 9203 2.141760000 2.221800000 0.00000000000000000000 1.00000000000000000000 2 0 8 200 201 202 671 222 673 241 242 
222 9204 2.228800000 2.156280000 0.00000000000000000000 1.00000000000000000000 2 0 8 201 202 203 221 223 241 242 243 
223 9205 2.313150000 2.087480000 0.00000000000000000000 1.00000000000000000000 2 0 8 202 203 204 222 224 242 243 244 
224 9206 2.394690000 2.015500000 0.00000000000000000000 1.00000000000000000000 2 0 8 203 204 205 223 225 243 244 245 
225 9207 2.473300000 1.940450000 0.00000000000000000000 1.00000000000000000000 2 0 8 204 205 206 224 226 244 245 246 
226 9208 2.548850000 1.862440000 0.00000000000000000000 1.00000000000000000000 2 0 8 205 206 207 225 227 245 246 247 
227 9209 2.621230000 1.781610000 0.00000000000000000000 1.00000000000000000000 2 0 8 206 207 208 226 228 246 247 248 
228 9210 2.690340000 1.698070000 0.00000000000000000000 1.00000000000000000000 2 0 8 207 208 209 227 229 247 248 249 
229 9211 2.756070000 1.611950000 0.00000000000000000000 1.00000000000000000000 2 0 8 208 209 210 228 230 248 249 250 
230 9212 2.818320000 1.523380000 0.00000000000000000000 1.00000000000000000000 2 0 8 209 210 211 229 231 249 250 251 
231 9213 2.877000000 1.432500000 0.00000000000000000000 1.00000000000000000000 2 0 8 210 211 212 230 232 250 251 252 
232 9214 2.932020000 1.339440000 0.00000000000000000000 1.00000000000000000000 2 0 8 211 212 213 231 233 251 252 253 
233 9215 2.983300000 1.244360000 0.00000000000000000000 1.00000000000000000000 2 0 8 212 213 214 232 234 252 253 254 
234 9216 3.030760000 1.147390000 0.00000000000000000000 1.00000000000000000000 2 0 8 213 214 215 233 235 253 254 255 
235 9217 3.074340000 1.048680000 0.00000000000000000000 1.00000000000000000000 2 0 8 214 215 216 234 236 254 255 256 
236 9218 3.113960000 0.948383000 0.00000000000000000000 1.00000000000000000000 2 0 8 215 216 217 235 237 255 256 257 
237 9219 3.149580000 0.846650000 0.00000000000000000000 1.00000000000000000000 2 0 8 216 217 218 236 238 256 257 258 
238 9220 3.181130000 0.743635000 0.00000000000000000000 1.00000000000000000000 2 0 8 217 218 219 237 239 257 258 259 
239 9221 3.208560000 0.639495000 0.00000000000000000000 1.00000000000000000000 2 0 8 218 219 220 238 240 258 259 260 
240 9222 3.231850000 0.534387000 0.00000000000000000000 1.00000000000000000000 2 0 8 219 220 668 239 672 259 260 674 
241 9223 2.243630000 2.364210000 0.00000000000000000000 1.00000000000000000000 2 0 8 671 221 222 673 242 675 261 262 
242 9224 2.336100000 2.294530000 0.00000000000000000000 1.00000000000000000000 2 0 8 221 222 223 241 243 261 262 263 
243 9225 2.425720000 2.221350000 0.00000000000000000000 1.00000000000000000000 2 0 8 222 223 224 242 244 262 263 264 
244 9226 2.512350000 2.144780000 0.00000000000000000000 1.00000000000000000000 2 0 8 223 224 225 243 245 263 264 265 
245 9227 2.595870000 2.064940000 0.00000000000000000000 1.00000000000000000000 2 0 8 224 225 226 244 246 264 265 266 
246 9228 2.676140000 1.981960000 0.00000000000000000000 1.00000000000000000000 2 0 8 225 226 227 245 247 265 266 267 
247 9229 2.753050000 1.895960000 0.00000000000000000000 1.00000000000000000000 2 0 8 226 227 228 246 248 266 267 268 
248 9230 2.826480000 1.807080000 0.00000000000000000000 1.00000000000000000000 2 0 8 227 228 229 247 249 267 268 269 
249 9231 2.896320000 1.715450000 0.00000000000000000000 1.00000000000000000000 2 0 8 228 229 230 248 250 268 269 270 
250 9232 2.962470000 1.621210000 0.00000000000000000000 1.00000000000000000000 2 0 8 229 230 231 249 251 269 270 271 
251 9233 3.024820000 1.524510000 0.00000000000000000000 1.00000000000000000000 2 0 8 230 231 232 250 252 270 271 272 
252 9234 3.083290000 1.425490000 0.00000000000000000000 1.00000000000000000000 2 0 8 231 232 233 251 253 271 272 273 
253 9235 3.137790000 1.324310000 0.00000000000000000000 1.00000000000000000000 2 0 8 232 233 234 252 254 272 273 274 
254 9236 3.188220000 1.221120000 0.00000000000000000000 1.00000000000000000000 2 0 8 233 234 235 253 255 273 274 275 
255 9237 3.234530000 1.116080000 0.00000000000000000000 1.00000000000000000000 2 0 8 234 235 236 254 256 274 275 276 
256 9238 3.276640000 1.009340000 0.00000000000000000000 1.00000000000000000000 2 0 8 235 236 237 255 257 275 276 277 
257 9239 3.314490000 0.901073000 0.00000000000000000000 1.00000000000000000000 2 0 8 236 237 238 256 258 276 277 278 
258 9240 3.348010000 0.791441000 0.00000000000000000000 1.00000000000000000000 2 0 8 237 238 239 257 259 277 278 279 
259 9241 3.377170000 0.680610000 0.00000000000000000000 1.00000000000000000000 2 0 8 238 239 240 258 260 278 279 280 
260 9242 3.401920000 0.568747000 0.00000000000000000000 1.00000000000000000000 2 0 8 239 240 672 259 674 279 280 676 
261 9243 2.352010000 2.515470000 0.00000000000000000000 1.00000000000000000000 2 0 8 673 241 242 675 262 677 281 282 
262 9244 2.450260000 2.441360000 0.00000000000000000000 1.00000000000000000000 2 0 8 241 242 243 261 263 281 282 283 
263 9245 2.545480000 2.363530000 0.00000000000000000000 1.00000000000000000000 2 0 8 242 243 244 262 264 282 283 284 
264 9246 2.637530000 2.282080000 0.00000000000000000000 1.00000000000000000000 2 0 8 243 244 245 263 265 283 284 285 
265 9247 2.726270000 2.197160000 0.00000000000000000000 1.00000000000000000000 2 0 8 244 245 246 264 266 284 285 286 
266 9248 2.811570000 2.108890000 0.00000000000000000000 1.00000000000000000000 2 0 8 245 246 247 265 267 285 286 287 
267 9249 2.893290000 2.017410000 0.00000000000000000000 1.00000000000000000000 2 0 8 246 247 248 266 268 286 287 288 
268 9250 2.971320000 1.922850000 0.00000000000000000000 1.00000000000000000000 2 0 8 247 248 249 267 269 287 288 289 
269 9251 3.045540000 1.825370000 0.00000000000000000000 1.00000000000000000000 2 0 8 248 249 250 268 270 288 289 290 
270 9252 3.115830000 1.725110000 0.00000000000000000000 1.00000000000000000000 2 0 8 249 250 251 269 271 289 290 291 
271 9253 3.182090000 1.622230000 0.00000000000000000000 1.00000000000000000000 2 0 8 250 251 252 270 272 290 291 292 
272 9254 3.244230000 1.516880000 0.00000000000000000000 1.00000000000000000000 2 0 8 251 252 253 271 273 291 292 293 
273 9255 3.302140000 1.409220000 0.00000000000000000000 1.00000000000000000000 2 0 8 252 253 254 272 274 292 293 294 
274 9256 3.355740000 1.299430000 0.00000000000000000000 1.00000000000000000000 2 0 8 253 254 255 273 275 293 294 295 
275 9257 3.404960000 1.187650000 0.00000000000000000000 1.00000000000000000000 2 0 8 254 255 256 274 276 294 295 296 
276 9258 3.449710000 1.074080000 0.00000000000000000000 1.00000000000000000000 2 0 8 255 256 257 275 277 295 296 297 
277 9259 3.489930000 0.958875000 0.00000000000000000000 1.00000000000000000000 2 0 8 256 257 258 276 278 296 297 298 
278 9260 3.525560000 0.842215000 0.00000000000000000000 1.00000000000000000000 2 0 8 257 258 259 277 279 297 298 299 
279 9261 3.556550000 0.724276000 0.00000000000000000000 1.00000000000000000000 2 0 8 258 259 260 278 280 298 299 300 
280 9262 3.582850000 0.605239000 0.00000000000000000000 1.00000000000000000000 2 0 8 259 260 674 279 676 299 300 678 
281 9263 2.467300000 2.676130000 0.00000000000000000000 1.00000000000000000000 2 0 8 675 261 262 677 282 679 680 301 
282 9264 2.571690000 2.597320000 0.00000000000000000000 1.00000000000000000000 2 0 8 261 262 263 281 283 680 301 302 
283 9265 2.672870000 2.514540000 0.00000000000000000000 1.00000000000000000000 2 0 8 262 263 264 282 284 301 302 303 
284 9266 2.770690000 2.427930000 0.00000000000000000000 1.00000000000000000000 2 0 8 263 264 265 283 285 302 303 304 
285 9267 2.864980000 2.337610000 0.00000000000000000000 1.00000000000000000000 2 0 8 264 265 266 284 286 303 304 305 
286 9268 2.955630000 2.243720000 0.00000000000000000000 1.00000000000000000000 2 0 8 265 266 267 285 287 304 305 306 
287 9269 3.042470000 2.146410000 0.00000000000000000000 1.00000000000000000000 2 0 8 266 267 268 286 288 305 306 307 
288 9270 3.125400000 2.045830000 0.00000000000000000000 1.00000000000000000000 2 0 8 267 268 269 287 289 306 307 308 
289 9271 3.204270000 1.942130000 0.00000000000000000000 1.00000000000000000000 2 0 8 268 269 270 288 290 307 308 309 
290 9272 3.278970000 1.835480000 0.00000000000000000000 1.00000000000000000000 2 0 8 269 270 271 289 291 308 309 310 
291 9273 3.349390000 1.726030000 0.00000000000000000000 1.00000000000000000000 2 0 8 270 271 272 290 292 309 310 311 
292 9274 3.415430000 1.613950000 0.00000000000000000000 1.00000000000000000000 2 0 8 271 272 273 291 293 310 311 312 
293 9275 3.476980000 1.499420000 0.00000000000000000000 1.00000000000000000000 2 0 8 272 273 274 292 294 311 312 313 
294 9276 3.533950000 1.382600000 0.00000000000000000000 1.00000000000000000000 2 0 8 273 274 275 293 295 312 313 314 
295 9277 3.586250000 1.263680000 0.00000000000000000000 1.00000000000000000000 2 0 8 274 275 276 294 296 313 314 315 
296 9278 3.633820000 1.142850000 0.00000000000000000000 1.00000000000000000000 2 0 8 275 276 277 295 297 314 315 316 
297 9279 3.676570000 1.020270000 0.00000000000000000000 1.00000000000000000000 2 0 8 276 277 278 296 298 315 316 317 
298 9280 3.714440000 0.896146000 0.00000000000000000000 1.00000000000000000000 2 0 8 277 278 279 297 299 316 317 318 
299 9281 3.747380000 0.770659000 0.00000000000000000000 1.00000000000000000000 2 0 8 278 279 280 298 300 317 318 319 
300 9282 3.775330000 0.644001000 0.00000000000000000000 1.00000000000000000000 2 0 8 279 280 676 299 678 318 319 681 
301 9283 2.700860000 2.762990000 0.00000000000000000000 1.00000000000000000000 2 0 8 281 282 283 680 302 682 683 320 
302 9284 2.808380000 2.674970000 0.00000000000000000000 1.00000000000000000000 2 0 8 282 283 284 301 303 683 320 321 
303 9285 2.912320000 2.582860000 0.00000000000000000000 1.00000000000000000000 2 0 8 283 284 285 302 304 320 321 322 
304 9286 3.012530000 2.486800000 0.00000000000000000000 1.00000000000000000000 2 0 8 284 285 286 303 305 321 322 323 
305 9287 3.108860000 2.386950000 0.00000000000000000000 1.00000000000000000000 2 0 8 285 286 287 304 306 322 323 324 
306 9288 3.201160000 2.283450000 0.00000000000000000000 1.00000000000000000000 2 0 8 286 287 288 305 307 323 324 325 
307 9289 3.289280000 2.176470000 0.00000000000000000000 1.00000000000000000000 2 0 8 287 288 289 306 308 324 325 326 
308 9290 3.373110000 2.066170000 0.00000000000000000000 1.00000000000000000000 2 0 8 288 289 290 307 309 325 326 327 
309 9291 3.452500000 1.952720000 0.00000000000000000000 1.00000000000000000000 2 0 8 289 290 291 308 310 326 327 328 
310 9292 3.527350000 1.836290000 0.00000000000000000000 1.00000000000000000000 2 0 8 290 291 292 309 311 327 328 329 
311 9293 3.597530000 1.717070000 0.00000000000000000000 1.00000000000000000000 2 0 8 291 292 293 310 312 328 329 330 
312 9294 3.662950000 1.595230000 0.00000000000000000000 1.00000000000000000000 2 0 8 292 293 294 311 313 329 330 331 
313 9295 3.723500000 1.470960000 0.00000000000000000000 1.00000000000000000000 2 0 8 293 294 295 312 314 330 331 332 
314 9296 3.779100000 1.344450000 0.00000000000000000000 1.00000000000000000000 2 0 8 294 295 296 313 315 331 332 333 
315 9297 3.829650000 1.215900000 0.00000000000000000000 1.00000000000000000000 2 0 8 295 296 297 314 316 332 333 334 
316 9298 3.875090000 1.085490000 0.00000000000000000000 1.00000000000000000000 2 0 8 296 297 298 315 317 333 334 335 
317 9299 3.915350000 0.953437000 0.00000000000000000000 1.00000000000000000000 2 0 8 297 298 299 316 318 334 335 336 
318 9300 3.950360000 0.819931000 0.00000000000000000000 1.00000000000000000000 2 0 8 298 299 300 317 319 335 336 337 
319 9301 3.980070000 0.685178000 0.00000000000000000000 1.00000000000000000000 2 0 8 299 300 678 318 681 336 337 684 
320 9302 2.952500000 2.845400000 0.00000000000000000000 1.00000000000000000000 2 0 8 301 302 303 683 321 685 338 339 
321 9303 3.062960000 2.747450000 0.00000000000000000000 1.00000000000000000000 2 0 8 302 303 304 320 322 338 339 340 
322 9304 3.169460000 2.645300000 0.00000000000000000000 1.00000000000000000000 2 0 8 303 304 305 321 323 339 340 341 
323 9305 3.271840000 2.539100000 0.00000000000000000000 1.00000000000000000000 2 0 8 304 305 306 322 324 340 341 342 
324 9306 3.369930000 2.429030000 0.00000000000000000000 1.00000000000000000000 2 0 8 305 306 307 323 325 341 342 343 
325 9307 3.463590000 2.315250000 0.00000000000000000000 1.00000000000000000000 2 0 8 306 307 308 324 326 342 343 344 
326 9308 3.552680000 2.197940000 0.00000000000000000000 1.00000000000000000000 2 0 8 307 308 309 325 327 343 344 345 
327 9309 3.637070000 2.077270000 0.00000000000000000000 1.00000000000000000000 2 0 8 308 309 310 326 328 344 345 346 
328 9310 3.716620000 1.953430000 0.00000000000000000000 1.00000000000000000000 2 0 8 309 310 311 327 329 345 346 347 
329 9311 3.791220000 1.826620000 0.00000000000000000000 1.00000000000000000000 2 0 8 310 311 312 328 330 346 347 348 
330 9312 3.860750000 1.697020000 0.00000000000000000000 1.00000000000000000000 2 0 8 311 312 313 329 331 347 348 349 
331 9313 3.925110000 1.564830000 0.00000000000000000000 1.00000000000000000000 2 0 8 312 313 314 330 332 348 349 350 
332 9314 3.984210000 1.430260000 0.00000000000000000000 1.00000000000000000000 2 0 8 313 314 315 331 333 349 350 351 
333 9315 4.037940000 1.293510000 0.00000000000000000000 1.00000000000000000000 2 0 8 314 315 316 332 334 350 351 352 
334 9316 4.086240000 1.154780000 0.00000000000000000000 1.00000000000000000000 2 0 8 315 316 317 333 335 351 352 353 
335 9317 4.129030000 1.014300000 0.00000000000000000000 1.00000000000000000000 2 0 8 316 317 318 334 336 352 353 354 
336 9318 4.166250000 0.872278000 0.00000000000000000000 1.00000000000000000000 2 0 8 317 318 319 335 337 353 354 355 
337 9319 4.197830000 0.728925000 0.00000000000000000000 1.00000000000000000000 2 0 8 318 319 681 336 684 354 355 686 
338 9320 3.105770000 3.026470000 0.00000000000000000000 1.00000000000000000000 2 0 8 683 320 321 685 339 687 356 357 
339 9321 3.223170000 2.922320000 0.00000000000000000000 1.00000000000000000000 2 0 8 320 321 322 338 340 356 357 358 
340 9322 3.336360000 2.813700000 0.00000000000000000000 1.00000000000000000000 2 0 8 321 322 323 339 341 357 358 359 
341 9323 3.445170000 2.700770000 0.00000000000000000000 1.00000000000000000000 2 0 8 322 323 324 340 342 358 359 360 
342 9324 3.549430000 2.583710000 0.00000000000000000000 1.00000000000000000000 2 0 8 323 324 325 341 343 359 360 361 
343 9325 3.648980000 2.462710000 0.00000000000000000000 1.00000000000000000000 2 0 8 324 325 326 342 344 360 361 362 
344 9326 3.743670000 2.337940000 0.00000000000000000000 1.00000000000000000000 2 0 8 325 326 327 343 345 361 362 363 
345 9327 3.833360000 2.209610000 0.00000000000000000000 1.00000000000000000000 2 0 8 326 327 328 344 346 362 363 364 
346 9328 3.917920000 2.077900000 0.00000000000000000000 1.00000000000000000000 2 0 8 327 328 329 345 347 363 364 365 
347 9329 3.997210000 1.943010000 0.00000000000000000000 1.00000000000000000000 2 0 8 328 329 330 346 348 364 365 366 
348 9330 4.071120000 1.805170000 0.00000000000000000000 1.00000000000000000000 2 0 8 329 330 331 347 349 365 366 367 
349 9331 4.139540000 1.664560000 0.00000000000000000000 1.00000000000000000000 2 0 8 330 331 332 348 350 366 367 368 
350 9332 4.202350000 1.521420000 0.00000000000000000000 1.00000000000000000000 2 0 8 331 332 333 349 351 367 368 369 
351 9333 4.259470000 1.375960000 0.00000000000000000000 1.00000000000000000000 2 0 8 332 333 334 350 352 368 369 370 
352 9334 4.310810000 1.228400000 0.00000000000000000000 1.00000000000000000000 2 0 8 333 334 335 351 353 369 370 371 
353 9335 4.356300000 1.078970000 0.00000000000000000000 1.00000000000000000000 2 0 8 334 335 336 352 354 370 371 372 
354 9336 4.395860000 0.927896000 0.00000000000000000000 1.00000000000000000000 2 0 8 335 336 337 353 355 371 372 373 
355 9337 4.429440000 0.775406000 0.00000000000000000000 1.00000000000000000000 2 0 8 336 337 684 354 686 372 373 688 
356 9338 3.268780000 3.218880000 0.00000000000000000000 1.00000000000000000000 2 0 8 685 338 339 687 357 689 374 375 
357 9339 3.393550000 3.108130000 0.00000000000000000000 1.00000000000000000000 2 0 8 338 339 340 356 358 374 375 376 
358 9340 3.513860000 2.992630000 0.00000000000000000000 1.00000000000000000000 2 0 8 339 340 341 357 359 375 376 377 
359 9341 3.629500000 2.872550000 0.00000000000000000000 1.00000000000000000000 2 0 8 340 341 342 358 360 376 377 378 
360 9342 3.740320000 2.748070000 0.00000000000000000000 1.00000000000000000000 2 0 8 341 342 343 359 361 377 378 379 
361 9343 3.846130000 2.619390000 0.00000000000000000000 1.00000000000000000000 2 0 8 342 343 344 360 362 378 379 380 
362 9344 3.946780000 2.486700000 0.00000000000000000000 1.00000000000000000000 2 0 8 343 344 345 361 363 379 380 381 
363 9345 4.042120000 2.350220000 0.00000000000000000000 1.00000000000000000000 2 0 8 344 345 346 362 364 380 381 382 
364 9346 4.132000000 2.210140000 0.00000000000000000000 1.00000000000000000000 2 0 8 345 346 347 363 365 381 382 383 
365 9347 4.216280000 2.066690000 0.00000000000000000000 1.00000000000000000000 2 0 8 346 347 348 364 366 382 383 384 
366 9348 4.294850000 1.920080000 0.00000000000000000000 1.00000000000000000000 2 0 8 347 348 349 365 367 383 384 385 
367 9349 4.367570000 1.770540000 0.00000000000000000000 1.00000000000000000000 2 0 8 348 349 350 366 368 384 385 386 
368 9350 4.434340000 1.618290000 0.00000000000000000000 1.00000000000000000000 2 0 8 349 350 351 367 369 385 386 387 
369 9351 4.495060000 1.463580000 0.00000000000000000000 1.00000000000000000000 2 0 8 350 351 352 368 370 386 387 388 
370 9352 4.549640000 1.306630000 0.00000000000000000000 1.00000000000000000000 2 0 8 351 352 353 369 371 387 388 389 
371 9353 4.598000000 1.147690000 0.00000000000000000000 1.00000000000000000000 2 0 8 352 353 354 370 372 388 389 390 
372 9354 4.640050000 0.986994000 0.00000000000000000000 1.00000000000000000000 2 0 8 353 354 355 371 373 389 390 391 
373 9355 4.675740000 0.824794000 0.00000000000000000000 1.00000000000000000000 2 0 8 354 355 686 372 688 390 391 690 
374 9356 3.442110000 3.423320000 0.00000000000000000000 1.00000000000000000000 2 0 8 687 356 357 689 375 691 392 393 
375 9357 3.574730000 3.305570000 0.00000000000000000000 1.00000000000000000000 2 0 8 356 357 358 374 376 392 393 394 
376 9358 3.702600000 3.182760000 0.00000000000000000000 1.00000000000000000000 2 0 8 357 358 359 375 377 393 394 395 
377 9359 3.825520000 3.055080000 0.00000000000000000000 1.00000000000000000000 2 0 8 358 359 360 376 378 394 395 396 
378 9360 3.943310000 2.922720000 0.00000000000000000000 1.00000000000000000000 2 0 8 359 360 361 377 379 395 396 397 
379 9361 4.055780000 2.785880000 0.00000000000000000000 1.00000000000000000000 2 0 8 360 361 362 378 380 396 397 398 
380 9362 4.162770000 2.644780000 0.00000000000000000000 1.00000000000000000000 2 0 8 361 362 363 379 381 397 398 399 
381 9363 4.264110000 2.499640000 0.00000000000000000000 1.00000000000000000000 2 0 8 362 363 364 380 382 398 399 400 
382 9364 4.359650000 2.350670000 0.00000000000000000000 1.00000000000000000000 2 0 8 363 364 365 381 383 399 400 401 
383 9365 4.449250000 2.198110000 0.00000000000000000000 1.00000000000000000000 2 0 8 364 365 366 382 384 400 401 402 
384 9366 4.532760000 2.042190000 0.00000000000000000000 1.00000000000000000000 2 0 8 365 366 367 383 385 401 402 403 
385 9367 4.610070000 1.883150000 0.00000000000000000000 1.00000000000000000000 2 0 8 366 367 368 384 386 402 403 404 
386 9368 4.681050000 1.721230000 0.00000000000000000000 1.00000000000000000000 2 0 8 367 368 369 385 387 403 404 405 
387 9369 4.745600000 1.556680000 0.00000000000000000000 1.00000000000000000000 2 0 8 368 369 370 386 388 404 405 406 
388 9370 4.803620000 1.389760000 0.00000000000000000000 1.00000000000000000000 2 0 8 369 370 371 387 389 405 406 407 
389 9371 4.855020000 1.220710000 0.00000000000000000000 1.00000000000000000000 2 0 8 370 371 372 388 390 406 407 408 
390 9372 4.899730000 1.049790000 0.00000000000000000000 1.00000000000000000000 2 0 8 371 372 373 389 391 407 408 409 
391 9373 4.937670000 0.877277000 0.00000000000000000000 1.00000000000000000000 2 0 8 372 373 688 390 690 408 409 692 
392 9374 3.626430000 3.640590000 0.00000000000000000000 1.00000000000000000000 2 0 8 689 374 375 691 393 693 410 411 
393 9375 3.767390000 3.515400000 0.00000000000000000000 1.00000000000000000000 2 0 8 374 375 376 392 394 410 411 412 
394 9376 3.903310000 3.384820000 0.00000000000000000000 1.00000000000000000000 2 0 8 375 376 377 393 395 411 412 413 
395 9377 4.033960000 3.249050000 0.00000000000000000000 1.00000000000000000000 2 0 8 376 377 378 394 396 412 413 414 
396 9378 4.159170000 3.108310000 0.00000000000000000000 1.00000000000000000000 2 0 8 377 378 379 395 397 413 414 415 
397 9379 4.278720000 2.962810000 0.00000000000000000000 1.00000000000000000000 2 0 8 378 379 380 396 398 414 415 416 
398 9380 4.392450000 2.812770000 0.00000000000000000000 1.00000000000000000000 2 0 8 379 380 381 397 399 415 416 417 
399 9381 4.500170000 2.658430000 0.00000000000000000000 1.00000000000000000000 2 0 8 380 381 382 398 400 416 417 418 
400 9382 4.601740000 2.500020000 0.00000000000000000000 1.00000000000000000000 2 0 8 381 382 383 399 401 417 418 419 
401 9383 4.696980000 2.337780000 0.00000000000000000000 1.00000000000000000000 2 0 8 382 383 384 400 402 418 419 420 
402 9384 4.785760000 2.171960000 0.00000000000000000000 1.00000000000000000000 2 0 8 383 384 385 401 403 419 420 421 
403 9385 4.867940000 2.002830000 0.00000000000000000000 1.00000000000000000000 2 0 8 384 385 386 402 404 420 421 422 
404 9386 4.943400000 1.830630000 0.00000000000000000000 1.00000000000000000000 2 0 8 385 386 387 403 405 421 422 423 
405 9387 5.012020000 1.655630000 0.00000000000000000000 1.00000000000000000000 2 0 8 386 387 388 404 406 422 423 424 
406 9388 5.073700000 1.478100000 0.00000000000000000000 1.00000000000000000000 2 0 8 387 388 389 405 407 423 424 425 
407 9389 5.128340000 1.298310000 0.00000000000000000000 1.00000000000000000000 2 0 8 388 389 390 406 408 424 425 426 
408 9390 5.175870000 1.116530000 0.00000000000000000000 1.00000000000000000000 2 0 8 389 390 391 407 409 425 426 427 
409 9391 5.216210000 0.933052000 0.00000000000000000000 1.00000000000000000000 2 0 8 390 391 690 408 692 426 427 694 
410 9392 3.822410000 3.871480000 0.00000000000000000000 1.00000000000000000000 2 0 8 691 392 393 693 411 695 428 429 
411 9393 3.972250000 3.738380000 0.00000000000000000000 1.00000000000000000000 2 0 8 392 393 394 410 412 428 429 430 
412 9394 4.116720000 3.599550000 0.00000000000000000000 1.00000000000000000000 2 0 8 393 394 395 411 413 429 430 431 
413 9395 4.255600000 3.455200000 0.00000000000000000000 1.00000000000000000000 2 0 8 394 395 396 412 414 430 431 432 
414 9396 4.388690000 3.305550000 0.00000000000000000000 1.00000000000000000000 2 0 8 395 396 397 413 415 431 432 433 
415 9397 4.515780000 3.150840000 0.00000000000000000000 1.00000000000000000000 2 0 8 396 397 398 414 416 432 433 434 
416 9398 4.636670000 2.991300000 0.00000000000000000000 1.00000000000000000000 2 0 8 397 398 399 415 417 433 434 435 
417 9399 4.751190000 2.827180000 0.00000000000000000000 1.00000000000000000000 2 0 8 398 399 400 416 418 434 435 436 
418 9400 4.859150000 2.658730000 0.00000000000000000000 1.00000000000000000000 2 0 8 399 400 401 417 419 435 436 437 
419 9401 4.960400000 2.486210000 0.00000000000000000000 1.00000000000000000000 2 0 8 400 401 402 418 420 436 437 438 
420 9402 5.054780000 2.309880000 0.00000000000000000000 1.00000000000000000000 2 0 8 401 402 403 419 421 437 438 439 
421 9403 5.142140000 2.130010000 0.00000000000000000000 1.00000000000000000000 2 0 8 402 403 404 420 422 438 439 440 
422 9404 5.222360000 1.946890000 0.00000000000000000000 1.00000000000000000000 2 0 8 403 404 405 421 423 439 440 441 
423 9405 5.295310000 1.760780000 0.00000000000000000000 1.00000000000000000000 2 0 8 404 405 406 422 424 440 441 442 
424 9406 5.360880000 1.571980000 0.00000000000000000000 1.00000000000000000000 2 0 8 405 406 407 423 425 441 442 443 
425 9407 5.418980000 1.380780000 0.00000000000000000000 1.00000000000000000000 2 0 8 406 407 408 424 426 442 443 444 
426 9408 5.469500000 1.187460000 0.00000000000000000000 1.00000000000000000000 2 0 8 407 408 409 425 427 443 444 445 
427 9409 5.512390000 0.992328000 0.00000000000000000000 1.00000000000000000000 2 0 8 408 409 692 426 694 444 445 696 
428 9410 4.030800000 4.116870000 0.00000000000000000000 1.00000000000000000000 2 0 8 693 410 411 695 429 697 446 447 
429 9411 4.190070000 3.975370000 0.00000000000000000000 1.00000000000000000000 2 0 8 410 411 412 428 430 446 447 448 
430 9412 4.343640000 3.827770000 0.00000000000000000000 1.00000000000000000000 2 0 8 411 412 413 429 431 447 448 449 
431 9413 4.491270000 3.674300000 0.00000000000000000000 1.00000000000000000000 2 0 8 412 413 414 430 432 448 449 450 
432 9414 4.632740000 3.515190000 0.00000000000000000000 1.00000000000000000000 2 0 8 413 414 415 431 433 449 450 451 
433 9415 4.767840000 3.350690000 0.00000000000000000000 1.00000000000000000000 2 0 8 414 415 416 432 434 450 451 452 
434 9416 4.896350000 3.181050000 0.00000000000000000000 1.00000000000000000000 2 0 8 415 416 417 433 435 451 452 453 
435 9417 5.018090000 3.006540000 0.00000000000000000000 1.00000000000000000000 2 0 8 416 417 418 434 436 452 453 454 
436 9418 5.132860000 2.827420000 0.00000000000000000000 1.00000000000000000000 2 0 8 417 418 419 435 437 453 454 455 
437 9419 5.240490000 2.643960000 0.00000000000000000000 1.00000000000000000000 2 0 8 418 419 420 436 438 454 455 456 
438 9420 5.340830000 2.456460000 0.00000000000000000000 1.00000000000000000000 2 0 8 419 420 421 437 439 455 456 457 
439 9421 5.433700000 2.265190000 0.00000000000000000000 1.00000000000000000000 2 0 8 420 421 422 438 440 456 457 458 
440 9422 5.518980000 2.070450000 0.00000000000000000000 1.00000000000000000000 2 0 8 421 422 423 439 441 457 458 459 
441 9423 5.596540000 1.872540000 0.00000000000000000000 1.00000000000000000000 2 0 8 422 423 424 440 442 458 459 460 
442 9424 5.666250000 1.671770000 0.00000000000000000000 1.00000000000000000000 2 0 8 423 424 425 441 443 459 460 461 
443 9425 5.728010000 1.468430000 0.00000000000000000000 1.00000000000000000000 2 0 8 424 425 426 442 444 460 461 462 
444 9426 5.781730000 1.262850000 0.00000000000000000000 1.00000000000000000000 2 0 8 425 426 427 443 445 461 462 463 
445 9427 5.827320000 1.055330000 0.00000000000000000000 1.00000000000000000000 2 0 8 426 427 694 444 696 462 463 698 
446 9428 4.252360000 4.377690000 0.00000000000000000000 1.00000000000000000000 2 0 8 695 428 429 697 447 699 464 465 
447 9429 4.421660000 4.227260000 0.00000000000000000000 1.00000000000000000000 2 0 8 428 429 430 446 448 464 465 466 
448 9430 4.584900000 4.070330000 0.00000000000000000000 1.00000000000000000000 2 0 8 429 430 431 447 449 465 466 467 
449 9431 4.741840000 3.907160000 0.00000000000000000000 1.00000000000000000000 2 0 8 430 431 432 448 450 466 467 468 
450 9432 4.892230000 3.738000000 0.00000000000000000000 1.00000000000000000000 2 0 8 431 432 433 449 451 467 468 469 
451 9433 5.035840000 3.563090000 0.00000000000000000000 1.00000000000000000000 2 0 8 432 433 434 450 452 468 469 470 
452 9434 5.172460000 3.382730000 0.00000000000000000000 1.00000000000000000000 2 0 8 433 434 435 451 453 469 470 471 
453 9435 5.301870000 3.197170000 0.00000000000000000000 1.00000000000000000000 2 0 8 434 435 436 452 454 470 471 472 
454 9436 5.423880000 3.006710000 0.00000000000000000000 1.00000000000000000000 2 0 8 435 436 437 453 455 471 472 473 
455 9437 5.538310000 2.811640000 0.00000000000000000000 1.00000000000000000000 2 0 8 436 437 438 454 456 472 473 474 
456 9438 5.644970000 2.612250000 0.00000000000000000000 1.00000000000000000000 2 0 8 437 438 439 455 457 473 474 475 
457 9439 5.743710000 2.408870000 0.00000000000000000000 1.00000000000000000000 2 0 8 438 439 440 456 458 474 475 476 
458 9440 5.834380000 2.201790000 0.00000000000000000000 1.00000000000000000000 2 0 8 439 440 441 457 459 475 476 477 
459 9441 5.916830000 1.991330000 0.00000000000000000000 1.00000000000000000000 2 0 8 440 441 442 458 460 476 477 478 
460 9442 5.990940000 1.777830000 0.00000000000000000000 1.00000000000000000000 2 0 8 441 442 443 459 461 477 478 479 
461 9443 6.056600000 1.561600000 0.00000000000000000000 1.00000000000000000000 2 0 8 442 443 444 460 462 478 479 480 
462 9444 6.113710000 1.342970000 0.00000000000000000000 1.00000000000000000000 2 0 8 443 444 445 461 463 479 480 481 
463 9445 6.162180000 1.122290000 0.00000000000000000000 1.00000000000000000000 2 0 8 444 445 696 462 698 480 481 700 
464 9446 4.487930000 4.654910000 0.00000000000000000000 1.00000000000000000000 2 0 8 697 446 447 699 465 701 482 483 
465 9447 4.667890000 4.494990000 0.00000000000000000000 1.00000000000000000000 2 0 8 446 447 448 464 466 482 483 484 
466 9448 4.841420000 4.328160000 0.00000000000000000000 1.00000000000000000000 2 0 8 447 448 449 465 467 483 484 485 
467 9449 5.008250000 4.154680000 0.00000000000000000000 1.00000000000000000000 2 0 8 448 449 450 466 468 484 485 486 
468 9450 5.168120000 3.974820000 0.00000000000000000000 1.00000000000000000000 2 0 8 449 450 451 467 469 485 486 487 
469 9451 5.320790000 3.788870000 0.00000000000000000000 1.00000000000000000000 2 0 8 450 451 452 468 470 486 487 488 
470 9452 5.466020000 3.597090000 0.00000000000000000000 1.00000000000000000000 2 0 8 451 452 453 469 471 487 488 489 
471 9453 5.603600000 3.399800000 0.00000000000000000000 1.00000000000000000000 2 0 8 452 453 454 470 472 488 489 490 
472 9454 5.733310000 3.197280000 0.00000000000000000000 1.00000000000000000000 2 0 8 453 454 455 471 473 489 490 491 
473 9455 5.854960000 2.989860000 0.00000000000000000000 1.00000000000000000000 2 0 8 454 455 456 472 474 490 491 492 
474 9456 5.968360000 2.777860000 0.00000000000000000000 1.00000000000000000000 2 0 8 455 456 457 473 475 491 492 493 
475 9457 6.073330000 2.561590000 0.00000000000000000000 1.00000000000000000000 2 0 8 456 457 458 474 476 492 493 494 
476 9458 6.169720000 2.341390000 0.00000000000000000000 1.00000000000000000000 2 0 8 457 458 459 475 477 493 494 495 
477 9459 6.257380000 2.117600000 0.00000000000000000000 1.00000000000000000000 2 0 8 458 459 460 476 478 494 495 496 
478 9460 6.336170000 1.890560000 0.00000000000000000000 1.00000000000000000000 2 0 8 459 460 461 477 479 495 496 497 
479 9461 6.405980000 1.660630000 0.00000000000000000000 1.00000000000000000000 2 0 8 460 461 462 478 480 496 497 498 
480 9462 6.466700000 1.428140000 0.00000000000000000000 1.00000000000000000000 2 0 8 461 462 463 479 481 497 498 499 
481 9463 6.518230000 1.193470000 0.00000000000000000000 1.00000000000000000000 2 0 8 462 463 698 480 700 498 499 702 
482 9464 4.738380000 4.949580000 0.00000000000000000000 1.00000000000000000000 2 0 8 699 464 465 701 483 703 500 501 
483 9465 4.929680000 4.779570000 0.00000000000000000000 1.00000000000000000000 2 0 8 464 465 466 482 484 500 501 502 
484 9466 5.114150000 4.602210000 0.00000000000000000000 1.00000000000000000000 2 0 8 465 466 467 483 485 501 502 503 
485 9467 5.291490000 4.417780000 0.00000000000000000000 1.00000000000000000000 2 0 8 466 467 468 484 486 502 503 504 
486 9468 5.461450000 4.226570000 0.00000000000000000000 1.00000000000000000000 2 0 8 467 468 469 485 487 503 504 505 
487 9469 5.623740000 4.028860000 0.00000000000000000000 1.00000000000000000000 2 0 8 468 469 470 486 488 504 505 506 
488 9470 5.778140000 3.824960000 0.00000000000000000000 1.00000000000000000000 2 0 8 469 470 471 487 489 505 506 507 
489 9471 5.924400000 3.615180000 0.00000000000000000000 1.00000000000000000000 2 0 8 470 471 472 488 490 506 507 508 
490 9472 6.062300000 3.399860000 0.00000000000000000000 1.00000000000000000000 2 0 8 471 472 473 489 491 507 508 509 
491 9473 6.191630000 3.179320000 0.00000000000000000000 1.00000000000000000000 2 0 8 472 473 474 490 492 508 509 510 
492 9474 6.312180000 2.953890000 0.00000000000000000000 1.00000000000000000000 2 0 8 473 474 475 491 493 509 510 511 
493 9475 6.423780000 2.723930000 0.00000000000000000000 1.00000000000000000000 2 0 8 474 475 476 492 494 510 511 512 
494 9476 6.526260000 2.489790000 0.00000000000000000000 1.00000000000000000000 2 0 8 475 476 477 493 495 511 512 513 
495 9477 6.619450000 2.251820000 0.00000000000000000000 1.00000000000000000000 2 0 8 476 477 478 494 496 512 513 514 
496 9478 6.703220000 2.010400000 0.00000000000000000000 1.00000000000000000000 2 0 8 477 478 479 495 497 513 514 515 
497 9479 6.777440000 1.765900000 0.00000000000000000000 1.00000000000000000000 2 0 8 478 479 480 496 498 514 515 516 
498 9480 6.842000000 1.518680000 0.00000000000000000000 1.00000000000000000000 2 0 8 479 480 481 497 499 515 516 517 
499 9481 6.896790000 1.269130000 0.00000000000000000000 1.00000000000000000000 2 0 8 480 481 700 498 702 516 517 704 
500 9482 5.004640000 5.262820000 0.00000000000000000000 1.00000000000000000000 2 0 8 701 482 483 703 501 705 518 519 
501 9483 5.208000000 5.082090000 0.00000000000000000000 1.00000000000000000000 2 0 8 482 483 484 500 502 518 519 520 
502 9484 5.404100000 4.893540000 0.00000000000000000000 1.00000000000000000000 2 0 8 483 484 485 501 503 519 520 521 
503 9485 5.592630000 4.697460000 0.00000000000000000000 1.00000000000000000000 2 0 8 484 485 486 502 504 520 521 522 
504 9486 5.773300000 4.494170000 0.00000000000000000000 1.00000000000000000000 2 0 8 485 486 487 503 505 521 522 523 
505 9487 5.945840000 4.283970000 0.00000000000000000000 1.00000000000000000000 2 0 8 486 487 488 504 506 522 523 524 
506 9488 6.109980000 4.067180000 0.00000000000000000000 1.00000000000000000000 2 0 8 487 488 489 505 507 523 524 525 
507 9489 6.265470000 3.844150000 0.00000000000000000000 1.00000000000000000000 2 0 8 488 489 490 506 508 524 525 526 
508 9490 6.412070000 3.615210000 0.00000000000000000000 1.00000000000000000000 2 0 8 489 490 491 507 509 525 526 527 
509 9491 6.549560000 3.380710000 0.00000000000000000000 1.00000000000000000000 2 0 8 490 491 492 508 510 526 527 528 
510 9492 6.677730000 3.141020000 0.00000000000000000000 1.00000000000000000000 2 0 8 491 492 493 509 511 527 528 529 
511 9493 6.796380000 2.896500000 0.00000000000000000000 1.00000000000000000000 2 0 8 492 493 494 510 512 528 529 530 
512 9494 6.905330000 2.647540000 0.00000000000000000000 1.00000000000000000000 2 0 8 493 494 495 511 513 529 530 531 
513 9495 7.004410000 2.394510000 0.00000000000000000000 1.00000000000000000000 2 0 8 494 495 496 512 514 530 531 532 
514 9496 7.093480000 2.137800000 0.00000000000000000000 1.00000000000000000000 2 0 8 495 496 497 513 515 531 532 533 
515 9497 7.172390000 1.877800000 0.00000000000000000000 1.00000000000000000000 2 0 8 496 497 498 514 516 532 533 534 
516 9498 7.241020000 1.614930000 0.00000000000000000000 1.00000000000000000000 2 0 8 497 498 499 515 517 533 534 535 
517 9499 7.299270000 1.349570000 0.00000000000000000000 1.00000000000000000000 2 0 8 498 499 702 516 704 534 535 706 
518 9500 5.287710000 5.595810000 0.00000000000000000000 1.00000000000000000000 2 0 8 703 500 501 705 519 707 708 536 
519 9501 5.503900000 5.403680000 0.00000000000000000000 1.00000000000000000000 2 0 8 500 501 502 518 520 708 536 537 
520 9502 5.712360000 5.203230000 0.00000000000000000000 1.00000000000000000000 2 0 8 501 502 503 519 521 536 537 538 
521 9503 5.912780000 4.994780000 0.00000000000000000000 1.00000000000000000000 2 0 8 502 503 504 520 522 537 538 539 
522 9504 6.104850000 4.778650000 0.00000000000000000000 1.00000000000000000000 2 0 8 503 504 505 521 523 538 539 540 
523 9505 6.288280000 4.555170000 0.00000000000000000000 1.00000000000000000000 2 0 8 504 505 506 522 524 539 540 541 
524 9506 6.462780000 4.324690000 0.00000000000000000000 1.00000000000000000000 2 0 8 505 506 507 523 525 540 541 542 
525 9507 6.628080000 4.087560000 0.00000000000000000000 1.00000000000000000000 2 0 8 506 507 508 524 526 541 542 543 
526 9508 6.783940000 3.844140000 0.00000000000000000000 1.00000000000000000000 2 0 8 507 508 509 525 527 542 543 544 
527 9509 6.930110000 3.594810000 0.00000000000000000000 1.00000000000000000000 2 0 8 508 509 510 526 528 543 544 545 
528 9510 7.066380000 3.339950000 0.00000000000000000000 1.00000000000000000000 2 0 8 509 510 511 527 529 544 545 546 
529 9511 7.192520000 3.079960000 0.00000000000000000000 1.00000000000000000000 2 0 8 510 511 512 528 530 545 546 547 
530 9512 7.308350000 2.815240000 0.00000000000000000000 1.00000000000000000000 2 0 8 511 512 513 529 531 546 547 548 
531 9513 7.413700000 2.546190000 0.00000000000000000000 1.00000000000000000000 2 0 8 512 513 514 530 532 547 548 549 
532 9514 7.508390000 2.273230000 0.00000000000000000000 1.00000000000000000000 2 0 8 513 514 515 531 533 548 549 550 
533 9515 7.592280000 1.996770000 0.00000000000000000000 1.00000000000000000000 2 0 8 514 515 516 532 534 549 550 551 
534 9516 7.665250000 1.717240000 0.00000000000000000000 1.00000000000000000000 2 0 8 515 516 517 533 535 550 551 552 
535 9517 7.727190000 1.435080000 0.00000000000000000000 1.00000000000000000000 2 0 8 516 517 704 534 706 551 552 709 
536 9518 5.818460000 5.745560000 0.00000000000000000000 1.00000000000000000000 2 0 8 518 519 520 708 537 710 553 554 
537 9519 6.040070000 5.532470000 0.00000000000000000000 1.00000000000000000000 2 0 8 519 520 521 536 538 553 554 555 
538 9520 6.253140000 5.310860000 0.00000000000000000000 1.00000000000000000000 2 0 8 520 521 522 537 539 554 555 556 
539 9521 6.457330000 5.081090000 0.00000000000000000000 1.00000000000000000000 2 0 8 521 522 523 538 540 555 556 557 
540 9522 6.652330000 4.843490000 0.00000000000000000000 1.00000000000000000000 2 0 8 522 523 524 539 541 556 557 558 
541 9523 6.837850000 4.598450000 0.00000000000000000000 1.00000000000000000000 2 0 8 523 524 525 540 542 557 558 559 
542 9524 7.013590000 4.346330000 0.00000000000000000000 1.00000000000000000000 2 0 8 524 525 526 541 543 558 559 560 
543 9525 7.179290000 4.087520000 0.00000000000000000000 1.00000000000000000000 2 0 8 525 526 527 542 544 559 560 561 
544 9526 7.334690000 3.822420000 0.00000000000000000000 1.00000000000000000000 2 0 8 526 527 528 543 545 560 561 562 
545 9527 7.479570000 3.551450000 0.00000000000000000000 1.00000000000000000000 2 0 8 527 528 529 544 546 561 562 563 
546 9528 7.613680000 3.275010000 0.00000000000000000000 1.00000000000000000000 2 0 8 528 529 530 545 547 562 563 564 
547 9529 7.736830000 2.993530000 0.00000000000000000000 1.00000000000000000000 2 0 8 529 530 531 546 548 563 564 565 
548 9530 7.848830000 2.707460000 0.00000000000000000000 1.00000000000000000000 2 0 8 530 531 532 547 549 564 565 566 
549 9531 7.949510000 2.417210000 0.00000000000000000000 1.00000000000000000000 2 0 8 531 532 533 548 550 565 566 567 
550 9532 8.038700000 2.123250000 0.00000000000000000000 1.00000000000000000000 2 0 8 532 533 534 549 551 566 567 568 
551 9533 8.116290000 1.826030000 0.00000000000000000000 1.00000000000000000000 2 0 8 533 534 535 550 552 567 568 569 
552 9534 8.182140000 1.525990000 0.00000000000000000000 1.00000000000000000000 2 0 8 534 535 706 551 709 568 569 711 
553 9535 6.152870000 6.109030000 0.00000000000000000000 1.00000000000000000000 2 0 8 708 536 537 710 554 712 570 571 
554 9536 6.388460000 5.882500000 0.00000000000000000000 1.00000000000000000000 2 0 8 536 537 538 553 555 570 571 572 
555 9537 6.614970000 5.646910000 0.00000000000000000000 1.00000000000000000000 2 0 8 537 538 539 554 556 571 572 573 
556 9538 6.832050000 5.402630000 0.00000000000000000000 1.00000000000000000000 2 0 8 538 539 540 555 557 572 573 574 
557 9539 7.039360000 5.150030000 0.00000000000000000000 1.00000000000000000000 2 0 8 539 540 541 556 558 573 574 575 
558 9540 7.236590000 4.889500000 0.00000000000000000000 1.00000000000000000000 2 0 8 540 541 542 557 559 574 575 576 
559 9541 7.423430000 4.621450000 0.00000000000000000000 1.00000000000000000000 2 0 8 541 542 543 558 560 575 576 577 
560 9542 7.599590000 4.346280000 0.00000000000000000000 1.00000000000000000000 2 0 8 542 543 544 559 561 576 577 578 
561 9543 7.764810000 4.064420000 0.00000000000000000000 1.00000000000000000000 2 0 8 543 544 545 560 562 577 578 579 
562 9544 7.918840000 3.776310000 0.00000000000000000000 1.00000000000000000000 2 0 8 544 545 546 561 563 578 579 580 
563 9545 8.061430000 3.482380000 0.00000000000000000000 1.00000000000000000000 2 0 8 545 546 547 562 564 579 580 581 
564 9546 8.192360000 3.183090000 0.00000000000000000000 1.00000000000000000000 2 0 8 546 547 548 563 565 580 581 582 
565 9547 8.311440000 2.878910000 0.00000000000000000000 1.00000000000000000000 2 0 8 547 548 549 564 566 581 582 583 
566 9548 8.418480000 2.570300000 0.00000000000000000000 1.00000000000000000000 2 0 8 548 549 550 565 567 582 583 584 
567 9549 8.513310000 2.257730000 0.00000000000000000000 1.00000000000000000000 2 0 8 549 550 551 566 568 583 584 585 
568 9550 8.595800000 1.941680000 0.00000000000000000000 1.00000000000000000000 2 0 8 550 551 552 567 569 584 585 586 
569 9551 8.665810000 1.622650000 0.00000000000000000000 1.00000000000000000000 2 0 8 551 552 709 568 711 585 586 713 
570 9552 6.508370000 6.495460000 0.00000000000000000000 1.00000000000000000000 2 0 8 710 553 554 712 571 714 587 588 
571 9553 6.758830000 6.254650000 0.00000000000000000000 1.00000000000000000000 2 0 8 553 554 555 570 572 587 588 589 
572 9554 6.999630000 6.004190000 0.00000000000000000000 1.00000000000000000000 2 0 8 554 555 556 571 573 588 589 590 
573 9555 7.230410000 5.744490000 0.00000000000000000000 1.00000000000000000000 2 0 8 555 556 557 572 574 589 590 591 
574 9556 7.450800000 5.475940000 0.00000000000000000000 1.00000000000000000000 2 0 8 556 557 558 573 575 590 591 592 
575 9557 7.660490000 5.198950000 0.00000000000000000000 1.00000000000000000000 2 0 8 557 558 559 574 576 591 592 593 
576 9558 7.859130000 4.913960000 0.00000000000000000000 1.00000000000000000000 2 0 8 558 559 560 575 577 592 593 594 
577 9559 8.046420000 4.621400000 0.00000000000000000000 1.00000000000000000000 2 0 8 559 560 561 576 578 593 594 595 
578 9560 8.222080000 4.321720000 0.00000000000000000000 1.00000000000000000000 2 0 8 560 561 562 577 579 594 595 596 
579 9561 8.385830000 4.015380000 0.00000000000000000000 1.00000000000000000000 2 0 8 561 562 563 578 580 595 596 597 
580 9562 8.537430000 3.702870000 0.00000000000000000000 1.00000000000000000000 2 0 8 562 563 564 579 581 596 597 598 
581 9563 8.676640000 3.384640000 0.00000000000000000000 1.00000000000000000000 2 0 8 563 564 565 580 582 597 598 599 
582 9564 8.803240000 3.061210000 0.00000000000000000000 1.00000000000000000000 2 0 8 564 565 566 581 583 598 599 600 
583 9565 8.917050000 2.733060000 0.00000000000000000000 1.00000000000000000000 2 0 8 565 566 567 582 584 599 600 601 
584 9566 9.017880000 2.400710000 0.00000000000000000000 1.00000000000000000000 2 0 8 566 567 568 583 585 600 601 602 
585 9567 9.105590000 2.064650000 0.00000000000000000000 1.00000000000000000000 2 0 8 567 568 569 584 586 601 602 603 
586 9568 9.180030000 1.725420000 0.00000000000000000000 1.00000000000000000000 2 0 8 568 569 711 585 713 602 603 715 
587 9569 6.886280000 6.906340000 0.00000000000000000000 1.00000000000000000000 2 0 8 712 570 571 714 588 716 717 604 
588 9570 7.152540000 6.650330000 0.00000000000000000000 1.00000000000000000000 2 0 8 570 571 572 587 589 717 604 605 
589 9571 7.408540000 6.384070000 0.00000000000000000000 1.00000000000000000000 2 0 8 571 572 573 588 590 604 605 606 
590 9572 7.653880000 6.107980000 0.00000000000000000000 1.00000000000000000000 2 0 8 572 573 574 589 591 605 606 607 
591 9573 7.888200000 5.822470000 0.00000000000000000000 1.00000000000000000000 2 0 8 573 574 575 590 592 606 607 608 
592 9574 8.111120000 5.527980000 0.00000000000000000000 1.00000000000000000000 2 0 8 574 575 576 591 593 607 608 609 
593 9575 8.322310000 5.224980000 0.00000000000000000000 1.00000000000000000000 2 0 8 575 576 577 592 594 608 609 610 
594 9576 8.521430000 4.913930000 0.00000000000000000000 1.00000000000000000000 2 0 8 576 577 578 593 595 609 610 611 
595 9577 8.708190000 4.595300000 0.00000000000000000000 1.00000000000000000000 2 0 8 577 578 579 594 596 610 611 612 
596 9578 8.882290000 4.269590000 0.00000000000000000000 1.00000000000000000000 2 0 8 578 579 580 595 597 611 612 613 
597 9579 9.043470000 3.937310000 0.00000000000000000000 1.00000000000000000000 2 0 8 579 580 581 596 598 612 613 614 
598 9580 9.191480000 3.598950000 0.00000000000000000000 1.00000000000000000000 2 0 8 580 581 582 597 599 613 614 615 
599 9581 9.326090000 3.255050000 0.00000000000000000000 1.00000000000000000000 2 0 8 581 582 583 598 600 614 615 616 
600 9582 9.447090000 2.906130000 0.00000000000000000000 1.00000000000000000000 2 0 8 582 583 584 599 601 615 616 617 
601 9583 9.554300000 2.552740000 0.00000000000000000000 1.00000000000000000000 2 0 8 583 584 585 600 602 616 617 618 
602 9584 9.647550000 2.195410000 0.00000000000000000000 1.00000000000000000000 2 0 8 584 585 586 601 603 617 618 718 
603 9585 9.726690000 1.834700000 0.00000000000000000000 1.00000000000000000000 2 0 8 585 586 713 602 715 618 718 719 
604 9586 7.571070000 7.071070000 0.70710678118654757274 0.70710678118654757274 3 0 8 587 588 589 717 605 570 571 572 
605 9587 7.843230000 6.788010000 0.73432524777927332682 0.67879778319755068594 3 0 8 588 589 590 604 606 571 572 573 
606 9588 8.104060000 6.494480000 0.76040971087001563156 0.64944366315684309843 3 0 8 589 590 591 605 607 572 573 574 
607 9589 8.353170000 6.190940000 0.78531810464800855254 0.61909246039025511710 3 0 8 590 591 592 606 608 573 574 575 
608 9590 8.590170000 5.877850000 0.80901631335569235137 0.58778618963392137431 3 0 8 591 592 593 607 609 574 575 576 
609 9591 8.814700000 5.555700000 0.83146790944808723900 0.55557278151294220425 3 0 8 592 593 594 608 610 575 576 577 
610 9592 9.026400000 5.224990000 0.85264243366699354887 0.52249486151581092663 3 0 8 593 594 595 609 611 576 577 578 
611 9593 9.224960000 4.886210000 0.87249233372822920796 0.48862780066781752453 3 0 8 594 595 596 610 612 577 578 579 
612 9594 9.410070000 4.539910000 0.89100606038921459362 0.45399140999548787123 3 0 8 595 596 597 611 613 578 579 580 
613 9595 9.581430000 4.186600000 0.90814529595099369175 0.41865513425978917450 3 0 8 596 597 598 612 614 579 580 581 
614 9596 9.738800000 3.826830000 0.92388085835679678581 0.38268023147519464322 3 0 8 597 598 599 613 615 580 581 582 
615 9597 9.881910000 3.461170000 0.93817819331705998298 0.34615267958566708906 3 0 8 598 599 600 614 616 581 582 583 
616 9598 10.010600000 3.090170000 0.95103790582147740285 0.30907426565584311673 3 0 8 599 600 601 615 617 582 583 584 
617 9599 10.124600000 2.714400000 0.96246690843181492703 0.27139906074580361084 3 0 8 600 601 602 616 618 583 584 585 
618 9600 10.223700000 2.334450000 0.97236995871930587132 0.23344520423477366222 3 0 8 601 602 603 617 718 584 585 586 
619 8361 1.26229 1.16698 2 0
620 7764 1.31011 1.13748 2 0
621 7765 1.35666 1.10626 2 0
622 7766 1.40187 1.07338 2 0
623 7767 1.44566 1.03888 2 0
624 7768 1.48797 1.00283 2 0
625 7769 1.52874 0.965267 2 0
626 7770 1.56792 0.926264 2 0
627 7771 1.60544 0.885877 2 0
628 7772 1.64125 0.844168 2 0
629 7773 1.67529 0.8012 2 0
630 7774 1.70752 0.75704 2 0
631 7775 1.7379 0.711754 2 0
632 7776 1.76637 0.665411 2 0
633 7777 1.7929 0.61808 2 0
634 7778 1.81745 0.569834 2 0
635 7779 1.83998 0.520743 2 0
636 7780 1.86047 0.470882 2 0
637 7781 1.87887 0.420325 2 0
638 917 1.89518 0.369147 2 0
639 8379 1.25561 1.27488 2 0
640 8380 1.30757 1.24532 2 0
641 959 1.97861 0.39411 2 0
642 960 1.99365 0.338893 2 0
643 8399 1.30078 1.3598 2 0
644 1001 2.08355 0.361635 2 0
645 1002 2.09709 0.30218 2 0
646 8419 1.34893 1.44981 2 0
647 1041 2.19378 0.32232 2 0
648 1042 2.20556 0.258426 2 0
649 8440 1.40025 1.54523 2 0
650 1079 2.30933 0.275546 2 0
651 1080 2.31908 0.207009 2 0
652 8461 1.45493 1.64642 2 0
653 1113 2.43025 0.22065 2 0
654 1114 2.43765 0.147268 2 0
655 8481 1.51317 1.75376 2 0
656 1145 2.55652 0.156926 2 0
657 1146 2.56125 0.0784973 2 0
658 8500 1.57518 1.86765 2 0
659 1216 2.68812 0.0836234 2 0
660 8518 1.6412 1.98852 2 0
661 1230 2.81787 0.178047 2 0
662 1231 2.8232 0.0890635 2 0
663 8535 1.71148 2.11681 2 0
664 8536 1.79506 2.06813 2 0
665 1247 2.9519 0.284055 2 0
666 1248 2.96133 0.189589 2 0
667 8553 1.87504 2.20123 2 0
668 1266 3.08998 0.402526 2 0
669 1267 3.10399 0.302413 2 0
670 8570 1.96015 2.34257 2 0
671 8571 2.05216 2.28392 2 0
672 1287 3.25095 0.428471 2 0
673 8589 2.14845 2.43029 2 0
674 1309 3.42222 0.456022 2 0
675 8607 2.25088 2.58573 2 0
676 1332 3.60443 0.485284 2 0
677 8625 2.35984 2.75084 2 0
678 1356 3.79826 0.516365 2 0
679 8643 2.47575 2.92624 2 0
680 8644 2.58992 2.84679 2 0
681 1380 4.00444 0.549384 2 0
682 8663 2.72035 3.0281 2 0
683 8664 2.83823 2.939 2 0
684 1404 4.22374 0.584462 2 0
685 8684 2.98434 3.126 2 0
686 1428 4.45698 0.621733 2 0
687 8704 3.13971 3.32469 2 0
688 1452 4.70502 0.661336 2 0
689 8724 3.30494 3.53583 2 0
690 1476 4.9688 0.703421 2 0
691 8744 3.48063 3.76019 2 0
692 1500 5.2493 0.748144 2 0
693 8764 3.66744 3.99864 2 0
694 1524 5.54756 0.795676 2 0
695 8784 3.86607 4.25205 2 0
696 1548 5.86472 0.846195 2 0
697 8804 4.07726 4.5214 2 0
698 1572 6.20194 0.899891 2 0
699 8824 4.3018 4.80768 2 0
700 1596 6.5605 0.956968 2 0
701 8843 4.54052 5.11199 2 0
702 1620 6.94173 1.01764 2 0
703 8862 4.79432 5.43546 2 0
704 1644 7.34706 1.08214 2 0
705 8881 5.06413 5.77933 2 0
706 1668 7.77799 1.15071 2 0
707 8900 5.35097 6.14489 2 0
708 8901 5.58864 5.9498 2 0
709 1692 8.23615 1.22361 2 0
710 8921 5.90856 6.32615 2 0
711 1716 8.72325 1.30112 2 0
712 8941 6.24865 6.72628 2 0
713 1740 9.24109 1.38353 2 0
714 8961 6.61018 7.15171 2 0
715 1764 9.79162 1.47116 2 0
716 8981 6.99448 7.60406 3 0
717 8982 7.28801 7.34323 3 0
718 1789 10.3079 1.9509 3 0
719 1790 10.3769 1.56434 3 0
