                     1  0.000000000000000E+000
                     2  0.000000000000000E+000
                     3 -3.110512736808310E-003
                     4 -6.329233976063662E-003
                     5 -9.667343893221938E-003
                     6 -1.317948829692150E-002
                     7 -1.684065210995694E-002
                     8 -2.062558098823883E-002
                     9 -2.450759693276783E-002
                    10 -2.847051873808098E-002
                    11 -3.249436420440469E-002
                    12 -3.656805579595937E-002
                    13 -4.067721745171249E-002
                    14 -4.480616605130037E-002
                    15 -4.894853913313333E-002
                    16 -5.309811059537051E-002
                    17 -5.724844916532048E-002
                    18 -6.139277285869398E-002
                    19 -6.552657128624238E-002
                    20 -6.964579245074859E-002
                    21 -7.374748867799570E-002
                    22 -7.783647222060000E-002
                    23 -8.193602451410234E-002
                    24 -8.615344402687931E-002
                    25 -9.044315552191108E-002
                    26 -9.470429554844818E-002
                    27 -9.900149302624835E-002
                    28 -0.103274263928081     
                    29 -0.107502207481804     
                    30 -0.111700277935674     
                    31 -0.115835943180171     
                    32 -0.119925763543418     
                    33 -0.123970462245442     
                    34 -0.127970566302324     
                    35 -0.131928740709798     
                    36 -0.135841470843620     
                    37 -0.139712097048118     
                    38 -0.143541412440963     
                    39 -0.147329242718975     
                    40 -0.151075639994436     
                    41 -0.154778461177074     
                    42 -0.158432254535299     
                    43 -0.162028637384573     
                    44 -0.165578771584806     
                    45 -0.169084636934887     
                    46 -0.172553617009980     
                    47 -0.175990682066329     
                    48 -0.179393957153630     
                    49 -0.182755282232471     
                    50 -0.186067795780765     
                    51 -0.189336686518212     
                    52 -0.192562288493296     
                    53 -0.195744287309503     
                    54 -0.198882875012928     
                    55 -0.201978047890101     
                    56 -0.205029792169355     
                    57 -0.208037693101922     
                    58 -0.211002206462694     
                    59 -0.213923353255984     
                    60 -0.216801145744172     
                    61 -0.219635514176456     
                    62 -0.222426480421681     
                    63 -0.225173859557025     
                    64 -0.227877377525476     
                    65 -0.230536831071130     
                    66 -0.233152066238898     
                    67 -0.235722544472265     
                    68 -0.238248367996888     
                    69 -0.240729650222663     
                    70 -0.243166715406637     
                    71 -0.245558515729406     
                    72 -0.247904867236819     
                    73 -0.250205797753818     
                    74 -0.252460678366502     
                    75 -0.254668948928777     
                    76 -0.256831260573261     
                    77 -0.258947017063007     
                    78 -0.261016046945350     
                    79 -0.263038486186088     
                    80 -0.265014518455857     
                    81 -0.266944141970656     
                    82 -0.268827970700288     
                    83 -0.270667196329805     
                    84 -0.272462263777193     
                    85 -0.274212823452542     
                    86 -0.275918679383492     
                    87 -0.277579463454705     
                    88 -0.279195964584977     
                    89 -0.280768763349710     
                    90 -0.282297714134717     
                    91 -0.283782294012107     
                    92 -0.285224755628729     
                    93 -0.286626723760454     
                    94 -0.287989911946120     
                    95 -0.289309184244597     
                    96 -0.290585056796769     
                    97 -0.291821154721050     
                    98 -0.293021891984408     
                    99 -0.294189141645994     
                   100 -0.295321554635173     
                   101 -0.296418736205866     
                   102 -0.297480535694221     
                   103 -0.298508992733144     
                   104 -0.299502073676096     
                   105 -0.300458789202092     
                   106 -0.301380582481828     
                   107 -0.302270233162248     
                   108 -0.303126939045908     
                   109 -0.303948137718084     
                   110 -0.304733061719014     
                   111 -0.305483593118844     
                   112 -0.306196538386546     
                   113 -0.306870828897864     
                   114 -0.307506910361129     
                   115 -0.308106384188037     
                   116 -0.308671488237495     
                   117 -0.309199616289210     
                   118 -0.309694753656143     
                   119 -0.310160768074114     
                   120 -0.310603123109168     
                   121 -0.311030757014893     
                   122 -0.311450885020925     
                   123 -0.311860580965523     
                   124 -0.312235467106921     
                   125 -0.312568580899868     
                   126 -0.312860336202838     
                   127 -0.313122018061008     
                   128 -0.313350580590210     
                   129 -0.313546457684271     
                   130 -0.313721861328110     
                   131 -0.313878686717861     
                   132 -0.314010390930087     
                   133 -0.314121915258923     
                   134 -0.314203893524789     
                   135 -0.314260508948791     
                   136 -0.314298893793965     
                   137 -0.314319622496754     
                   138 -0.314322078792422     
                   139 -0.314305520158075     
                   140 -0.314269943977358     
                   141 -0.314216091828031     
                   142 -0.314144767129242     
                   143 -0.314056996572421     
                   144 -0.313953009924880     
                   145 -0.313833492748702     
                   146 -0.313698787419977     
                   147 -0.313549677758138     
                   148 -0.313386342341342     
                   149 -0.313209728953931     
                   150 -0.313020548955929     
                   151 -0.312819338387114     
                   152 -0.312606412470284     
                   153 -0.312382544213188     
                   154 -0.312148552034670     
                   155 -0.311904781457590     
                   156 -0.311651870300689     
                   157 -0.311390442722015     
                   158 -0.311121397314976     
                   159 -0.310845118440479     
                   160 -0.310561778442194     
                   161 -0.310271723070961     
                   162 -0.309975507983557     
                   163 -0.309674028105285     
                   164 -0.309367563574018     
                   165 -0.309056410551553     
                   166 -0.308740870244163     
                   167 -0.308421740331786     
                   168 -0.308098843434794     
                   169 -0.307772295992005     
                   170 -0.307443992528343     
                   171 -0.307115035012282     
                   172 -0.306787062535965     
                   173 -0.306458734031819     
                   174 -0.306122808552366     
                   175 -0.305780762148614     
                   176 -0.305434127575117     
                   177 -0.305090198392394     
                   178 -0.304753135630308     
                   179 -0.304419745821984     
                   180 -0.304091798527560     
                   181 -0.303764860237836     
                   182 -0.303435870696432     
                   183 -0.303096765083854     
                   184 -0.302733206551088     
                   185 -0.302355057886618     
                   186 -0.301982781800417     
                   187 -0.301629496191056     
                   188 -0.301290963091161     
                   189 -0.300973399597881     
                   190 -0.300669424836383     
                   191 -0.300361349293264     
                   192 -0.300040566072155     
                   193 -0.299706646563822     
                   194 -0.299364763367549     
                   195 -0.299011403227895     
                   196 -0.298649858654235     
                   197 -0.298296876949822     
                   198 -0.297950098884089     
                   199 -0.297607113790296     
                   200 -0.297266620523295     
                   201 -0.296928467942274     
                   202 -0.296592606484415     
                   203 -0.296259430114081     
                   204 -0.295929042129546     
                   205 -0.295601397278634     
                   206 -0.295276435775295     
                   207 -0.294954328381339     
                   208 -0.294634539704954     
                   209 -0.294317082518099     
                   210 -0.294002425769176     
                   211 -0.293691052274284     
                   212 -0.293382789583736     
                   213 -0.293078030071892     
                   214 -0.292776768154618     
                   215 -0.292478840937337     
                   216 -0.292184470479480     
                   217 -0.291893884791527     
                   218 -0.291607349277285     
                   219 -0.291324559740278     
                   220 -0.291045620509116     
                   221 -0.290770419858557     
                   222 -0.290499329815014     
                   223 -0.290232453820078     
                   224 -0.289969704050811     
                   225 -0.289710415918105     
                   226 -0.289454076639076     
                   227 -0.289202677193876     
                   228 -0.288956614883847     
                   229 -0.288714375698768     
                   230 -0.288476794103414     
                   231 -0.288243830980085     
                   232 -0.288016533677782     
                   233 -0.287795604328546     
                   234 -0.287578248293436     
                   235 -0.287362946126680     
                   236 -0.287153222655786     
                   237 -0.286948886861990     
                   238 -0.286750478268445     
                   239 -0.286551187417852     
                   240 -0.286353201229641     
                   241 -0.286160810909917     
                   242 -0.285980889282095     
                   243 -0.285815181418123     
                   244 -0.285653388075828     
                   245 -0.285497104009189     
                   246 -0.285342061890938     
                   247 -0.285190199157634     
                   248 -0.285038987060598     
                   249 -0.284867863447224     
                   250 -0.284679063412232     
                   251 -0.284486580691779     
                   252 -0.284299010898157     
                   253 -0.284127786409438     
                   254 -0.283993299250421     
                   255 -0.283875105839263     
                   256 -0.283756474531599     
                   257 -0.283627471645491     
                   258 -0.283484882115173     
                   259 -0.283332975043633     
                   260 -0.283173672395763     
                   261 -0.283004268386413     
                   262 -0.282831431248860     
                   263 -0.282658614258243     
                   264 -0.282486020874436     
                   265 -0.282313341162828     
                   266 -0.282140625513147     
                   267 -0.281968090251971     
                   268 -0.281795778684222     
                   269 -0.281623715111517     
                   270 -0.281452847698058     
                   271 -0.281282564459027     
                   272 -0.281112767583445     
                   273 -0.280943599898386     
                   274 -0.280774986049697     
                   275 -0.280607236707969     
                   276 -0.280440136078997     
                   277 -0.280273232945679     
                   278 -0.280106640735101     
                   279 -0.279940341752561     
                   280 -0.279774869679079     
                   281 -0.279609199943228     
                   282 -0.279443462081589     
                   283 -0.279278005321809     
                   284 -0.279112807996824     
                   285 -0.278947641544515     
                   286 -0.278783133812932     
                   287 -0.278619501009221     
                   288 -0.278456049023660     
                   289 -0.278293390556370     
                   290 -0.278131731341022     
                   291 -0.277970295650523     
                   292 -0.277809044627722     
                   293 -0.277648552278907     
                   294 -0.277489635364627     
                   295 -0.277332860684955     
                   296 -0.277178668157619     
                   297 -0.277026741386699     
                   298 -0.276877560874214     
                   299 -0.276732203107628     
                   300 -0.276591123571301     
                   301 -0.276445459618718     
                   302 -0.276292534569748     
                   303 -0.276141369711826     
                   304 -0.275997419617014     
                   305 -0.275857456539270     
                   306 -0.275728084168180     
                   307 -0.275606420043404     
                   308 -0.275484308379294     
                   309 -0.275356449466106     
                   310 -0.275231578703826     
                   311 -0.275111632353846     
                   312 -0.274992079145594     
                   313 -0.274857476855562     
                   314 -0.274698661554555     
                   315 -0.274535811231150     
                   316 -0.274385986642712     
                   317 -0.274260547437689     
                   318 -0.274165691876295     
                   319 -0.274088992474772     
                   320 -0.274010821290171     
                   321 -0.273919321495119     
                   322 -0.273816200404189     
                   323 -0.273707103452443     
                   324 -0.273587332148965     
                   325 -0.273462904141701     
                   326 -0.273339818086163     
                   327 -0.273217640678970     
                   328 -0.273097125529232     
                   329 -0.272996850630414     
                   330 -0.272901899514368     
                   331 -0.272810137970787     
                   332 -0.272720447835980     
                   333 -0.272631648096562     
                   334 -0.272543634554038     
                   335 -0.272456342905066     
                   336 -0.272367628833399     
                   337 -0.272278300202229     
                   338 -0.272187892661736     
                   339 -0.272095496145282     
                   340 -0.272001799856013     
                   341 -0.271907020437015     
                   342 -0.271810379633859     
                   343 -0.271712016348763     
                   344 -0.271612871251121     
                   345 -0.271511076773308     
                   346 -0.271405945579507     
                   347 -0.271298034762307     
                   348 -0.271187583671424     
                   349 -0.271073291114762     
                   350 -0.270955831725652     
                   351 -0.270835992317410     
                   352 -0.270714978287024     
                   353 -0.270592739072124     
                   354 -0.270468621884309     
                   355 -0.270342281573105     
                   356 -0.270215125647314     
                   357 -0.270088225211644     
                   358 -0.269961356110084     
                   359 -0.269832821395296     
                   360 -0.269701718740485     
                   361 -0.269570801551344     
                   362 -0.269441684302134     
                   363 -0.269304961522169     
                   364 -0.269164106656549     
                   365 -0.269028429279782     
                   366 -0.268899736323067     
                   367 -0.268781941616625     
                   368 -0.268674851044711     
                   369 -0.268565765808028     
                   370 -0.268459197607591     
                   371 -0.268361345264938     
                   372 -0.268271004343922     
                   373 -0.268203416243044     
                   374 -0.268161551148680     
                   375 -0.268123682774791     
                   376 -0.268078666959832     
                   377 -0.268031823722885     
                   378 -0.267997598285445     
                   379 -0.267988520140455     
                   380 -0.268004816414414     
                   381 -0.268041814741264     
                   382 -0.268081978349327     
                   383 -0.268108414458020     
                   384 -0.268122110821220     
                   385 -0.268127453219236     
                   386 -0.268120515525362     
                   387 -0.268107860868781     
                   388 -0.268095963437450     
                   389 -0.268088317829926     
                   390 -0.268077467309892     
                   391 -0.268062606288764     
                   392 -0.268041576450364     
                   393 -0.268010172649321     
                   394 -0.267969123282368     
                   395 -0.267919728293418     
                   396 -0.267862091560354     
                   397 -0.267796829773562     
                   398 -0.267724222220357     
                   399 -0.267645377198100     
                   400 -0.267560903381713     
                   401 -0.267470964929510     
                   402 -0.267376554036975     
                   403 -0.267277133127460     
                   404 -0.267173968702395     
                   405 -0.267066842034880     
                   406 -0.266956150860814     
                   407 -0.266842503077590     
                   408 -0.266726390193818     
                   409 -0.266607846487188     
                   410 -0.266487872817860     
                   411 -0.266366216585039     
                   412 -0.266243804493778     
                   413 -0.266118963177669     
                   414 -0.265992116156556     
                   415 -0.265863007321223     
                   416 -0.265733071510394     
                   417 -0.265602665310982     
                   418 -0.265472173658866     
                   419 -0.265342505100322     
                   420 -0.265214232143072     
                   421 -0.265089343657245     
                   422 -0.264971762230679     
                   423 -0.264868198861828     
                   424 -0.264772672713726     
                   425 -0.264680445514669     
                   426 -0.264600180428685     
                   427 -0.264556180349977     
                   428 -0.264547002227918     
                   429 -0.264564958074835     
                   430 -0.264601453688300     
                   431 -0.264651595549582     
                   432 -0.264710489828887     
                   433 -0.264771637789896     
                   434 -0.264834059937822     
                   435 -0.264901962887422     
                   436 -0.264967952773960     
                   437 -0.265019388555491     
                   438 -0.265061415622896     
                   439 -0.265111822709371     
                   440 -0.265182390798113     
                   441 -0.265266747391856     
                   442 -0.265373564230212     
                   443 -0.265490614851380     
                   444 -0.265594934663238     
                   445 -0.265676470975550     
                   446 -0.265735045538484     
                   447 -0.265768346393388     
                   448 -0.265783442757580     
                   449 -0.265787148075226     
                   450 -0.265779586624610     
                   451 -0.265761856125184     
                   452 -0.265734502814316     
                   453 -0.265697562629995     
                   454 -0.265652155922508     
                   455 -0.265599397170997     
                   456 -0.265539341190824     
                   457 -0.265473155795669     
                   458 -0.265400972353542     
                   459 -0.265322786528845     
                   460 -0.265239742308788     
                   461 -0.265151620281538     
                   462 -0.265059560745025     
                   463 -0.264963144600771     
                   464 -0.264863582938876     
                   465 -0.264761209701986     
                   466 -0.264655437865140     
                   467 -0.264546921934950     
                   468 -0.264436176534244     
                   469 -0.264322913127951     
                   470 -0.264207828899782     
                   471 -0.264091525169596     
                   472 -0.263973989300844     
                   473 -0.263855503902830     
                   474 -0.263737350399262     
                   475 -0.263619331803154     
                   476 -0.263503110308237     
                   477 -0.263391361702699     
                   478 -0.263288225551644     
                   479 -0.263198256477975     
                   480 -0.263122305594008     
                   481 -0.263058708142238     
                   482 -0.263008972838318     
                   483 -0.262995900310507     
                   484 -0.263025327851399     
                   485 -0.263080479334862     
                   486 -0.263152754380998     
                   487 -0.263240951126569     
                   488 -0.263342939272100     
                   489 -0.263458733222981     
                   490 -0.263590258804220     
                   491 -0.263729716570269     
                   492 -0.263869301044092     
                   493 -0.264004241411893     
                   494 -0.264133500373667     
                   495 -0.264263458624028     
                   496 -0.264394213171958     
                   497 -0.264510981388277     
                   498 -0.264617716739260     
                   499 -0.264737653341815     
                   500 -0.264869847268221     
