380 294 86
1 3007 2.025720000 -0.980429000 0.00000000000000000000 1.00000000000000000000 2 0 8 295 296 297 308 2 11 12 13 
2 3008 1.984890000 -1.037530000 0.00000000000000000000 1.00000000000000000000 2 0 8 296 297 298 1 3 12 13 14 
3 3009 1.941760000 -1.093060000 0.00000000000000000000 1.00000000000000000000 2 0 8 297 298 299 2 4 13 14 15 
4 3010 1.896410000 -1.146960000 0.00000000000000000000 1.00000000000000000000 2 0 8 298 299 300 3 309 14 15 16 
5 3011 2.349360000 -0.580518000 0.00000000000000000000 1.00000000000000000000 2 0 8 301 302 303 318 6 23 24 25 
6 3012 2.324580000 -0.650292000 0.00000000000000000000 1.00000000000000000000 2 0 8 302 303 304 5 7 24 25 26 
7 3013 2.297000000 -0.719091000 0.00000000000000000000 1.00000000000000000000 2 0 8 303 304 305 6 8 25 26 27 
8 3014 2.266670000 -0.786813000 0.00000000000000000000 1.00000000000000000000 2 0 8 304 305 306 7 9 26 27 28 
9 3015 2.233640000 -0.853354000 0.00000000000000000000 1.00000000000000000000 2 0 8 305 306 307 8 10 27 28 29 
10 3016 2.197940000 -0.918615000 0.00000000000000000000 1.00000000000000000000 2 0 8 306 307 308 9 11 28 29 30 
11 3017 2.159640000 -0.982496000 0.00000000000000000000 1.00000000000000000000 2 0 8 307 308 1 10 12 29 30 31 
12 3018 2.118780000 -1.044900000 0.00000000000000000000 1.00000000000000000000 2 0 8 308 1 2 11 13 30 31 32 
13 3019 2.075430000 -1.105730000 0.00000000000000000000 1.00000000000000000000 2 0 8 1 2 3 12 14 31 32 33 
14 3020 2.029650000 -1.164900000 0.00000000000000000000 1.00000000000000000000 2 0 8 2 3 4 13 15 32 33 34 
15 3021 1.981520000 -1.222310000 0.00000000000000000000 1.00000000000000000000 2 0 8 3 4 309 14 16 33 34 35 
16 3022 1.931090000 -1.277890000 0.00000000000000000000 1.00000000000000000000 2 0 8 4 309 310 15 319 34 35 36 
17 3023 2.561240000 -0.078594900 0.00000000000000000000 1.00000000000000000000 2 0 8 311 312 313 321 18 324 325 37 
18 3024 2.556520000 -0.157023000 0.00000000000000000000 1.00000000000000000000 2 0 8 312 313 314 17 19 325 37 38 
19 3025 2.548650000 -0.235215000 0.00000000000000000000 1.00000000000000000000 2 0 8 313 314 315 18 20 37 38 39 
20 3026 2.537650000 -0.313055000 0.00000000000000000000 1.00000000000000000000 2 0 8 314 315 316 19 21 38 39 40 
21 3027 2.523540000 -0.390426000 0.00000000000000000000 1.00000000000000000000 2 0 8 315 316 317 20 22 39 40 41 
22 3028 2.506330000 -0.467211000 0.00000000000000000000 1.00000000000000000000 2 0 8 316 317 318 21 23 40 41 42 
23 3029 2.486060000 -0.543295000 0.00000000000000000000 1.00000000000000000000 2 0 8 317 318 5 22 24 41 42 43 
24 3030 2.462750000 -0.618564000 0.00000000000000000000 1.00000000000000000000 2 0 8 318 5 6 23 25 42 43 44 
25 3031 2.436430000 -0.692905000 0.00000000000000000000 1.00000000000000000000 2 0 8 5 6 7 24 26 43 44 45 
26 3032 2.407150000 -0.766205000 0.00000000000000000000 1.00000000000000000000 2 0 8 6 7 8 25 27 44 45 46 
27 3033 2.374950000 -0.838354000 0.00000000000000000000 1.00000000000000000000 2 0 8 7 8 9 26 28 45 46 47 
28 3034 2.339870000 -0.909243000 0.00000000000000000000 1.00000000000000000000 2 0 8 8 9 10 27 29 46 47 48 
29 3035 2.301960000 -0.978765000 0.00000000000000000000 1.00000000000000000000 2 0 8 9 10 11 28 30 47 48 49 
30 3036 2.261290000 -1.046810000 0.00000000000000000000 1.00000000000000000000 2 0 8 10 11 12 29 31 48 49 50 
31 3037 2.217900000 -1.113290000 0.00000000000000000000 1.00000000000000000000 2 0 8 11 12 13 30 32 49 50 51 
32 3038 2.171880000 -1.178080000 0.00000000000000000000 1.00000000000000000000 2 0 8 12 13 14 31 33 50 51 52 
33 3039 2.123270000 -1.241100000 0.00000000000000000000 1.00000000000000000000 2 0 8 13 14 15 32 34 51 52 53 
34 3040 2.072160000 -1.302250000 0.00000000000000000000 1.00000000000000000000 2 0 8 14 15 16 33 35 52 53 54 
35 3041 2.018620000 -1.361430000 0.00000000000000000000 1.00000000000000000000 2 0 8 15 16 319 34 36 53 54 55 
36 3042 1.962730000 -1.418550000 0.00000000000000000000 1.00000000000000000000 2 0 8 16 319 320 35 322 54 55 56 
37 3043 2.683100000 -0.167275000 0.00000000000000000000 1.00000000000000000000 2 0 8 17 18 19 325 38 328 57 58 
38 3044 2.674740000 -0.250572000 0.00000000000000000000 1.00000000000000000000 2 0 8 18 19 20 37 39 57 58 59 
39 3045 2.663060000 -0.333493000 0.00000000000000000000 1.00000000000000000000 2 0 8 19 20 21 38 40 58 59 60 
40 3046 2.648070000 -0.415913000 0.00000000000000000000 1.00000000000000000000 2 0 8 20 21 22 39 41 59 60 61 
41 3047 2.629790000 -0.497708000 0.00000000000000000000 1.00000000000000000000 2 0 8 21 22 23 40 42 60 61 62 
42 3048 2.608260000 -0.578755000 0.00000000000000000000 1.00000000000000000000 2 0 8 22 23 24 41 43 61 62 63 
43 3049 2.583500000 -0.658931000 0.00000000000000000000 1.00000000000000000000 2 0 8 23 24 25 42 44 62 63 64 
44 3050 2.555550000 -0.738117000 0.00000000000000000000 1.00000000000000000000 2 0 8 24 25 26 43 45 63 64 65 
45 3051 2.524450000 -0.816192000 0.00000000000000000000 1.00000000000000000000 2 0 8 25 26 27 44 46 64 65 66 
46 3052 2.490240000 -0.893039000 0.00000000000000000000 1.00000000000000000000 2 0 8 26 27 28 45 47 65 66 67 
47 3053 2.452980000 -0.968541000 0.00000000000000000000 1.00000000000000000000 2 0 8 27 28 29 46 48 66 67 68 
48 3054 2.412730000 -1.042580000 0.00000000000000000000 1.00000000000000000000 2 0 8 28 29 30 47 49 67 68 69 
49 3055 2.369530000 -1.115060000 0.00000000000000000000 1.00000000000000000000 2 0 8 29 30 31 48 50 68 69 70 
50 3056 2.323460000 -1.185850000 0.00000000000000000000 1.00000000000000000000 2 0 8 30 31 32 49 51 69 70 71 
51 3057 2.274580000 -1.254840000 0.00000000000000000000 1.00000000000000000000 2 0 8 31 32 33 50 52 70 71 72 
52 3058 2.222960000 -1.321950000 0.00000000000000000000 1.00000000000000000000 2 0 8 32 33 34 51 53 71 72 73 
53 3059 2.168690000 -1.387060000 0.00000000000000000000 1.00000000000000000000 2 0 8 33 34 35 52 54 72 73 74 
54 3060 2.111830000 -1.450070000 0.00000000000000000000 1.00000000000000000000 2 0 8 34 35 36 53 55 73 74 75 
55 3061 2.052490000 -1.510880000 0.00000000000000000000 1.00000000000000000000 2 0 8 35 36 322 54 56 74 75 76 
56 3062 1.990730000 -1.569410000 0.00000000000000000000 1.00000000000000000000 2 0 8 36 322 323 55 326 75 76 77 
57 3063 2.817860000 -0.178154000 0.00000000000000000000 1.00000000000000000000 2 0 8 325 37 38 328 58 331 78 79 
58 3064 2.808990000 -0.266869000 0.00000000000000000000 1.00000000000000000000 2 0 8 37 38 39 57 59 78 79 80 
59 3065 2.796580000 -0.355182000 0.00000000000000000000 1.00000000000000000000 2 0 8 38 39 40 58 60 79 80 81 
60 3066 2.780650000 -0.442960000 0.00000000000000000000 1.00000000000000000000 2 0 8 39 40 41 59 61 80 81 82 
61 3067 2.761240000 -0.530071000 0.00000000000000000000 1.00000000000000000000 2 0 8 40 41 42 60 62 81 82 83 
62 3068 2.738360000 -0.616385000 0.00000000000000000000 1.00000000000000000000 2 0 8 41 42 43 61 63 82 83 84 
63 3069 2.712060000 -0.701770000 0.00000000000000000000 1.00000000000000000000 2 0 8 42 43 44 62 64 83 84 85 
64 3070 2.682370000 -0.786097000 0.00000000000000000000 1.00000000000000000000 2 0 8 43 44 45 63 65 84 85 86 
65 3071 2.649330000 -0.869240000 0.00000000000000000000 1.00000000000000000000 2 0 8 44 45 46 64 66 85 86 87 
66 3072 2.613000000 -0.951072000 0.00000000000000000000 1.00000000000000000000 2 0 8 45 46 47 65 67 86 87 88 
67 3073 2.573420000 -1.031470000 0.00000000000000000000 1.00000000000000000000 2 0 8 46 47 48 66 68 87 88 89 
68 3074 2.530660000 -1.110310000 0.00000000000000000000 1.00000000000000000000 2 0 8 47 48 49 67 69 88 89 90 
69 3075 2.484770000 -1.187480000 0.00000000000000000000 1.00000000000000000000 2 0 8 48 49 50 68 70 89 90 91 
70 3076 2.435840000 -1.262850000 0.00000000000000000000 1.00000000000000000000 2 0 8 49 50 51 69 71 90 91 92 
71 3077 2.383920000 -1.336310000 0.00000000000000000000 1.00000000000000000000 2 0 8 50 51 52 70 72 91 92 93 
72 3078 2.329100000 -1.407750000 0.00000000000000000000 1.00000000000000000000 2 0 8 51 52 53 71 73 92 93 94 
73 3079 2.271450000 -1.477060000 0.00000000000000000000 1.00000000000000000000 2 0 8 52 53 54 72 74 93 94 95 
74 3080 2.211070000 -1.544130000 0.00000000000000000000 1.00000000000000000000 2 0 8 53 54 55 73 75 94 95 96 
75 3081 2.148040000 -1.608870000 0.00000000000000000000 1.00000000000000000000 2 0 8 54 55 56 74 76 95 96 97 
76 3082 2.082460000 -1.671160000 0.00000000000000000000 1.00000000000000000000 2 0 8 55 56 326 75 77 96 97 98 
77 3083 2.014430000 -1.730920000 0.00000000000000000000 1.00000000000000000000 2 0 8 56 326 327 76 329 97 98 99 
78 3084 2.961320000 -0.189701000 0.00000000000000000000 1.00000000000000000000 2 0 8 328 57 58 331 79 333 100 101 
79 3085 2.951890000 -0.284166000 0.00000000000000000000 1.00000000000000000000 2 0 8 57 58 59 78 80 100 101 102 
80 3086 2.938700000 -0.378202000 0.00000000000000000000 1.00000000000000000000 2 0 8 58 59 60 79 81 101 102 103 
81 3087 2.921780000 -0.471668000 0.00000000000000000000 1.00000000000000000000 2 0 8 59 60 61 80 82 102 103 104 
82 3088 2.901160000 -0.564423000 0.00000000000000000000 1.00000000000000000000 2 0 8 60 61 62 81 83 103 104 105 
83 3089 2.876850000 -0.656326000 0.00000000000000000000 1.00000000000000000000 2 0 8 61 62 63 82 84 104 105 106 
84 3090 2.848910000 -0.747239000 0.00000000000000000000 1.00000000000000000000 2 0 8 62 63 64 83 85 105 106 107 
85 3091 2.817360000 -0.837025000 0.00000000000000000000 1.00000000000000000000 2 0 8 63 64 65 84 86 106 107 108 
86 3092 2.782260000 -0.925546000 0.00000000000000000000 1.00000000000000000000 2 0 8 64 65 66 85 87 107 108 109 
87 3093 2.743660000 -1.012670000 0.00000000000000000000 1.00000000000000000000 2 0 8 65 66 67 86 88 108 109 110 
88 3094 2.701620000 -1.098260000 0.00000000000000000000 1.00000000000000000000 2 0 8 66 67 68 87 89 109 110 111 
89 3095 2.656190000 -1.182200000 0.00000000000000000000 1.00000000000000000000 2 0 8 67 68 69 88 90 110 111 112 
90 3096 2.607450000 -1.264340000 0.00000000000000000000 1.00000000000000000000 2 0 8 68 69 70 89 91 111 112 113 
91 3097 2.555460000 -1.344580000 0.00000000000000000000 1.00000000000000000000 2 0 8 69 70 71 90 92 112 113 114 
92 3098 2.500310000 -1.422780000 0.00000000000000000000 1.00000000000000000000 2 0 8 70 71 72 91 93 113 114 115 
93 3099 2.442080000 -1.498820000 0.00000000000000000000 1.00000000000000000000 2 0 8 71 72 73 92 94 114 115 116 
94 3100 2.380840000 -1.572590000 0.00000000000000000000 1.00000000000000000000 2 0 8 72 73 74 93 95 115 116 117 
95 3101 2.316710000 -1.643980000 0.00000000000000000000 1.00000000000000000000 2 0 8 73 74 75 94 96 116 117 118 
96 3102 2.249760000 -1.712880000 0.00000000000000000000 1.00000000000000000000 2 0 8 74 75 76 95 97 117 118 119 
97 3103 2.180110000 -1.779170000 0.00000000000000000000 1.00000000000000000000 2 0 8 75 76 77 96 98 118 119 120 
98 3104 2.107840000 -1.842760000 0.00000000000000000000 1.00000000000000000000 2 0 8 76 77 329 97 99 119 120 121 
99 3105 2.033090000 -1.903550000 0.00000000000000000000 1.00000000000000000000 2 0 8 77 329 330 98 332 120 121 334 
100 3106 3.114000000 -0.201960000 0.00000000000000000000 1.00000000000000000000 2 0 8 331 78 79 333 101 335 122 123 
101 3107 3.103970000 -0.302529000 0.00000000000000000000 1.00000000000000000000 2 0 8 78 79 80 100 102 122 123 124 
102 3108 3.089960000 -0.402641000 0.00000000000000000000 1.00000000000000000000 2 0 8 79 80 81 101 103 123 124 125 
103 3109 3.071990000 -0.502146000 0.00000000000000000000 1.00000000000000000000 2 0 8 80 81 82 102 104 124 125 126 
104 3110 3.050070000 -0.600891000 0.00000000000000000000 1.00000000000000000000 2 0 8 81 82 83 103 105 125 126 127 
105 3111 3.024250000 -0.698729000 0.00000000000000000000 1.00000000000000000000 2 0 8 82 83 84 104 106 126 127 128 
106 3112 2.994550000 -0.795511000 0.00000000000000000000 1.00000000000000000000 2 0 8 83 84 85 105 107 127 128 129 
107 3113 2.961040000 -0.891090000 0.00000000000000000000 1.00000000000000000000 2 0 8 84 85 86 106 108 128 129 130 
108 3114 2.923740000 -0.985322000 0.00000000000000000000 1.00000000000000000000 2 0 8 85 86 87 107 109 129 130 131 
109 3115 2.882730000 -1.078060000 0.00000000000000000000 1.00000000000000000000 2 0 8 86 87 88 108 110 130 131 132 
110 3116 2.838060000 -1.169170000 0.00000000000000000000 1.00000000000000000000 2 0 8 87 88 89 109 111 131 132 133 
111 3117 2.789790000 -1.258520000 0.00000000000000000000 1.00000000000000000000 2 0 8 88 89 90 110 112 132 133 134 
112 3118 2.738000000 -1.345950000 0.00000000000000000000 1.00000000000000000000 2 0 8 89 90 91 111 113 133 134 135 
113 3119 2.682770000 -1.431350000 0.00000000000000000000 1.00000000000000000000 2 0 8 90 91 92 112 114 134 135 136 
114 3120 2.624180000 -1.514570000 0.00000000000000000000 1.00000000000000000000 2 0 8 91 92 93 113 115 135 136 137 
115 3121 2.562320000 -1.595500000 0.00000000000000000000 1.00000000000000000000 2 0 8 92 93 94 114 116 136 137 138 
116 3122 2.497270000 -1.674010000 0.00000000000000000000 1.00000000000000000000 2 0 8 93 94 95 115 117 137 138 139 
117 3123 2.429130000 -1.749980000 0.00000000000000000000 1.00000000000000000000 2 0 8 94 95 96 116 118 138 139 140 
118 3124 2.358020000 -1.823290000 0.00000000000000000000 1.00000000000000000000 2 0 8 95 96 97 117 119 139 140 141 
119 3125 2.284020000 -1.893830000 0.00000000000000000000 1.00000000000000000000 2 0 8 96 97 98 118 120 140 141 142 
120 3126 2.207270000 -1.961490000 0.00000000000000000000 1.00000000000000000000 2 0 8 97 98 99 119 121 141 142 143 
121 3127 2.127860000 -2.026160000 0.00000000000000000000 1.00000000000000000000 2 0 8 98 99 332 120 334 142 143 336 
122 3128 3.276470000 -0.214976000 0.00000000000000000000 1.00000000000000000000 2 0 8 333 100 101 335 123 338 144 145 
123 3129 3.265820000 -0.322027000 0.00000000000000000000 1.00000000000000000000 2 0 8 100 101 102 122 124 144 145 146 
124 3130 3.250930000 -0.428590000 0.00000000000000000000 1.00000000000000000000 2 0 8 101 102 103 123 125 145 146 147 
125 3131 3.231830000 -0.534505000 0.00000000000000000000 1.00000000000000000000 2 0 8 102 103 104 124 126 146 147 148 
126 3132 3.208540000 -0.639612000 0.00000000000000000000 1.00000000000000000000 2 0 8 103 104 105 125 127 147 148 149 
127 3133 3.181090000 -0.743751000 0.00000000000000000000 1.00000000000000000000 2 0 8 104 105 106 126 128 148 149 150 
128 3134 3.149540000 -0.846764000 0.00000000000000000000 1.00000000000000000000 2 0 8 105 106 107 127 129 149 150 151 
129 3135 3.113920000 -0.948495000 0.00000000000000000000 1.00000000000000000000 2 0 8 106 107 108 128 130 150 151 152 
130 3136 3.074300000 -1.048790000 0.00000000000000000000 1.00000000000000000000 2 0 8 107 108 109 129 131 151 152 153 
131 3137 3.030720000 -1.147500000 0.00000000000000000000 1.00000000000000000000 2 0 8 108 109 110 130 132 152 153 154 
132 3138 2.983250000 -1.244470000 0.00000000000000000000 1.00000000000000000000 2 0 8 109 110 111 131 133 153 154 155 
133 3139 2.931960000 -1.339550000 0.00000000000000000000 1.00000000000000000000 2 0 8 110 111 112 132 134 154 155 156 
134 3140 2.876940000 -1.432600000 0.00000000000000000000 1.00000000000000000000 2 0 8 111 112 113 133 135 155 156 157 
135 3141 2.818250000 -1.523480000 0.00000000000000000000 1.00000000000000000000 2 0 8 112 113 114 134 136 156 157 158 
136 3142 2.756000000 -1.612040000 0.00000000000000000000 1.00000000000000000000 2 0 8 113 114 115 135 137 157 158 159 
137 3143 2.690270000 -1.698160000 0.00000000000000000000 1.00000000000000000000 2 0 8 114 115 116 136 138 158 159 160 
138 3144 2.621160000 -1.781700000 0.00000000000000000000 1.00000000000000000000 2 0 8 115 116 117 137 139 159 160 161 
139 3145 2.548770000 -1.862530000 0.00000000000000000000 1.00000000000000000000 2 0 8 116 117 118 138 140 160 161 162 
140 3146 2.473210000 -1.940530000 0.00000000000000000000 1.00000000000000000000 2 0 8 117 118 119 139 141 161 162 163 
141 3147 2.394610000 -2.015580000 0.00000000000000000000 1.00000000000000000000 2 0 8 118 119 120 140 142 162 163 164 
142 3148 2.313060000 -2.087550000 0.00000000000000000000 1.00000000000000000000 2 0 8 119 120 121 141 143 163 164 165 
143 3149 2.228700000 -2.156350000 0.00000000000000000000 1.00000000000000000000 2 0 8 120 121 334 142 336 164 165 166 
144 3150 3.449340000 -0.228797000 0.00000000000000000000 1.00000000000000000000 2 0 8 335 122 123 338 145 340 167 168 
145 3151 3.438020000 -0.342731000 0.00000000000000000000 1.00000000000000000000 2 0 8 122 123 124 144 146 167 168 169 
146 3152 3.422200000 -0.456146000 0.00000000000000000000 1.00000000000000000000 2 0 8 123 124 125 145 147 168 169 170 
147 3153 3.401900000 -0.568869000 0.00000000000000000000 1.00000000000000000000 2 0 8 124 125 126 146 148 169 170 171 
148 3154 3.377140000 -0.680731000 0.00000000000000000000 1.00000000000000000000 2 0 8 125 126 127 147 149 170 171 172 
149 3155 3.347980000 -0.791561000 0.00000000000000000000 1.00000000000000000000 2 0 8 126 127 128 148 150 171 172 173 
150 3156 3.314450000 -0.901191000 0.00000000000000000000 1.00000000000000000000 2 0 8 127 128 129 149 151 172 173 174 
151 3157 3.276600000 -1.009460000 0.00000000000000000000 1.00000000000000000000 2 0 8 128 129 130 150 152 173 174 175 
152 3158 3.234490000 -1.116190000 0.00000000000000000000 1.00000000000000000000 2 0 8 129 130 131 151 153 174 175 176 
153 3159 3.188170000 -1.221230000 0.00000000000000000000 1.00000000000000000000 2 0 8 130 131 132 152 154 175 176 177 
154 3160 3.137730000 -1.324420000 0.00000000000000000000 1.00000000000000000000 2 0 8 131 132 133 153 155 176 177 178 
155 3161 3.083230000 -1.425600000 0.00000000000000000000 1.00000000000000000000 2 0 8 132 133 134 154 156 177 178 179 
156 3162 3.024760000 -1.524610000 0.00000000000000000000 1.00000000000000000000 2 0 8 133 134 135 155 157 178 179 180 
157 3163 2.962400000 -1.621310000 0.00000000000000000000 1.00000000000000000000 2 0 8 134 135 136 156 158 179 180 181 
158 3164 2.896250000 -1.715550000 0.00000000000000000000 1.00000000000000000000 2 0 8 135 136 137 157 159 180 181 182 
159 3165 2.826410000 -1.807170000 0.00000000000000000000 1.00000000000000000000 2 0 8 136 137 138 158 160 181 182 183 
160 3166 2.752970000 -1.896050000 0.00000000000000000000 1.00000000000000000000 2 0 8 137 138 139 159 161 182 183 184 
161 3167 2.676060000 -1.982050000 0.00000000000000000000 1.00000000000000000000 2 0 8 138 139 140 160 162 183 184 185 
162 3168 2.595780000 -2.065030000 0.00000000000000000000 1.00000000000000000000 2 0 8 139 140 141 161 163 184 185 186 
163 3169 2.512260000 -2.144860000 0.00000000000000000000 1.00000000000000000000 2 0 8 140 141 142 162 164 185 186 187 
164 3170 2.425630000 -2.221430000 0.00000000000000000000 1.00000000000000000000 2 0 8 141 142 143 163 165 186 187 188 
165 3171 2.336010000 -2.294610000 0.00000000000000000000 1.00000000000000000000 2 0 8 142 143 336 164 166 187 188 189 
166 3172 2.243530000 -2.364280000 0.00000000000000000000 1.00000000000000000000 2 0 8 143 336 337 165 339 188 189 341 
167 3173 3.633260000 -0.243477000 0.00000000000000000000 1.00000000000000000000 2 0 8 338 144 145 340 168 342 343 190 
168 3174 3.621230000 -0.364720000 0.00000000000000000000 1.00000000000000000000 2 0 8 144 145 146 167 169 343 190 191 
169 3175 3.604410000 -0.485411000 0.00000000000000000000 1.00000000000000000000 2 0 8 145 146 147 168 170 190 191 192 
170 3176 3.582830000 -0.605365000 0.00000000000000000000 1.00000000000000000000 2 0 8 146 147 148 169 171 191 192 193 
171 3177 3.556530000 -0.724401000 0.00000000000000000000 1.00000000000000000000 2 0 8 147 148 149 170 172 192 193 194 
172 3178 3.525530000 -0.842338000 0.00000000000000000000 1.00000000000000000000 2 0 8 148 149 150 171 173 193 194 195 
173 3179 3.489890000 -0.958997000 0.00000000000000000000 1.00000000000000000000 2 0 8 149 150 151 172 174 194 195 196 
174 3180 3.449670000 -1.074200000 0.00000000000000000000 1.00000000000000000000 2 0 8 150 151 152 173 175 195 196 197 
175 3181 3.404910000 -1.187770000 0.00000000000000000000 1.00000000000000000000 2 0 8 151 152 153 174 176 196 197 198 
176 3182 3.355690000 -1.299540000 0.00000000000000000000 1.00000000000000000000 2 0 8 152 153 154 175 177 197 198 199 
177 3183 3.302080000 -1.409340000 0.00000000000000000000 1.00000000000000000000 2 0 8 153 154 155 176 178 198 199 200 
178 3184 3.244170000 -1.516990000 0.00000000000000000000 1.00000000000000000000 2 0 8 154 155 156 177 179 199 200 201 
179 3185 3.182030000 -1.622340000 0.00000000000000000000 1.00000000000000000000 2 0 8 155 156 157 178 180 200 201 202 
180 3186 3.115760000 -1.725220000 0.00000000000000000000 1.00000000000000000000 2 0 8 156 157 158 179 181 201 202 203 
181 3187 3.045460000 -1.825470000 0.00000000000000000000 1.00000000000000000000 2 0 8 157 158 159 180 182 202 203 204 
182 3188 2.971240000 -1.922950000 0.00000000000000000000 1.00000000000000000000 2 0 8 158 159 160 181 183 203 204 205 
183 3189 2.893210000 -2.017510000 0.00000000000000000000 1.00000000000000000000 2 0 8 159 160 161 182 184 204 205 206 
184 3190 2.811480000 -2.108990000 0.00000000000000000000 1.00000000000000000000 2 0 8 160 161 162 183 185 205 206 207 
185 3191 2.726180000 -2.197250000 0.00000000000000000000 1.00000000000000000000 2 0 8 161 162 163 184 186 206 207 208 
186 3192 2.637440000 -2.282170000 0.00000000000000000000 1.00000000000000000000 2 0 8 162 163 164 185 187 207 208 209 
187 3193 2.545380000 -2.363610000 0.00000000000000000000 1.00000000000000000000 2 0 8 163 164 165 186 188 208 209 210 
188 3194 2.450160000 -2.441440000 0.00000000000000000000 1.00000000000000000000 2 0 8 164 165 166 187 189 209 210 211 
189 3195 2.351910000 -2.515540000 0.00000000000000000000 1.00000000000000000000 2 0 8 165 166 339 188 341 210 211 344 
190 3196 3.816120000 -0.388077000 0.00000000000000000000 1.00000000000000000000 2 0 8 167 168 169 343 191 346 347 212 
191 3197 3.798240000 -0.516496000 0.00000000000000000000 1.00000000000000000000 2 0 8 168 169 170 190 192 347 212 213 
192 3198 3.775310000 -0.644131000 0.00000000000000000000 1.00000000000000000000 2 0 8 169 170 171 191 193 212 213 214 
193 3199 3.747350000 -0.770787000 0.00000000000000000000 1.00000000000000000000 2 0 8 170 171 172 192 194 213 214 215 
194 3200 3.714410000 -0.896273000 0.00000000000000000000 1.00000000000000000000 2 0 8 171 172 173 193 195 214 215 216 
195 3201 3.676530000 -1.020400000 0.00000000000000000000 1.00000000000000000000 2 0 8 172 173 174 194 196 215 216 217 
196 3202 3.633770000 -1.142970000 0.00000000000000000000 1.00000000000000000000 2 0 8 173 174 175 195 197 216 217 218 
197 3203 3.586200000 -1.263810000 0.00000000000000000000 1.00000000000000000000 2 0 8 174 175 176 196 198 217 218 219 
198 3204 3.533890000 -1.382720000 0.00000000000000000000 1.00000000000000000000 2 0 8 175 176 177 197 199 218 219 220 
199 3205 3.476920000 -1.499530000 0.00000000000000000000 1.00000000000000000000 2 0 8 176 177 178 198 200 219 220 221 
200 3206 3.415370000 -1.614060000 0.00000000000000000000 1.00000000000000000000 2 0 8 177 178 179 199 201 220 221 222 
201 3207 3.349330000 -1.726140000 0.00000000000000000000 1.00000000000000000000 2 0 8 178 179 180 200 202 221 222 223 
202 3208 3.278900000 -1.835580000 0.00000000000000000000 1.00000000000000000000 2 0 8 179 180 181 201 203 222 223 224 
203 3209 3.204190000 -1.942240000 0.00000000000000000000 1.00000000000000000000 2 0 8 180 181 182 202 204 223 224 225 
204 3210 3.125320000 -2.045930000 0.00000000000000000000 1.00000000000000000000 2 0 8 181 182 183 203 205 224 225 226 
205 3211 3.042390000 -2.146510000 0.00000000000000000000 1.00000000000000000000 2 0 8 182 183 184 204 206 225 226 227 
206 3212 2.955540000 -2.243820000 0.00000000000000000000 1.00000000000000000000 2 0 8 183 184 185 205 207 226 227 228 
207 3213 2.864890000 -2.337700000 0.00000000000000000000 1.00000000000000000000 2 0 8 184 185 186 206 208 227 228 229 
208 3214 2.770590000 -2.428020000 0.00000000000000000000 1.00000000000000000000 2 0 8 185 186 187 207 209 228 229 230 
209 3215 2.672780000 -2.514630000 0.00000000000000000000 1.00000000000000000000 2 0 8 186 187 188 208 210 229 230 231 
210 3216 2.571590000 -2.597400000 0.00000000000000000000 1.00000000000000000000 2 0 8 187 188 189 209 211 230 231 232 
211 3217 2.467190000 -2.676200000 0.00000000000000000000 1.00000000000000000000 2 0 8 188 189 341 210 344 231 232 233 
212 3218 4.004420000 -0.549517000 0.00000000000000000000 1.00000000000000000000 2 0 8 190 191 192 347 213 349 350 234 
213 3219 3.980050000 -0.685311000 0.00000000000000000000 1.00000000000000000000 2 0 8 191 192 193 212 214 350 234 235 
214 3220 3.950330000 -0.820062000 0.00000000000000000000 1.00000000000000000000 2 0 8 192 193 194 213 215 234 235 236 
215 3221 3.915310000 -0.953566000 0.00000000000000000000 1.00000000000000000000 2 0 8 193 194 195 214 216 235 236 237 
216 3222 3.875050000 -1.085620000 0.00000000000000000000 1.00000000000000000000 2 0 8 194 195 196 215 217 236 237 238 
217 3223 3.829610000 -1.216020000 0.00000000000000000000 1.00000000000000000000 2 0 8 195 196 197 216 218 237 238 239 
218 3224 3.779050000 -1.344570000 0.00000000000000000000 1.00000000000000000000 2 0 8 196 197 198 217 219 238 239 240 
219 3225 3.723450000 -1.471080000 0.00000000000000000000 1.00000000000000000000 2 0 8 197 198 199 218 220 239 240 241 
220 3226 3.662890000 -1.595350000 0.00000000000000000000 1.00000000000000000000 2 0 8 198 199 200 219 221 240 241 242 
221 3227 3.597470000 -1.717180000 0.00000000000000000000 1.00000000000000000000 2 0 8 199 200 201 220 222 241 242 243 
222 3228 3.527280000 -1.836400000 0.00000000000000000000 1.00000000000000000000 2 0 8 200 201 202 221 223 242 243 244 
223 3229 3.452430000 -1.952830000 0.00000000000000000000 1.00000000000000000000 2 0 8 201 202 203 222 224 243 244 245 
224 3230 3.373030000 -2.066270000 0.00000000000000000000 1.00000000000000000000 2 0 8 202 203 204 223 225 244 245 246 
225 3231 3.289200000 -2.176570000 0.00000000000000000000 1.00000000000000000000 2 0 8 203 204 205 224 226 245 246 247 
226 3232 3.201070000 -2.283550000 0.00000000000000000000 1.00000000000000000000 2 0 8 204 205 206 225 227 246 247 248 
227 3233 3.108770000 -2.387040000 0.00000000000000000000 1.00000000000000000000 2 0 8 205 206 207 226 228 247 248 249 
228 3234 3.012440000 -2.486890000 0.00000000000000000000 1.00000000000000000000 2 0 8 206 207 208 227 229 248 249 250 
229 3235 2.912230000 -2.582940000 0.00000000000000000000 1.00000000000000000000 2 0 8 207 208 209 228 230 249 250 251 
230 3236 2.808280000 -2.675050000 0.00000000000000000000 1.00000000000000000000 2 0 8 208 209 210 229 231 250 251 252 
231 3237 2.700750000 -2.763070000 0.00000000000000000000 1.00000000000000000000 2 0 8 209 210 211 230 232 251 252 253 
232 3238 2.589820000 -2.846870000 0.00000000000000000000 1.00000000000000000000 2 0 8 210 211 344 231 233 252 253 254 
233 3239 2.475640000 -2.926310000 0.00000000000000000000 1.00000000000000000000 2 0 8 211 344 345 232 348 253 254 351 
234 3240 4.197810000 -0.729060000 0.00000000000000000000 1.00000000000000000000 2 0 8 212 213 214 350 235 352 353 255 
235 3241 4.166220000 -0.872411000 0.00000000000000000000 1.00000000000000000000 2 0 8 213 214 215 234 236 353 255 256 
236 3242 4.129000000 -1.014430000 0.00000000000000000000 1.00000000000000000000 2 0 8 214 215 216 235 237 255 256 257 
237 3243 4.086200000 -1.154910000 0.00000000000000000000 1.00000000000000000000 2 0 8 215 216 217 236 238 256 257 258 
238 3244 4.037900000 -1.293630000 0.00000000000000000000 1.00000000000000000000 2 0 8 216 217 218 237 239 257 258 259 
239 3245 3.984160000 -1.430380000 0.00000000000000000000 1.00000000000000000000 2 0 8 217 218 219 238 240 258 259 260 
240 3246 3.925060000 -1.564950000 0.00000000000000000000 1.00000000000000000000 2 0 8 218 219 220 239 241 259 260 261 
241 3247 3.860690000 -1.697140000 0.00000000000000000000 1.00000000000000000000 2 0 8 219 220 221 240 242 260 261 262 
242 3248 3.791150000 -1.826740000 0.00000000000000000000 1.00000000000000000000 2 0 8 220 221 222 241 243 261 262 263 
243 3249 3.716550000 -1.953550000 0.00000000000000000000 1.00000000000000000000 2 0 8 221 222 223 242 244 262 263 264 
244 3250 3.637000000 -2.077380000 0.00000000000000000000 1.00000000000000000000 2 0 8 222 223 224 243 245 263 264 265 
245 3251 3.552610000 -2.198050000 0.00000000000000000000 1.00000000000000000000 2 0 8 223 224 225 244 246 264 265 266 
246 3252 3.463510000 -2.315360000 0.00000000000000000000 1.00000000000000000000 2 0 8 224 225 226 245 247 265 266 267 
247 3253 3.369840000 -2.429140000 0.00000000000000000000 1.00000000000000000000 2 0 8 225 226 227 246 248 266 267 268 
248 3254 3.271750000 -2.539200000 0.00000000000000000000 1.00000000000000000000 2 0 8 226 227 228 247 249 267 268 269 
249 3255 3.169370000 -2.645390000 0.00000000000000000000 1.00000000000000000000 2 0 8 227 228 229 248 250 268 269 270 
250 3256 3.062870000 -2.747540000 0.00000000000000000000 1.00000000000000000000 2 0 8 228 229 230 249 251 269 270 271 
251 3257 2.952400000 -2.845480000 0.00000000000000000000 1.00000000000000000000 2 0 8 229 230 231 250 252 270 271 272 
252 3258 2.838130000 -2.939080000 0.00000000000000000000 1.00000000000000000000 2 0 8 230 231 232 251 253 271 272 273 
253 3259 2.720240000 -3.028180000 0.00000000000000000000 1.00000000000000000000 2 0 8 231 232 233 252 254 272 273 354 
254 3260 2.598910000 -3.112640000 0.00000000000000000000 1.00000000000000000000 2 0 8 232 233 348 253 351 273 354 355 
255 3261 4.395830000 -0.928031000 0.00000000000000000000 1.00000000000000000000 2 0 8 234 235 236 353 256 356 357 274 
256 3262 4.356260000 -1.079110000 0.00000000000000000000 1.00000000000000000000 2 0 8 235 236 237 255 257 357 274 275 
257 3263 4.310770000 -1.228540000 0.00000000000000000000 1.00000000000000000000 2 0 8 236 237 238 256 258 274 275 276 
258 3264 4.259430000 -1.376090000 0.00000000000000000000 1.00000000000000000000 2 0 8 237 238 239 257 259 275 276 277 
259 3265 4.202300000 -1.521550000 0.00000000000000000000 1.00000000000000000000 2 0 8 238 239 240 258 260 276 277 278 
260 3266 4.139480000 -1.664690000 0.00000000000000000000 1.00000000000000000000 2 0 8 239 240 241 259 261 277 278 279 
261 3267 4.071060000 -1.805290000 0.00000000000000000000 1.00000000000000000000 2 0 8 240 241 242 260 262 278 279 280 
262 3268 3.997150000 -1.943130000 0.00000000000000000000 1.00000000000000000000 2 0 8 241 242 243 261 263 279 280 281 
263 3269 3.917850000 -2.078010000 0.00000000000000000000 1.00000000000000000000 2 0 8 242 243 244 262 264 280 281 282 
264 3270 3.833290000 -2.209720000 0.00000000000000000000 1.00000000000000000000 2 0 8 243 244 245 263 265 281 282 283 
265 3271 3.743590000 -2.338050000 0.00000000000000000000 1.00000000000000000000 2 0 8 244 245 246 264 266 282 283 284 
266 3272 3.648890000 -2.462820000 0.00000000000000000000 1.00000000000000000000 2 0 8 245 246 247 265 267 283 284 285 
267 3273 3.549340000 -2.583820000 0.00000000000000000000 1.00000000000000000000 2 0 8 246 247 248 266 268 284 285 286 
268 3274 3.445080000 -2.700870000 0.00000000000000000000 1.00000000000000000000 2 0 8 247 248 249 267 269 285 286 287 
269 3275 3.336270000 -2.813790000 0.00000000000000000000 1.00000000000000000000 2 0 8 248 249 250 268 270 286 287 288 
270 3276 3.223080000 -2.922410000 0.00000000000000000000 1.00000000000000000000 2 0 8 249 250 251 269 271 287 288 289 
271 3277 3.105670000 -3.026560000 0.00000000000000000000 1.00000000000000000000 2 0 8 250 251 252 270 272 288 289 290 
272 3278 2.984230000 -3.126080000 0.00000000000000000000 1.00000000000000000000 2 0 8 251 252 253 271 273 289 290 358 
273 3279 2.858950000 -3.220810000 0.00000000000000000000 1.00000000000000000000 2 0 8 252 253 254 272 354 290 358 359 
274 3280 4.597960000 -1.147820000 0.00000000000000000000 1.00000000000000000000 2 0 8 255 256 257 357 275 360 361 362 
275 3281 4.549600000 -1.306760000 0.00000000000000000000 1.00000000000000000000 2 0 8 256 257 258 274 276 361 362 363 
276 3282 4.495020000 -1.463710000 0.00000000000000000000 1.00000000000000000000 2 0 8 257 258 259 275 277 362 363 364 
277 3283 4.434290000 -1.618420000 0.00000000000000000000 1.00000000000000000000 2 0 8 258 259 260 276 278 363 364 365 
278 3284 4.367510000 -1.770660000 0.00000000000000000000 1.00000000000000000000 2 0 8 259 260 261 277 279 364 365 366 
279 3285 4.294790000 -1.920200000 0.00000000000000000000 1.00000000000000000000 2 0 8 260 261 262 278 280 365 366 367 
280 3286 4.216220000 -2.066810000 0.00000000000000000000 1.00000000000000000000 2 0 8 261 262 263 279 281 366 367 368 
281 3287 4.131930000 -2.210260000 0.00000000000000000000 1.00000000000000000000 2 0 8 262 263 264 280 282 367 368 369 
282 3288 4.042040000 -2.350330000 0.00000000000000000000 1.00000000000000000000 2 0 8 263 264 265 281 283 368 369 370 
283 3289 3.946700000 -2.486820000 0.00000000000000000000 1.00000000000000000000 2 0 8 264 265 266 282 284 369 370 371 
284 3290 3.846050000 -2.619500000 0.00000000000000000000 1.00000000000000000000 2 0 8 265 266 267 283 285 370 371 372 
285 3291 3.740230000 -2.748170000 0.00000000000000000000 1.00000000000000000000 2 0 8 266 267 268 284 286 371 372 291 
286 3292 3.629410000 -2.872640000 0.00000000000000000000 1.00000000000000000000 2 0 8 267 268 269 285 287 372 291 292 
287 3293 3.513760000 -2.992720000 0.00000000000000000000 1.00000000000000000000 2 0 8 268 269 270 286 288 291 292 293 
288 3294 3.393450000 -3.108220000 0.00000000000000000000 1.00000000000000000000 2 0 8 269 270 271 287 289 292 293 294 
289 3295 3.268670000 -3.218960000 0.00000000000000000000 1.00000000000000000000 2 0 8 270 271 272 288 290 293 294 373 
290 3296 3.139610000 -3.324780000 0.00000000000000000000 1.00000000000000000000 2 0 8 271 272 273 289 358 294 373 374 
291 3297 3.825430000 -3.055180000 0.00000000000000000000 1.00000000000000000000 2 0 8 285 286 287 372 292 375 376 377 
292 3298 3.702510000 -3.182860000 0.00000000000000000000 1.00000000000000000000 2 0 8 286 287 288 291 293 376 377 378 
293 3299 3.574640000 -3.305670000 0.00000000000000000000 1.00000000000000000000 2 0 8 287 288 289 292 294 377 378 379 
294 3300 3.442010000 -3.423410000 0.00000000000000000000 1.00000000000000000000 2 0 8 288 289 290 293 373 378 379 380 
295 4471 1.97464 -0.864682 2 0
296 4472 1.93838 -0.919634 2 0
297 4473 1.8999 -0.973209 2 0
298 4474 1.85927 -1.02532 2 0
299 3356 1.81654 -1.0759 2 0
300 3357 1.77177 -1.12486 2 0
301 4484 2.26357 -0.478366 2 0
302 4485 2.2429 -0.544649 2 0
303 4486 2.21956 -0.610118 2 0
304 4487 2.19359 -0.674675 2 0
305 4488 2.16503 -0.738223 2 0
306 4489 2.13391 -0.800666 2 0
307 4490 2.10029 -0.861909 2 0
308 4491 2.06421 -0.921861 2 0
309 3376 1.84891 -1.19913 2 0
310 3377 1.79931 -1.24949 2 0
311 4493 2.44359 -4.64781e-05 2 0
312 4494 2.4421 -0.0737585 2 0
313 4495 2.43765 -0.14736 2 0
314 4496 2.43024 -0.220741 2 0
315 4497 2.41988 -0.293792 2 0
316 4498 2.4066 -0.366404 2 0
317 4499 2.3904 -0.438467 2 0
318 4500 2.37131 -0.509874 2 0
319 3396 1.87844 -1.33153 2 0
320 3397 1.82366 -1.38316 2 0
321 5453 2.56282 -4.90491e-05 2 0
322 3416 1.90457 -1.47353 2 0
323 3417 1.84423 -1.52628 2 0
324 5468 2.6898 -5.15978e-05 2 0
325 5469 2.68812 -0.083726 2 0
326 3436 1.92667 -1.62556 2 0
327 3437 1.86038 -1.67924 2 0
328 5485 2.8232 -0.0891712 2 0
329 3456 1.94404 -1.78805 2 0
330 3457 1.8714 -1.84246 2 0
331 5501 2.96699 -0.0949505 2 0
332 3475 1.95594 -1.96144 2 0
333 5517 3.12002 -0.101086 2 0
334 3493 2.04592 -2.08775 2 0
335 5533 3.28287 -0.1076 2 0
336 3511 2.14166 -2.22186 2 0
337 3512 2.05206 -2.28399 2 0
338 5549 3.45614 -0.114517 2 0
339 3529 2.14835 -2.43035 2 0
340 5565 3.64048 -0.121863 2 0
341 3546 2.25078 -2.5858 2 0
342 5581 3.83659 -0.129666 2 0
343 5582 3.8289 -0.259068 2 0
344 3563 2.35974 -2.75091 2 0
345 3564 2.24939 -2.82142 2 0
346 5599 4.03701 -0.275631 2 0
347 5600 4.02342 -0.412888 2 0
348 3580 2.35839 -3.00127 2 0
349 5613 4.24392 -0.439246 2 0
350 5614 4.22372 -0.584598 2 0
351 2423 2.47431 -3.19234 2 0
352 5627 4.45696 -0.621871 2 0
353 5628 4.42941 -0.775542 2 0
354 2440 2.73 -3.31061 2 0
355 2441 2.5976 -3.39534 2 0
356 5641 4.67572 -0.824931 2 0
357 5642 4.64002 -0.98713 2 0
358 2458 3.00646 -3.42549 2 0
359 2459 2.86942 -3.52096 2 0
360 5655 4.8997 -1.04993 2 0
361 2711 4.85499 -1.22084 2 0
362 2712 4.80358 -1.38989 2 0
363 2713 4.74555 -1.55681 2 0
364 2714 4.681 -1.72136 2 0
365 2715 4.61001 -1.88328 2 0
366 2716 4.5327 -2.04232 2 0
367 2717 4.44918 -2.19823 2 0
368 2718 4.35958 -2.35079 2 0
369 2719 4.26404 -2.49975 2 0
370 2720 4.16269 -2.64489 2 0
371 2721 4.0557 -2.78599 2 0
372 2722 3.94322 -2.92282 2 0
373 2476 3.30483 -3.53591 2 0
374 2477 3.16332 -3.64299 2 0
375 2735 4.15908 -3.10841 2 0
376 2736 4.03387 -3.24915 2 0
377 2737 3.90321 -3.38491 2 0
378 2738 3.7673 -3.51549 2 0
379 2495 3.62633 -3.64067 2 0
380 2496 3.48053 -3.76028 2 0
