367 302 65
1 8704 -3.483900000 0.626596000 0.00000000000000000000 1.00000000000000000000 2 0 8 303 304 305 323 2 326 19 20 
2 8705 -3.455950000 0.781396000 0.00000000000000000000 1.00000000000000000000 2 0 8 304 305 306 1 3 19 20 21 
3 8706 -3.421870000 0.934978000 0.00000000000000000000 1.00000000000000000000 2 0 8 305 306 307 2 4 20 21 22 
4 8707 -3.381720000 1.087100000 0.00000000000000000000 1.00000000000000000000 2 0 8 306 307 308 3 5 21 22 23 
5 8708 -3.335570000 1.237530000 0.00000000000000000000 1.00000000000000000000 2 0 8 307 308 309 4 6 22 23 24 
6 8709 -3.283490000 1.386030000 0.00000000000000000000 1.00000000000000000000 2 0 8 308 309 310 5 7 23 24 25 
7 8710 -3.225550000 1.532380000 0.00000000000000000000 1.00000000000000000000 2 0 8 309 310 311 6 8 24 25 26 
8 8711 -3.161860000 1.676330000 0.00000000000000000000 1.00000000000000000000 2 0 8 310 311 312 7 9 25 26 27 
9 8712 -3.092510000 1.817670000 0.00000000000000000000 1.00000000000000000000 2 0 8 311 312 313 8 10 26 27 28 
10 8713 -3.017600000 1.956190000 0.00000000000000000000 1.00000000000000000000 2 0 8 312 313 314 9 11 27 28 29 
11 8714 -2.937270000 2.091650000 0.00000000000000000000 1.00000000000000000000 2 0 8 313 314 315 10 12 28 29 30 
12 8715 -2.851620000 2.223860000 0.00000000000000000000 1.00000000000000000000 2 0 8 314 315 316 11 13 29 30 31 
13 8716 -2.760810000 2.352610000 0.00000000000000000000 1.00000000000000000000 2 0 8 315 316 317 12 14 30 31 32 
14 8717 -2.664970000 2.477700000 0.00000000000000000000 1.00000000000000000000 2 0 8 316 317 318 13 15 31 32 33 
15 8718 -2.564250000 2.598940000 0.00000000000000000000 1.00000000000000000000 2 0 8 317 318 319 14 16 32 33 34 
16 8719 -2.458800000 2.716130000 0.00000000000000000000 1.00000000000000000000 2 0 8 318 319 320 15 17 33 34 35 
17 8720 -2.348800000 2.829100000 0.00000000000000000000 1.00000000000000000000 2 0 8 319 320 321 16 18 34 35 36 
18 8721 -2.234420000 2.937670000 0.00000000000000000000 1.00000000000000000000 2 0 8 320 321 322 17 324 35 36 37 
19 8722 -3.731290000 0.666080000 0.00000000000000000000 1.00000000000000000000 2 0 8 323 1 2 326 20 329 38 39 
20 8723 -3.701610000 0.830637000 0.00000000000000000000 1.00000000000000000000 2 0 8 1 2 3 19 21 38 39 40 
21 8724 -3.665430000 0.993900000 0.00000000000000000000 1.00000000000000000000 2 0 8 2 3 4 20 22 39 40 41 
22 8725 -3.622800000 1.155620000 0.00000000000000000000 1.00000000000000000000 2 0 8 3 4 5 21 23 40 41 42 
23 8726 -3.573800000 1.315530000 0.00000000000000000000 1.00000000000000000000 2 0 8 4 5 6 22 24 41 42 43 
24 8727 -3.518490000 1.473400000 0.00000000000000000000 1.00000000000000000000 2 0 8 5 6 7 23 25 42 43 44 
25 8728 -3.456980000 1.628970000 0.00000000000000000000 1.00000000000000000000 2 0 8 6 7 8 24 26 43 44 45 
26 8729 -3.389350000 1.782010000 0.00000000000000000000 1.00000000000000000000 2 0 8 7 8 9 25 27 44 45 46 
27 8730 -3.315710000 1.932280000 0.00000000000000000000 1.00000000000000000000 2 0 8 8 9 10 26 28 45 46 47 
28 8731 -3.236180000 2.079530000 0.00000000000000000000 1.00000000000000000000 2 0 8 9 10 11 27 29 46 47 48 
29 8732 -3.150870000 2.223560000 0.00000000000000000000 1.00000000000000000000 2 0 8 10 11 12 28 30 47 48 49 
30 8733 -3.059930000 2.364120000 0.00000000000000000000 1.00000000000000000000 2 0 8 11 12 13 29 31 48 49 50 
31 8734 -2.963500000 2.501010000 0.00000000000000000000 1.00000000000000000000 2 0 8 12 13 14 30 32 49 50 51 
32 8735 -2.861730000 2.634000000 0.00000000000000000000 1.00000000000000000000 2 0 8 13 14 15 31 33 50 51 52 
33 8736 -2.754770000 2.762910000 0.00000000000000000000 1.00000000000000000000 2 0 8 14 15 16 32 34 51 52 53 
34 8737 -2.642800000 2.887520000 0.00000000000000000000 1.00000000000000000000 2 0 8 15 16 17 33 35 52 53 54 
35 8738 -2.525990000 3.007640000 0.00000000000000000000 1.00000000000000000000 2 0 8 16 17 18 34 36 53 54 55 
36 8739 -2.404520000 3.123100000 0.00000000000000000000 1.00000000000000000000 2 0 8 17 18 324 35 37 54 55 56 
37 8740 -2.278590000 3.233700000 0.00000000000000000000 1.00000000000000000000 2 0 8 18 324 325 36 327 55 56 57 
38 8741 -3.994320000 0.708030000 0.00000000000000000000 1.00000000000000000000 2 0 8 326 19 20 329 39 331 58 59 
39 8742 -3.962800000 0.882953000 0.00000000000000000000 1.00000000000000000000 2 0 8 19 20 21 38 40 58 59 60 
40 8743 -3.924380000 1.056500000 0.00000000000000000000 1.00000000000000000000 2 0 8 20 21 22 39 41 59 60 61 
41 8744 -3.879120000 1.228410000 0.00000000000000000000 1.00000000000000000000 2 0 8 21 22 23 40 42 60 61 62 
42 8745 -3.827090000 1.398400000 0.00000000000000000000 1.00000000000000000000 2 0 8 22 23 24 41 43 61 62 63 
43 8746 -3.768370000 1.566220000 0.00000000000000000000 1.00000000000000000000 2 0 8 23 24 25 42 44 62 63 64 
44 8747 -3.703050000 1.731600000 0.00000000000000000000 1.00000000000000000000 2 0 8 24 25 26 43 45 63 64 65 
45 8748 -3.631230000 1.894290000 0.00000000000000000000 1.00000000000000000000 2 0 8 25 26 27 44 46 64 65 66 
46 8749 -3.553030000 2.054040000 0.00000000000000000000 1.00000000000000000000 2 0 8 26 27 28 45 47 65 66 67 
47 8750 -3.468570000 2.210590000 0.00000000000000000000 1.00000000000000000000 2 0 8 27 28 29 46 48 66 67 68 
48 8751 -3.377990000 2.363700000 0.00000000000000000000 1.00000000000000000000 2 0 8 28 29 30 47 49 67 68 69 
49 8752 -3.281420000 2.513140000 0.00000000000000000000 1.00000000000000000000 2 0 8 29 30 31 48 50 68 69 70 
50 8753 -3.179020000 2.658670000 0.00000000000000000000 1.00000000000000000000 2 0 8 30 31 32 49 51 69 70 71 
51 8754 -3.070940000 2.800070000 0.00000000000000000000 1.00000000000000000000 2 0 8 31 32 33 50 52 70 71 72 
52 8755 -2.957350000 2.937130000 0.00000000000000000000 1.00000000000000000000 2 0 8 32 33 34 51 53 71 72 73 
53 8756 -2.838440000 3.069620000 0.00000000000000000000 1.00000000000000000000 2 0 8 33 34 35 52 54 72 73 74 
54 8757 -2.714390000 3.197340000 0.00000000000000000000 1.00000000000000000000 2 0 8 34 35 36 53 55 73 74 75 
55 8758 -2.585390000 3.320110000 0.00000000000000000000 1.00000000000000000000 2 0 8 35 36 37 54 56 74 75 76 
56 8759 -2.451650000 3.437720000 0.00000000000000000000 1.00000000000000000000 2 0 8 36 37 327 55 57 75 76 332 
57 8760 -2.313360000 3.549990000 0.00000000000000000000 1.00000000000000000000 2 0 8 37 327 328 56 330 76 332 333 
58 8761 -4.273980000 0.752601000 0.00000000000000000000 1.00000000000000000000 2 0 8 329 38 39 331 59 334 77 78 
59 8762 -4.240510000 0.938539000 0.00000000000000000000 1.00000000000000000000 2 0 8 38 39 40 58 60 77 78 79 
60 8763 -4.199710000 1.123020000 0.00000000000000000000 1.00000000000000000000 2 0 8 39 40 41 59 61 78 79 80 
61 8764 -4.151640000 1.305750000 0.00000000000000000000 1.00000000000000000000 2 0 8 40 41 42 60 62 79 80 81 
62 8765 -4.096390000 1.486450000 0.00000000000000000000 1.00000000000000000000 2 0 8 41 42 43 61 63 80 81 82 
63 8766 -4.034030000 1.664850000 0.00000000000000000000 1.00000000000000000000 2 0 8 42 43 44 62 64 81 82 83 
64 8767 -3.964660000 1.840650000 0.00000000000000000000 1.00000000000000000000 2 0 8 43 44 45 63 65 82 83 84 
65 8768 -3.888400000 2.013590000 0.00000000000000000000 1.00000000000000000000 2 0 8 44 45 46 64 66 83 84 85 
66 8769 -3.805360000 2.183410000 0.00000000000000000000 1.00000000000000000000 2 0 8 45 46 47 65 67 84 85 86 
67 8770 -3.715660000 2.349830000 0.00000000000000000000 1.00000000000000000000 2 0 8 46 47 48 66 68 85 86 87 
68 8771 -3.619460000 2.512600000 0.00000000000000000000 1.00000000000000000000 2 0 8 47 48 49 67 69 86 87 88 
69 8772 -3.516910000 2.671470000 0.00000000000000000000 1.00000000000000000000 2 0 8 48 49 50 68 70 87 88 89 
70 8773 -3.408150000 2.826190000 0.00000000000000000000 1.00000000000000000000 2 0 8 49 50 51 69 71 88 89 90 
71 8774 -3.293370000 2.976530000 0.00000000000000000000 1.00000000000000000000 2 0 8 50 51 52 70 72 89 90 91 
72 8775 -3.172740000 3.122240000 0.00000000000000000000 1.00000000000000000000 2 0 8 51 52 53 71 73 90 91 92 
73 8776 -3.046450000 3.263100000 0.00000000000000000000 1.00000000000000000000 2 0 8 52 53 54 72 74 91 92 93 
74 8777 -2.914700000 3.398910000 0.00000000000000000000 1.00000000000000000000 2 0 8 53 54 55 73 75 92 93 94 
75 8778 -2.777700000 3.529440000 0.00000000000000000000 1.00000000000000000000 2 0 8 54 55 56 74 76 93 94 95 
76 8779 -2.635640000 3.654490000 0.00000000000000000000 1.00000000000000000000 2 0 8 55 56 57 75 332 94 95 335 
77 8780 -4.571290000 0.799960000 0.00000000000000000000 1.00000000000000000000 2 0 8 331 58 59 334 78 337 96 97 
78 8781 -4.535750000 0.997602000 0.00000000000000000000 1.00000000000000000000 2 0 8 58 59 60 77 79 96 97 98 
79 8782 -4.492420000 1.193690000 0.00000000000000000000 1.00000000000000000000 2 0 8 59 60 61 78 80 97 98 99 
80 8783 -4.441370000 1.387930000 0.00000000000000000000 1.00000000000000000000 2 0 8 60 61 62 79 81 98 99 100 
81 8784 -4.382690000 1.580010000 0.00000000000000000000 1.00000000000000000000 2 0 8 61 62 63 80 82 99 100 101 
82 8785 -4.316470000 1.769640000 0.00000000000000000000 1.00000000000000000000 2 0 8 62 63 64 81 83 100 101 102 
83 8786 -4.242800000 1.956520000 0.00000000000000000000 1.00000000000000000000 2 0 8 63 64 65 82 84 101 102 103 
84 8787 -4.161810000 2.140360000 0.00000000000000000000 1.00000000000000000000 2 0 8 64 65 66 83 85 102 103 104 
85 8788 -4.073610000 2.320880000 0.00000000000000000000 1.00000000000000000000 2 0 8 65 66 67 84 86 103 104 105 
86 8789 -3.978360000 2.497790000 0.00000000000000000000 1.00000000000000000000 2 0 8 66 67 68 85 87 104 105 106 
87 8790 -3.876190000 2.670820000 0.00000000000000000000 1.00000000000000000000 2 0 8 67 68 69 86 88 105 106 107 
88 8791 -3.767270000 2.839720000 0.00000000000000000000 1.00000000000000000000 2 0 8 68 69 70 87 89 106 107 108 
89 8792 -3.651770000 3.004200000 0.00000000000000000000 1.00000000000000000000 2 0 8 69 70 71 88 90 107 108 109 
90 8793 -3.529860000 3.164020000 0.00000000000000000000 1.00000000000000000000 2 0 8 70 71 72 89 91 108 109 110 
91 8794 -3.401740000 3.318940000 0.00000000000000000000 1.00000000000000000000 2 0 8 71 72 73 90 92 109 110 111 
92 8795 -3.267610000 3.468700000 0.00000000000000000000 1.00000000000000000000 2 0 8 72 73 74 91 93 110 111 112 
93 8796 -3.127670000 3.613090000 0.00000000000000000000 1.00000000000000000000 2 0 8 73 74 75 92 94 111 112 113 
94 8797 -2.982150000 3.751870000 0.00000000000000000000 1.00000000000000000000 2 0 8 74 75 76 93 95 112 113 114 
95 8798 -2.831270000 3.884840000 0.00000000000000000000 1.00000000000000000000 2 0 8 75 76 332 94 335 113 114 338 
96 8799 -4.887360000 0.850284000 0.00000000000000000000 1.00000000000000000000 2 0 8 334 77 78 337 97 115 116 117 
97 8800 -4.849610000 1.060360000 0.00000000000000000000 1.00000000000000000000 2 0 8 77 78 79 96 98 116 117 118 
98 8801 -4.803600000 1.268790000 0.00000000000000000000 1.00000000000000000000 2 0 8 78 79 80 97 99 117 118 119 
99 8802 -4.749390000 1.475260000 0.00000000000000000000 1.00000000000000000000 2 0 8 79 80 81 98 100 118 119 120 
100 8803 -4.687060000 1.679430000 0.00000000000000000000 1.00000000000000000000 2 0 8 80 81 82 99 101 119 120 121 
101 8804 -4.616730000 1.880990000 0.00000000000000000000 1.00000000000000000000 2 0 8 81 82 83 100 102 120 121 122 
102 8805 -4.538490000 2.079640000 0.00000000000000000000 1.00000000000000000000 2 0 8 82 83 84 101 103 121 122 123 
103 8806 -4.452470000 2.275060000 0.00000000000000000000 1.00000000000000000000 2 0 8 83 84 85 102 104 122 123 124 
104 8807 -4.358800000 2.466950000 0.00000000000000000000 1.00000000000000000000 2 0 8 84 85 86 103 105 123 124 125 
105 8808 -4.257630000 2.655010000 0.00000000000000000000 1.00000000000000000000 2 0 8 85 86 87 104 106 124 125 126 
106 8809 -4.149120000 2.838950000 0.00000000000000000000 1.00000000000000000000 2 0 8 86 87 88 105 107 125 126 127 
107 8810 -4.033430000 3.018490000 0.00000000000000000000 1.00000000000000000000 2 0 8 87 88 89 106 108 126 127 128 
108 8811 -3.910760000 3.193350000 0.00000000000000000000 1.00000000000000000000 2 0 8 88 89 90 107 109 127 128 129 
109 8812 -3.781270000 3.363260000 0.00000000000000000000 1.00000000000000000000 2 0 8 89 90 91 108 110 128 129 130 
110 8813 -3.645190000 3.527950000 0.00000000000000000000 1.00000000000000000000 2 0 8 90 91 92 109 111 129 130 131 
111 8814 -3.502720000 3.687170000 0.00000000000000000000 1.00000000000000000000 2 0 8 91 92 93 110 112 130 131 132 
112 8815 -3.354090000 3.840680000 0.00000000000000000000 1.00000000000000000000 2 0 8 92 93 94 111 113 131 132 133 
113 8816 -3.199520000 3.988240000 0.00000000000000000000 1.00000000000000000000 2 0 8 93 94 95 112 114 132 133 341 
114 8817 -3.039250000 4.129620000 0.00000000000000000000 1.00000000000000000000 2 0 8 94 95 335 113 338 133 341 342 
115 8818 -5.254600000 0.679064000 0.00000000000000000000 1.00000000000000000000 2 0 8 336 337 96 340 116 134 135 136 
116 8819 -5.223360000 0.903759000 0.00000000000000000000 1.00000000000000000000 2 0 8 337 96 97 115 117 135 136 137 
117 8820 -5.183270000 1.127050000 0.00000000000000000000 1.00000000000000000000 2 0 8 96 97 98 116 118 136 137 138 
118 8821 -5.134390000 1.348600000 0.00000000000000000000 1.00000000000000000000 2 0 8 97 98 99 117 119 137 138 139 
119 8822 -5.076820000 1.568050000 0.00000000000000000000 1.00000000000000000000 2 0 8 98 99 100 118 120 138 139 140 
120 8823 -5.010630000 1.785070000 0.00000000000000000000 1.00000000000000000000 2 0 8 99 100 101 119 121 139 140 141 
121 8824 -4.935920000 1.999330000 0.00000000000000000000 1.00000000000000000000 2 0 8 100 101 102 120 122 140 141 142 
122 8825 -4.852830000 2.210480000 0.00000000000000000000 1.00000000000000000000 2 0 8 101 102 103 121 123 141 142 143 
123 8826 -4.761460000 2.418200000 0.00000000000000000000 1.00000000000000000000 2 0 8 102 103 104 122 124 142 143 144 
124 8827 -4.661970000 2.622180000 0.00000000000000000000 1.00000000000000000000 2 0 8 103 104 105 123 125 143 144 145 
125 8828 -4.554520000 2.822080000 0.00000000000000000000 1.00000000000000000000 2 0 8 104 105 106 124 126 144 145 146 
126 8829 -4.439260000 3.017620000 0.00000000000000000000 1.00000000000000000000 2 0 8 105 106 107 125 127 145 146 147 
127 8830 -4.316390000 3.208470000 0.00000000000000000000 1.00000000000000000000 2 0 8 106 107 108 126 128 146 147 148 
128 8831 -4.186080000 3.394360000 0.00000000000000000000 1.00000000000000000000 2 0 8 107 108 109 127 129 147 148 149 
129 8832 -4.048550000 3.574980000 0.00000000000000000000 1.00000000000000000000 2 0 8 108 109 110 128 130 148 149 150 
130 8833 -3.904000000 3.750070000 0.00000000000000000000 1.00000000000000000000 2 0 8 109 110 111 129 131 149 150 151 
131 8834 -3.752670000 3.919340000 0.00000000000000000000 1.00000000000000000000 2 0 8 110 111 112 130 132 150 151 152 
132 8835 -3.594790000 4.082540000 0.00000000000000000000 1.00000000000000000000 2 0 8 111 112 113 131 133 151 152 344 
133 8836 -3.430600000 4.239430000 0.00000000000000000000 1.00000000000000000000 2 0 8 112 113 114 132 341 152 344 345 
134 8837 -5.637460000 0.481814000 0.00000000000000000000 1.00000000000000000000 2 0 8 339 340 115 343 135 346 153 154 
135 8838 -5.613720000 0.721760000 0.00000000000000000000 1.00000000000000000000 2 0 8 340 115 116 134 136 153 154 155 
136 8839 -5.580530000 0.960586000 0.00000000000000000000 1.00000000000000000000 2 0 8 115 116 117 135 137 154 155 156 
137 8840 -5.537950000 1.197920000 0.00000000000000000000 1.00000000000000000000 2 0 8 116 117 118 136 138 155 156 157 
138 8841 -5.486040000 1.433400000 0.00000000000000000000 1.00000000000000000000 2 0 8 117 118 119 137 139 156 157 158 
139 8842 -5.424880000 1.666660000 0.00000000000000000000 1.00000000000000000000 2 0 8 118 119 120 138 140 157 158 159 
140 8843 -5.354580000 1.897340000 0.00000000000000000000 1.00000000000000000000 2 0 8 119 120 121 139 141 158 159 160 
141 8844 -5.275230000 2.125070000 0.00000000000000000000 1.00000000000000000000 2 0 8 120 121 122 140 142 159 160 161 
142 8845 -5.186970000 2.349520000 0.00000000000000000000 1.00000000000000000000 2 0 8 121 122 123 141 143 160 161 162 
143 8846 -5.089930000 2.570320000 0.00000000000000000000 1.00000000000000000000 2 0 8 122 123 124 142 144 161 162 163 
144 8847 -4.984250000 2.787130000 0.00000000000000000000 1.00000000000000000000 2 0 8 123 124 125 143 145 162 163 164 
145 8848 -4.870120000 2.999630000 0.00000000000000000000 1.00000000000000000000 2 0 8 124 125 126 144 146 163 164 165 
146 8849 -4.747700000 3.207480000 0.00000000000000000000 1.00000000000000000000 2 0 8 125 126 127 145 147 164 165 166 
147 8850 -4.617180000 3.410370000 0.00000000000000000000 1.00000000000000000000 2 0 8 126 127 128 146 148 165 166 167 
148 8851 -4.478760000 3.607970000 0.00000000000000000000 1.00000000000000000000 2 0 8 127 128 129 147 149 166 167 168 
149 8852 -4.332670000 3.799980000 0.00000000000000000000 1.00000000000000000000 2 0 8 128 129 130 148 150 167 168 169 
150 8853 -4.179130000 3.986110000 0.00000000000000000000 1.00000000000000000000 2 0 8 129 130 131 149 151 168 169 170 
151 8854 -4.018380000 4.166070000 0.00000000000000000000 1.00000000000000000000 2 0 8 130 131 132 150 152 169 170 347 
152 8855 -3.850660000 4.339570000 0.00000000000000000000 1.00000000000000000000 2 0 8 131 132 133 151 344 170 347 348 
153 8856 -6.020660000 0.512100000 0.00000000000000000000 1.00000000000000000000 2 0 8 343 134 135 346 154 349 171 172 
154 8857 -5.995440000 0.767133000 0.00000000000000000000 1.00000000000000000000 2 0 8 134 135 136 153 155 171 172 173 
155 8858 -5.960190000 1.020980000 0.00000000000000000000 1.00000000000000000000 2 0 8 135 136 137 154 156 172 173 174 
156 8859 -5.914960000 1.273240000 0.00000000000000000000 1.00000000000000000000 2 0 8 136 137 138 155 157 173 174 175 
157 8860 -5.859820000 1.523530000 0.00000000000000000000 1.00000000000000000000 2 0 8 137 138 139 156 158 174 175 176 
158 8861 -5.794870000 1.771460000 0.00000000000000000000 1.00000000000000000000 2 0 8 138 139 140 157 159 175 176 177 
159 8862 -5.720190000 2.016650000 0.00000000000000000000 1.00000000000000000000 2 0 8 139 140 141 158 160 176 177 178 
160 8863 -5.635910000 2.258710000 0.00000000000000000000 1.00000000000000000000 2 0 8 140 141 142 159 161 177 178 179 
161 8864 -5.542160000 2.497270000 0.00000000000000000000 1.00000000000000000000 2 0 8 141 142 143 160 162 178 179 180 
162 8865 -5.439080000 2.731970000 0.00000000000000000000 1.00000000000000000000 2 0 8 142 143 144 161 163 179 180 181 
163 8866 -5.326830000 2.962440000 0.00000000000000000000 1.00000000000000000000 2 0 8 143 144 145 162 164 180 181 182 
164 8867 -5.205600000 3.188320000 0.00000000000000000000 1.00000000000000000000 2 0 8 144 145 146 163 165 181 182 183 
165 8868 -5.075550000 3.409260000 0.00000000000000000000 1.00000000000000000000 2 0 8 145 146 147 164 166 182 183 184 
166 8869 -4.936910000 3.624930000 0.00000000000000000000 1.00000000000000000000 2 0 8 146 147 148 165 167 183 184 185 
167 8870 -4.789880000 3.834980000 0.00000000000000000000 1.00000000000000000000 2 0 8 147 148 149 166 168 184 185 186 
168 8871 -4.634700000 4.039100000 0.00000000000000000000 1.00000000000000000000 2 0 8 148 149 150 167 169 185 186 187 
169 8872 -4.471590000 4.236970000 0.00000000000000000000 1.00000000000000000000 2 0 8 149 150 151 168 170 186 187 188 
170 8873 -4.300830000 4.428280000 0.00000000000000000000 1.00000000000000000000 2 0 8 150 151 152 169 347 187 188 350 
171 8874 -6.427970000 0.544286000 0.00000000000000000000 1.00000000000000000000 2 0 8 346 153 154 349 172 351 189 190 
172 8875 -6.401180000 0.815352000 0.00000000000000000000 1.00000000000000000000 2 0 8 153 154 155 171 173 189 190 191 
173 8876 -6.363740000 1.085160000 0.00000000000000000000 1.00000000000000000000 2 0 8 154 155 156 172 174 190 191 192 
174 8877 -6.315700000 1.353280000 0.00000000000000000000 1.00000000000000000000 2 0 8 155 156 157 173 175 191 192 193 
175 8878 -6.257130000 1.619310000 0.00000000000000000000 1.00000000000000000000 2 0 8 156 157 158 174 176 192 193 194 
176 8879 -6.188140000 1.882830000 0.00000000000000000000 1.00000000000000000000 2 0 8 157 158 159 175 177 193 194 195 
177 8880 -6.108810000 2.143440000 0.00000000000000000000 1.00000000000000000000 2 0 8 158 159 160 176 178 194 195 196 
178 8881 -6.019290000 2.400730000 0.00000000000000000000 1.00000000000000000000 2 0 8 159 160 161 177 179 195 196 197 
179 8882 -5.919700000 2.654310000 0.00000000000000000000 1.00000000000000000000 2 0 8 160 161 162 178 180 196 197 198 
180 8883 -5.810210000 2.903770000 0.00000000000000000000 1.00000000000000000000 2 0 8 161 162 163 179 181 197 198 199 
181 8884 -5.690980000 3.148750000 0.00000000000000000000 1.00000000000000000000 2 0 8 162 163 164 180 182 198 199 200 
182 8885 -5.562190000 3.388850000 0.00000000000000000000 1.00000000000000000000 2 0 8 163 164 165 181 183 199 200 201 
183 8886 -5.424060000 3.623700000 0.00000000000000000000 1.00000000000000000000 2 0 8 164 165 166 182 184 200 201 202 
184 8887 -5.276780000 3.852950000 0.00000000000000000000 1.00000000000000000000 2 0 8 165 166 167 183 185 201 202 203 
185 8888 -5.120590000 4.076240000 0.00000000000000000000 1.00000000000000000000 2 0 8 166 167 168 184 186 202 203 204 
186 8889 -4.955740000 4.293230000 0.00000000000000000000 1.00000000000000000000 2 0 8 167 168 169 185 187 203 204 205 
187 8890 -4.782480000 4.503570000 0.00000000000000000000 1.00000000000000000000 2 0 8 168 169 170 186 188 204 205 206 
188 8891 -4.601070000 4.706950000 0.00000000000000000000 1.00000000000000000000 2 0 8 169 170 347 187 350 205 206 352 
189 8892 -6.860900000 0.578492000 0.00000000000000000000 1.00000000000000000000 2 0 8 349 171 172 351 190 354 207 208 
190 8893 -6.832450000 0.866599000 0.00000000000000000000 1.00000000000000000000 2 0 8 171 172 173 189 191 207 208 209 
191 8894 -6.792670000 1.153360000 0.00000000000000000000 1.00000000000000000000 2 0 8 172 173 174 190 192 208 209 210 
192 8895 -6.741640000 1.438350000 0.00000000000000000000 1.00000000000000000000 2 0 8 173 174 175 191 193 209 210 211 
193 8896 -6.679430000 1.721100000 0.00000000000000000000 1.00000000000000000000 2 0 8 174 175 176 192 194 210 211 212 
194 8897 -6.606140000 2.001200000 0.00000000000000000000 1.00000000000000000000 2 0 8 175 176 177 193 195 211 212 213 
195 8898 -6.521880000 2.278200000 0.00000000000000000000 1.00000000000000000000 2 0 8 176 177 178 194 196 212 213 214 
196 8899 -6.426790000 2.551670000 0.00000000000000000000 1.00000000000000000000 2 0 8 177 178 179 195 197 213 214 215 
197 8900 -6.321000000 2.821200000 0.00000000000000000000 1.00000000000000000000 2 0 8 178 179 180 196 198 214 215 216 
198 8901 -6.204690000 3.086360000 0.00000000000000000000 1.00000000000000000000 2 0 8 179 180 181 197 199 215 216 217 
199 8902 -6.078030000 3.346750000 0.00000000000000000000 1.00000000000000000000 2 0 8 180 181 182 198 200 216 217 218 
200 8903 -5.941220000 3.601970000 0.00000000000000000000 1.00000000000000000000 2 0 8 181 182 183 199 201 217 218 219 
201 8904 -5.794480000 3.851610000 0.00000000000000000000 1.00000000000000000000 2 0 8 182 183 184 200 202 218 219 220 
202 8905 -5.638030000 4.095300000 0.00000000000000000000 1.00000000000000000000 2 0 8 183 184 185 201 203 219 220 221 
203 8906 -5.472110000 4.332660000 0.00000000000000000000 1.00000000000000000000 2 0 8 184 185 186 202 204 220 221 222 
204 8907 -5.296990000 4.563320000 0.00000000000000000000 1.00000000000000000000 2 0 8 185 186 187 203 205 221 222 223 
205 8908 -5.112920000 4.786920000 0.00000000000000000000 1.00000000000000000000 2 0 8 186 187 188 204 206 222 223 224 
206 8909 -4.920200000 5.003130000 0.00000000000000000000 1.00000000000000000000 2 0 8 187 188 350 205 352 223 224 355 
207 8910 -7.321040000 0.614846000 0.00000000000000000000 1.00000000000000000000 2 0 8 351 189 190 354 208 225 226 227 
208 8911 -7.290820000 0.921063000 0.00000000000000000000 1.00000000000000000000 2 0 8 189 190 191 207 209 226 227 228 
209 8912 -7.248570000 1.225860000 0.00000000000000000000 1.00000000000000000000 2 0 8 190 191 192 208 210 227 228 229 
210 8913 -7.194360000 1.528750000 0.00000000000000000000 1.00000000000000000000 2 0 8 191 192 193 209 211 228 229 230 
211 8914 -7.128280000 1.829290000 0.00000000000000000000 1.00000000000000000000 2 0 8 192 193 194 210 212 229 230 231 
212 8915 -7.050420000 2.126990000 0.00000000000000000000 1.00000000000000000000 2 0 8 193 194 195 211 213 230 231 232 
213 8916 -6.960920000 2.421410000 0.00000000000000000000 1.00000000000000000000 2 0 8 194 195 196 212 214 231 232 233 
214 8917 -6.859900000 2.712090000 0.00000000000000000000 1.00000000000000000000 2 0 8 195 196 197 213 215 232 233 234 
215 8918 -6.747520000 2.998570000 0.00000000000000000000 1.00000000000000000000 2 0 8 196 197 198 214 216 233 234 235 
216 8919 -6.623970000 3.280420000 0.00000000000000000000 1.00000000000000000000 2 0 8 197 198 199 215 217 234 235 236 
217 8920 -6.489420000 3.557200000 0.00000000000000000000 1.00000000000000000000 2 0 8 198 199 200 216 218 235 236 237 
218 8921 -6.344090000 3.828480000 0.00000000000000000000 1.00000000000000000000 2 0 8 199 200 201 217 219 236 237 238 
219 8922 -6.188200000 4.093840000 0.00000000000000000000 1.00000000000000000000 2 0 8 200 201 202 218 220 237 238 239 
220 8923 -6.022000000 4.352880000 0.00000000000000000000 1.00000000000000000000 2 0 8 201 202 203 219 221 238 239 240 
221 8924 -5.845740000 4.605190000 0.00000000000000000000 1.00000000000000000000 2 0 8 202 203 204 220 222 239 240 241 
222 8925 -5.659700000 4.850380000 0.00000000000000000000 1.00000000000000000000 2 0 8 203 204 205 221 223 240 241 242 
223 8926 -5.464150000 5.088080000 0.00000000000000000000 1.00000000000000000000 2 0 8 204 205 206 222 224 241 242 243 
224 8927 -5.259410000 5.317920000 0.00000000000000000000 1.00000000000000000000 2 0 8 205 206 352 223 355 242 243 357 
225 8928 -7.829370000 0.327009000 0.00000000000000000000 1.00000000000000000000 2 0 8 353 354 207 356 226 358 244 245 
226 8929 -7.810090000 0.653484000 0.00000000000000000000 1.00000000000000000000 2 0 8 354 207 208 225 227 244 245 246 
227 8930 -7.777980000 0.978949000 0.00000000000000000000 1.00000000000000000000 2 0 8 207 208 209 226 228 245 246 247 
228 8931 -7.733100000 1.302900000 0.00000000000000000000 1.00000000000000000000 2 0 8 208 209 210 227 229 246 247 248 
229 8932 -7.675520000 1.624840000 0.00000000000000000000 1.00000000000000000000 2 0 8 209 210 211 228 230 247 248 249 
230 8933 -7.605320000 1.944270000 0.00000000000000000000 1.00000000000000000000 2 0 8 210 211 212 229 231 248 249 250 
231 8934 -7.522620000 2.260700000 0.00000000000000000000 1.00000000000000000000 2 0 8 211 212 213 230 232 249 250 251 
232 8935 -7.427530000 2.573630000 0.00000000000000000000 1.00000000000000000000 2 0 8 212 213 214 231 233 250 251 252 
233 8936 -7.320220000 2.882590000 0.00000000000000000000 1.00000000000000000000 2 0 8 213 214 215 232 234 251 252 253 
234 8937 -7.200850000 3.187090000 0.00000000000000000000 1.00000000000000000000 2 0 8 214 215 216 233 235 252 253 254 
235 8938 -7.069590000 3.486680000 0.00000000000000000000 1.00000000000000000000 2 0 8 215 216 217 234 236 253 254 255 
236 8939 -6.926660000 3.780870000 0.00000000000000000000 1.00000000000000000000 2 0 8 216 217 218 235 237 254 255 256 
237 8940 -6.772270000 4.069230000 0.00000000000000000000 1.00000000000000000000 2 0 8 217 218 219 236 238 255 256 257 
238 8941 -6.606670000 4.351300000 0.00000000000000000000 1.00000000000000000000 2 0 8 218 219 220 237 239 256 257 258 
239 8942 -6.430100000 4.626650000 0.00000000000000000000 1.00000000000000000000 2 0 8 219 220 221 238 240 257 258 259 
240 8943 -6.242850000 4.894850000 0.00000000000000000000 1.00000000000000000000 2 0 8 220 221 222 239 241 258 259 260 
241 8944 -6.045200000 5.155500000 0.00000000000000000000 1.00000000000000000000 2 0 8 221 222 223 240 242 259 260 261 
242 8945 -5.837460000 5.408180000 0.00000000000000000000 1.00000000000000000000 2 0 8 222 223 224 241 243 260 261 262 
243 8946 -5.619950000 5.652510000 0.00000000000000000000 1.00000000000000000000 2 0 8 223 224 355 242 357 261 262 359 
244 8947 -8.350320000 0.347553000 0.00000000000000000000 1.00000000000000000000 2 0 8 356 225 226 358 245 362 263 264 
245 8948 -8.329830000 0.694549000 0.00000000000000000000 1.00000000000000000000 2 0 8 225 226 227 244 246 263 264 265 
246 8949 -8.295730000 1.040470000 0.00000000000000000000 1.00000000000000000000 2 0 8 226 227 228 245 247 264 265 266 
247 8950 -8.248050000 1.384790000 0.00000000000000000000 1.00000000000000000000 2 0 8 227 228 229 246 248 265 266 267 
248 8951 -8.186880000 1.726970000 0.00000000000000000000 1.00000000000000000000 2 0 8 228 229 230 247 249 266 267 268 
249 8952 -8.112310000 2.066480000 0.00000000000000000000 1.00000000000000000000 2 0 8 229 230 231 248 250 267 268 269 
250 8953 -8.024450000 2.402810000 0.00000000000000000000 1.00000000000000000000 2 0 8 230 231 232 249 251 268 269 270 
251 8954 -7.923450000 2.735420000 0.00000000000000000000 1.00000000000000000000 2 0 8 231 232 233 250 252 269 270 271 
252 8955 -7.809450000 3.063810000 0.00000000000000000000 1.00000000000000000000 2 0 8 232 233 234 251 253 270 271 272 
253 8956 -7.682640000 3.387470000 0.00000000000000000000 1.00000000000000000000 2 0 8 233 234 235 252 254 271 272 273 
254 8957 -7.543200000 3.705900000 0.00000000000000000000 1.00000000000000000000 2 0 8 234 235 236 253 255 272 273 274 
255 8958 -7.391360000 4.018610000 0.00000000000000000000 1.00000000000000000000 2 0 8 235 236 237 254 256 273 274 275 
256 8959 -7.227350000 4.325120000 0.00000000000000000000 1.00000000000000000000 2 0 8 236 237 238 255 257 274 275 276 
257 8960 -7.051420000 4.624950000 0.00000000000000000000 1.00000000000000000000 2 0 8 237 238 239 256 258 275 276 277 
258 8961 -6.863840000 4.917630000 0.00000000000000000000 1.00000000000000000000 2 0 8 238 239 240 257 259 276 277 278 
259 8962 -6.664910000 5.202730000 0.00000000000000000000 1.00000000000000000000 2 0 8 239 240 241 258 260 277 278 279 
260 8963 -6.454930000 5.479800000 0.00000000000000000000 1.00000000000000000000 2 0 8 240 241 242 259 261 278 279 280 
261 8964 -6.234230000 5.748410000 0.00000000000000000000 1.00000000000000000000 2 0 8 241 242 243 260 262 279 280 281 
262 8965 -6.003150000 6.008150000 0.00000000000000000000 1.00000000000000000000 2 0 8 242 243 357 261 359 280 281 282 
263 8966 -8.903950000 0.369389000 0.00000000000000000000 1.00000000000000000000 2 0 8 358 244 245 362 264 365 366 283 
264 8967 -8.882190000 0.738197000 0.00000000000000000000 1.00000000000000000000 2 0 8 244 245 246 263 265 366 283 284 
265 8968 -8.845960000 1.105870000 0.00000000000000000000 1.00000000000000000000 2 0 8 245 246 247 264 266 283 284 285 
266 8969 -8.795310000 1.471830000 0.00000000000000000000 1.00000000000000000000 2 0 8 246 247 248 265 267 284 285 286 
267 8970 -8.730330000 1.835520000 0.00000000000000000000 1.00000000000000000000 2 0 8 247 248 249 266 268 285 286 287 
268 8971 -8.651110000 2.196380000 0.00000000000000000000 1.00000000000000000000 2 0 8 248 249 250 267 269 286 287 288 
269 8972 -8.557780000 2.553850000 0.00000000000000000000 1.00000000000000000000 2 0 8 249 250 251 268 270 287 288 289 
270 8973 -8.450480000 2.907380000 0.00000000000000000000 1.00000000000000000000 2 0 8 250 251 252 269 271 288 289 290 
271 8974 -8.329380000 3.256430000 0.00000000000000000000 1.00000000000000000000 2 0 8 251 252 253 270 272 289 290 291 
272 8975 -8.194660000 3.600450000 0.00000000000000000000 1.00000000000000000000 2 0 8 252 253 254 271 273 290 291 292 
273 8976 -8.046530000 3.938920000 0.00000000000000000000 1.00000000000000000000 2 0 8 253 254 255 272 274 291 292 293 
274 8977 -7.885220000 4.271300000 0.00000000000000000000 1.00000000000000000000 2 0 8 254 255 256 273 275 292 293 294 
275 8978 -7.710980000 4.597100000 0.00000000000000000000 1.00000000000000000000 2 0 8 255 256 257 274 276 293 294 295 
276 8979 -7.524080000 4.915810000 0.00000000000000000000 1.00000000000000000000 2 0 8 256 257 258 275 277 294 295 296 
277 8980 -7.324810000 5.226930000 0.00000000000000000000 1.00000000000000000000 2 0 8 257 258 259 276 278 295 296 297 
278 8981 -7.113470000 5.529990000 0.00000000000000000000 1.00000000000000000000 2 0 8 258 259 260 277 279 296 297 298 
279 8982 -6.890390000 5.824520000 0.00000000000000000000 1.00000000000000000000 2 0 8 259 260 261 278 280 297 298 299 
280 8983 -6.655910000 6.110060000 0.00000000000000000000 1.00000000000000000000 2 0 8 260 261 262 279 281 298 299 300 
281 8984 -6.410410000 6.386170000 0.00000000000000000000 1.00000000000000000000 2 0 8 261 262 359 280 282 299 300 301 
282 8985 -6.154240000 6.652440000 0.00000000000000000000 1.00000000000000000000 2 0 8 262 359 360 281 363 300 301 302 
283 8986 -9.469170000 0.784591000 -0.99691688469623684909 0.07846480107379300017 3 0 8 263 264 265 366 284 244 245 246 
284 8987 -9.430680000 1.175370000 -0.99306836418081634310 0.11753818129968457429 3 0 8 264 265 266 283 285 245 246 247 
285 8988 -9.376880000 1.564340000 -0.98768871151755888160 0.15643212311026288841 3 0 8 265 266 267 284 286 246 247 248 
286 8989 -9.307850000 1.950900000 -0.98078635339882969113 0.19508492762544765720 3 0 8 266 267 268 285 287 247 248 249 
287 8990 -9.223700000 2.334450000 -0.97236995871930587132 0.23344520423477366222 3 0 8 267 268 269 286 288 248 249 250 
288 8991 -9.124550000 2.714400000 -0.96245692766048884792 0.27143445322643250384 3 0 8 268 269 270 287 289 249 250 251 
289 8992 -9.010570000 3.090170000 -0.95105662167863069811 0.30901667003776622789 3 0 8 269 270 271 288 290 250 251 252 
290 8993 -8.881910000 3.461170000 -0.93819060061408054985 0.34611905021161554208 3 0 8 270 271 272 289 291 251 252 253 
291 8994 -8.738800000 3.826830000 -0.92388085835679678581 0.38268023147519464322 3 0 8 271 272 273 290 292 252 253 254 
292 8995 -8.581430000 4.186600000 -0.90814529595099369175 0.41865513425978917450 3 0 8 272 273 274 291 293 253 254 255 
293 8996 -8.410070000 4.539910000 -0.89100606038921459362 0.45399140999548787123 3 0 8 273 274 275 292 294 254 255 256 
294 8997 -8.224960000 4.886210000 -0.87249233372822920796 0.48862780066781752453 3 0 8 274 275 276 293 295 255 256 257 
295 8998 -8.026400000 5.224990000 -0.85264243366699354887 0.52249486151581092663 3 0 8 275 276 277 294 296 256 257 258 
296 8999 -7.814700000 5.555700000 -0.83146790944808679491 0.55557278151294298141 3 0 8 276 277 278 295 297 257 258 259 
297 9000 -7.590170000 5.877850000 -0.80901631335569235137 0.58778618963392137431 3 0 8 277 278 279 296 298 258 259 260 
298 9001 -7.353170000 6.190940000 -0.78531810464800855254 0.61909246039025511710 3 0 8 278 279 280 297 299 259 260 261 
299 9002 -7.104060000 6.494480000 -0.76040971087001563156 0.64944366315684309843 3 0 8 279 280 281 298 300 260 261 262 
300 9003 -6.843230000 6.788010000 -0.73432524777927377091 0.67879778319755001981 3 0 8 280 281 282 299 301 261 262 359 
301 9004 -6.571070000 7.071070000 -0.70710678118654757274 0.70710678118654757274 3 0 8 281 282 363 300 302 262 359 360 
302 9005 -6.288010000 7.343230000 -0.67879778319755001981 0.73432524777927377091 3 0 8 282 363 364 301 367 359 360 361 
303 1951 -3.27177 0.442896 2 0
304 8687 -3.25125 0.589431 2 0
305 8688 -3.22492 0.735047 2 0
306 8689 -3.19282 0.879516 2 0
307 8690 -3.155 1.02261 2 0
308 8691 -3.11153 1.16411 2 0
309 8692 -3.06248 1.3038 2 0
310 8693 -3.00791 1.44145 2 0
311 8694 -2.94792 1.57686 2 0
312 8695 -2.8826 1.7098 2 0
313 8696 -2.81205 1.84008 2 0
314 8697 -2.73638 1.9675 2 0
315 8698 -2.65572 2.09185 2 0
316 8699 -2.57019 2.21294 2 0
317 8700 -2.47993 2.33058 2 0
318 8701 -2.38507 2.4446 2 0
319 8702 -2.28576 2.55481 2 0
320 8703 -2.18217 2.66104 2 0
321 9518 -2.07445 2.76314 2 0
322 9519 -1.96278 2.86094 2 0
323 1965 -3.50569 0.47082 2 0
324 9541 -2.11584 3.04168 2 0
325 9542 -1.99323 3.14096 2 0
326 1978 -3.75443 0.500486 2 0
327 9562 -2.14839 3.33928 2 0
328 9563 -2.01412 3.43968 2 0
329 1990 -4.01889 0.532004 2 0
330 9006 -2.17076 3.65676 2 0
331 2002 -4.30006 0.565493 2 0
332 9012 -2.48877 3.77388 2 0
333 9013 -2.33731 3.88742 2 0
334 2014 -4.59899 0.601076 2 0
335 9020 -2.67527 4.01179 2 0
336 2025 -4.93783 0.426496 2 0
337 2026 -4.91678 0.638886 2 0
338 9037 -2.87354 4.2646 2 0
339 2036 -5.29039 0.226862 2 0
340 2037 -5.27696 0.453315 2 0
341 9055 -3.26035 4.38974 2 0
342 9056 -3.08433 4.53326 2 0
343 2047 -5.65172 0.241121 2 0
344 9075 -3.67625 4.50636 2 0
345 9076 -3.4954 4.66618 2 0
346 2057 -6.03581 0.256274 2 0
347 9097 -4.12267 4.61273 2 0
348 9098 -3.93738 4.79006 2 0
349 2067 -6.44406 0.272377 2 0
350 9121 -4.4118 4.90305 2 0
351 2077 -6.87799 0.289491 2 0
352 9146 -4.71913 5.2116 2 0
353 2085 -7.34525 3.56995e-05 2 0
354 2086 -7.3392 0.307679 2 0
355 9172 -5.0458 5.53954 2 0
356 2093 -7.8358 2.85298e-05 2 0
357 9198 -5.39301 5.88811 2 0
358 2100 -8.35715 2.02475e-05 2 0
359 9224 -5.76204 6.25861 2 0
360 9225 -5.51127 6.49942 2 0
361 9226 -5.25124 6.73019 2 0
362 2107 -8.91121 1.0767e-05 2 0
363 9251 -5.88782 6.90844 2 0
364 9252 -5.61155 7.15378 2 0
365 2114 -9.5 1.22465e-15 3 0
366 2115 -9.49229 0.392598 3 0
367 9277 -5.99448 7.60406 3 0
