357 299 58
1 7804 0.003465770 -0.010176200 -0.81937412642494089621 -0.57325913943465811595 1 1 8 300 2 302 303 30 305 306 58 
2 7805 0.001541330 -0.006845690 -0.90912859824928027308 -0.41651553613916808549 1 1 8 1 3 303 30 31 306 58 59 
3 7806 0.000385480 -0.003452850 -0.97557776068967227978 -0.21965434857458335238 1 1 8 2 4 30 31 32 58 59 60 
4 7807 0.000000000 0.000000008 -0.99999999999983224530 0.00000057922997167683 1 1 8 3 5 31 32 33 59 60 61 
5 7808 0.000385484 0.003452870 -0.97557741810952258721 0.21965587011222303948 1 1 8 4 6 32 33 34 60 61 62 
6 7809 0.001541340 0.006845700 -0.90912782185563356663 0.41651723076966629122 1 1 8 5 7 33 34 35 61 62 63 
7 7810 0.003465780 0.010176200 -0.81937313464413219499 0.57326055701002920362 1 1 8 6 8 34 35 36 62 63 64 
8 7811 0.006155840 0.013441300 -0.72481147638704601643 0.68894725755868302386 1 1 8 7 9 35 36 37 63 64 65 
9 7812 0.009607370 0.016637500 -0.63641354493036150775 0.77134804065944884144 1 1 8 8 10 36 37 38 64 65 66 
10 7813 0.013815100 0.019760700 -0.55836576632566370382 0.82959488366042521967 1 1 8 9 11 37 38 39 65 66 67 
11 7814 0.018772400 0.022806100 -0.49109968401260289950 0.87110338098455442069 1 1 8 10 12 38 39 40 66 67 68 
12 7815 0.024471800 0.025768600 -0.43354514667512245030 0.90113184706481586073 1 1 8 11 13 39 40 41 67 68 69 
13 7816 0.030904300 0.028642900 -0.38418259129095821969 0.92325713457788372018 1 1 8 12 14 40 41 42 68 69 70 
14 7817 0.038060300 0.031423000 -0.34157127800295350450 0.93985587301640516333 1 1 8 13 15 41 42 43 69 70 71 
15 7818 0.045928400 0.034103100 -0.30447712317726122189 0.95251964885859385923 1 1 8 14 16 42 43 44 70 71 72 
16 7819 0.054496800 0.036677000 -0.27187678892410499509 0.96233206932135306744 1 1 8 15 17 43 44 45 71 72 73 
17 7820 0.063752000 0.039138600 -0.24296988293173765738 0.97003383239356022472 1 1 8 16 18 44 45 46 72 73 74 
18 7821 0.073679900 0.041481900 -0.21710327690304251358 0.97614863988941802386 1 1 8 17 19 45 46 47 73 74 75 
19 7822 0.084265200 0.043700900 -0.19377498132558371169 0.98104600127224916850 1 1 8 18 20 46 47 48 74 75 76 
20 7823 0.095491500 0.045790100 -0.17258160514598719359 0.98499522311797771401 1 1 8 19 21 47 48 49 75 76 77 
21 7824 0.107342000 0.047744200 -0.15320063262743277566 0.98819510531197951586 1 1 8 20 22 48 49 50 76 77 78 
22 7825 0.119797000 0.049558200 -0.13537400638470598047 0.99079456921975184169 1 1 8 21 23 49 50 51 77 78 79 
23 7826 0.132839000 0.051227900 -0.11889179065823295145 0.99290721727363773219 1 1 8 22 24 50 51 52 78 79 80 
24 7827 0.146447000 0.052749300 -0.10359294066850163740 0.99461977792704903134 1 1 8 23 25 51 52 53 79 80 81 
25 7828 0.160600000 0.054119300 -0.08934604967822146193 0.99600064428036227948 1 1 8 24 26 52 53 54 80 81 82 
26 7829 0.175276000 0.055335400 -0.07603623282026070185 0.99710505529683435277 1 1 8 25 27 53 54 55 81 82 83 
27 7830 0.190453000 0.056395800 -0.06356681202896688476 0.99797758512327017222 1 1 8 26 28 54 55 56 82 83 84 
28 7831 0.206107000 0.057299200 -0.05186637158812959503 0.99865403393681939637 1 1 8 27 29 55 56 57 83 84 85 
29 7832 0.222215000 0.058045400 -0.04087684655611406592 0.99916419242065912520 1 1 8 28 301 56 57 304 84 85 307 
30 7833 -0.004157630 -0.009024210 0.00000000000000000000 1.00000000000000000000 2 0 8 1 2 3 303 31 306 58 59 
31 7834 -0.005337590 -0.004527500 0.00000000000000000000 1.00000000000000000000 2 0 8 2 3 4 30 32 58 59 60 
32 7835 -0.005731350 0.000000149 0.00000000000000000000 1.00000000000000000000 2 0 8 3 4 5 31 33 59 60 61 
33 7836 -0.005337540 0.004527790 0.00000000000000000000 1.00000000000000000000 2 0 8 4 5 6 32 34 60 61 62 
34 7837 -0.004157530 0.009024500 0.00000000000000000000 1.00000000000000000000 2 0 8 5 6 7 33 35 61 62 63 
35 7838 -0.002194810 0.013472900 0.00000000000000000000 1.00000000000000000000 2 0 8 6 7 8 34 36 62 63 64 
36 7839 0.000546206 0.017861400 0.00000000000000000000 1.00000000000000000000 2 0 8 7 8 9 35 37 63 64 65 
37 7840 0.004060290 0.022180600 0.00000000000000000000 1.00000000000000000000 2 0 8 8 9 10 36 38 64 65 66 
38 7841 0.008341340 0.026422400 0.00000000000000000000 1.00000000000000000000 2 0 8 9 10 11 37 39 65 66 67 
39 7842 0.013382300 0.030578900 0.00000000000000000000 1.00000000000000000000 2 0 8 10 11 12 38 40 66 67 68 
40 7843 0.019175000 0.034642500 0.00000000000000000000 1.00000000000000000000 2 0 8 11 12 13 39 41 67 68 69 
41 7844 0.025710300 0.038605400 0.00000000000000000000 1.00000000000000000000 2 0 8 12 13 14 40 42 68 69 70 
42 7845 0.032977900 0.042460000 0.00000000000000000000 1.00000000000000000000 2 0 8 13 14 15 41 43 69 70 71 
43 7846 0.040966400 0.046198600 0.00000000000000000000 1.00000000000000000000 2 0 8 14 15 16 42 44 70 71 72 
44 7847 0.049663300 0.049813600 0.00000000000000000000 1.00000000000000000000 2 0 8 15 16 17 43 45 71 72 73 
45 7848 0.059055100 0.053297400 0.00000000000000000000 1.00000000000000000000 2 0 8 16 17 18 44 46 72 73 74 
46 7849 0.069127200 0.056642800 0.00000000000000000000 1.00000000000000000000 2 0 8 17 18 19 45 47 73 74 75 
47 7850 0.079863700 0.059842400 0.00000000000000000000 1.00000000000000000000 2 0 8 18 19 20 46 48 74 75 76 
48 7851 0.091248000 0.062889600 0.00000000000000000000 1.00000000000000000000 2 0 8 19 20 21 47 49 75 76 77 
49 7852 0.103262000 0.065777800 0.00000000000000000000 1.00000000000000000000 2 0 8 20 21 22 48 50 76 77 78 
50 7853 0.115888000 0.068501100 0.00000000000000000000 1.00000000000000000000 2 0 8 21 22 23 49 51 77 78 79 
51 7854 0.129105000 0.071054000 0.00000000000000000000 1.00000000000000000000 2 0 8 22 23 24 50 52 78 79 80 
52 7855 0.142893000 0.073431600 0.00000000000000000000 1.00000000000000000000 2 0 8 23 24 25 51 53 79 80 81 
53 7856 0.157230000 0.075629500 0.00000000000000000000 1.00000000000000000000 2 0 8 24 25 26 52 54 80 81 82 
54 7857 0.172095000 0.077644100 0.00000000000000000000 1.00000000000000000000 2 0 8 25 26 27 53 55 81 82 83 
55 7858 0.187463000 0.079472500 0.00000000000000000000 1.00000000000000000000 2 0 8 26 27 28 54 56 82 83 84 
56 7859 0.203311000 0.081112300 0.00000000000000000000 1.00000000000000000000 2 0 8 27 28 29 55 57 83 84 85 
57 7860 0.219613000 0.082562100 0.00000000000000000000 1.00000000000000000000 2 0 8 28 29 301 56 304 84 85 307 
58 7861 -0.011511400 -0.011268400 0.00000000000000000000 1.00000000000000000000 2 0 8 303 30 31 306 59 308 86 87 
59 7862 -0.012713600 -0.005645320 0.00000000000000000000 1.00000000000000000000 2 0 8 30 31 32 58 60 86 87 88 
60 7863 -0.013114600 0.000000357 0.00000000000000000000 1.00000000000000000000 2 0 8 31 32 33 59 61 87 88 89 
61 7864 -0.012713500 0.005646040 0.00000000000000000000 1.00000000000000000000 2 0 8 32 33 34 60 62 88 89 90 
62 7865 -0.011511200 0.011269100 0.00000000000000000000 1.00000000000000000000 2 0 8 33 34 35 61 63 89 90 91 
63 7866 -0.009511010 0.016850800 0.00000000000000000000 1.00000000000000000000 2 0 8 34 35 36 62 64 90 91 92 
64 7867 -0.006717560 0.022375800 0.00000000000000000000 1.00000000000000000000 2 0 8 35 36 37 63 65 91 92 93 
65 7868 -0.003136500 0.027830900 0.00000000000000000000 1.00000000000000000000 2 0 8 36 37 38 64 66 92 93 94 
66 7869 0.001225520 0.033204500 0.00000000000000000000 1.00000000000000000000 2 0 8 37 38 39 65 67 93 94 95 
67 7870 0.006360850 0.038485700 0.00000000000000000000 1.00000000000000000000 2 0 8 38 39 40 66 68 94 95 96 
68 7871 0.012260800 0.043664400 0.00000000000000000000 1.00000000000000000000 2 0 8 39 40 41 67 69 95 96 97 
69 7872 0.018915800 0.048730400 0.00000000000000000000 1.00000000000000000000 2 0 8 40 41 42 68 70 96 97 98 
70 7873 0.026315000 0.053674200 0.00000000000000000000 1.00000000000000000000 2 0 8 41 42 43 69 71 97 98 99 
71 7874 0.034446500 0.058486100 0.00000000000000000000 1.00000000000000000000 2 0 8 42 43 44 70 72 98 99 100 
72 7875 0.043297400 0.063157000 0.00000000000000000000 1.00000000000000000000 2 0 8 43 44 45 71 73 99 100 101 
73 7876 0.052853700 0.067677600 0.00000000000000000000 1.00000000000000000000 2 0 8 44 45 46 72 74 100 101 102 
74 7877 0.063100300 0.072039200 0.00000000000000000000 1.00000000000000000000 2 0 8 45 46 47 73 75 101 102 103 
75 7878 0.074020800 0.076233200 0.00000000000000000000 1.00000000000000000000 2 0 8 46 47 48 74 76 102 103 104 
76 7879 0.085598200 0.080251500 0.00000000000000000000 1.00000000000000000000 2 0 8 47 48 49 75 77 103 104 105 
77 7880 0.097814000 0.084086400 0.00000000000000000000 1.00000000000000000000 2 0 8 48 49 50 76 78 104 105 106 
78 7881 0.110649000 0.087730800 0.00000000000000000000 1.00000000000000000000 2 0 8 49 50 51 77 79 105 106 107 
79 7882 0.124083000 0.091177700 0.00000000000000000000 1.00000000000000000000 2 0 8 50 51 52 78 80 106 107 108 
80 7883 0.138095000 0.094421300 0.00000000000000000000 1.00000000000000000000 2 0 8 51 52 53 79 81 107 108 109 
81 7884 0.152662000 0.097455900 0.00000000000000000000 1.00000000000000000000 2 0 8 52 53 54 80 82 108 109 110 
82 7885 0.167762000 0.100277000 0.00000000000000000000 1.00000000000000000000 2 0 8 53 54 55 81 83 109 110 111 
83 7886 0.183371000 0.102880000 0.00000000000000000000 1.00000000000000000000 2 0 8 54 55 56 82 84 110 111 112 
84 7887 0.199463000 0.105262000 0.00000000000000000000 1.00000000000000000000 2 0 8 55 56 57 83 85 111 112 309 
85 7888 0.216015000 0.107420000 0.00000000000000000000 1.00000000000000000000 2 0 8 56 57 304 84 307 112 309 310 
86 7889 -0.020570200 -0.013574500 0.00000000000000000000 1.00000000000000000000 2 0 8 306 58 59 308 87 311 113 114 
87 7890 -0.021796600 -0.006797060 0.00000000000000000000 1.00000000000000000000 2 0 8 58 59 60 86 88 113 114 115 
88 7891 -0.022205800 0.000000636 0.00000000000000000000 1.00000000000000000000 2 0 8 59 60 61 87 89 114 115 116 
89 7892 -0.021796500 0.006798330 0.00000000000000000000 1.00000000000000000000 2 0 8 60 61 62 88 90 115 116 117 
90 7893 -0.020569900 0.013575700 0.00000000000000000000 1.00000000000000000000 2 0 8 61 62 63 89 91 116 117 118 
91 7894 -0.018528700 0.020314000 0.00000000000000000000 1.00000000000000000000 2 0 8 62 63 64 90 92 117 118 119 
92 7895 -0.015677500 0.026996000 0.00000000000000000000 1.00000000000000000000 2 0 8 63 64 65 91 93 118 119 120 
93 7896 -0.012022000 0.033606000 0.00000000000000000000 1.00000000000000000000 2 0 8 64 65 66 92 94 119 120 121 
94 7897 -0.007569030 0.040129900 0.00000000000000000000 1.00000000000000000000 2 0 8 65 66 67 93 95 120 121 122 
95 7898 -0.002326730 0.046554200 0.00000000000000000000 1.00000000000000000000 2 0 8 66 67 68 94 96 121 122 123 
96 7899 0.003695850 0.052866200 0.00000000000000000000 1.00000000000000000000 2 0 8 67 68 69 95 97 122 123 124 
97 7900 0.010488500 0.059053700 0.00000000000000000000 1.00000000000000000000 2 0 8 68 69 70 96 98 123 124 125 
98 7901 0.018040100 0.065104900 0.00000000000000000000 1.00000000000000000000 2 0 8 69 70 71 97 99 124 125 126 
99 7902 0.026338100 0.071008400 0.00000000000000000000 1.00000000000000000000 2 0 8 70 71 72 98 100 125 126 127 
100 7903 0.035369100 0.076753100 0.00000000000000000000 1.00000000000000000000 2 0 8 71 72 73 99 101 126 127 128 
101 7904 0.045118600 0.082328200 0.00000000000000000000 1.00000000000000000000 2 0 8 72 73 74 100 102 127 128 129 
102 7905 0.055570800 0.087723300 0.00000000000000000000 1.00000000000000000000 2 0 8 73 74 75 101 103 128 129 130 
103 7906 0.066709000 0.092928500 0.00000000000000000000 1.00000000000000000000 2 0 8 74 75 76 102 104 129 130 131 
104 7907 0.078515300 0.097934100 0.00000000000000000000 1.00000000000000000000 2 0 8 75 76 77 103 105 130 131 132 
105 7908 0.090971000 0.102731000 0.00000000000000000000 1.00000000000000000000 2 0 8 76 77 78 104 106 131 132 133 
106 7909 0.104056000 0.107311000 0.00000000000000000000 1.00000000000000000000 2 0 8 77 78 79 105 107 132 133 134 
107 7910 0.117750000 0.111666000 0.00000000000000000000 1.00000000000000000000 2 0 8 78 79 80 106 108 133 134 135 
108 7911 0.132030000 0.115788000 0.00000000000000000000 1.00000000000000000000 2 0 8 79 80 81 107 109 134 135 136 
109 7912 0.146874000 0.119671000 0.00000000000000000000 1.00000000000000000000 2 0 8 80 81 82 108 110 135 136 137 
110 7913 0.162258000 0.123309000 0.00000000000000000000 1.00000000000000000000 2 0 8 81 82 83 109 111 136 137 138 
111 7914 0.178158000 0.126697000 0.00000000000000000000 1.00000000000000000000 2 0 8 82 83 84 110 112 137 138 312 
112 7915 0.194549000 0.129829000 0.00000000000000000000 1.00000000000000000000 2 0 8 83 84 85 111 309 138 312 313 
113 7916 -0.031385500 -0.015943800 0.00000000000000000000 1.00000000000000000000 2 0 8 308 86 87 311 114 314 315 139 
114 7917 -0.032639600 -0.007981450 0.00000000000000000000 1.00000000000000000000 2 0 8 86 87 88 113 115 315 139 140 
115 7918 -0.033057900 0.000000985 0.00000000000000000000 1.00000000000000000000 2 0 8 87 88 89 114 116 139 140 141 
116 7919 -0.032639400 0.007983410 0.00000000000000000000 1.00000000000000000000 2 0 8 88 89 90 115 117 140 141 142 
117 7920 -0.031385100 0.015945800 0.00000000000000000000 1.00000000000000000000 2 0 8 89 90 91 116 118 141 142 143 
118 7921 -0.029297600 0.023868700 0.00000000000000000000 1.00000000000000000000 2 0 8 90 91 92 117 119 142 143 144 
119 7922 -0.026381200 0.031733800 0.00000000000000000000 1.00000000000000000000 2 0 8 91 92 93 118 120 143 144 145 
120 7923 -0.022641700 0.039523400 0.00000000000000000000 1.00000000000000000000 2 0 8 92 93 94 119 121 144 145 146 
121 7924 -0.018086000 0.047221300 0.00000000000000000000 1.00000000000000000000 2 0 8 93 94 95 120 122 145 146 147 
122 7925 -0.012722500 0.054811800 0.00000000000000000000 1.00000000000000000000 2 0 8 94 95 96 121 123 146 147 148 
123 7926 -0.006560540 0.062279800 0.00000000000000000000 1.00000000000000000000 2 0 8 95 96 97 122 124 147 148 149 
124 7927 0.000389245 0.069611200 0.00000000000000000000 1.00000000000000000000 2 0 8 96 97 98 123 125 148 149 150 
125 7928 0.008115110 0.076792000 0.00000000000000000000 1.00000000000000000000 2 0 8 97 98 99 124 126 149 150 151 
126 7929 0.016604200 0.083808800 0.00000000000000000000 1.00000000000000000000 2 0 8 98 99 100 125 127 150 151 152 
127 7930 0.025842400 0.090648900 0.00000000000000000000 1.00000000000000000000 2 0 8 99 100 101 126 128 151 152 153 
128 7931 0.035814800 0.097299500 0.00000000000000000000 1.00000000000000000000 2 0 8 100 101 102 127 129 152 153 154 
129 7932 0.046504900 0.103749000 0.00000000000000000000 1.00000000000000000000 2 0 8 101 102 103 128 130 153 154 155 
130 7933 0.057895400 0.109985000 0.00000000000000000000 1.00000000000000000000 2 0 8 102 103 104 129 131 154 155 156 
131 7934 0.069967900 0.115998000 0.00000000000000000000 1.00000000000000000000 2 0 8 103 104 105 130 132 155 156 157 
132 7935 0.082702800 0.121775000 0.00000000000000000000 1.00000000000000000000 2 0 8 104 105 106 131 133 156 157 158 
133 7936 0.096079600 0.127309000 0.00000000000000000000 1.00000000000000000000 2 0 8 105 106 107 132 134 157 158 159 
134 7937 0.110077000 0.132588000 0.00000000000000000000 1.00000000000000000000 2 0 8 106 107 108 133 135 158 159 160 
135 7938 0.124672000 0.137605000 0.00000000000000000000 1.00000000000000000000 2 0 8 107 108 109 134 136 159 160 161 
136 7939 0.139841000 0.142351000 0.00000000000000000000 1.00000000000000000000 2 0 8 108 109 110 135 137 160 161 162 
137 7940 0.155560000 0.146820000 0.00000000000000000000 1.00000000000000000000 2 0 8 109 110 111 136 138 161 162 316 
138 7941 0.171803000 0.151004000 0.00000000000000000000 1.00000000000000000000 2 0 8 110 111 112 137 312 162 316 317 
139 7942 -0.045297500 -0.009200110 0.00000000000000000000 1.00000000000000000000 2 0 8 113 114 115 315 140 318 163 164 
140 7943 -0.045726200 0.000001406 0.00000000000000000000 1.00000000000000000000 2 0 8 114 115 116 139 141 163 164 165 
141 7944 -0.045297200 0.009202920 0.00000000000000000000 1.00000000000000000000 2 0 8 115 116 117 140 142 164 165 166 
142 7945 -0.044011500 0.018383700 0.00000000000000000000 1.00000000000000000000 2 0 8 116 117 118 141 143 165 166 167 
143 7946 -0.041871400 0.027523400 0.00000000000000000000 1.00000000000000000000 2 0 8 117 118 119 142 144 166 167 168 
144 7947 -0.038881300 0.036602200 0.00000000000000000000 1.00000000000000000000 2 0 8 118 119 120 143 145 167 168 169 
145 7948 -0.035046900 0.045601000 0.00000000000000000000 1.00000000000000000000 2 0 8 119 120 121 144 146 168 169 170 
146 7949 -0.030375200 0.054501400 0.00000000000000000000 1.00000000000000000000 2 0 8 120 121 122 145 147 169 170 171 
147 7950 -0.024874800 0.063285800 0.00000000000000000000 1.00000000000000000000 2 0 8 121 122 123 146 148 170 171 172 
148 7951 -0.018555300 0.071937100 0.00000000000000000000 1.00000000000000000000 2 0 8 122 123 124 147 149 171 172 173 
149 7952 -0.011427700 0.080439000 0.00000000000000000000 1.00000000000000000000 2 0 8 123 124 125 148 150 172 173 174 
150 7953 -0.003504240 0.088775700 0.00000000000000000000 1.00000000000000000000 2 0 8 124 125 126 149 151 173 174 175 
151 7954 0.005201730 0.096931700 0.00000000000000000000 1.00000000000000000000 2 0 8 125 126 127 150 152 174 175 176 
152 7955 0.014675600 0.104892000 0.00000000000000000000 1.00000000000000000000 2 0 8 126 127 128 151 153 175 176 177 
153 7956 0.024901800 0.112643000 0.00000000000000000000 1.00000000000000000000 2 0 8 127 128 129 152 154 176 177 178 
154 7957 0.035863200 0.120171000 0.00000000000000000000 1.00000000000000000000 2 0 8 128 129 130 153 155 177 178 179 
155 7958 0.047542000 0.127462000 0.00000000000000000000 1.00000000000000000000 2 0 8 129 130 131 154 156 178 179 180 
156 7959 0.059919000 0.134504000 0.00000000000000000000 1.00000000000000000000 2 0 8 130 131 132 155 157 179 180 181 
157 7960 0.072974000 0.141284000 0.00000000000000000000 1.00000000000000000000 2 0 8 131 132 133 156 158 180 181 182 
158 7961 0.086685700 0.147792000 0.00000000000000000000 1.00000000000000000000 2 0 8 132 133 134 157 159 181 182 183 
159 7962 0.101032000 0.154016000 0.00000000000000000000 1.00000000000000000000 2 0 8 133 134 135 158 160 182 183 184 
160 7963 0.115989000 0.159946000 0.00000000000000000000 1.00000000000000000000 2 0 8 134 135 136 159 161 183 184 185 
161 7964 0.131533000 0.165574000 0.00000000000000000000 1.00000000000000000000 2 0 8 135 136 137 160 162 184 185 319 
162 7965 0.147639000 0.170890000 0.00000000000000000000 1.00000000000000000000 2 0 8 136 137 138 161 316 185 319 320 
163 7966 -0.059829200 -0.010455900 0.00000000000000000000 1.00000000000000000000 2 0 8 315 139 140 318 164 321 322 186 
164 7967 -0.060269700 0.000001901 0.00000000000000000000 1.00000000000000000000 2 0 8 139 140 141 163 165 322 186 187 
165 7968 -0.059828900 0.010459700 0.00000000000000000000 1.00000000000000000000 2 0 8 140 141 142 164 166 186 187 188 
166 7969 -0.058507600 0.020895700 0.00000000000000000000 1.00000000000000000000 2 0 8 141 142 143 165 167 187 188 189 
167 7970 -0.056308300 0.031288000 0.00000000000000000000 1.00000000000000000000 2 0 8 142 143 144 166 168 188 189 190 
168 7971 -0.053235200 0.041615600 0.00000000000000000000 1.00000000000000000000 2 0 8 143 144 145 167 169 189 190 191 
169 7972 -0.049294100 0.051857500 0.00000000000000000000 1.00000000000000000000 2 0 8 144 145 146 168 170 190 191 192 
170 7973 -0.044492100 0.061993700 0.00000000000000000000 1.00000000000000000000 2 0 8 145 146 147 169 171 191 192 193 
171 7974 -0.038837800 0.072004400 0.00000000000000000000 1.00000000000000000000 2 0 8 146 147 148 170 172 192 193 194 
172 7975 -0.032341400 0.081870800 0.00000000000000000000 1.00000000000000000000 2 0 8 147 148 149 171 173 193 194 195 
173 7976 -0.025014000 0.091574400 0.00000000000000000000 1.00000000000000000000 2 0 8 148 149 150 172 174 194 195 196 
174 7977 -0.016868400 0.101097000 0.00000000000000000000 1.00000000000000000000 2 0 8 149 150 151 173 175 195 196 197 
175 7978 -0.007918360 0.110423000 0.00000000000000000000 1.00000000000000000000 2 0 8 150 151 152 174 176 196 197 198 
176 7979 0.001820970 0.119533000 0.00000000000000000000 1.00000000000000000000 2 0 8 151 152 153 175 177 197 198 199 
177 7980 0.012333300 0.128413000 0.00000000000000000000 1.00000000000000000000 2 0 8 152 153 154 176 178 198 199 200 
178 7981 0.023601000 0.137047000 0.00000000000000000000 1.00000000000000000000 2 0 8 153 154 155 177 179 199 200 201 
179 7982 0.035605500 0.145420000 0.00000000000000000000 1.00000000000000000000 2 0 8 154 155 156 178 180 200 201 202 
180 7983 0.048326900 0.153517000 0.00000000000000000000 1.00000000000000000000 2 0 8 155 156 157 179 181 201 202 203 
181 7984 0.061744300 0.161326000 0.00000000000000000000 1.00000000000000000000 2 0 8 156 157 158 180 182 202 203 204 
182 7985 0.075835600 0.168832000 0.00000000000000000000 1.00000000000000000000 2 0 8 157 158 159 181 183 203 204 205 
183 7986 0.090577700 0.176024000 0.00000000000000000000 1.00000000000000000000 2 0 8 158 159 160 182 184 204 205 206 
184 7987 0.105947000 0.182890000 0.00000000000000000000 1.00000000000000000000 2 0 8 159 160 161 183 185 205 206 323 
185 7988 0.121917000 0.189420000 0.00000000000000000000 1.00000000000000000000 2 0 8 160 161 162 184 319 206 323 324 
186 7989 -0.076752600 0.000002470 0.00000000000000000000 1.00000000000000000000 2 0 8 163 164 165 322 187 325 207 208 
187 7990 -0.076298500 0.011757400 0.00000000000000000000 1.00000000000000000000 2 0 8 164 165 166 186 188 207 208 209 
188 7991 -0.074937400 0.023489000 0.00000000000000000000 1.00000000000000000000 2 0 8 165 166 167 187 189 208 209 210 
189 7992 -0.072671700 0.035174000 0.00000000000000000000 1.00000000000000000000 2 0 8 166 167 168 188 190 209 210 211 
190 7993 -0.069505800 0.046789600 0.00000000000000000000 1.00000000000000000000 2 0 8 167 168 169 189 191 210 211 212 
191 7994 -0.065445400 0.058313200 0.00000000000000000000 1.00000000000000000000 2 0 8 168 169 170 190 192 211 212 213 
192 7995 -0.060497800 0.069722800 0.00000000000000000000 1.00000000000000000000 2 0 8 169 170 171 191 193 212 213 214 
193 7996 -0.054671800 0.080997000 0.00000000000000000000 1.00000000000000000000 2 0 8 170 171 172 192 194 213 214 215 
194 7997 -0.047977900 0.092114600 0.00000000000000000000 1.00000000000000000000 2 0 8 171 172 173 193 195 214 215 216 
195 7998 -0.040427500 0.103056000 0.00000000000000000000 1.00000000000000000000 2 0 8 172 173 174 194 196 215 216 217 
196 7999 -0.032033800 0.113800000 0.00000000000000000000 1.00000000000000000000 2 0 8 173 174 175 195 197 216 217 218 
197 8000 -0.022811200 0.124328000 0.00000000000000000000 1.00000000000000000000 2 0 8 174 175 176 196 198 217 218 219 
198 8001 -0.012775300 0.134622000 0.00000000000000000000 1.00000000000000000000 2 0 8 175 176 177 197 199 218 219 220 
199 8002 -0.001943000 0.144664000 0.00000000000000000000 1.00000000000000000000 2 0 8 176 177 178 198 200 219 220 221 
200 8003 0.009667420 0.154436000 0.00000000000000000000 1.00000000000000000000 2 0 8 177 178 179 199 201 220 221 222 
201 8004 0.022036600 0.163921000 0.00000000000000000000 1.00000000000000000000 2 0 8 178 179 180 200 202 221 222 223 
202 8005 0.035144000 0.173104000 0.00000000000000000000 1.00000000000000000000 2 0 8 179 180 181 201 203 222 223 224 
203 8006 0.048967700 0.181969000 0.00000000000000000000 1.00000000000000000000 2 0 8 180 181 182 202 204 223 224 225 
204 8007 0.063485100 0.190502000 0.00000000000000000000 1.00000000000000000000 2 0 8 181 182 183 203 205 224 225 226 
205 8008 0.078672100 0.198689000 0.00000000000000000000 1.00000000000000000000 2 0 8 182 183 184 204 206 225 226 326 
206 8009 0.094503800 0.206516000 0.00000000000000000000 1.00000000000000000000 2 0 8 183 184 185 205 323 226 326 327 
207 8010 -0.095244700 0.000003115 0.00000000000000000000 1.00000000000000000000 2 0 8 322 186 187 325 208 328 227 228 
208 8011 -0.094775800 0.013100000 0.00000000000000000000 1.00000000000000000000 2 0 8 186 187 188 207 209 227 228 229 
209 8012 -0.093370300 0.026171800 0.00000000000000000000 1.00000000000000000000 2 0 8 187 188 189 208 210 228 229 230 
210 8013 -0.091030900 0.039193700 0.00000000000000000000 1.00000000000000000000 2 0 8 188 189 190 209 211 229 230 231 
211 8014 -0.087761800 0.052141000 0.00000000000000000000 1.00000000000000000000 2 0 8 189 190 191 210 212 230 231 232 
212 8015 -0.083568900 0.064989300 0.00000000000000000000 1.00000000000000000000 2 0 8 190 191 192 211 213 231 232 233 
213 8016 -0.078459600 0.077714800 0.00000000000000000000 1.00000000000000000000 2 0 8 191 192 193 212 214 232 233 234 
214 8017 -0.072443100 0.090293900 0.00000000000000000000 1.00000000000000000000 2 0 8 192 193 194 213 215 233 234 235 
215 8018 -0.065529900 0.102704000 0.00000000000000000000 1.00000000000000000000 2 0 8 193 194 195 214 216 234 235 236 
216 8019 -0.057732100 0.114922000 0.00000000000000000000 1.00000000000000000000 2 0 8 194 195 196 215 217 235 236 237 
217 8020 -0.049063200 0.126927000 0.00000000000000000000 1.00000000000000000000 2 0 8 195 196 197 216 218 236 237 238 
218 8021 -0.039538000 0.138697000 0.00000000000000000000 1.00000000000000000000 2 0 8 196 197 198 217 219 237 238 239 
219 8022 -0.029172800 0.150212000 0.00000000000000000000 1.00000000000000000000 2 0 8 197 198 199 218 220 238 239 240 
220 8023 -0.017985200 0.161452000 0.00000000000000000000 1.00000000000000000000 2 0 8 198 199 200 219 221 239 240 241 
221 8024 -0.005994020 0.172398000 0.00000000000000000000 1.00000000000000000000 2 0 8 199 200 201 220 222 240 241 242 
222 8025 0.006780550 0.183031000 0.00000000000000000000 1.00000000000000000000 2 0 8 200 201 202 221 223 241 242 243 
223 8026 0.020317200 0.193334000 0.00000000000000000000 1.00000000000000000000 2 0 8 201 202 203 222 224 242 243 244 
224 8027 0.034593200 0.203288000 0.00000000000000000000 1.00000000000000000000 2 0 8 202 203 204 223 225 243 244 245 
225 8028 0.049585100 0.212879000 0.00000000000000000000 1.00000000000000000000 2 0 8 203 204 205 224 226 244 245 246 
226 8029 0.065267800 0.222091000 0.00000000000000000000 1.00000000000000000000 2 0 8 204 205 206 225 326 245 246 329 
227 8030 -0.115822000 0.000003837 0.00000000000000000000 1.00000000000000000000 2 0 8 325 207 208 328 228 330 247 248 
228 8031 -0.115337000 0.014491800 0.00000000000000000000 1.00000000000000000000 2 0 8 207 208 209 227 229 247 248 249 
229 8032 -0.113882000 0.028953000 0.00000000000000000000 1.00000000000000000000 2 0 8 208 209 210 228 230 248 249 250 
230 8033 -0.111461000 0.043360400 0.00000000000000000000 1.00000000000000000000 2 0 8 209 210 211 229 231 249 250 251 
231 8034 -0.108078000 0.057687700 0.00000000000000000000 1.00000000000000000000 2 0 8 210 211 212 230 232 250 251 252 
232 8035 -0.103739000 0.071908400 0.00000000000000000000 1.00000000000000000000 2 0 8 211 212 213 231 233 251 252 253 
233 8036 -0.098451300 0.085996700 0.00000000000000000000 1.00000000000000000000 2 0 8 212 213 214 232 234 252 253 254 
234 8037 -0.092224400 0.099927200 0.00000000000000000000 1.00000000000000000000 2 0 8 213 214 215 233 235 253 254 255 
235 8038 -0.085069200 0.113675000 0.00000000000000000000 1.00000000000000000000 2 0 8 214 215 216 234 236 254 255 256 
236 8039 -0.076998300 0.127215000 0.00000000000000000000 1.00000000000000000000 2 0 8 215 216 217 235 237 255 256 257 
237 8040 -0.068025600 0.140525000 0.00000000000000000000 1.00000000000000000000 2 0 8 216 217 218 236 238 256 257 258 
238 8041 -0.058166400 0.153580000 0.00000000000000000000 1.00000000000000000000 2 0 8 217 218 219 237 239 257 258 259 
239 8042 -0.047437700 0.166358000 0.00000000000000000000 1.00000000000000000000 2 0 8 218 219 220 238 240 258 259 260 
240 8043 -0.035857700 0.178838000 0.00000000000000000000 1.00000000000000000000 2 0 8 219 220 221 239 241 259 260 261 
241 8044 -0.023446000 0.190998000 0.00000000000000000000 1.00000000000000000000 2 0 8 220 221 222 240 242 260 261 262 
242 8045 -0.010223500 0.202818000 0.00000000000000000000 1.00000000000000000000 2 0 8 221 222 223 241 243 261 262 263 
243 8046 0.003787630 0.214277000 0.00000000000000000000 1.00000000000000000000 2 0 8 222 223 224 242 244 262 263 264 
244 8047 0.018563800 0.225358000 0.00000000000000000000 1.00000000000000000000 2 0 8 223 224 225 243 245 263 264 265 
245 8048 0.034080500 0.236043000 0.00000000000000000000 1.00000000000000000000 2 0 8 224 225 226 244 246 264 265 331 
246 8049 0.050311900 0.246313000 0.00000000000000000000 1.00000000000000000000 2 0 8 225 226 326 245 329 265 331 332 
247 8050 -0.138568000 0.000004637 0.00000000000000000000 1.00000000000000000000 2 0 8 328 227 228 330 248 333 266 267 
248 8051 -0.138065000 0.015937700 0.00000000000000000000 1.00000000000000000000 2 0 8 227 228 229 247 249 266 267 268 
249 8052 -0.136556000 0.031841800 0.00000000000000000000 1.00000000000000000000 2 0 8 228 229 230 248 250 267 268 269 
250 8053 -0.134046000 0.047688300 0.00000000000000000000 1.00000000000000000000 2 0 8 229 230 231 249 251 268 269 270 
251 8054 -0.130537000 0.063448500 0.00000000000000000000 1.00000000000000000000 2 0 8 230 231 232 250 252 269 270 271 
252 8055 -0.126037000 0.079094200 0.00000000000000000000 1.00000000000000000000 2 0 8 231 232 233 251 253 270 271 272 
253 8056 -0.120553000 0.094597300 0.00000000000000000000 1.00000000000000000000 2 0 8 232 233 234 252 254 271 272 273 
254 8057 -0.114095000 0.109930000 0.00000000000000000000 1.00000000000000000000 2 0 8 233 234 235 253 255 272 273 274 
255 8058 -0.106674000 0.125066000 0.00000000000000000000 1.00000000000000000000 2 0 8 234 235 236 254 256 273 274 275 
256 8059 -0.098303100 0.139979000 0.00000000000000000000 1.00000000000000000000 2 0 8 235 236 237 255 257 274 275 276 
257 8060 -0.088996600 0.154641000 0.00000000000000000000 1.00000000000000000000 2 0 8 236 237 238 256 258 275 276 277 
258 8061 -0.078770500 0.169029000 0.00000000000000000000 1.00000000000000000000 2 0 8 237 238 239 257 259 276 277 278 
259 8062 -0.067642400 0.183117000 0.00000000000000000000 1.00000000000000000000 2 0 8 238 239 240 258 260 277 278 279 
260 8063 -0.055631200 0.196882000 0.00000000000000000000 1.00000000000000000000 2 0 8 239 240 241 259 261 278 279 280 
261 8064 -0.042757300 0.210301000 0.00000000000000000000 1.00000000000000000000 2 0 8 240 241 242 260 262 279 280 281 
262 8065 -0.029042400 0.223351000 0.00000000000000000000 1.00000000000000000000 2 0 8 241 242 243 261 263 280 281 282 
263 8066 -0.014509500 0.236010000 0.00000000000000000000 1.00000000000000000000 2 0 8 242 243 244 262 264 281 282 283 
264 8067 0.000816796 0.248258000 0.00000000000000000000 1.00000000000000000000 2 0 8 243 244 245 263 265 282 283 334 
265 8068 0.016911000 0.260075000 0.00000000000000000000 1.00000000000000000000 2 0 8 244 245 246 264 331 283 334 335 
266 8069 -0.163572000 0.000005516 0.00000000000000000000 1.00000000000000000000 2 0 8 330 247 248 333 267 336 337 284 
267 8070 -0.163049000 0.017442400 0.00000000000000000000 1.00000000000000000000 2 0 8 247 248 249 266 268 337 284 285 
268 8071 -0.161482000 0.034848300 0.00000000000000000000 1.00000000000000000000 2 0 8 248 249 250 267 269 284 285 286 
269 8072 -0.158873000 0.052192300 0.00000000000000000000 1.00000000000000000000 2 0 8 249 250 251 268 270 285 286 287 
270 8073 -0.155227000 0.069443600 0.00000000000000000000 1.00000000000000000000 2 0 8 250 251 252 269 271 286 287 288 
271 8074 -0.150551000 0.086571700 0.00000000000000000000 1.00000000000000000000 2 0 8 251 252 253 270 272 287 288 289 
272 8075 -0.144853000 0.103547000 0.00000000000000000000 1.00000000000000000000 2 0 8 252 253 254 271 273 288 289 290 
273 8076 -0.138142000 0.120338000 0.00000000000000000000 1.00000000000000000000 2 0 8 253 254 255 272 274 289 290 291 
274 8077 -0.130430000 0.136918000 0.00000000000000000000 1.00000000000000000000 2 0 8 254 255 256 273 275 290 291 292 
275 8078 -0.121731000 0.153257000 0.00000000000000000000 1.00000000000000000000 2 0 8 255 256 257 274 276 291 292 293 
276 8079 -0.112059000 0.169326000 0.00000000000000000000 1.00000000000000000000 2 0 8 256 257 258 275 277 292 293 294 
277 8080 -0.101431000 0.185099000 0.00000000000000000000 1.00000000000000000000 2 0 8 257 258 259 276 278 293 294 295 
278 8081 -0.089866300 0.200549000 0.00000000000000000000 1.00000000000000000000 2 0 8 258 259 260 277 279 294 295 296 
279 8082 -0.077383300 0.215650000 0.00000000000000000000 1.00000000000000000000 2 0 8 259 260 261 278 280 295 296 297 
280 8083 -0.064003500 0.230376000 0.00000000000000000000 1.00000000000000000000 2 0 8 260 261 262 279 281 296 297 298 
281 8084 -0.049749600 0.244704000 0.00000000000000000000 1.00000000000000000000 2 0 8 261 262 263 280 282 297 298 299 
282 8085 -0.034645600 0.258609000 0.00000000000000000000 1.00000000000000000000 2 0 8 262 263 264 281 283 298 299 338 
283 8086 -0.018716800 0.272069000 0.00000000000000000000 1.00000000000000000000 2 0 8 263 264 265 282 334 299 338 339 
284 8087 -0.190389000 0.019011400 0.00000000000000000000 1.00000000000000000000 2 0 8 266 267 268 337 285 340 341 342 
285 8088 -0.188757000 0.037983000 0.00000000000000000000 1.00000000000000000000 2 0 8 267 268 269 284 286 341 342 343 
286 8089 -0.186041000 0.056888200 0.00000000000000000000 1.00000000000000000000 2 0 8 268 269 270 285 287 342 343 344 
287 8090 -0.182246000 0.075693900 0.00000000000000000000 1.00000000000000000000 2 0 8 269 270 271 286 288 343 344 345 
288 8091 -0.177377000 0.094367300 0.00000000000000000000 1.00000000000000000000 2 0 8 270 271 272 287 289 344 345 346 
289 8092 -0.171445000 0.112876000 0.00000000000000000000 1.00000000000000000000 2 0 8 271 272 273 288 290 345 346 347 
290 8093 -0.164458000 0.131188000 0.00000000000000000000 1.00000000000000000000 2 0 8 272 273 274 289 291 346 347 348 
291 8094 -0.156429000 0.149272000 0.00000000000000000000 1.00000000000000000000 2 0 8 273 274 275 290 292 347 348 349 
292 8095 -0.147372000 0.167097000 0.00000000000000000000 1.00000000000000000000 2 0 8 274 275 276 291 293 348 349 350 
293 8096 -0.137302000 0.184632000 0.00000000000000000000 1.00000000000000000000 2 0 8 275 276 277 292 294 349 350 351 
294 8097 -0.126237000 0.201848000 0.00000000000000000000 1.00000000000000000000 2 0 8 276 277 278 293 295 350 351 352 
295 8098 -0.114196000 0.218716000 0.00000000000000000000 1.00000000000000000000 2 0 8 277 278 279 294 296 351 352 353 
296 8099 -0.101198000 0.235208000 0.00000000000000000000 1.00000000000000000000 2 0 8 278 279 280 295 297 352 353 354 
297 8100 -0.087266900 0.251296000 0.00000000000000000000 1.00000000000000000000 2 0 8 279 280 281 296 298 353 354 355 
298 8101 -0.072425200 0.266954000 0.00000000000000000000 1.00000000000000000000 2 0 8 280 281 282 297 299 354 355 356 
299 8102 -0.056698200 0.282156000 0.00000000000000000000 1.00000000000000000000 2 0 8 281 282 283 298 338 355 356 357 
300 909 0.00615582 -0.0134413 1 1
301 7203 0.238751 0.0586347 1 1
302 921 0.000546003 -0.0178611 2 0
303 922 -0.00219496 -0.0134726 2 0
304 7215 0.236346 0.0838211 2 0
305 934 -0.00671796 -0.0223751 2 0
306 935 -0.00951131 -0.0168501 2 0
307 7227 0.232999 0.109352 2 0
308 949 -0.0185292 -0.0203127 2 0
309 7239 0.211403 0.132703 2 0
310 7240 0.228696 0.135314 2 0
311 963 -0.0292982 -0.0238668 2 0
312 7252 0.188546 0.154899 2 0
313 7253 0.20576 0.158498 2 0
314 977 -0.0418722 -0.0275206 2 0
315 978 -0.044012 -0.0183809 2 0
316 7266 0.16428 0.175887 2 0
317 7267 0.18143 0.180557 2 0
318 993 -0.0585082 -0.0208919 2 0
319 7282 0.138463 0.195603 2 0
320 7283 0.155558 0.20143 2 0
321 1008 -0.0749381 -0.0234841 2 0
322 1009 -0.0762989 -0.0117525 2 0
323 7300 0.110954 0.213972 2 0
324 7301 0.127996 0.221046 2 0
325 1026 -0.0947762 -0.0130938 2 0
326 7319 0.0816155 0.230909 2 0
327 7320 0.0986013 0.239319 2 0
328 1044 -0.115337 -0.0144842 2 0
329 7339 0.0672311 0.256154 2 0
330 1063 -0.138065 -0.0159284 2 0
331 7359 0.0337464 0.271442 2 0
332 7360 0.0512948 0.282342 2 0
333 1083 -0.16305 -0.0174314 2 0
334 7380 -0.00198996 0.285062 2 0
335 7381 0.015507 0.297569 2 0
336 1104 -0.190389 -0.0189985 2 0
337 1105 -0.190933 6.47522e-06 2 0
338 7402 -0.0401122 0.296877 2 0
339 7403 -0.0226951 0.311095 2 0
340 8103 -0.220756 7.51545e-06 2 0
341 8104 -0.220189 0.0206501 2 0
342 8105 -0.218487 0.041257 2 0
343 8106 -0.215655 0.0617926 2 0
344 8107 -0.211697 0.0822216 2 0
345 8108 -0.20662 0.102509 2 0
346 8109 -0.200433 0.122619 2 0
347 8110 -0.193146 0.142518 2 0
348 8111 -0.184773 0.162173 2 0
349 8112 -0.175327 0.181549 2 0
350 8113 -0.164824 0.200614 2 0
351 8114 -0.153284 0.219336 2 0
352 8115 -0.140725 0.237684 2 0
353 8116 -0.127168 0.255627 2 0
354 8117 -0.112637 0.273135 2 0
355 8118 -0.0971563 0.290181 2 0
356 8119 -0.0807519 0.306736 2 0
357 7425 -0.0634514 0.322773 2 0
