368 309 59
1 1207 -0.115361000 -3.062310000 0.00000000000000000000 1.00000000000000000000 2 0 8 310 311 312 324 2 12 13 14 
2 1208 -0.236750000 -3.036650000 0.00000000000000000000 1.00000000000000000000 2 0 8 311 312 313 1 3 13 14 15 
3 1209 -0.357046000 -3.006280000 0.00000000000000000000 1.00000000000000000000 2 0 8 312 313 314 2 4 14 15 16 
4 1210 -0.476062000 -2.971250000 0.00000000000000000000 1.00000000000000000000 2 0 8 313 314 315 3 5 15 16 17 
5 1211 -0.593613000 -2.931630000 0.00000000000000000000 1.00000000000000000000 2 0 8 314 315 316 4 6 16 17 18 
6 1212 -0.709516000 -2.887450000 0.00000000000000000000 1.00000000000000000000 2 0 8 315 316 317 5 7 17 18 19 
7 1213 -0.823590000 -2.838800000 0.00000000000000000000 1.00000000000000000000 2 0 8 316 317 318 6 8 18 19 20 
8 1214 -0.935658000 -2.785740000 0.00000000000000000000 1.00000000000000000000 2 0 8 317 318 319 7 9 19 20 21 
9 1215 -1.045540000 -2.728360000 0.00000000000000000000 1.00000000000000000000 2 0 8 318 319 320 8 10 20 21 22 
10 1216 -1.153070000 -2.666730000 0.00000000000000000000 1.00000000000000000000 2 0 8 319 320 321 9 11 21 22 23 
11 1217 -1.258080000 -2.600960000 0.00000000000000000000 1.00000000000000000000 2 0 8 320 321 322 10 325 22 23 24 
12 1218 -0.023750800 -3.279200000 0.00000000000000000000 1.00000000000000000000 2 0 8 323 324 1 328 13 25 26 27 
13 1219 -0.153619000 -3.256890000 0.00000000000000000000 1.00000000000000000000 2 0 8 324 1 2 12 14 26 27 28 
14 1220 -0.282523000 -3.229540000 0.00000000000000000000 1.00000000000000000000 2 0 8 1 2 3 13 15 27 28 29 
15 1221 -0.410263000 -3.197200000 0.00000000000000000000 1.00000000000000000000 2 0 8 2 3 4 14 16 28 29 30 
16 1222 -0.536641000 -3.159910000 0.00000000000000000000 1.00000000000000000000 2 0 8 3 4 5 15 17 29 30 31 
17 1223 -0.661460000 -3.117720000 0.00000000000000000000 1.00000000000000000000 2 0 8 4 5 6 16 18 30 31 32 
18 1224 -0.784526000 -3.070700000 0.00000000000000000000 1.00000000000000000000 2 0 8 5 6 7 17 19 31 32 33 
19 1225 -0.905647000 -3.018920000 0.00000000000000000000 1.00000000000000000000 2 0 8 6 7 8 18 20 32 33 34 
20 1226 -1.024630000 -2.962450000 0.00000000000000000000 1.00000000000000000000 2 0 8 7 8 9 19 21 33 34 35 
21 1227 -1.141300000 -2.901390000 0.00000000000000000000 1.00000000000000000000 2 0 8 8 9 10 20 22 34 35 36 
22 1228 -1.255470000 -2.835820000 0.00000000000000000000 1.00000000000000000000 2 0 8 9 10 11 21 23 35 36 37 
23 1229 -1.366950000 -2.765840000 0.00000000000000000000 1.00000000000000000000 2 0 8 10 11 325 22 24 36 37 38 
24 1230 -1.475580000 -2.691570000 0.00000000000000000000 1.00000000000000000000 2 0 8 11 325 326 23 329 37 38 331 
25 1231 0.082352400 -3.505730000 0.00000000000000000000 1.00000000000000000000 2 0 8 327 328 12 330 26 332 39 40 
26 1232 -0.056386100 -3.487350000 0.00000000000000000000 1.00000000000000000000 2 0 8 328 12 13 25 27 39 40 41 
27 1233 -0.194311000 -3.463570000 0.00000000000000000000 1.00000000000000000000 2 0 8 12 13 14 26 28 40 41 42 
28 1234 -0.331209000 -3.434440000 0.00000000000000000000 1.00000000000000000000 2 0 8 13 14 15 27 29 41 42 43 
29 1235 -0.466867000 -3.400000000 0.00000000000000000000 1.00000000000000000000 2 0 8 14 15 16 28 30 42 43 44 
30 1236 -0.601074000 -3.360300000 0.00000000000000000000 1.00000000000000000000 2 0 8 15 16 17 29 31 43 44 45 
31 1237 -0.733623000 -3.315390000 0.00000000000000000000 1.00000000000000000000 2 0 8 16 17 18 30 32 44 45 46 
32 1238 -0.864307000 -3.265340000 0.00000000000000000000 1.00000000000000000000 2 0 8 17 18 19 31 33 45 46 47 
33 1239 -0.992923000 -3.210240000 0.00000000000000000000 1.00000000000000000000 2 0 8 18 19 20 32 34 46 47 48 
34 1240 -1.119270000 -3.150150000 0.00000000000000000000 1.00000000000000000000 2 0 8 19 20 21 33 35 47 48 49 
35 1241 -1.243150000 -3.085180000 0.00000000000000000000 1.00000000000000000000 2 0 8 20 21 22 34 36 48 49 50 
36 1242 -1.364370000 -3.015420000 0.00000000000000000000 1.00000000000000000000 2 0 8 21 22 23 35 37 49 50 51 
37 1243 -1.482740000 -2.940980000 0.00000000000000000000 1.00000000000000000000 2 0 8 22 23 24 36 38 50 51 52 
38 1244 -1.598080000 -2.861970000 0.00000000000000000000 1.00000000000000000000 2 0 8 23 24 329 37 331 51 52 333 
39 1245 0.056265400 -3.728070000 0.00000000000000000000 1.00000000000000000000 2 0 8 330 25 26 332 40 336 53 54 
40 1246 -0.091095900 -3.708470000 0.00000000000000000000 1.00000000000000000000 2 0 8 25 26 27 39 41 53 54 55 
41 1247 -0.237589000 -3.683140000 0.00000000000000000000 1.00000000000000000000 2 0 8 26 27 28 40 42 54 55 56 
42 1248 -0.382988000 -3.652110000 0.00000000000000000000 1.00000000000000000000 2 0 8 27 28 29 41 43 55 56 57 
43 1249 -0.527067000 -3.615440000 0.00000000000000000000 1.00000000000000000000 2 0 8 28 29 30 42 44 56 57 58 
44 1250 -0.669601000 -3.573170000 0.00000000000000000000 1.00000000000000000000 2 0 8 29 30 31 43 45 57 58 59 
45 1251 -0.810371000 -3.525380000 0.00000000000000000000 1.00000000000000000000 2 0 8 30 31 32 44 46 58 59 60 
46 1252 -0.949156000 -3.472120000 0.00000000000000000000 1.00000000000000000000 2 0 8 31 32 33 45 47 59 60 61 
47 1253 -1.085740000 -3.413480000 0.00000000000000000000 1.00000000000000000000 2 0 8 32 33 34 46 48 60 61 62 
48 1254 -1.219920000 -3.349550000 0.00000000000000000000 1.00000000000000000000 2 0 8 33 34 35 47 49 61 62 63 
49 1255 -1.351470000 -3.280430000 0.00000000000000000000 1.00000000000000000000 2 0 8 34 35 36 48 50 62 63 64 
50 1256 -1.480190000 -3.206220000 0.00000000000000000000 1.00000000000000000000 2 0 8 35 36 37 49 51 63 64 65 
51 1257 -1.605890000 -3.127030000 0.00000000000000000000 1.00000000000000000000 2 0 8 36 37 38 50 52 64 65 66 
52 1258 -1.728360000 -3.042990000 0.00000000000000000000 1.00000000000000000000 2 0 8 37 38 331 51 333 65 66 67 
53 1259 0.028521400 -3.964280000 0.00000000000000000000 1.00000000000000000000 2 0 8 332 39 40 336 54 68 69 70 
54 1260 -0.128010000 -3.943390000 0.00000000000000000000 1.00000000000000000000 2 0 8 39 40 41 53 55 69 70 71 
55 1261 -0.283615000 -3.916400000 0.00000000000000000000 1.00000000000000000000 2 0 8 40 41 42 54 56 70 71 72 
56 1262 -0.438054000 -3.883360000 0.00000000000000000000 1.00000000000000000000 2 0 8 41 42 43 55 57 71 72 73 
57 1263 -0.591087000 -3.844320000 0.00000000000000000000 1.00000000000000000000 2 0 8 42 43 44 56 58 72 73 74 
58 1264 -0.742477000 -3.799330000 0.00000000000000000000 1.00000000000000000000 2 0 8 43 44 45 57 59 73 74 75 
59 1265 -0.891988000 -3.748460000 0.00000000000000000000 1.00000000000000000000 2 0 8 44 45 46 58 60 74 75 76 
60 1266 -1.039390000 -3.691790000 0.00000000000000000000 1.00000000000000000000 2 0 8 45 46 47 59 61 75 76 77 
61 1267 -1.184450000 -3.629400000 0.00000000000000000000 1.00000000000000000000 2 0 8 46 47 48 60 62 76 77 78 
62 1268 -1.326950000 -3.561390000 0.00000000000000000000 1.00000000000000000000 2 0 8 47 48 49 61 63 77 78 79 
63 1269 -1.466650000 -3.487850000 0.00000000000000000000 1.00000000000000000000 2 0 8 48 49 50 62 64 78 79 80 
64 1270 -1.603360000 -3.408910000 0.00000000000000000000 1.00000000000000000000 2 0 8 49 50 51 63 65 79 80 81 
65 1271 -1.736840000 -3.324680000 0.00000000000000000000 1.00000000000000000000 2 0 8 50 51 52 64 66 80 81 82 
66 1272 -1.866900000 -3.235290000 0.00000000000000000000 1.00000000000000000000 2 0 8 51 52 333 65 67 81 82 83 
67 1273 -1.993330000 -3.140880000 0.00000000000000000000 1.00000000000000000000 2 0 8 52 333 334 66 337 82 83 339 
68 1274 0.166029000 -4.231010000 0.00000000000000000000 1.00000000000000000000 2 0 8 335 336 53 338 69 340 84 85 
69 1275 -0.000982964 -4.215250000 0.00000000000000000000 1.00000000000000000000 2 0 8 336 53 54 68 70 84 85 86 
70 1276 -0.167265000 -4.192990000 0.00000000000000000000 1.00000000000000000000 2 0 8 53 54 55 69 71 85 86 87 
71 1277 -0.332560000 -4.164240000 0.00000000000000000000 1.00000000000000000000 2 0 8 54 55 56 70 72 86 87 88 
72 1278 -0.496612000 -4.129060000 0.00000000000000000000 1.00000000000000000000 2 0 8 55 56 57 71 73 87 88 89 
73 1279 -0.659167000 -4.087500000 0.00000000000000000000 1.00000000000000000000 2 0 8 56 57 58 72 74 88 89 90 
74 1280 -0.819973000 -4.039610000 0.00000000000000000000 1.00000000000000000000 2 0 8 57 58 59 73 75 89 90 91 
75 1281 -0.978780000 -3.985480000 0.00000000000000000000 1.00000000000000000000 2 0 8 58 59 60 74 76 90 91 92 
76 1282 -1.135340000 -3.925180000 0.00000000000000000000 1.00000000000000000000 2 0 8 59 60 61 75 77 91 92 93 
77 1283 -1.289410000 -3.858800000 0.00000000000000000000 1.00000000000000000000 2 0 8 60 61 62 76 78 92 93 94 
78 1284 -1.440760000 -3.786450000 0.00000000000000000000 1.00000000000000000000 2 0 8 61 62 63 77 79 93 94 95 
79 1285 -1.589140000 -3.708230000 0.00000000000000000000 1.00000000000000000000 2 0 8 62 63 64 78 80 94 95 96 
80 1286 -1.734330000 -3.624260000 0.00000000000000000000 1.00000000000000000000 2 0 8 63 64 65 79 81 95 96 97 
81 1287 -1.876090000 -3.534680000 0.00000000000000000000 1.00000000000000000000 2 0 8 64 65 66 80 82 96 97 98 
82 1288 -2.014220000 -3.439610000 0.00000000000000000000 1.00000000000000000000 2 0 8 65 66 67 81 83 97 98 99 
83 1289 -2.148490000 -3.339200000 0.00000000000000000000 1.00000000000000000000 2 0 8 66 67 337 82 339 98 99 341 
84 1290 0.145073000 -4.498730000 0.00000000000000000000 1.00000000000000000000 2 0 8 338 68 69 340 85 342 100 101 
85 1291 -0.032357900 -4.481920000 0.00000000000000000000 1.00000000000000000000 2 0 8 68 69 70 84 86 100 101 102 
86 1292 -0.209009000 -4.458190000 0.00000000000000000000 1.00000000000000000000 2 0 8 69 70 71 85 87 101 102 103 
87 1293 -0.384607000 -4.427580000 0.00000000000000000000 1.00000000000000000000 2 0 8 70 71 72 86 88 102 103 104 
88 1294 -0.558880000 -4.390120000 0.00000000000000000000 1.00000000000000000000 2 0 8 71 72 73 87 89 103 104 105 
89 1295 -0.731560000 -4.345880000 0.00000000000000000000 1.00000000000000000000 2 0 8 72 73 74 88 90 104 105 106 
90 1296 -0.902377000 -4.294920000 0.00000000000000000000 1.00000000000000000000 2 0 8 73 74 75 89 91 105 106 107 
91 1297 -1.071070000 -4.237320000 0.00000000000000000000 1.00000000000000000000 2 0 8 74 75 76 90 92 106 107 108 
92 1298 -1.237370000 -4.173160000 0.00000000000000000000 1.00000000000000000000 2 0 8 75 76 77 91 93 107 108 109 
93 1299 -1.401020000 -4.102550000 0.00000000000000000000 1.00000000000000000000 2 0 8 76 77 78 92 94 108 109 110 
94 1300 -1.561780000 -4.025580000 0.00000000000000000000 1.00000000000000000000 2 0 8 77 78 79 93 95 109 110 111 
95 1301 -1.719380000 -3.942380000 0.00000000000000000000 1.00000000000000000000 2 0 8 78 79 80 94 96 110 111 112 
96 1302 -1.873590000 -3.853070000 0.00000000000000000000 1.00000000000000000000 2 0 8 79 80 81 95 97 111 112 113 
97 1303 -2.024160000 -3.757790000 0.00000000000000000000 1.00000000000000000000 2 0 8 80 81 82 96 98 112 113 114 
98 1304 -2.170860000 -3.656690000 0.00000000000000000000 1.00000000000000000000 2 0 8 81 82 83 97 99 113 114 115 
99 1305 -2.313460000 -3.549910000 0.00000000000000000000 1.00000000000000000000 2 0 8 82 83 339 98 341 114 115 343 
100 1306 0.122787000 -4.783210000 0.00000000000000000000 1.00000000000000000000 2 0 8 340 84 85 342 101 344 116 117 
101 1307 -0.065720500 -4.765280000 0.00000000000000000000 1.00000000000000000000 2 0 8 84 85 86 100 102 116 117 118 
102 1308 -0.253396000 -4.740000000 0.00000000000000000000 1.00000000000000000000 2 0 8 85 86 87 101 103 117 118 119 
103 1309 -0.439948000 -4.707390000 0.00000000000000000000 1.00000000000000000000 2 0 8 86 87 88 102 104 118 119 120 
104 1310 -0.625090000 -4.667520000 0.00000000000000000000 1.00000000000000000000 2 0 8 87 88 89 103 105 119 120 121 
105 1311 -0.808534000 -4.620430000 0.00000000000000000000 1.00000000000000000000 2 0 8 88 89 90 104 106 120 121 122 
106 1312 -0.989996000 -4.566210000 0.00000000000000000000 1.00000000000000000000 2 0 8 89 90 91 105 107 121 122 123 
107 1313 -1.169200000 -4.504920000 0.00000000000000000000 1.00000000000000000000 2 0 8 90 91 92 106 108 122 123 124 
108 1314 -1.345850000 -4.436660000 0.00000000000000000000 1.00000000000000000000 2 0 8 91 92 93 107 109 123 124 125 
109 1315 -1.519700000 -4.361540000 0.00000000000000000000 1.00000000000000000000 2 0 8 92 93 94 108 110 124 125 126 
110 1316 -1.690450000 -4.279680000 0.00000000000000000000 1.00000000000000000000 2 0 8 93 94 95 109 111 125 126 127 
111 1317 -1.857860000 -4.191180000 0.00000000000000000000 1.00000000000000000000 2 0 8 94 95 96 110 112 126 127 128 
112 1318 -2.021660000 -4.096200000 0.00000000000000000000 1.00000000000000000000 2 0 8 95 96 97 111 113 127 128 129 
113 1319 -2.181590000 -3.994870000 0.00000000000000000000 1.00000000000000000000 2 0 8 96 97 98 112 114 128 129 130 
114 1320 -2.337410000 -3.887350000 0.00000000000000000000 1.00000000000000000000 2 0 8 97 98 99 113 115 129 130 131 
115 1321 -2.488870000 -3.773810000 0.00000000000000000000 1.00000000000000000000 2 0 8 98 99 341 114 343 130 131 345 
116 1322 0.099090200 -5.085510000 0.00000000000000000000 1.00000000000000000000 2 0 8 342 100 101 344 117 346 132 133 
117 1323 -0.101195000 -5.066400000 0.00000000000000000000 1.00000000000000000000 2 0 8 100 101 102 116 118 132 133 134 
118 1324 -0.300592000 -5.039460000 0.00000000000000000000 1.00000000000000000000 2 0 8 101 102 103 117 119 133 134 135 
119 1325 -0.498792000 -5.004740000 0.00000000000000000000 1.00000000000000000000 2 0 8 102 103 104 118 120 134 135 136 
120 1326 -0.695488000 -4.962300000 0.00000000000000000000 1.00000000000000000000 2 0 8 103 104 105 119 121 135 136 137 
121 1327 -0.890377000 -4.912190000 0.00000000000000000000 1.00000000000000000000 2 0 8 104 105 106 120 122 136 137 138 
122 1328 -1.083160000 -4.854480000 0.00000000000000000000 1.00000000000000000000 2 0 8 105 106 107 121 123 137 138 139 
123 1329 -1.273530000 -4.789280000 0.00000000000000000000 1.00000000000000000000 2 0 8 106 107 108 122 124 138 139 140 
124 1330 -1.461200000 -4.716670000 0.00000000000000000000 1.00000000000000000000 2 0 8 107 108 109 123 125 139 140 141 
125 1331 -1.645870000 -4.636760000 0.00000000000000000000 1.00000000000000000000 2 0 8 108 109 110 124 126 140 141 142 
126 1332 -1.827260000 -4.549680000 0.00000000000000000000 1.00000000000000000000 2 0 8 109 110 111 125 127 141 142 143 
127 1333 -2.005100000 -4.455560000 0.00000000000000000000 1.00000000000000000000 2 0 8 110 111 112 126 128 142 143 144 
128 1334 -2.179090000 -4.354540000 0.00000000000000000000 1.00000000000000000000 2 0 8 111 112 113 127 129 143 144 145 
129 1335 -2.348970000 -4.246790000 0.00000000000000000000 1.00000000000000000000 2 0 8 112 113 114 128 130 144 145 146 
130 1336 -2.514490000 -4.132450000 0.00000000000000000000 1.00000000000000000000 2 0 8 113 114 115 129 131 145 146 147 
131 1337 -2.675370000 -4.011710000 0.00000000000000000000 1.00000000000000000000 2 0 8 114 115 343 130 345 146 147 347 
132 1338 0.073892900 -5.406770000 0.00000000000000000000 1.00000000000000000000 2 0 8 344 116 117 346 133 348 148 149 
133 1339 -0.138914000 -5.386390000 0.00000000000000000000 1.00000000000000000000 2 0 8 116 117 118 132 134 148 149 150 
134 1340 -0.350773000 -5.357700000 0.00000000000000000000 1.00000000000000000000 2 0 8 117 118 119 133 135 149 150 151 
135 1341 -0.561356000 -5.320740000 0.00000000000000000000 1.00000000000000000000 2 0 8 118 119 120 134 136 150 151 152 
136 1342 -0.770337000 -5.275560000 0.00000000000000000000 1.00000000000000000000 2 0 8 119 120 121 135 137 151 152 153 
137 1343 -0.977393000 -5.222230000 0.00000000000000000000 1.00000000000000000000 2 0 8 120 121 122 136 138 152 153 154 
138 1344 -1.182200000 -5.160830000 0.00000000000000000000 1.00000000000000000000 2 0 8 121 122 123 137 139 153 154 155 
139 1345 -1.384450000 -5.091460000 0.00000000000000000000 1.00000000000000000000 2 0 8 122 123 124 138 140 154 155 156 
140 1346 -1.583830000 -5.014220000 0.00000000000000000000 1.00000000000000000000 2 0 8 123 124 125 139 141 155 156 157 
141 1347 -1.780020000 -4.929220000 0.00000000000000000000 1.00000000000000000000 2 0 8 124 125 126 140 142 156 157 158 
142 1348 -1.972720000 -4.836610000 0.00000000000000000000 1.00000000000000000000 2 0 8 125 126 127 141 143 157 158 159 
143 1349 -2.161630000 -4.736510000 0.00000000000000000000 1.00000000000000000000 2 0 8 126 127 128 142 144 158 159 160 
144 1350 -2.346460000 -4.629080000 0.00000000000000000000 1.00000000000000000000 2 0 8 127 128 129 143 145 159 160 161 
145 1351 -2.526930000 -4.514490000 0.00000000000000000000 1.00000000000000000000 2 0 8 128 129 130 144 146 160 161 162 
146 1352 -2.702740000 -4.392910000 0.00000000000000000000 1.00000000000000000000 2 0 8 129 130 131 145 147 161 162 163 
147 1353 -2.873640000 -4.264530000 0.00000000000000000000 1.00000000000000000000 2 0 8 130 131 345 146 347 162 163 349 
148 1354 0.047101100 -5.748200000 0.00000000000000000000 1.00000000000000000000 2 0 8 346 132 133 348 149 350 164 165 
149 1355 -0.179019000 -5.726470000 0.00000000000000000000 1.00000000000000000000 2 0 8 132 133 134 148 150 164 165 166 
150 1356 -0.404126000 -5.695910000 0.00000000000000000000 1.00000000000000000000 2 0 8 133 134 135 149 151 165 166 167 
151 1357 -0.627873000 -5.656560000 0.00000000000000000000 1.00000000000000000000 2 0 8 134 135 136 150 152 166 167 168 
152 1358 -0.849914000 -5.608470000 0.00000000000000000000 1.00000000000000000000 2 0 8 135 136 137 151 153 167 168 169 
153 1359 -1.069910000 -5.551720000 0.00000000000000000000 1.00000000000000000000 2 0 8 136 137 138 152 154 168 169 170 
154 1360 -1.287510000 -5.486400000 0.00000000000000000000 1.00000000000000000000 2 0 8 137 138 139 153 155 169 170 171 
155 1361 -1.502390000 -5.412600000 0.00000000000000000000 1.00000000000000000000 2 0 8 138 139 140 154 156 170 171 172 
156 1362 -1.714200000 -5.330430000 0.00000000000000000000 1.00000000000000000000 2 0 8 139 140 141 155 157 171 172 173 
157 1363 -1.922630000 -5.240030000 0.00000000000000000000 1.00000000000000000000 2 0 8 140 141 142 156 158 172 173 174 
158 1364 -2.127350000 -5.141530000 0.00000000000000000000 1.00000000000000000000 2 0 8 141 142 143 157 159 173 174 175 
159 1365 -2.328050000 -5.035070000 0.00000000000000000000 1.00000000000000000000 2 0 8 142 143 144 158 160 174 175 176 
160 1366 -2.524400000 -4.920830000 0.00000000000000000000 1.00000000000000000000 2 0 8 143 144 145 159 161 175 176 177 
161 1367 -2.716110000 -4.798980000 0.00000000000000000000 1.00000000000000000000 2 0 8 144 145 146 160 162 176 177 178 
162 1368 -2.902880000 -4.669700000 0.00000000000000000000 1.00000000000000000000 2 0 8 145 146 147 161 163 177 178 179 
163 1369 -3.084420000 -4.533190000 0.00000000000000000000 1.00000000000000000000 2 0 8 146 147 347 162 349 178 179 351 
164 1370 0.018614600 -6.111070000 0.00000000000000000000 1.00000000000000000000 2 0 8 348 148 149 350 165 352 180 181 
165 1371 -0.221658000 -6.087910000 0.00000000000000000000 1.00000000000000000000 2 0 8 148 149 150 164 166 180 181 182 
166 1372 -0.460850000 -6.055360000 0.00000000000000000000 1.00000000000000000000 2 0 8 149 150 151 165 167 181 182 183 
167 1373 -0.698592000 -6.013460000 0.00000000000000000000 1.00000000000000000000 2 0 8 150 151 152 166 168 182 183 184 
168 1374 -0.934517000 -5.962280000 0.00000000000000000000 1.00000000000000000000 2 0 8 151 152 153 167 169 183 184 185 
169 1375 -1.168260000 -5.901900000 0.00000000000000000000 1.00000000000000000000 2 0 8 152 153 154 168 170 184 185 186 
170 1376 -1.399460000 -5.832400000 0.00000000000000000000 1.00000000000000000000 2 0 8 153 154 155 169 171 185 186 187 
171 1377 -1.627760000 -5.753890000 0.00000000000000000000 1.00000000000000000000 2 0 8 154 155 156 170 172 186 187 188 
172 1378 -1.852800000 -5.666500000 0.00000000000000000000 1.00000000000000000000 2 0 8 155 156 157 171 173 187 188 189 
173 1379 -2.074250000 -5.570340000 0.00000000000000000000 1.00000000000000000000 2 0 8 156 157 158 172 174 188 189 190 
174 1380 -2.291740000 -5.465580000 0.00000000000000000000 1.00000000000000000000 2 0 8 157 158 159 173 175 189 190 191 
175 1381 -2.504960000 -5.352370000 0.00000000000000000000 1.00000000000000000000 2 0 8 158 159 160 174 176 190 191 192 
176 1382 -2.713560000 -5.230890000 0.00000000000000000000 1.00000000000000000000 2 0 8 159 160 161 175 177 191 192 193 
177 1383 -2.917230000 -5.101310000 0.00000000000000000000 1.00000000000000000000 2 0 8 160 161 162 176 178 192 193 194 
178 1384 -3.115640000 -4.963850000 0.00000000000000000000 1.00000000000000000000 2 0 8 161 162 163 177 179 193 194 195 
179 1385 -3.308490000 -4.818710000 0.00000000000000000000 1.00000000000000000000 2 0 8 162 163 349 178 351 194 195 353 
180 1386 -0.011673100 -6.496740000 0.00000000000000000000 1.00000000000000000000 2 0 8 350 164 165 352 181 354 196 197 
181 1387 -0.266991000 -6.472060000 0.00000000000000000000 1.00000000000000000000 2 0 8 164 165 166 180 182 196 197 198 
182 1388 -0.521155000 -6.437390000 0.00000000000000000000 1.00000000000000000000 2 0 8 165 166 167 181 183 197 198 199 
183 1389 -0.773775000 -6.392790000 0.00000000000000000000 1.00000000000000000000 2 0 8 166 167 168 182 184 198 199 200 
184 1390 -1.024460000 -6.338330000 0.00000000000000000000 1.00000000000000000000 2 0 8 167 168 169 183 185 199 200 201 
185 1391 -1.272820000 -6.274080000 0.00000000000000000000 1.00000000000000000000 2 0 8 168 169 170 184 186 200 201 202 
186 1392 -1.518480000 -6.200140000 0.00000000000000000000 1.00000000000000000000 2 0 8 169 170 171 185 187 201 202 203 
187 1393 -1.761040000 -6.116630000 0.00000000000000000000 1.00000000000000000000 2 0 8 170 171 172 186 188 202 203 204 
188 1394 -2.000150000 -6.023670000 0.00000000000000000000 1.00000000000000000000 2 0 8 171 172 173 187 189 203 204 205 
189 1395 -2.235420000 -5.921400000 0.00000000000000000000 1.00000000000000000000 2 0 8 172 173 174 188 190 204 205 206 
190 1396 -2.466500000 -5.809990000 0.00000000000000000000 1.00000000000000000000 2 0 8 173 174 175 189 191 205 206 207 
191 1397 -2.693030000 -5.689600000 0.00000000000000000000 1.00000000000000000000 2 0 8 174 175 176 190 192 206 207 208 
192 1398 -2.914650000 -5.560410000 0.00000000000000000000 1.00000000000000000000 2 0 8 175 176 177 191 193 207 208 209 
193 1399 -3.131020000 -5.422630000 0.00000000000000000000 1.00000000000000000000 2 0 8 176 177 178 192 194 208 209 210 
194 1400 -3.341810000 -5.276470000 0.00000000000000000000 1.00000000000000000000 2 0 8 177 178 179 193 195 209 210 211 
195 1401 -3.546690000 -5.122150000 0.00000000000000000000 1.00000000000000000000 2 0 8 178 179 351 194 353 210 211 355 
196 1402 -0.043875300 -6.906660000 0.00000000000000000000 1.00000000000000000000 2 0 8 352 180 181 354 197 356 212 213 
197 1403 -0.315187000 -6.880360000 0.00000000000000000000 1.00000000000000000000 2 0 8 180 181 182 196 198 212 213 214 
198 1404 -0.585268000 -6.843450000 0.00000000000000000000 1.00000000000000000000 2 0 8 181 182 183 197 199 213 214 215 
199 1405 -0.853702000 -6.795970000 0.00000000000000000000 1.00000000000000000000 2 0 8 182 183 184 198 200 214 215 216 
200 1406 -1.120080000 -6.738010000 0.00000000000000000000 1.00000000000000000000 2 0 8 183 184 185 199 201 215 216 217 
201 1407 -1.383980000 -6.669650000 0.00000000000000000000 1.00000000000000000000 2 0 8 184 185 186 200 202 216 217 218 
202 1408 -1.644990000 -6.590990000 0.00000000000000000000 1.00000000000000000000 2 0 8 185 186 187 201 203 217 218 219 
203 1409 -1.902730000 -6.502150000 0.00000000000000000000 1.00000000000000000000 2 0 8 186 187 188 202 204 218 219 220 
204 1410 -2.156780000 -6.403280000 0.00000000000000000000 1.00000000000000000000 2 0 8 187 188 189 203 205 219 220 221 
205 1411 -2.406760000 -6.294520000 0.00000000000000000000 1.00000000000000000000 2 0 8 188 189 190 204 206 220 221 222 
206 1412 -2.652280000 -6.176030000 0.00000000000000000000 1.00000000000000000000 2 0 8 189 190 191 205 207 221 222 223 
207 1413 -2.892950000 -6.048010000 0.00000000000000000000 1.00000000000000000000 2 0 8 190 191 192 206 208 222 223 224 
208 1414 -3.128410000 -5.910640000 0.00000000000000000000 1.00000000000000000000 2 0 8 191 192 193 207 209 223 224 225 
209 1415 -3.358290000 -5.764130000 0.00000000000000000000 1.00000000000000000000 2 0 8 192 193 194 208 210 224 225 226 
210 1416 -3.582230000 -5.608720000 0.00000000000000000000 1.00000000000000000000 2 0 8 193 194 195 209 211 225 226 227 
211 1417 -3.799890000 -5.444640000 0.00000000000000000000 1.00000000000000000000 2 0 8 194 195 353 210 355 226 227 357 
212 1418 -0.078112300 -7.342390000 0.00000000000000000000 1.00000000000000000000 2 0 8 354 196 197 356 213 358 228 229 
213 1419 -0.366425000 -7.314360000 0.00000000000000000000 1.00000000000000000000 2 0 8 196 197 198 212 214 228 229 230 
214 1420 -0.653426000 -7.275050000 0.00000000000000000000 1.00000000000000000000 2 0 8 197 198 199 213 215 229 230 231 
215 1421 -0.938671000 -7.224510000 0.00000000000000000000 1.00000000000000000000 2 0 8 198 199 200 214 216 230 231 232 
216 1422 -1.221720000 -7.162830000 0.00000000000000000000 1.00000000000000000000 2 0 8 199 200 201 215 217 231 232 233 
217 1423 -1.502140000 -7.090100000 0.00000000000000000000 1.00000000000000000000 2 0 8 200 201 202 216 218 232 233 234 
218 1424 -1.779490000 -7.006420000 0.00000000000000000000 1.00000000000000000000 2 0 8 201 202 203 217 219 233 234 235 
219 1425 -2.053350000 -6.911930000 0.00000000000000000000 1.00000000000000000000 2 0 8 202 203 204 218 220 234 235 236 
220 1426 -2.323290000 -6.806760000 0.00000000000000000000 1.00000000000000000000 2 0 8 203 204 205 219 221 235 236 237 
221 1427 -2.588890000 -6.691090000 0.00000000000000000000 1.00000000000000000000 2 0 8 204 205 206 220 222 236 237 238 
222 1428 -2.849750000 -6.565090000 0.00000000000000000000 1.00000000000000000000 2 0 8 205 206 207 221 223 237 238 239 
223 1429 -3.105460000 -6.428950000 0.00000000000000000000 1.00000000000000000000 2 0 8 206 207 208 222 224 238 239 240 
224 1430 -3.355630000 -6.282880000 0.00000000000000000000 1.00000000000000000000 2 0 8 207 208 209 223 225 239 240 241 
225 1431 -3.599860000 -6.127100000 0.00000000000000000000 1.00000000000000000000 2 0 8 208 209 210 224 226 240 241 242 
226 1432 -3.837790000 -5.961860000 0.00000000000000000000 1.00000000000000000000 2 0 8 209 210 211 225 227 241 242 243 
227 1433 -4.069040000 -5.787410000 0.00000000000000000000 1.00000000000000000000 2 0 8 210 211 355 226 357 242 243 359 
228 1434 -0.114512000 -7.805550000 0.00000000000000000000 1.00000000000000000000 2 0 8 356 212 213 358 229 360 244 245 
229 1435 -0.420897000 -7.775680000 0.00000000000000000000 1.00000000000000000000 2 0 8 212 213 214 228 230 244 245 246 
230 1436 -0.725882000 -7.733820000 0.00000000000000000000 1.00000000000000000000 2 0 8 213 214 215 229 231 245 246 247 
231 1437 -1.029000000 -7.680030000 0.00000000000000000000 1.00000000000000000000 2 0 8 214 215 216 230 232 246 247 248 
232 1438 -1.329770000 -7.614400000 0.00000000000000000000 1.00000000000000000000 2 0 8 215 216 217 231 233 247 248 249 
233 1439 -1.627750000 -7.537010000 0.00000000000000000000 1.00000000000000000000 2 0 8 216 217 218 232 234 248 249 250 
234 1440 -1.922460000 -7.447990000 0.00000000000000000000 1.00000000000000000000 2 0 8 217 218 219 233 235 249 250 251 
235 1441 -2.213450000 -7.347480000 0.00000000000000000000 1.00000000000000000000 2 0 8 218 219 220 234 236 250 251 252 
236 1442 -2.500280000 -7.235630000 0.00000000000000000000 1.00000000000000000000 2 0 8 219 220 221 235 237 251 252 253 
237 1443 -2.782490000 -7.112620000 0.00000000000000000000 1.00000000000000000000 2 0 8 220 221 222 236 238 252 253 254 
238 1444 -3.059660000 -6.978620000 0.00000000000000000000 1.00000000000000000000 2 0 8 221 222 223 237 239 253 254 255 
239 1445 -3.331350000 -6.833850000 0.00000000000000000000 1.00000000000000000000 2 0 8 222 223 224 238 240 254 255 256 
240 1446 -3.597150000 -6.678520000 0.00000000000000000000 1.00000000000000000000 2 0 8 223 224 225 239 241 255 256 257 
241 1447 -3.856650000 -6.512890000 0.00000000000000000000 1.00000000000000000000 2 0 8 224 225 226 240 242 256 257 258 
242 1448 -4.109430000 -6.337200000 0.00000000000000000000 1.00000000000000000000 2 0 8 225 226 227 241 243 257 258 259 
243 1449 -4.355120000 -6.151720000 0.00000000000000000000 1.00000000000000000000 2 0 8 226 227 357 242 359 258 259 361 
244 1450 -0.153211000 -8.297880000 0.00000000000000000000 1.00000000000000000000 2 0 8 358 228 229 360 245 362 260 261 
245 1451 -0.478806000 -8.266060000 0.00000000000000000000 1.00000000000000000000 2 0 8 228 229 230 244 246 260 261 262 
246 1452 -0.802908000 -8.221490000 0.00000000000000000000 1.00000000000000000000 2 0 8 229 230 231 245 247 261 262 263 
247 1453 -1.125020000 -8.164240000 0.00000000000000000000 1.00000000000000000000 2 0 8 230 231 232 246 248 262 263 264 
248 1454 -1.444630000 -8.094400000 0.00000000000000000000 1.00000000000000000000 2 0 8 231 232 233 247 249 263 264 265 
249 1455 -1.761270000 -8.012060000 0.00000000000000000000 1.00000000000000000000 2 0 8 232 233 234 248 250 264 265 266 
250 1456 -2.074430000 -7.917370000 0.00000000000000000000 1.00000000000000000000 2 0 8 233 234 235 249 251 265 266 267 
251 1457 -2.383640000 -7.810460000 0.00000000000000000000 1.00000000000000000000 2 0 8 234 235 236 250 252 266 267 268 
252 1458 -2.688410000 -7.691500000 0.00000000000000000000 1.00000000000000000000 2 0 8 235 236 237 251 253 267 268 269 
253 1459 -2.988280000 -7.560670000 0.00000000000000000000 1.00000000000000000000 2 0 8 236 237 238 252 254 268 269 270 
254 1460 -3.282780000 -7.418170000 0.00000000000000000000 1.00000000000000000000 2 0 8 237 238 239 253 255 269 270 271 
255 1461 -3.571460000 -7.264230000 0.00000000000000000000 1.00000000000000000000 2 0 8 238 239 240 254 256 270 271 272 
256 1462 -3.853870000 -7.099070000 0.00000000000000000000 1.00000000000000000000 2 0 8 239 240 241 255 257 271 272 273 
257 1463 -4.129580000 -6.922950000 0.00000000000000000000 1.00000000000000000000 2 0 8 240 241 242 256 258 272 273 274 
258 1464 -4.398160000 -6.736150000 0.00000000000000000000 1.00000000000000000000 2 0 8 241 242 243 257 259 273 274 275 
259 1465 -4.659190000 -6.538950000 0.00000000000000000000 1.00000000000000000000 2 0 8 242 243 359 258 361 274 275 363 
260 1466 -0.194353000 -8.821260000 0.00000000000000000000 1.00000000000000000000 2 0 8 360 244 245 362 261 365 276 277 
261 1467 -0.540366000 -8.787360000 0.00000000000000000000 1.00000000000000000000 2 0 8 244 245 246 260 262 276 277 278 
262 1468 -0.884787000 -8.739900000 0.00000000000000000000 1.00000000000000000000 2 0 8 245 246 247 261 263 277 278 279 
263 1469 -1.227080000 -8.678960000 0.00000000000000000000 1.00000000000000000000 2 0 8 246 247 248 262 264 278 279 280 
264 1470 -1.566730000 -8.604640000 0.00000000000000000000 1.00000000000000000000 2 0 8 247 248 249 263 265 279 280 281 
265 1471 -1.903200000 -8.517050000 0.00000000000000000000 1.00000000000000000000 2 0 8 248 249 250 264 266 280 281 282 
266 1472 -2.235970000 -8.416320000 0.00000000000000000000 1.00000000000000000000 2 0 8 249 250 251 265 267 281 282 283 
267 1473 -2.564530000 -8.302600000 0.00000000000000000000 1.00000000000000000000 2 0 8 250 251 252 266 268 282 283 284 
268 1474 -2.888380000 -8.176080000 0.00000000000000000000 1.00000000000000000000 2 0 8 251 252 253 267 269 283 284 285 
269 1475 -3.207010000 -8.036940000 0.00000000000000000000 1.00000000000000000000 2 0 8 252 253 254 268 270 284 285 286 
270 1476 -3.519940000 -7.885410000 0.00000000000000000000 1.00000000000000000000 2 0 8 253 254 255 269 271 285 286 287 
271 1477 -3.826670000 -7.721710000 0.00000000000000000000 1.00000000000000000000 2 0 8 254 255 256 270 272 286 287 288 
272 1478 -4.126740000 -7.546090000 0.00000000000000000000 1.00000000000000000000 2 0 8 255 256 257 271 273 287 288 289 
273 1479 -4.419680000 -7.358830000 0.00000000000000000000 1.00000000000000000000 2 0 8 256 257 258 272 274 288 289 290 
274 1480 -4.705040000 -7.160220000 0.00000000000000000000 1.00000000000000000000 2 0 8 257 258 259 273 275 289 290 291 
275 1481 -4.982380000 -6.950560000 0.00000000000000000000 1.00000000000000000000 2 0 8 258 259 361 274 363 290 291 292 
276 1482 -0.238092000 -9.377660000 0.00000000000000000000 1.00000000000000000000 2 0 8 362 260 261 365 277 367 293 294 
277 1483 -0.605808000 -9.341530000 0.00000000000000000000 1.00000000000000000000 2 0 8 260 261 262 276 278 293 294 295 
278 1484 -0.971825000 -9.291000000 0.00000000000000000000 1.00000000000000000000 2 0 8 261 262 263 277 279 294 295 296 
279 1485 -1.335580000 -9.226150000 0.00000000000000000000 1.00000000000000000000 2 0 8 262 263 264 278 280 295 296 297 
280 1486 -1.696510000 -9.147060000 0.00000000000000000000 1.00000000000000000000 2 0 8 263 264 265 279 281 296 297 298 
281 1487 -2.054060000 -9.053870000 0.00000000000000000000 1.00000000000000000000 2 0 8 264 265 266 280 282 297 298 299 
282 1488 -2.407670000 -8.946710000 0.00000000000000000000 1.00000000000000000000 2 0 8 265 266 267 281 283 298 299 300 
283 1489 -2.756810000 -8.825760000 0.00000000000000000000 1.00000000000000000000 2 0 8 266 267 268 282 284 299 300 301 
284 1490 -3.100930000 -8.691200000 0.00000000000000000000 1.00000000000000000000 2 0 8 267 268 269 283 285 300 301 302 
285 1491 -3.439500000 -8.543230000 0.00000000000000000000 1.00000000000000000000 2 0 8 268 269 270 284 286 301 302 303 
286 1492 -3.772000000 -8.382080000 0.00000000000000000000 1.00000000000000000000 2 0 8 269 270 271 285 287 302 303 304 
287 1493 -4.097920000 -8.208010000 0.00000000000000000000 1.00000000000000000000 2 0 8 270 271 272 286 288 303 304 305 
288 1494 -4.416750000 -8.021270000 0.00000000000000000000 1.00000000000000000000 2 0 8 271 272 273 287 289 304 305 306 
289 1495 -4.728010000 -7.822160000 0.00000000000000000000 1.00000000000000000000 2 0 8 272 273 274 288 290 305 306 307 
290 1496 -5.031210000 -7.610990000 0.00000000000000000000 1.00000000000000000000 2 0 8 273 274 275 289 291 306 307 308 
291 1497 -5.325880000 -7.388080000 0.00000000000000000000 1.00000000000000000000 2 0 8 274 275 363 290 292 307 308 309 
292 1498 -5.611570000 -7.153770000 0.00000000000000000000 1.00000000000000000000 2 0 8 275 363 364 291 366 308 309 368 
293 1499 -0.284591000 -9.969170000 -0.07846440258575274052 -0.99691691606014043447 3 0 8 365 276 277 367 294 362 260 261 
294 1500 -0.675374000 -9.930680000 -0.11753818129968457429 -0.99306836418081634310 3 0 8 276 277 278 293 295 260 261 262 
295 1501 -1.064340000 -9.876880000 -0.15643291020981753281 -0.98768858685482807669 3 0 8 277 278 279 294 296 261 262 263 
296 1502 -1.450900000 -9.807850000 -0.19508492762544765720 -0.98078635339882969113 3 0 8 278 279 280 295 297 262 263 264 
297 1503 -1.834450000 -9.723700000 -0.23344520423477366222 -0.97236995871930587132 3 0 8 279 280 281 296 298 263 264 265 
298 1504 -2.214400000 -9.624550000 -0.27143445322643250384 -0.96245692766048884792 3 0 8 280 281 282 297 299 264 265 266 
299 1505 -2.590170000 -9.510570000 -0.30901667003776622789 -0.95105662167863069811 3 0 8 281 282 283 298 300 265 266 267 
300 1506 -2.961170000 -9.381910000 -0.34611905021161554208 -0.93819060061408054985 3 0 8 282 283 284 299 301 266 267 268 
301 1507 -3.326830000 -9.238800000 -0.38268023147519480975 -0.92388085835679656377 3 0 8 283 284 285 300 302 267 268 269 
302 1508 -3.686600000 -9.081430000 -0.41865513425978917450 -0.90814529595099369175 3 0 8 284 285 286 301 303 268 269 270 
303 1509 -4.039910000 -8.910070000 -0.45399140999548764919 -0.89100606038921470464 3 0 8 285 286 287 302 304 269 270 271 
304 1510 -4.386210000 -8.724960000 -0.48862780066781752453 -0.87249233372822920796 3 0 8 286 287 288 303 305 270 271 272 
305 1511 -4.724990000 -8.526400000 -0.52249486151581092663 -0.85264243366699354887 3 0 8 287 288 289 304 306 271 272 273 
306 1512 -5.055700000 -8.314700000 -0.55557278151294220425 -0.83146790944808723900 3 0 8 288 289 290 305 307 272 273 274 
307 1513 -5.377850000 -8.090170000 -0.58778618963392137431 -0.80901631335569235137 3 0 8 289 290 291 306 308 273 274 275 
308 1514 -5.690940000 -7.853170000 -0.61909246039025589425 -0.78531810464800799743 3 0 8 290 291 292 307 309 274 275 363 
309 1515 -5.994480000 -7.604060000 -0.64944366315684309843 -0.76040971087001563156 3 0 8 291 292 366 308 368 275 363 364 
310 1802 0.0357753 -2.89875 2 0
311 1803 -0.0793961 -2.87912 2 0
312 1804 -0.193719 -2.85503 2 0
313 1805 -0.307016 -2.82652 2 0
314 1806 -0.419111 -2.79364 2 0
315 1807 -0.529829 -2.75642 2 0
316 1808 -0.638998 -2.71493 2 0
317 1809 -0.746447 -2.66922 2 0
318 1810 -0.852009 -2.61937 2 0
319 1811 -0.955518 -2.56544 2 0
320 1812 -1.05681 -2.50753 2 0
321 1813 -1.15573 -2.44572 2 0
322 1814 -1.25212 -2.3801 2 0
323 1816 0.129939 -3.09941 2 0
324 1817 0.00693152 -3.08324 2 0
325 2144 -1.36041 -2.53115 2 0
326 2145 -1.45988 -2.45739 2 0
327 1818 0.238071 -3.30859 2 0
328 1819 0.10688 -3.29644 2 0
329 2156 -1.58119 -2.61311 2 0
330 2422 0.22169 -3.5187 2 0
331 2168 -1.71021 -2.77851 2 0
332 2439 0.204267 -3.74191 2 0
333 2180 -1.84742 -2.95422 2 0
334 2181 -1.96287 -2.86086 2 0
335 2456 0.343391 -3.98769 2 0
336 2457 0.185736 -3.97906 2 0
337 2192 -2.11593 -3.0416 2 0
338 2475 0.333514 -4.24024 2 0
339 2204 -2.27869 -3.23362 2 0
340 2494 0.323008 -4.5086 2 0
341 2217 -2.45174 -3.43763 2 0
342 2514 0.311836 -4.79376 2 0
343 2231 -2.63574 -3.65441 2 0
344 2533 0.299955 -5.09678 2 0
345 2245 -2.83137 -3.88476 2 0
346 2551 0.28732 -5.41881 2 0
347 2259 -3.03934 -4.12954 2 0
348 2568 0.273884 -5.76106 2 0
349 2273 -3.26044 -4.38967 2 0
350 2585 0.259596 -6.12479 2 0
351 2287 -3.49549 -4.66611 2 0
352 2602 0.244403 -6.5114 2 0
353 2301 -3.74534 -4.9599 2 0
354 2619 0.228247 -6.92231 2 0
355 2315 -4.01094 -5.27215 2 0
356 2635 0.211068 -7.35909 2 0
357 2329 -4.29325 -5.60401 2 0
358 2651 0.1928 -7.82337 2 0
359 2343 -4.59333 -5.95674 2 0
360 2667 0.173375 -8.31691 2 0
361 2358 -4.91228 -6.33166 2 0
362 2682 0.15272 -8.84156 2 0
363 2374 -5.25128 -6.73017 2 0
364 2375 -5.5113 -6.49939 2 0
365 2696 0.130757 -9.39932 2 0
366 2390 -5.88784 -6.90842 2 0
367 2710 0.107402 -9.99229 3 0
368 2405 -6.28801 -7.34323 3 0
