377 303 74
1 7203 0.238751000 0.058634700 -0.03054378757292246921 0.99953342967641667371 1 1 8 304 2 306 13 14 309 25 26 
2 7204 0.255689000 0.059068300 -0.02081933190970869721 0.99978325422005009937 1 1 8 1 3 13 14 15 25 26 27 
3 7205 0.273005000 0.059348000 -0.01166268120857801363 0.99993198862073962019 1 1 8 2 4 14 15 16 26 27 28 
4 7206 0.290670000 0.059476300 -0.00304320807739406679 0.99999536943157796287 1 1 8 3 5 15 16 17 27 28 29 
5 7207 0.308658000 0.059456500 0.00507271814616204464 0.99998713368253377975 1 1 8 4 6 16 17 18 28 29 30 
6 7208 0.326942000 0.059292300 0.01271276962678606452 0.99991918947903790649 1 1 8 5 7 17 18 19 29 30 31 
7 7209 0.345492000 0.058988200 0.01990338952698984809 0.99980190792243284204 1 1 8 6 8 18 19 20 30 31 32 
8 7210 0.364280000 0.058549000 0.02666512143361050857 0.99964442243176188096 1 1 8 7 9 19 20 21 31 32 33 
9 7211 0.383277000 0.057980300 0.03302454375919538360 0.99945454099198371978 1 1 8 8 10 20 21 22 32 33 34 
10 7212 0.402455000 0.057287600 0.03900317735249399231 0.99923908658359128498 1 1 8 9 11 21 22 23 33 34 35 
11 7213 0.421783000 0.056477300 0.04461974166234173450 0.99900404336218062706 1 1 8 10 12 22 23 24 34 35 36 
12 7214 0.441231000 0.055555700 0.04989928728278555936 0.99875425462356348660 1 1 8 11 305 23 24 307 35 36 310 
13 7215 0.236346000 0.083821100 0.00000000000000000000 1.00000000000000000000 2 0 8 304 1 2 306 14 309 25 26 
14 7216 0.253482000 0.084889300 0.00000000000000000000 1.00000000000000000000 2 0 8 1 2 3 13 15 25 26 27 
15 7217 0.270995000 0.085767400 0.00000000000000000000 1.00000000000000000000 2 0 8 2 3 4 14 16 26 27 28 
16 7218 0.288857000 0.086456700 0.00000000000000000000 1.00000000000000000000 2 0 8 3 4 5 15 17 27 28 29 
17 7219 0.307041000 0.086959400 0.00000000000000000000 1.00000000000000000000 2 0 8 4 5 6 16 18 28 29 30 
18 7220 0.325519000 0.087278000 0.00000000000000000000 1.00000000000000000000 2 0 8 5 6 7 17 19 29 30 31 
19 7221 0.344261000 0.087416000 0.00000000000000000000 1.00000000000000000000 2 0 8 6 7 8 18 20 30 31 32 
20 7222 0.363239000 0.087377300 0.00000000000000000000 1.00000000000000000000 2 0 8 7 8 9 19 21 31 32 33 
21 7223 0.382423000 0.087166200 0.00000000000000000000 1.00000000000000000000 2 0 8 8 9 10 20 22 32 33 34 
22 7224 0.401784000 0.086787500 0.00000000000000000000 1.00000000000000000000 2 0 8 9 10 11 21 23 33 34 35 
23 7225 0.421291000 0.086246600 0.00000000000000000000 1.00000000000000000000 2 0 8 10 11 12 22 24 34 35 36 
24 7226 0.440914000 0.085549100 0.00000000000000000000 1.00000000000000000000 2 0 8 11 12 305 23 307 35 36 310 
25 7227 0.232999000 0.109352000 0.00000000000000000000 1.00000000000000000000 2 0 8 306 13 14 309 26 37 38 39 
26 7228 0.250389000 0.111057000 0.00000000000000000000 1.00000000000000000000 2 0 8 13 14 15 25 27 38 39 40 
27 7229 0.268158000 0.112535000 0.00000000000000000000 1.00000000000000000000 2 0 8 14 15 16 26 28 39 40 41 
28 7230 0.286277000 0.113785000 0.00000000000000000000 1.00000000000000000000 2 0 8 15 16 17 27 29 40 41 42 
29 7231 0.304719000 0.114810000 0.00000000000000000000 1.00000000000000000000 2 0 8 16 17 18 28 30 41 42 43 
30 7232 0.323454000 0.115610000 0.00000000000000000000 1.00000000000000000000 2 0 8 17 18 19 29 31 42 43 44 
31 7233 0.342453000 0.116187000 0.00000000000000000000 1.00000000000000000000 2 0 8 18 19 20 30 32 43 44 45 
32 7234 0.361687000 0.116546000 0.00000000000000000000 1.00000000000000000000 2 0 8 19 20 21 31 33 44 45 46 
33 7235 0.381125000 0.116688000 0.00000000000000000000 1.00000000000000000000 2 0 8 20 21 22 32 34 45 46 47 
34 7236 0.400737000 0.116619000 0.00000000000000000000 1.00000000000000000000 2 0 8 21 22 23 33 35 46 47 48 
35 7237 0.420492000 0.116343000 0.00000000000000000000 1.00000000000000000000 2 0 8 22 23 24 34 36 47 48 49 
36 7238 0.440360000 0.115864000 0.00000000000000000000 1.00000000000000000000 2 0 8 23 24 307 35 310 48 49 313 
37 7239 0.211403000 0.132703000 0.00000000000000000000 1.00000000000000000000 2 0 8 308 309 25 312 38 50 51 52 
38 7240 0.228696000 0.135314000 0.00000000000000000000 1.00000000000000000000 2 0 8 309 25 26 37 39 51 52 53 
39 7241 0.246398000 0.137661000 0.00000000000000000000 1.00000000000000000000 2 0 8 25 26 27 38 40 52 53 54 
40 7242 0.264483000 0.139742000 0.00000000000000000000 1.00000000000000000000 2 0 8 26 27 28 39 41 53 54 55 
41 7243 0.282921000 0.141557000 0.00000000000000000000 1.00000000000000000000 2 0 8 27 28 29 40 42 54 55 56 
42 7244 0.301683000 0.143105000 0.00000000000000000000 1.00000000000000000000 2 0 8 28 29 30 41 43 55 56 57 
43 7245 0.320740000 0.144387000 0.00000000000000000000 1.00000000000000000000 2 0 8 29 30 31 42 44 56 57 58 
44 7246 0.340062000 0.145404000 0.00000000000000000000 1.00000000000000000000 2 0 8 30 31 32 43 45 57 58 59 
45 7247 0.359618000 0.146159000 0.00000000000000000000 1.00000000000000000000 2 0 8 31 32 33 44 46 58 59 60 
46 7248 0.379378000 0.146654000 0.00000000000000000000 1.00000000000000000000 2 0 8 32 33 34 45 47 59 60 61 
47 7249 0.399311000 0.146891000 0.00000000000000000000 1.00000000000000000000 2 0 8 33 34 35 46 48 60 61 62 
48 7250 0.419385000 0.146876000 0.00000000000000000000 1.00000000000000000000 2 0 8 34 35 36 47 49 61 62 63 
49 7251 0.439570000 0.146611000 0.00000000000000000000 1.00000000000000000000 2 0 8 35 36 310 48 313 62 63 316 
50 7252 0.188546000 0.154899000 0.00000000000000000000 1.00000000000000000000 2 0 8 311 312 37 315 51 64 65 66 
51 7253 0.205760000 0.158498000 0.00000000000000000000 1.00000000000000000000 2 0 8 312 37 38 50 52 65 66 67 
52 7254 0.223418000 0.161797000 0.00000000000000000000 1.00000000000000000000 2 0 8 37 38 39 51 53 66 67 68 
53 7255 0.241493000 0.164794000 0.00000000000000000000 1.00000000000000000000 2 0 8 38 39 40 52 54 67 68 69 
54 7256 0.259954000 0.167486000 0.00000000000000000000 1.00000000000000000000 2 0 8 39 40 41 53 55 68 69 70 
55 7257 0.278774000 0.169870000 0.00000000000000000000 1.00000000000000000000 2 0 8 40 41 42 54 56 69 70 71 
56 7258 0.297921000 0.171946000 0.00000000000000000000 1.00000000000000000000 2 0 8 41 42 43 55 57 70 71 72 
57 7259 0.317366000 0.173713000 0.00000000000000000000 1.00000000000000000000 2 0 8 42 43 44 56 58 71 72 73 
58 7260 0.337078000 0.175172000 0.00000000000000000000 1.00000000000000000000 2 0 8 43 44 45 57 59 72 73 74 
59 7261 0.357026000 0.176324000 0.00000000000000000000 1.00000000000000000000 2 0 8 44 45 46 58 60 73 74 75 
60 7262 0.377178000 0.177171000 0.00000000000000000000 1.00000000000000000000 2 0 8 45 46 47 59 61 74 75 76 
61 7263 0.397503000 0.177714000 0.00000000000000000000 1.00000000000000000000 2 0 8 46 47 48 60 62 75 76 77 
62 7264 0.417968000 0.177958000 0.00000000000000000000 1.00000000000000000000 2 0 8 47 48 49 61 63 76 77 78 
63 7265 0.438542000 0.177906000 0.00000000000000000000 1.00000000000000000000 2 0 8 48 49 313 62 316 77 78 79 
64 7266 0.164280000 0.175887000 0.00000000000000000000 1.00000000000000000000 2 0 8 314 315 50 319 65 80 81 82 
65 7267 0.181430000 0.180557000 0.00000000000000000000 1.00000000000000000000 2 0 8 315 50 51 64 66 81 82 83 
66 7268 0.199062000 0.184895000 0.00000000000000000000 1.00000000000000000000 2 0 8 50 51 52 65 67 82 83 84 
67 7269 0.217146000 0.188894000 0.00000000000000000000 1.00000000000000000000 2 0 8 51 52 53 66 68 83 84 85 
68 7270 0.235653000 0.192552000 0.00000000000000000000 1.00000000000000000000 2 0 8 52 53 54 67 69 84 85 86 
69 7271 0.254555000 0.195863000 0.00000000000000000000 1.00000000000000000000 2 0 8 53 54 55 68 70 85 86 87 
70 7272 0.273821000 0.198824000 0.00000000000000000000 1.00000000000000000000 2 0 8 54 55 56 69 71 86 87 88 
71 7273 0.293420000 0.201435000 0.00000000000000000000 1.00000000000000000000 2 0 8 55 56 57 70 72 87 88 89 
72 7274 0.313321000 0.203693000 0.00000000000000000000 1.00000000000000000000 2 0 8 56 57 58 71 73 88 89 90 
73 7275 0.333492000 0.205598000 0.00000000000000000000 1.00000000000000000000 2 0 8 57 58 59 72 74 89 90 91 
74 7276 0.353901000 0.207150000 0.00000000000000000000 1.00000000000000000000 2 0 8 58 59 60 73 75 90 91 92 
75 7277 0.374517000 0.208350000 0.00000000000000000000 1.00000000000000000000 2 0 8 59 60 61 74 76 91 92 93 
76 7278 0.395306000 0.209201000 0.00000000000000000000 1.00000000000000000000 2 0 8 60 61 62 75 77 92 93 94 
77 7279 0.416236000 0.209704000 0.00000000000000000000 1.00000000000000000000 2 0 8 61 62 63 76 78 93 94 95 
78 7280 0.437274000 0.209862000 0.00000000000000000000 1.00000000000000000000 2 0 8 62 63 316 77 79 94 95 96 
79 7281 0.458387000 0.209679000 0.00000000000000000000 1.00000000000000000000 2 0 8 63 316 317 78 320 95 96 97 
80 7282 0.138463000 0.195603000 0.00000000000000000000 1.00000000000000000000 2 0 8 318 319 64 323 81 98 99 100 
81 7283 0.155558000 0.201430000 0.00000000000000000000 1.00000000000000000000 2 0 8 319 64 65 80 82 99 100 101 
82 7284 0.173174000 0.206894000 0.00000000000000000000 1.00000000000000000000 2 0 8 64 65 66 81 83 100 101 102 
83 7285 0.191282000 0.211986000 0.00000000000000000000 1.00000000000000000000 2 0 8 65 66 67 82 84 101 102 103 
84 7286 0.209853000 0.216701000 0.00000000000000000000 1.00000000000000000000 2 0 8 66 67 68 83 85 102 103 104 
85 7287 0.228858000 0.221031000 0.00000000000000000000 1.00000000000000000000 2 0 8 67 68 69 84 86 103 104 105 
86 7288 0.248265000 0.224973000 0.00000000000000000000 1.00000000000000000000 2 0 8 68 69 70 85 87 104 105 106 
87 7289 0.268044000 0.228523000 0.00000000000000000000 1.00000000000000000000 2 0 8 69 70 71 86 88 105 106 107 
88 7290 0.288162000 0.231677000 0.00000000000000000000 1.00000000000000000000 2 0 8 70 71 72 87 89 106 107 108 
89 7291 0.308588000 0.234433000 0.00000000000000000000 1.00000000000000000000 2 0 8 71 72 73 88 90 107 108 109 
90 7292 0.329289000 0.236791000 0.00000000000000000000 1.00000000000000000000 2 0 8 72 73 74 89 91 108 109 110 
91 7293 0.350232000 0.238748000 0.00000000000000000000 1.00000000000000000000 2 0 8 73 74 75 90 92 109 110 111 
92 7294 0.371385000 0.240306000 0.00000000000000000000 1.00000000000000000000 2 0 8 74 75 76 91 93 110 111 112 
93 7295 0.392713000 0.241466000 0.00000000000000000000 1.00000000000000000000 2 0 8 75 76 77 92 94 111 112 113 
94 7296 0.414183000 0.242229000 0.00000000000000000000 1.00000000000000000000 2 0 8 76 77 78 93 95 112 113 114 
95 7297 0.435761000 0.242597000 0.00000000000000000000 1.00000000000000000000 2 0 8 77 78 79 94 96 113 114 115 
96 7298 0.457413000 0.242575000 0.00000000000000000000 1.00000000000000000000 2 0 8 78 79 320 95 97 114 115 116 
97 7299 0.479106000 0.242166000 0.00000000000000000000 1.00000000000000000000 2 0 8 79 320 321 96 324 115 116 327 
98 7300 0.110954000 0.213972000 0.00000000000000000000 1.00000000000000000000 2 0 8 322 323 80 326 99 117 118 119 
99 7301 0.127996000 0.221046000 0.00000000000000000000 1.00000000000000000000 2 0 8 323 80 81 98 100 118 119 120 
100 7302 0.145602000 0.227726000 0.00000000000000000000 1.00000000000000000000 2 0 8 80 81 82 99 101 119 120 121 
101 7303 0.163743000 0.234003000 0.00000000000000000000 1.00000000000000000000 2 0 8 81 82 83 100 102 120 121 122 
102 7304 0.182390000 0.239868000 0.00000000000000000000 1.00000000000000000000 2 0 8 82 83 84 101 103 121 122 123 
103 7305 0.201513000 0.245314000 0.00000000000000000000 1.00000000000000000000 2 0 8 83 84 85 102 104 122 123 124 
104 7306 0.221079000 0.250334000 0.00000000000000000000 1.00000000000000000000 2 0 8 84 85 86 103 105 123 124 125 
105 7307 0.241059000 0.254922000 0.00000000000000000000 1.00000000000000000000 2 0 8 85 86 87 104 106 124 125 126 
106 7308 0.261419000 0.259072000 0.00000000000000000000 1.00000000000000000000 2 0 8 86 87 88 105 107 125 126 127 
107 7309 0.282128000 0.262781000 0.00000000000000000000 1.00000000000000000000 2 0 8 87 88 89 106 108 126 127 128 
108 7310 0.303151000 0.266046000 0.00000000000000000000 1.00000000000000000000 2 0 8 88 89 90 107 109 127 128 129 
109 7311 0.324455000 0.268864000 0.00000000000000000000 1.00000000000000000000 2 0 8 89 90 91 108 110 128 129 130 
110 7312 0.346007000 0.271233000 0.00000000000000000000 1.00000000000000000000 2 0 8 90 91 92 109 111 129 130 131 
111 7313 0.367772000 0.273154000 0.00000000000000000000 1.00000000000000000000 2 0 8 91 92 93 110 112 130 131 132 
112 7314 0.389715000 0.274627000 0.00000000000000000000 1.00000000000000000000 2 0 8 92 93 94 111 113 131 132 133 
113 7315 0.411802000 0.275652000 0.00000000000000000000 1.00000000000000000000 2 0 8 93 94 95 112 114 132 133 134 
114 7316 0.433998000 0.276233000 0.00000000000000000000 1.00000000000000000000 2 0 8 94 95 96 113 115 133 134 135 
115 7317 0.456269000 0.276371000 0.00000000000000000000 1.00000000000000000000 2 0 8 95 96 97 114 116 134 135 136 
116 7318 0.478579000 0.276070000 0.00000000000000000000 1.00000000000000000000 2 0 8 96 97 324 115 327 135 136 329 
117 7319 0.081615500 0.230909000 0.00000000000000000000 1.00000000000000000000 2 0 8 325 326 98 328 118 331 137 138 
118 7320 0.098601300 0.239319000 0.00000000000000000000 1.00000000000000000000 2 0 8 326 98 99 117 119 137 138 139 
119 7321 0.116197000 0.247308000 0.00000000000000000000 1.00000000000000000000 2 0 8 98 99 100 118 120 138 139 140 
120 7322 0.134374000 0.254866000 0.00000000000000000000 1.00000000000000000000 2 0 8 99 100 101 119 121 139 140 141 
121 7323 0.153103000 0.261979000 0.00000000000000000000 1.00000000000000000000 2 0 8 100 101 102 120 122 140 141 142 
122 7324 0.172353000 0.268640000 0.00000000000000000000 1.00000000000000000000 2 0 8 101 102 103 121 123 141 142 143 
123 7325 0.192092000 0.274838000 0.00000000000000000000 1.00000000000000000000 2 0 8 102 103 104 122 124 142 143 144 
124 7326 0.212289000 0.280566000 0.00000000000000000000 1.00000000000000000000 2 0 8 103 104 105 123 125 143 144 145 
125 7327 0.232910000 0.285816000 0.00000000000000000000 1.00000000000000000000 2 0 8 104 105 106 124 126 144 145 146 
126 7328 0.253924000 0.290582000 0.00000000000000000000 1.00000000000000000000 2 0 8 105 106 107 125 127 145 146 147 
127 7329 0.275295000 0.294860000 0.00000000000000000000 1.00000000000000000000 2 0 8 106 107 108 126 128 146 147 148 
128 7330 0.296989000 0.298645000 0.00000000000000000000 1.00000000000000000000 2 0 8 107 108 109 127 129 147 148 149 
129 7331 0.318972000 0.301934000 0.00000000000000000000 1.00000000000000000000 2 0 8 108 109 110 128 130 148 149 150 
130 7332 0.341209000 0.304724000 0.00000000000000000000 1.00000000000000000000 2 0 8 109 110 111 129 131 149 150 151 
131 7333 0.363664000 0.307015000 0.00000000000000000000 1.00000000000000000000 2 0 8 110 111 112 130 132 150 151 152 
132 7334 0.386301000 0.308806000 0.00000000000000000000 1.00000000000000000000 2 0 8 111 112 113 131 133 151 152 153 
133 7335 0.409086000 0.310098000 0.00000000000000000000 1.00000000000000000000 2 0 8 112 113 114 132 134 152 153 154 
134 7336 0.431981000 0.310892000 0.00000000000000000000 1.00000000000000000000 2 0 8 113 114 115 133 135 153 154 155 
135 7337 0.454951000 0.311191000 0.00000000000000000000 1.00000000000000000000 2 0 8 114 115 116 134 136 154 155 156 
136 7338 0.477960000 0.310997000 0.00000000000000000000 1.00000000000000000000 2 0 8 115 116 327 135 329 155 156 332 
137 7339 0.067231100 0.256154000 0.00000000000000000000 1.00000000000000000000 2 0 8 328 117 118 331 138 157 158 159 
138 7340 0.084810100 0.265549000 0.00000000000000000000 1.00000000000000000000 2 0 8 117 118 119 137 139 158 159 160 
139 7341 0.103020000 0.274485000 0.00000000000000000000 1.00000000000000000000 2 0 8 118 119 120 138 140 159 160 161 
140 7342 0.121830000 0.282947000 0.00000000000000000000 1.00000000000000000000 2 0 8 119 120 121 139 141 160 161 162 
141 7343 0.141211000 0.290924000 0.00000000000000000000 1.00000000000000000000 2 0 8 120 121 122 140 142 161 162 163 
142 7344 0.161130000 0.298405000 0.00000000000000000000 1.00000000000000000000 2 0 8 121 122 123 141 143 162 163 164 
143 7345 0.181555000 0.305378000 0.00000000000000000000 1.00000000000000000000 2 0 8 122 123 124 142 144 163 164 165 
144 7346 0.202452000 0.311835000 0.00000000000000000000 1.00000000000000000000 2 0 8 123 124 125 143 145 164 165 166 
145 7347 0.223788000 0.317767000 0.00000000000000000000 1.00000000000000000000 2 0 8 124 125 126 144 146 165 166 167 
146 7348 0.245528000 0.323167000 0.00000000000000000000 1.00000000000000000000 2 0 8 125 126 127 145 147 166 167 168 
147 7349 0.267637000 0.328029000 0.00000000000000000000 1.00000000000000000000 2 0 8 126 127 128 146 148 167 168 169 
148 7350 0.290079000 0.332349000 0.00000000000000000000 1.00000000000000000000 2 0 8 127 128 129 147 149 168 169 170 
149 7351 0.312820000 0.336121000 0.00000000000000000000 1.00000000000000000000 2 0 8 128 129 130 148 150 169 170 171 
150 7352 0.335821000 0.339342000 0.00000000000000000000 1.00000000000000000000 2 0 8 129 130 131 149 151 170 171 172 
151 7353 0.359047000 0.342012000 0.00000000000000000000 1.00000000000000000000 2 0 8 130 131 132 150 152 171 172 173 
152 7354 0.382460000 0.344129000 0.00000000000000000000 1.00000000000000000000 2 0 8 131 132 133 151 153 172 173 174 
153 7355 0.406024000 0.345692000 0.00000000000000000000 1.00000000000000000000 2 0 8 132 133 134 152 154 173 174 175 
154 7356 0.429701000 0.346703000 0.00000000000000000000 1.00000000000000000000 2 0 8 133 134 135 153 155 174 175 176 
155 7357 0.453455000 0.347164000 0.00000000000000000000 1.00000000000000000000 2 0 8 134 135 136 154 156 175 176 177 
156 7358 0.477247000 0.347077000 0.00000000000000000000 1.00000000000000000000 2 0 8 135 136 329 155 332 176 177 335 
157 7359 0.033746400 0.271442000 0.00000000000000000000 1.00000000000000000000 2 0 8 330 331 137 334 158 178 179 180 
158 7360 0.051294800 0.282342000 0.00000000000000000000 1.00000000000000000000 2 0 8 331 137 138 157 159 179 180 181 
159 7361 0.069527200 0.292757000 0.00000000000000000000 1.00000000000000000000 2 0 8 137 138 139 158 160 180 181 182 
160 7362 0.088413400 0.302672000 0.00000000000000000000 1.00000000000000000000 2 0 8 138 139 140 159 161 181 182 183 
161 7363 0.107922000 0.312071000 0.00000000000000000000 1.00000000000000000000 2 0 8 139 140 141 160 162 182 183 184 
162 7364 0.128022000 0.320941000 0.00000000000000000000 1.00000000000000000000 2 0 8 140 141 142 161 163 183 184 185 
163 7365 0.148680000 0.329269000 0.00000000000000000000 1.00000000000000000000 2 0 8 141 142 143 162 164 184 185 186 
164 7366 0.169861000 0.337044000 0.00000000000000000000 1.00000000000000000000 2 0 8 142 143 144 163 165 185 186 187 
165 7367 0.191532000 0.344254000 0.00000000000000000000 1.00000000000000000000 2 0 8 143 144 145 164 166 186 187 188 
166 7368 0.213657000 0.350890000 0.00000000000000000000 1.00000000000000000000 2 0 8 144 145 146 165 167 187 188 189 
167 7369 0.236200000 0.356945000 0.00000000000000000000 1.00000000000000000000 2 0 8 145 146 147 166 168 188 189 190 
168 7370 0.259126000 0.362410000 0.00000000000000000000 1.00000000000000000000 2 0 8 146 147 148 167 169 189 190 191 
169 7371 0.282396000 0.367280000 0.00000000000000000000 1.00000000000000000000 2 0 8 147 148 149 168 170 190 191 192 
170 7372 0.305975000 0.371549000 0.00000000000000000000 1.00000000000000000000 2 0 8 148 149 150 169 171 191 192 193 
171 7373 0.329823000 0.375215000 0.00000000000000000000 1.00000000000000000000 2 0 8 149 150 151 170 172 192 193 194 
172 7374 0.353903000 0.378274000 0.00000000000000000000 1.00000000000000000000 2 0 8 150 151 152 171 173 193 194 195 
173 7375 0.378177000 0.380724000 0.00000000000000000000 1.00000000000000000000 2 0 8 151 152 153 172 174 194 195 196 
174 7376 0.402606000 0.382565000 0.00000000000000000000 1.00000000000000000000 2 0 8 152 153 154 173 175 195 196 197 
175 7377 0.427152000 0.383798000 0.00000000000000000000 1.00000000000000000000 2 0 8 153 154 155 174 176 196 197 198 
176 7378 0.451776000 0.384423000 0.00000000000000000000 1.00000000000000000000 2 0 8 154 155 156 175 177 197 198 199 
177 7379 0.476439000 0.384444000 0.00000000000000000000 1.00000000000000000000 2 0 8 155 156 332 176 335 198 199 338 
178 7380 -0.001989960 0.285062000 0.00000000000000000000 1.00000000000000000000 2 0 8 333 334 157 337 179 200 201 202 
179 7381 0.015507000 0.297569000 0.00000000000000000000 1.00000000000000000000 2 0 8 334 157 158 178 180 201 202 203 
180 7382 0.033745000 0.309568000 0.00000000000000000000 1.00000000000000000000 2 0 8 157 158 159 179 181 202 203 204 
181 7383 0.052693800 0.321042000 0.00000000000000000000 1.00000000000000000000 2 0 8 158 159 160 180 182 203 204 205 
182 7384 0.072321900 0.331972000 0.00000000000000000000 1.00000000000000000000 2 0 8 159 160 161 181 183 204 205 206 
183 7385 0.092597100 0.342343000 0.00000000000000000000 1.00000000000000000000 2 0 8 160 161 162 182 184 205 206 207 
184 7386 0.113486000 0.352139000 0.00000000000000000000 1.00000000000000000000 2 0 8 161 162 163 183 185 206 207 208 
185 7387 0.134954000 0.361346000 0.00000000000000000000 1.00000000000000000000 2 0 8 162 163 164 184 186 207 208 209 
186 7388 0.156966000 0.369950000 0.00000000000000000000 1.00000000000000000000 2 0 8 163 164 165 185 187 208 209 210 
187 7389 0.179487000 0.377941000 0.00000000000000000000 1.00000000000000000000 2 0 8 164 165 166 186 188 209 210 211 
188 7390 0.202480000 0.385306000 0.00000000000000000000 1.00000000000000000000 2 0 8 165 166 167 187 189 210 211 212 
189 7391 0.225906000 0.392038000 0.00000000000000000000 1.00000000000000000000 2 0 8 166 167 168 188 190 211 212 213 
190 7392 0.249730000 0.398127000 0.00000000000000000000 1.00000000000000000000 2 0 8 167 168 169 189 191 212 213 214 
191 7393 0.273911000 0.403566000 0.00000000000000000000 1.00000000000000000000 2 0 8 168 169 170 190 192 213 214 215 
192 7394 0.298412000 0.408350000 0.00000000000000000000 1.00000000000000000000 2 0 8 169 170 171 191 193 214 215 216 
193 7395 0.323193000 0.412473000 0.00000000000000000000 1.00000000000000000000 2 0 8 170 171 172 192 194 215 216 217 
194 7396 0.348214000 0.415933000 0.00000000000000000000 1.00000000000000000000 2 0 8 171 172 173 193 195 216 217 218 
195 7397 0.373437000 0.418727000 0.00000000000000000000 1.00000000000000000000 2 0 8 172 173 174 194 196 217 218 219 
196 7398 0.398820000 0.420853000 0.00000000000000000000 1.00000000000000000000 2 0 8 173 174 175 195 197 218 219 220 
197 7399 0.424323000 0.422313000 0.00000000000000000000 1.00000000000000000000 2 0 8 174 175 176 196 198 219 220 221 
198 7400 0.449908000 0.423106000 0.00000000000000000000 1.00000000000000000000 2 0 8 175 176 177 197 199 220 221 222 
199 7401 0.475533000 0.423235000 0.00000000000000000000 1.00000000000000000000 2 0 8 176 177 335 198 338 221 222 340 
200 7402 -0.040112200 0.296877000 0.00000000000000000000 1.00000000000000000000 2 0 8 336 337 178 339 201 341 223 224 
201 7403 -0.022695100 0.311095000 0.00000000000000000000 1.00000000000000000000 2 0 8 337 178 179 200 202 223 224 225 
202 7404 -0.004476060 0.324786000 0.00000000000000000000 1.00000000000000000000 2 0 8 178 179 180 201 203 224 225 226 
203 7405 0.014514700 0.337929000 0.00000000000000000000 1.00000000000000000000 2 0 8 179 180 181 202 204 225 226 227 
204 7406 0.034245600 0.350504000 0.00000000000000000000 1.00000000000000000000 2 0 8 180 181 182 203 205 226 227 228 
205 7407 0.054684000 0.362491000 0.00000000000000000000 1.00000000000000000000 2 0 8 181 182 183 204 206 227 228 229 
206 7408 0.075796000 0.373872000 0.00000000000000000000 1.00000000000000000000 2 0 8 182 183 184 205 207 228 229 230 
207 7409 0.097547000 0.384631000 0.00000000000000000000 1.00000000000000000000 2 0 8 183 184 185 206 208 229 230 231 
208 7410 0.119901000 0.394751000 0.00000000000000000000 1.00000000000000000000 2 0 8 184 185 186 207 209 230 231 232 
209 7411 0.142822000 0.404217000 0.00000000000000000000 1.00000000000000000000 2 0 8 185 186 187 208 210 231 232 233 
210 7412 0.166272000 0.413018000 0.00000000000000000000 1.00000000000000000000 2 0 8 186 187 188 209 211 232 233 234 
211 7413 0.190214000 0.421141000 0.00000000000000000000 1.00000000000000000000 2 0 8 187 188 189 210 212 233 234 235 
212 7414 0.214607000 0.428575000 0.00000000000000000000 1.00000000000000000000 2 0 8 188 189 190 211 213 234 235 236 
213 7415 0.239413000 0.435311000 0.00000000000000000000 1.00000000000000000000 2 0 8 189 190 191 212 214 235 236 237 
214 7416 0.264592000 0.441340000 0.00000000000000000000 1.00000000000000000000 2 0 8 190 191 192 213 215 236 237 238 
215 7417 0.290104000 0.446656000 0.00000000000000000000 1.00000000000000000000 2 0 8 191 192 193 214 216 237 238 239 
216 7418 0.315907000 0.451254000 0.00000000000000000000 1.00000000000000000000 2 0 8 192 193 194 215 217 238 239 240 
217 7419 0.341960000 0.455128000 0.00000000000000000000 1.00000000000000000000 2 0 8 193 194 195 216 218 239 240 241 
218 7420 0.368222000 0.458277000 0.00000000000000000000 1.00000000000000000000 2 0 8 194 195 196 217 219 240 241 242 
219 7421 0.394651000 0.460698000 0.00000000000000000000 1.00000000000000000000 2 0 8 195 196 197 218 220 241 242 243 
220 7422 0.421206000 0.462390000 0.00000000000000000000 1.00000000000000000000 2 0 8 196 197 198 219 221 242 243 244 
221 7423 0.447845000 0.463355000 0.00000000000000000000 1.00000000000000000000 2 0 8 197 198 199 220 222 243 244 342 
222 7424 0.474526000 0.463595000 0.00000000000000000000 1.00000000000000000000 2 0 8 198 199 338 221 340 244 342 343 
223 7425 -0.063451400 0.322773000 0.00000000000000000000 1.00000000000000000000 2 0 8 339 200 201 341 224 344 345 245 
224 7426 -0.045283700 0.338267000 0.00000000000000000000 1.00000000000000000000 2 0 8 200 201 202 223 225 345 245 246 
225 7427 -0.026279200 0.353194000 0.00000000000000000000 1.00000000000000000000 2 0 8 201 202 203 224 226 245 246 247 
226 7428 -0.006469550 0.367529000 0.00000000000000000000 1.00000000000000000000 2 0 8 202 203 204 225 227 246 247 248 
227 7429 0.014112400 0.381252000 0.00000000000000000000 1.00000000000000000000 2 0 8 203 204 205 226 228 247 248 249 
228 7430 0.035432500 0.394340000 0.00000000000000000000 1.00000000000000000000 2 0 8 204 205 206 227 229 248 249 250 
229 7431 0.057455500 0.406773000 0.00000000000000000000 1.00000000000000000000 2 0 8 205 206 207 228 230 249 250 251 
230 7432 0.080145300 0.418534000 0.00000000000000000000 1.00000000000000000000 2 0 8 206 207 208 229 231 250 251 252 
231 7433 0.103464000 0.429605000 0.00000000000000000000 1.00000000000000000000 2 0 8 207 208 209 230 232 251 252 253 
232 7434 0.127375000 0.439970000 0.00000000000000000000 1.00000000000000000000 2 0 8 208 209 210 231 233 252 253 254 
233 7435 0.151838000 0.449614000 0.00000000000000000000 1.00000000000000000000 2 0 8 209 210 211 232 234 253 254 255 
234 7436 0.176813000 0.458525000 0.00000000000000000000 1.00000000000000000000 2 0 8 210 211 212 233 235 254 255 256 
235 7437 0.202260000 0.466690000 0.00000000000000000000 1.00000000000000000000 2 0 8 211 212 213 234 236 255 256 257 
236 7438 0.228138000 0.474098000 0.00000000000000000000 1.00000000000000000000 2 0 8 212 213 214 235 237 256 257 258 
237 7439 0.254405000 0.480741000 0.00000000000000000000 1.00000000000000000000 2 0 8 213 214 215 236 238 257 258 259 
238 7440 0.281019000 0.486610000 0.00000000000000000000 1.00000000000000000000 2 0 8 214 215 216 237 239 258 259 260 
239 7441 0.307937000 0.491700000 0.00000000000000000000 1.00000000000000000000 2 0 8 215 216 217 238 240 259 260 261 
240 7442 0.335116000 0.496005000 0.00000000000000000000 1.00000000000000000000 2 0 8 216 217 218 239 241 260 261 262 
241 7443 0.362513000 0.499521000 0.00000000000000000000 1.00000000000000000000 2 0 8 217 218 219 240 242 261 262 263 
242 7444 0.390086000 0.502246000 0.00000000000000000000 1.00000000000000000000 2 0 8 218 219 220 241 243 262 263 264 
243 7445 0.417789000 0.504179000 0.00000000000000000000 1.00000000000000000000 2 0 8 219 220 221 242 244 263 264 346 
244 7446 0.445580000 0.505320000 0.00000000000000000000 1.00000000000000000000 2 0 8 220 221 222 243 342 264 346 347 
245 7447 -0.069841600 0.366677000 0.00000000000000000000 1.00000000000000000000 2 0 8 223 224 225 345 246 348 349 265 
246 7448 -0.049985300 0.382895000 0.00000000000000000000 1.00000000000000000000 2 0 8 224 225 226 245 247 349 265 266 
247 7449 -0.029287400 0.398476000 0.00000000000000000000 1.00000000000000000000 2 0 8 225 226 227 246 248 265 266 267 
248 7450 -0.007782260 0.413396000 0.00000000000000000000 1.00000000000000000000 2 0 8 226 227 228 247 249 266 267 268 
249 7451 0.014494500 0.427634000 0.00000000000000000000 1.00000000000000000000 2 0 8 227 228 229 248 250 267 268 269 
250 7452 0.037506200 0.441166000 0.00000000000000000000 1.00000000000000000000 2 0 8 228 229 230 249 251 268 269 270 
251 7453 0.061214800 0.453974000 0.00000000000000000000 1.00000000000000000000 2 0 8 229 230 231 250 252 269 270 271 
252 7454 0.085581600 0.466037000 0.00000000000000000000 1.00000000000000000000 2 0 8 230 231 232 251 253 270 271 272 
253 7455 0.110567000 0.477339000 0.00000000000000000000 1.00000000000000000000 2 0 8 231 232 233 252 254 271 272 273 
254 7456 0.136129000 0.487863000 0.00000000000000000000 1.00000000000000000000 2 0 8 232 233 234 253 255 272 273 274 
255 7457 0.162227000 0.497595000 0.00000000000000000000 1.00000000000000000000 2 0 8 233 234 235 254 256 273 274 275 
256 7458 0.188819000 0.506522000 0.00000000000000000000 1.00000000000000000000 2 0 8 234 235 236 255 257 274 275 276 
257 7459 0.215861000 0.514631000 0.00000000000000000000 1.00000000000000000000 2 0 8 235 236 237 256 258 275 276 277 
258 7460 0.243311000 0.521913000 0.00000000000000000000 1.00000000000000000000 2 0 8 236 237 238 257 259 276 277 278 
259 7461 0.271123000 0.528358000 0.00000000000000000000 1.00000000000000000000 2 0 8 237 238 239 258 260 277 278 279 
260 7462 0.299254000 0.533960000 0.00000000000000000000 1.00000000000000000000 2 0 8 238 239 240 259 261 278 279 280 
261 7463 0.327658000 0.538712000 0.00000000000000000000 1.00000000000000000000 2 0 8 239 240 241 260 262 279 280 281 
262 7464 0.356290000 0.542610000 0.00000000000000000000 1.00000000000000000000 2 0 8 240 241 242 261 263 280 281 282 
263 7465 0.385106000 0.545651000 0.00000000000000000000 1.00000000000000000000 2 0 8 241 242 243 262 264 281 282 350 
264 7466 0.414059000 0.547833000 0.00000000000000000000 1.00000000000000000000 2 0 8 242 243 244 263 346 282 350 351 
265 7467 -0.075684200 0.413997000 0.00000000000000000000 1.00000000000000000000 2 0 8 245 246 247 349 266 352 353 354 
266 7468 -0.054025200 0.430881000 0.00000000000000000000 1.00000000000000000000 2 0 8 246 247 248 265 267 353 354 355 
267 7469 -0.031521000 0.447055000 0.00000000000000000000 1.00000000000000000000 2 0 8 247 248 249 266 268 354 355 356 
268 7470 -0.008208870 0.462495000 0.00000000000000000000 1.00000000000000000000 2 0 8 248 249 250 267 269 355 356 357 
269 7471 0.015872800 0.477177000 0.00000000000000000000 1.00000000000000000000 2 0 8 249 250 251 268 270 356 357 358 
270 7472 0.040684500 0.491078000 0.00000000000000000000 1.00000000000000000000 2 0 8 250 251 252 269 271 357 358 283 
271 7473 0.066185400 0.504180000 0.00000000000000000000 1.00000000000000000000 2 0 8 251 252 253 270 272 358 283 284 
272 7474 0.092333800 0.516461000 0.00000000000000000000 1.00000000000000000000 2 0 8 252 253 254 271 273 283 284 285 
273 7475 0.119087000 0.527905000 0.00000000000000000000 1.00000000000000000000 2 0 8 253 254 255 272 274 284 285 286 
274 7476 0.146402000 0.538495000 0.00000000000000000000 1.00000000000000000000 2 0 8 254 255 256 273 275 285 286 287 
275 7477 0.174234000 0.548217000 0.00000000000000000000 1.00000000000000000000 2 0 8 255 256 257 274 276 286 287 288 
276 7478 0.202538000 0.557059000 0.00000000000000000000 1.00000000000000000000 2 0 8 256 257 258 275 277 287 288 289 
277 7479 0.231269000 0.565008000 0.00000000000000000000 1.00000000000000000000 2 0 8 257 258 259 276 278 288 289 290 
278 7480 0.260380000 0.572054000 0.00000000000000000000 1.00000000000000000000 2 0 8 258 259 260 277 279 289 290 291 
279 7481 0.289825000 0.578190000 0.00000000000000000000 1.00000000000000000000 2 0 8 259 260 261 278 280 290 291 292 
280 7482 0.319558000 0.583408000 0.00000000000000000000 1.00000000000000000000 2 0 8 260 261 262 279 281 291 292 293 
281 7483 0.349530000 0.587704000 0.00000000000000000000 1.00000000000000000000 2 0 8 261 262 263 280 282 292 293 359 
282 7484 0.379694000 0.591073000 0.00000000000000000000 1.00000000000000000000 2 0 8 262 263 264 281 350 293 359 360 
283 7485 0.045203000 0.544173000 0.00000000000000000000 1.00000000000000000000 2 0 8 270 271 272 358 284 361 362 363 
284 7486 0.072608400 0.557480000 0.00000000000000000000 1.00000000000000000000 2 0 8 271 272 273 283 285 362 363 364 
285 7487 0.100649000 0.569886000 0.00000000000000000000 1.00000000000000000000 2 0 8 272 273 274 284 286 363 364 365 
286 7488 0.129278000 0.581375000 0.00000000000000000000 1.00000000000000000000 2 0 8 273 274 275 285 287 364 365 294 
287 7489 0.158450000 0.591930000 0.00000000000000000000 1.00000000000000000000 2 0 8 274 275 276 286 288 365 294 295 
288 7490 0.188118000 0.601538000 0.00000000000000000000 1.00000000000000000000 2 0 8 275 276 277 287 289 294 295 296 
289 7491 0.218234000 0.610184000 0.00000000000000000000 1.00000000000000000000 2 0 8 276 277 278 288 290 295 296 297 
290 7492 0.248750000 0.617859000 0.00000000000000000000 1.00000000000000000000 2 0 8 277 278 279 289 291 296 297 298 
291 7493 0.279617000 0.624553000 0.00000000000000000000 1.00000000000000000000 2 0 8 278 279 280 290 292 297 298 299 
292 7494 0.310786000 0.630258000 0.00000000000000000000 1.00000000000000000000 2 0 8 279 280 281 291 293 298 299 366 
293 7495 0.342207000 0.634969000 0.00000000000000000000 1.00000000000000000000 2 0 8 280 281 282 292 359 299 366 367 
294 7496 0.141409000 0.637822000 0.00000000000000000000 1.00000000000000000000 2 0 8 286 287 288 365 295 368 369 300 
295 7497 0.172548000 0.648231000 0.00000000000000000000 1.00000000000000000000 2 0 8 287 288 289 294 296 369 300 301 
296 7498 0.204159000 0.657609000 0.00000000000000000000 1.00000000000000000000 2 0 8 288 289 290 295 297 300 301 302 
297 7499 0.236190000 0.665942000 0.00000000000000000000 1.00000000000000000000 2 0 8 289 290 291 296 298 301 302 303 
298 7500 0.268590000 0.673221000 0.00000000000000000000 1.00000000000000000000 2 0 8 290 291 292 297 299 302 303 370 
299 7501 0.301309000 0.679436000 0.00000000000000000000 1.00000000000000000000 2 0 8 291 292 293 298 366 303 370 371 
300 7502 0.155769000 0.697313000 0.00000000000000000000 1.00000000000000000000 2 0 8 294 295 296 369 301 372 373 374 
301 7503 0.188989000 0.707458000 0.00000000000000000000 1.00000000000000000000 2 0 8 295 296 297 300 302 373 374 375 
302 7504 0.222652000 0.716482000 0.00000000000000000000 1.00000000000000000000 2 0 8 296 297 298 301 303 374 375 376 
303 7505 0.256705000 0.724373000 0.00000000000000000000 1.00000000000000000000 2 0 8 297 298 299 302 370 375 376 377 
304 7832 0.222215 0.0580454 1 1
305 5991 0.460771 0.0545294 1 1
306 7860 0.219613 0.0825621 2 0
307 6010 0.460623 0.0847008 2 0
308 7887 0.199463 0.105262 2 0
309 7888 0.216015 0.10742 2 0
310 6029 0.46031 0.115187 2 0
311 7914 0.178158 0.126697 2 0
312 7915 0.194549 0.129829 2 0
313 6048 0.459834 0.146103 2 0
314 7940 0.15556 0.14682 2 0
315 7941 0.171803 0.151004 2 0
316 6067 0.459193 0.177561 2 0
317 6068 0.479889 0.176929 2 0
318 7964 0.131533 0.165574 2 0
319 7965 0.147639 0.17089 2 0
320 6086 0.479543 0.20916 2 0
321 6087 0.500708 0.208309 2 0
322 7987 0.105947 0.18289 2 0
323 7988 0.121917 0.18942 2 0
324 6104 0.500806 0.241374 2 0
325 8008 0.0786721 0.198689 2 0
326 8009 0.0945038 0.206516 2 0
327 6121 0.500894 0.275334 2 0
328 8029 0.0652678 0.222091 2 0
329 6138 0.500972 0.310316 2 0
330 8048 0.0340805 0.236043 2 0
331 8049 0.0503119 0.246313 2 0
332 6155 0.501041 0.346447 2 0
333 8067 0.000816796 0.248258 2 0
334 8068 0.016911 0.260075 2 0
335 6172 0.501103 0.383864 2 0
336 8085 -0.0346456 0.258609 2 0
337 8086 -0.0187168 0.272069 2 0
338 6190 0.501158 0.422704 2 0
339 8102 -0.0566982 0.282156 2 0
340 6289 0.501207 0.463111 2 0
341 8119 -0.0807519 0.306736 2 0
342 6292 0.473414 0.505672 2 0
343 6293 0.50125 0.505236 2 0
344 8137 -0.106899 0.332438 2 0
345 8138 -0.0888233 0.34985 2 0
346 6297 0.443104 0.549157 2 0
347 6298 0.472196 0.549623 2 0
348 8158 -0.116324 0.378206 2 0
349 8159 -0.096462 0.396429 2 0
350 6304 0.410003 0.593514 2 0
351 6305 0.440409 0.595026 2 0
352 8181 -0.125246 0.427632 2 0
353 8182 -0.103473 0.446614 2 0
354 7506 -0.0807763 0.464864 2 0
355 7507 -0.0571934 0.482352 2 0
356 7508 -0.0327632 0.499051 2 0
357 7509 -0.00752593 0.514937 2 0
358 7510 0.018477 0.529985 2 0
359 6313 0.37383 0.638681 2 0
360 6314 0.405606 0.641392 2 0
361 7516 -0.0054909 0.570836 2 0
362 7517 0.0225558 0.586164 2 0
363 7518 0.0513164 0.600546 2 0
364 7519 0.080744 0.613962 2 0
365 7520 0.110791 0.626393 2 0
366 6324 0.334294 0.684581 2 0
367 6325 0.367493 0.688651 2 0
368 7531 0.0908723 0.673716 2 0
369 7532 0.123046 0.686061 2 0
370 6337 0.291093 0.731122 2 0
371 6338 0.325762 0.736722 2 0
372 7544 0.103294 0.736826 2 0
373 7545 0.13772 0.748964 2 0
374 7546 0.172669 0.759915 2 0
375 7547 0.208087 0.769664 2 0
376 7548 0.243916 0.778199 2 0
377 6352 0.280099 0.78551 2 0
