394 304 90
1 1516 0.501445000 -1.209890000 0.00000000000000000000 1.00000000000000000000 2 0 8 305 306 307 324 2 17 18 19 
2 1517 0.450076000 -1.209680000 0.00000000000000000000 1.00000000000000000000 2 0 8 306 307 308 1 3 18 19 20 
3 1518 0.398736000 -1.207600000 0.00000000000000000000 1.00000000000000000000 2 0 8 307 308 309 2 4 19 20 21 
4 1519 0.347502000 -1.203660000 0.00000000000000000000 1.00000000000000000000 2 0 8 308 309 310 3 5 20 21 22 
5 1520 0.296456000 -1.197840000 0.00000000000000000000 1.00000000000000000000 2 0 8 309 310 311 4 6 21 22 23 
6 1521 0.245677000 -1.190160000 0.00000000000000000000 1.00000000000000000000 2 0 8 310 311 312 5 7 22 23 24 
7 1522 0.195243000 -1.180630000 0.00000000000000000000 1.00000000000000000000 2 0 8 311 312 313 6 8 23 24 25 
8 1523 0.145235000 -1.169260000 0.00000000000000000000 1.00000000000000000000 2 0 8 312 313 314 7 9 24 25 26 
9 1524 0.095731700 -1.156070000 0.00000000000000000000 1.00000000000000000000 2 0 8 313 314 315 8 10 25 26 27 
10 1525 0.046810200 -1.141060000 0.00000000000000000000 1.00000000000000000000 2 0 8 314 315 316 9 11 26 27 28 
11 1526 -0.001451710 -1.124270000 0.00000000000000000000 1.00000000000000000000 2 0 8 315 316 317 10 12 27 28 29 
12 1527 -0.048977500 -1.105710000 0.00000000000000000000 1.00000000000000000000 2 0 8 316 317 318 11 13 28 29 30 
13 1528 -0.095691500 -1.085420000 0.00000000000000000000 1.00000000000000000000 2 0 8 317 318 319 12 14 29 30 31 
14 1529 -0.141519000 -1.063410000 0.00000000000000000000 1.00000000000000000000 2 0 8 318 319 320 13 15 30 31 32 
15 1530 -0.186388000 -1.039730000 0.00000000000000000000 1.00000000000000000000 2 0 8 319 320 321 14 16 31 32 33 
16 1531 -0.230226000 -1.014410000 0.00000000000000000000 1.00000000000000000000 2 0 8 320 321 322 15 325 32 33 34 
17 1532 0.555752000 -1.290060000 0.00000000000000000000 1.00000000000000000000 2 0 8 323 324 1 328 18 35 36 37 
18 1533 0.501448000 -1.291780000 0.00000000000000000000 1.00000000000000000000 2 0 8 324 1 2 17 19 36 37 38 
19 1534 0.447092000 -1.291500000 0.00000000000000000000 1.00000000000000000000 2 0 8 1 2 3 18 20 37 38 39 
20 1535 0.392768000 -1.289230000 0.00000000000000000000 1.00000000000000000000 2 0 8 2 3 4 19 21 38 39 40 
21 1536 0.338560000 -1.284970000 0.00000000000000000000 1.00000000000000000000 2 0 8 3 4 5 20 22 39 40 41 
22 1537 0.284553000 -1.278710000 0.00000000000000000000 1.00000000000000000000 2 0 8 4 5 6 21 23 40 41 42 
23 1538 0.230830000 -1.270460000 0.00000000000000000000 1.00000000000000000000 2 0 8 5 6 7 22 24 41 42 43 
24 1539 0.177477000 -1.260240000 0.00000000000000000000 1.00000000000000000000 2 0 8 6 7 8 23 25 42 43 44 
25 1540 0.124576000 -1.248050000 0.00000000000000000000 1.00000000000000000000 2 0 8 7 8 9 24 26 43 44 45 
26 1541 0.072210500 -1.233920000 0.00000000000000000000 1.00000000000000000000 2 0 8 8 9 10 25 27 44 45 46 
27 1542 0.020463500 -1.217860000 0.00000000000000000000 1.00000000000000000000 2 0 8 9 10 11 26 28 45 46 47 
28 1543 -0.030583400 -1.199890000 0.00000000000000000000 1.00000000000000000000 2 0 8 10 11 12 27 29 46 47 48 
29 1544 -0.080849500 -1.180040000 0.00000000000000000000 1.00000000000000000000 2 0 8 11 12 13 28 30 47 48 49 
30 1545 -0.130255000 -1.158340000 0.00000000000000000000 1.00000000000000000000 2 0 8 12 13 14 29 31 48 49 50 
31 1546 -0.178721000 -1.134820000 0.00000000000000000000 1.00000000000000000000 2 0 8 13 14 15 30 32 49 50 51 
32 1547 -0.226171000 -1.109510000 0.00000000000000000000 1.00000000000000000000 2 0 8 14 15 16 31 33 50 51 52 
33 1548 -0.272528000 -1.082450000 0.00000000000000000000 1.00000000000000000000 2 0 8 15 16 325 32 34 51 52 53 
34 1549 -0.317719000 -1.053690000 0.00000000000000000000 1.00000000000000000000 2 0 8 16 325 326 33 329 52 53 54 
35 1550 0.616295000 -1.372780000 0.00000000000000000000 1.00000000000000000000 2 0 8 327 328 17 331 36 334 55 56 
36 1551 0.558943000 -1.376680000 0.00000000000000000000 1.00000000000000000000 2 0 8 328 17 18 35 37 55 56 57 
37 1552 0.501450000 -1.378460000 0.00000000000000000000 1.00000000000000000000 2 0 8 17 18 19 36 38 56 57 58 
38 1553 0.443904000 -1.378120000 0.00000000000000000000 1.00000000000000000000 2 0 8 18 19 20 37 39 57 58 59 
39 1554 0.386395000 -1.375640000 0.00000000000000000000 1.00000000000000000000 2 0 8 19 20 21 38 40 58 59 60 
40 1555 0.329012000 -1.371040000 0.00000000000000000000 1.00000000000000000000 2 0 8 20 21 22 39 41 59 60 61 
41 1556 0.271844000 -1.364310000 0.00000000000000000000 1.00000000000000000000 2 0 8 21 22 23 40 42 60 61 62 
42 1557 0.214981000 -1.355460000 0.00000000000000000000 1.00000000000000000000 2 0 8 22 23 24 41 43 61 62 63 
43 1558 0.158510000 -1.344510000 0.00000000000000000000 1.00000000000000000000 2 0 8 23 24 25 42 44 62 63 64 
44 1559 0.102521000 -1.331460000 0.00000000000000000000 1.00000000000000000000 2 0 8 24 25 26 43 45 63 64 65 
45 1560 0.047101900 -1.316330000 0.00000000000000000000 1.00000000000000000000 2 0 8 25 26 27 44 46 64 65 66 
46 1561 -0.007660630 -1.299150000 0.00000000000000000000 1.00000000000000000000 2 0 8 26 27 28 45 47 65 66 67 
47 1562 -0.061680000 -1.279940000 0.00000000000000000000 1.00000000000000000000 2 0 8 27 28 29 46 48 66 67 68 
48 1563 -0.114871000 -1.258720000 0.00000000000000000000 1.00000000000000000000 2 0 8 28 29 30 47 49 67 68 69 
49 1564 -0.167149000 -1.235530000 0.00000000000000000000 1.00000000000000000000 2 0 8 29 30 31 48 50 68 69 70 
50 1565 -0.218430000 -1.210410000 0.00000000000000000000 1.00000000000000000000 2 0 8 30 31 32 49 51 69 70 71 
51 1566 -0.268635000 -1.183380000 0.00000000000000000000 1.00000000000000000000 2 0 8 31 32 33 50 52 70 71 72 
52 1567 -0.317681000 -1.154480000 0.00000000000000000000 1.00000000000000000000 2 0 8 32 33 34 51 53 71 72 73 
53 1568 -0.365492000 -1.123770000 0.00000000000000000000 1.00000000000000000000 2 0 8 33 34 329 52 54 72 73 74 
54 1569 -0.411990000 -1.091290000 0.00000000000000000000 1.00000000000000000000 2 0 8 34 329 330 53 332 73 74 75 
55 1570 0.623095000 -1.464310000 0.00000000000000000000 1.00000000000000000000 2 0 8 331 35 36 334 56 337 76 77 
56 1571 0.562346000 -1.468420000 0.00000000000000000000 1.00000000000000000000 2 0 8 35 36 37 55 57 76 77 78 
57 1572 0.501450000 -1.470270000 0.00000000000000000000 1.00000000000000000000 2 0 8 36 37 38 56 58 77 78 79 
58 1573 0.440501000 -1.469850000 0.00000000000000000000 1.00000000000000000000 2 0 8 37 38 39 57 59 78 79 80 
59 1574 0.379595000 -1.467160000 0.00000000000000000000 1.00000000000000000000 2 0 8 38 39 40 58 60 79 80 81 
60 1575 0.318824000 -1.462200000 0.00000000000000000000 1.00000000000000000000 2 0 8 39 40 41 59 61 80 81 82 
61 1576 0.258284000 -1.454970000 0.00000000000000000000 1.00000000000000000000 2 0 8 40 41 42 60 62 81 82 83 
62 1577 0.198069000 -1.445480000 0.00000000000000000000 1.00000000000000000000 2 0 8 41 42 43 61 63 82 83 84 
63 1578 0.138273000 -1.433750000 0.00000000000000000000 1.00000000000000000000 2 0 8 42 43 44 62 64 83 84 85 
64 1579 0.078990100 -1.419790000 0.00000000000000000000 1.00000000000000000000 2 0 8 43 44 45 63 65 84 85 86 
65 1580 0.020312600 -1.403620000 0.00000000000000000000 1.00000000000000000000 2 0 8 44 45 46 64 66 85 86 87 
66 1581 -0.037666900 -1.385250000 0.00000000000000000000 1.00000000000000000000 2 0 8 45 46 47 65 67 86 87 88 
67 1582 -0.094857200 -1.364720000 0.00000000000000000000 1.00000000000000000000 2 0 8 46 47 48 66 68 87 88 89 
68 1583 -0.151168000 -1.342060000 0.00000000000000000000 1.00000000000000000000 2 0 8 47 48 49 67 69 88 89 90 
69 1584 -0.206510000 -1.317290000 0.00000000000000000000 1.00000000000000000000 2 0 8 48 49 50 68 70 89 90 91 
70 1585 -0.260795000 -1.290460000 0.00000000000000000000 1.00000000000000000000 2 0 8 49 50 51 69 71 90 91 92 
71 1586 -0.313938000 -1.261610000 0.00000000000000000000 1.00000000000000000000 2 0 8 50 51 52 70 72 91 92 93 
72 1587 -0.365853000 -1.230770000 0.00000000000000000000 1.00000000000000000000 2 0 8 51 52 53 71 73 92 93 94 
73 1588 -0.416458000 -1.198000000 0.00000000000000000000 1.00000000000000000000 2 0 8 52 53 54 72 74 93 94 95 
74 1589 -0.465672000 -1.163340000 0.00000000000000000000 1.00000000000000000000 2 0 8 53 54 332 73 75 94 95 96 
75 1590 -0.513416000 -1.126840000 0.00000000000000000000 1.00000000000000000000 2 0 8 54 332 333 74 335 95 96 97 
76 1591 0.630347000 -1.561290000 0.00000000000000000000 1.00000000000000000000 2 0 8 334 55 56 337 77 340 98 99 
77 1592 0.565974000 -1.565620000 0.00000000000000000000 1.00000000000000000000 2 0 8 55 56 57 76 78 98 99 100 
78 1593 0.501449000 -1.567540000 0.00000000000000000000 1.00000000000000000000 2 0 8 56 57 58 77 79 99 100 101 
79 1594 0.436871000 -1.567040000 0.00000000000000000000 1.00000000000000000000 2 0 8 57 58 59 78 80 100 101 102 
80 1595 0.372340000 -1.564120000 0.00000000000000000000 1.00000000000000000000 2 0 8 58 59 60 79 81 101 102 103 
81 1596 0.307957000 -1.558780000 0.00000000000000000000 1.00000000000000000000 2 0 8 59 60 61 80 82 102 103 104 
82 1597 0.243821000 -1.551030000 0.00000000000000000000 1.00000000000000000000 2 0 8 60 61 62 81 83 103 104 105 
83 1598 0.180033000 -1.540860000 0.00000000000000000000 1.00000000000000000000 2 0 8 61 62 63 82 84 104 105 106 
84 1599 0.116691000 -1.528310000 0.00000000000000000000 1.00000000000000000000 2 0 8 62 63 64 83 85 105 106 107 
85 1600 0.053894700 -1.513380000 0.00000000000000000000 1.00000000000000000000 2 0 8 63 64 65 84 86 106 107 108 
86 1601 -0.008257090 -1.496090000 0.00000000000000000000 1.00000000000000000000 2 0 8 64 65 66 85 87 107 108 109 
87 1602 -0.069667000 -1.476470000 0.00000000000000000000 1.00000000000000000000 2 0 8 65 66 67 86 88 108 109 110 
88 1603 -0.130238000 -1.454550000 0.00000000000000000000 1.00000000000000000000 2 0 8 66 67 68 87 89 109 110 111 
89 1604 -0.189876000 -1.430350000 0.00000000000000000000 1.00000000000000000000 2 0 8 67 68 69 88 90 110 111 112 
90 1605 -0.248485000 -1.403920000 0.00000000000000000000 1.00000000000000000000 2 0 8 68 69 70 89 91 111 112 113 
91 1606 -0.305973000 -1.375290000 0.00000000000000000000 1.00000000000000000000 2 0 8 69 70 71 90 92 112 113 114 
92 1607 -0.362248000 -1.344500000 0.00000000000000000000 1.00000000000000000000 2 0 8 70 71 72 91 93 113 114 115 
93 1608 -0.417222000 -1.311600000 0.00000000000000000000 1.00000000000000000000 2 0 8 71 72 73 92 94 114 115 116 
94 1609 -0.470806000 -1.276640000 0.00000000000000000000 1.00000000000000000000 2 0 8 72 73 74 93 95 115 116 117 
95 1610 -0.522916000 -1.239680000 0.00000000000000000000 1.00000000000000000000 2 0 8 73 74 75 94 96 116 117 118 
96 1611 -0.573467000 -1.200760000 0.00000000000000000000 1.00000000000000000000 2 0 8 74 75 335 95 97 117 118 119 
97 1612 -0.622380000 -1.159950000 0.00000000000000000000 1.00000000000000000000 2 0 8 75 335 336 96 338 118 119 120 
98 1613 0.638076000 -1.664080000 0.00000000000000000000 1.00000000000000000000 2 0 8 337 76 77 340 99 343 344 121 
99 1614 0.569840000 -1.668640000 0.00000000000000000000 1.00000000000000000000 2 0 8 76 77 78 98 100 344 121 122 
100 1615 0.501446000 -1.670630000 0.00000000000000000000 1.00000000000000000000 2 0 8 77 78 79 99 101 121 122 123 
101 1616 0.433000000 -1.670050000 0.00000000000000000000 1.00000000000000000000 2 0 8 78 79 80 100 102 122 123 124 
102 1617 0.364606000 -1.666890000 0.00000000000000000000 1.00000000000000000000 2 0 8 79 80 81 101 103 123 124 125 
103 1618 0.296372000 -1.661150000 0.00000000000000000000 1.00000000000000000000 2 0 8 80 81 82 102 104 124 125 126 
104 1619 0.228403000 -1.652830000 0.00000000000000000000 1.00000000000000000000 2 0 8 81 82 83 103 105 125 126 127 
105 1620 0.160804000 -1.641960000 0.00000000000000000000 1.00000000000000000000 2 0 8 82 83 84 104 106 126 127 128 
106 1621 0.093682400 -1.628530000 0.00000000000000000000 1.00000000000000000000 2 0 8 83 84 85 105 107 127 128 129 
107 1622 0.027141700 -1.612570000 0.00000000000000000000 1.00000000000000000000 2 0 8 84 85 86 106 108 128 129 130 
108 1623 -0.038713600 -1.594110000 0.00000000000000000000 1.00000000000000000000 2 0 8 85 86 87 107 109 129 130 131 
109 1624 -0.103780000 -1.573160000 0.00000000000000000000 1.00000000000000000000 2 0 8 86 87 88 108 110 130 131 132 
110 1625 -0.167955000 -1.549760000 0.00000000000000000000 1.00000000000000000000 2 0 8 87 88 89 109 111 131 132 133 
111 1626 -0.231139000 -1.523940000 0.00000000000000000000 1.00000000000000000000 2 0 8 88 89 90 110 112 132 133 134 
112 1627 -0.293230000 -1.495740000 0.00000000000000000000 1.00000000000000000000 2 0 8 89 90 91 111 113 133 134 135 
113 1628 -0.354131000 -1.465190000 0.00000000000000000000 1.00000000000000000000 2 0 8 90 91 92 112 114 134 135 136 
114 1629 -0.413746000 -1.432360000 0.00000000000000000000 1.00000000000000000000 2 0 8 91 92 93 113 115 135 136 137 
115 1630 -0.471980000 -1.397270000 0.00000000000000000000 1.00000000000000000000 2 0 8 92 93 94 114 116 136 137 138 
116 1631 -0.528739000 -1.360000000 0.00000000000000000000 1.00000000000000000000 2 0 8 93 94 95 115 117 137 138 139 
117 1632 -0.583935000 -1.320590000 0.00000000000000000000 1.00000000000000000000 2 0 8 94 95 96 116 118 138 139 140 
118 1633 -0.637479000 -1.279100000 0.00000000000000000000 1.00000000000000000000 2 0 8 95 96 97 117 119 139 140 141 
119 1634 -0.689285000 -1.235600000 0.00000000000000000000 1.00000000000000000000 2 0 8 96 97 338 118 120 140 141 142 
120 1635 -0.739270000 -1.190150000 0.00000000000000000000 1.00000000000000000000 2 0 8 97 338 339 119 341 141 142 143 
121 1636 0.573960000 -1.777860000 0.00000000000000000000 1.00000000000000000000 2 0 8 98 99 100 344 122 347 348 144 
122 1637 0.501443000 -1.779930000 0.00000000000000000000 1.00000000000000000000 2 0 8 99 100 101 121 123 348 144 145 
123 1638 0.428873000 -1.779260000 0.00000000000000000000 1.00000000000000000000 2 0 8 100 101 102 122 124 144 145 146 
124 1639 0.356363000 -1.775840000 0.00000000000000000000 1.00000000000000000000 2 0 8 101 102 103 123 125 145 146 147 
125 1640 0.284024000 -1.769670000 0.00000000000000000000 1.00000000000000000000 2 0 8 102 103 104 124 126 146 147 148 
126 1641 0.211970000 -1.760770000 0.00000000000000000000 1.00000000000000000000 2 0 8 103 104 105 125 127 147 148 149 
127 1642 0.140312000 -1.749130000 0.00000000000000000000 1.00000000000000000000 2 0 8 104 105 106 126 128 148 149 150 
128 1643 0.069162300 -1.734790000 0.00000000000000000000 1.00000000000000000000 2 0 8 105 106 107 127 129 149 150 151 
129 1644 -0.001368650 -1.717740000 0.00000000000000000000 1.00000000000000000000 2 0 8 106 107 108 128 130 150 151 152 
130 1645 -0.071170200 -1.698030000 0.00000000000000000000 1.00000000000000000000 2 0 8 107 108 109 129 131 151 152 153 
131 1646 -0.140133000 -1.675670000 0.00000000000000000000 1.00000000000000000000 2 0 8 108 109 110 130 132 152 153 154 
132 1647 -0.208149000 -1.650700000 0.00000000000000000000 1.00000000000000000000 2 0 8 109 110 111 131 133 153 154 155 
133 1648 -0.275110000 -1.623160000 0.00000000000000000000 1.00000000000000000000 2 0 8 110 111 112 132 134 154 155 156 
134 1649 -0.340912000 -1.593080000 0.00000000000000000000 1.00000000000000000000 2 0 8 111 112 113 133 135 155 156 157 
135 1650 -0.405450000 -1.560510000 0.00000000000000000000 1.00000000000000000000 2 0 8 112 113 114 134 136 156 157 158 
136 1651 -0.468623000 -1.525500000 0.00000000000000000000 1.00000000000000000000 2 0 8 113 114 115 135 137 157 158 159 
137 1652 -0.530330000 -1.488100000 0.00000000000000000000 1.00000000000000000000 2 0 8 114 115 116 136 138 158 159 160 
138 1653 -0.590473000 -1.448370000 0.00000000000000000000 1.00000000000000000000 2 0 8 115 116 117 137 139 159 160 161 
139 1654 -0.648957000 -1.406370000 0.00000000000000000000 1.00000000000000000000 2 0 8 116 117 118 138 140 160 161 162 
140 1655 -0.705689000 -1.362160000 0.00000000000000000000 1.00000000000000000000 2 0 8 117 118 119 139 141 161 162 163 
141 1656 -0.760578000 -1.315810000 0.00000000000000000000 1.00000000000000000000 2 0 8 118 119 120 140 142 162 163 164 
142 1657 -0.813536000 -1.267390000 0.00000000000000000000 1.00000000000000000000 2 0 8 119 120 341 141 143 163 164 165 
143 1658 -0.864480000 -1.216970000 0.00000000000000000000 1.00000000000000000000 2 0 8 120 341 342 142 345 164 165 166 
144 1659 0.501437000 -1.895850000 0.00000000000000000000 1.00000000000000000000 2 0 8 121 122 123 348 145 351 352 167 
145 1660 0.424475000 -1.895080000 0.00000000000000000000 1.00000000000000000000 2 0 8 122 123 124 144 146 352 167 168 
146 1661 0.347579000 -1.891390000 0.00000000000000000000 1.00000000000000000000 2 0 8 123 124 125 145 147 167 168 169 
147 1662 0.270869000 -1.884770000 0.00000000000000000000 1.00000000000000000000 2 0 8 124 125 126 146 148 168 169 170 
148 1663 0.194463000 -1.875240000 0.00000000000000000000 1.00000000000000000000 2 0 8 125 126 127 147 149 169 170 171 
149 1664 0.118480000 -1.862800000 0.00000000000000000000 1.00000000000000000000 2 0 8 126 127 128 148 150 170 171 172 
150 1665 0.043039400 -1.847470000 0.00000000000000000000 1.00000000000000000000 2 0 8 127 128 129 149 151 171 172 173 
151 1666 -0.031742300 -1.829270000 0.00000000000000000000 1.00000000000000000000 2 0 8 128 129 130 150 152 172 173 174 
152 1667 -0.105748000 -1.808240000 0.00000000000000000000 1.00000000000000000000 2 0 8 129 130 131 151 153 173 174 175 
153 1668 -0.178861000 -1.784380000 0.00000000000000000000 1.00000000000000000000 2 0 8 130 131 132 152 154 174 175 176 
154 1669 -0.250968000 -1.757750000 0.00000000000000000000 1.00000000000000000000 2 0 8 131 132 133 153 155 175 176 177 
155 1670 -0.321954000 -1.728380000 0.00000000000000000000 1.00000000000000000000 2 0 8 132 133 134 154 156 176 177 178 
156 1671 -0.391708000 -1.696320000 0.00000000000000000000 1.00000000000000000000 2 0 8 133 134 135 155 157 177 178 179 
157 1672 -0.460121000 -1.661600000 0.00000000000000000000 1.00000000000000000000 2 0 8 134 135 136 156 158 178 179 180 
158 1673 -0.527084000 -1.624290000 0.00000000000000000000 1.00000000000000000000 2 0 8 135 136 137 157 159 179 180 181 
159 1674 -0.592490000 -1.584430000 0.00000000000000000000 1.00000000000000000000 2 0 8 136 137 138 158 160 180 181 182 
160 1675 -0.656238000 -1.542100000 0.00000000000000000000 1.00000000000000000000 2 0 8 137 138 139 159 161 181 182 183 
161 1676 -0.718224000 -1.497350000 0.00000000000000000000 1.00000000000000000000 2 0 8 138 139 140 160 162 182 183 184 
162 1677 -0.778351000 -1.450250000 0.00000000000000000000 1.00000000000000000000 2 0 8 139 140 141 161 163 183 184 185 
163 1678 -0.836524000 -1.400870000 0.00000000000000000000 1.00000000000000000000 2 0 8 140 141 142 162 164 184 185 186 
164 1679 -0.892649000 -1.349300000 0.00000000000000000000 1.00000000000000000000 2 0 8 141 142 143 163 165 185 186 187 
165 1680 -0.946637000 -1.295600000 0.00000000000000000000 1.00000000000000000000 2 0 8 142 143 345 164 166 186 187 188 
166 1681 -0.998402000 -1.239870000 0.00000000000000000000 1.00000000000000000000 2 0 8 143 345 346 165 349 187 188 189 
167 1682 0.419790000 -2.017940000 0.00000000000000000000 1.00000000000000000000 2 0 8 144 145 146 352 168 354 355 190 
168 1683 0.338223000 -2.013960000 0.00000000000000000000 1.00000000000000000000 2 0 8 145 146 147 167 169 355 190 191 
169 1684 0.256857000 -2.006870000 0.00000000000000000000 1.00000000000000000000 2 0 8 146 147 148 168 170 190 191 192 
170 1685 0.175816000 -1.996670000 0.00000000000000000000 1.00000000000000000000 2 0 8 147 148 149 169 171 191 192 193 
171 1686 0.095227400 -1.983380000 0.00000000000000000000 1.00000000000000000000 2 0 8 148 149 150 170 172 192 193 194 
172 1687 0.015216300 -1.967010000 0.00000000000000000000 1.00000000000000000000 2 0 8 149 150 151 171 173 193 194 195 
173 1688 -0.064092400 -1.947590000 0.00000000000000000000 1.00000000000000000000 2 0 8 150 151 152 172 174 194 195 196 
174 1689 -0.142575000 -1.925140000 0.00000000000000000000 1.00000000000000000000 2 0 8 151 152 153 173 175 195 196 197 
175 1690 -0.220109000 -1.899710000 0.00000000000000000000 1.00000000000000000000 2 0 8 152 153 154 174 176 196 197 198 
176 1691 -0.296572000 -1.871310000 0.00000000000000000000 1.00000000000000000000 2 0 8 153 154 155 175 177 197 198 199 
177 1692 -0.371844000 -1.840000000 0.00000000000000000000 1.00000000000000000000 2 0 8 154 155 156 176 178 198 199 200 
178 1693 -0.445808000 -1.805830000 0.00000000000000000000 1.00000000000000000000 2 0 8 155 156 157 177 179 199 200 201 
179 1694 -0.518346000 -1.768830000 0.00000000000000000000 1.00000000000000000000 2 0 8 156 157 158 178 180 200 201 202 
180 1695 -0.589345000 -1.729080000 0.00000000000000000000 1.00000000000000000000 2 0 8 157 158 159 179 181 201 202 203 
181 1696 -0.658692000 -1.686620000 0.00000000000000000000 1.00000000000000000000 2 0 8 158 159 160 180 182 202 203 204 
182 1697 -0.726277000 -1.641520000 0.00000000000000000000 1.00000000000000000000 2 0 8 159 160 161 181 183 203 204 205 
183 1698 -0.791993000 -1.593860000 0.00000000000000000000 1.00000000000000000000 2 0 8 160 161 162 182 184 204 205 206 
184 1699 -0.855737000 -1.543690000 0.00000000000000000000 1.00000000000000000000 2 0 8 161 162 163 183 185 205 206 207 
185 1700 -0.917406000 -1.491110000 0.00000000000000000000 1.00000000000000000000 2 0 8 162 163 164 184 186 206 207 208 
186 1701 -0.976903000 -1.436190000 0.00000000000000000000 1.00000000000000000000 2 0 8 163 164 165 185 187 207 208 209 
187 1702 -1.034130000 -1.379010000 0.00000000000000000000 1.00000000000000000000 2 0 8 164 165 166 186 188 208 209 210 
188 1703 -1.089010000 -1.319670000 0.00000000000000000000 1.00000000000000000000 2 0 8 165 166 349 187 189 209 210 211 
189 1704 -1.141430000 -1.258250000 0.00000000000000000000 1.00000000000000000000 2 0 8 166 349 350 188 353 210 211 356 
190 1705 0.328260000 -2.144020000 0.00000000000000000000 1.00000000000000000000 2 0 8 167 168 169 355 191 357 212 213 
191 1706 0.241935000 -2.136410000 0.00000000000000000000 1.00000000000000000000 2 0 8 168 169 170 190 192 212 213 214 
192 1707 0.155960000 -2.125510000 0.00000000000000000000 1.00000000000000000000 2 0 8 169 170 171 191 193 213 214 215 
193 1708 0.070466600 -2.111310000 0.00000000000000000000 1.00000000000000000000 2 0 8 170 171 172 192 194 214 215 216 
194 1709 -0.014410400 -2.093840000 0.00000000000000000000 1.00000000000000000000 2 0 8 171 172 173 193 195 215 216 217 
195 1710 -0.098539300 -2.073120000 0.00000000000000000000 1.00000000000000000000 2 0 8 172 173 174 194 196 216 217 218 
196 1711 -0.181789000 -2.049190000 0.00000000000000000000 1.00000000000000000000 2 0 8 173 174 175 195 197 217 218 219 
197 1712 -0.264029000 -2.022070000 0.00000000000000000000 1.00000000000000000000 2 0 8 174 175 176 196 198 218 219 220 
198 1713 -0.345131000 -1.991800000 0.00000000000000000000 1.00000000000000000000 2 0 8 175 176 177 197 199 219 220 221 
199 1714 -0.424967000 -1.958440000 0.00000000000000000000 1.00000000000000000000 2 0 8 176 177 178 198 200 220 221 222 
200 1715 -0.503412000 -1.922020000 0.00000000000000000000 1.00000000000000000000 2 0 8 177 178 179 199 201 221 222 223 
201 1716 -0.580343000 -1.882610000 0.00000000000000000000 1.00000000000000000000 2 0 8 178 179 180 200 202 222 223 224 
202 1717 -0.655639000 -1.840260000 0.00000000000000000000 1.00000000000000000000 2 0 8 179 180 181 201 203 223 224 225 
203 1718 -0.729181000 -1.795040000 0.00000000000000000000 1.00000000000000000000 2 0 8 180 181 182 202 204 224 225 226 
204 1719 -0.800852000 -1.747010000 0.00000000000000000000 1.00000000000000000000 2 0 8 181 182 183 203 205 225 226 227 
205 1720 -0.870539000 -1.696250000 0.00000000000000000000 1.00000000000000000000 2 0 8 182 183 184 204 206 226 227 228 
206 1721 -0.938133000 -1.642840000 0.00000000000000000000 1.00000000000000000000 2 0 8 183 184 185 205 207 227 228 229 
207 1722 -1.003530000 -1.586850000 0.00000000000000000000 1.00000000000000000000 2 0 8 184 185 186 206 208 228 229 230 
208 1723 -1.066610000 -1.528380000 0.00000000000000000000 1.00000000000000000000 2 0 8 185 186 187 207 209 229 230 231 
209 1724 -1.127290000 -1.467510000 0.00000000000000000000 1.00000000000000000000 2 0 8 186 187 188 208 210 230 231 232 
210 1725 -1.185470000 -1.404340000 0.00000000000000000000 1.00000000000000000000 2 0 8 187 188 189 209 211 231 232 233 
211 1726 -1.241060000 -1.338960000 0.00000000000000000000 1.00000000000000000000 2 0 8 188 189 353 210 356 232 233 358 
212 1727 0.317653000 -2.282040000 0.00000000000000000000 1.00000000000000000000 2 0 8 355 190 191 357 213 359 234 235 
213 1728 0.226049000 -2.273900000 0.00000000000000000000 1.00000000000000000000 2 0 8 190 191 192 212 214 234 235 236 
214 1729 0.134820000 -2.262240000 0.00000000000000000000 1.00000000000000000000 2 0 8 191 192 193 213 215 235 236 237 
215 1730 0.044106000 -2.247080000 0.00000000000000000000 1.00000000000000000000 2 0 8 192 193 194 214 216 236 237 238 
216 1731 -0.045951100 -2.228440000 0.00000000000000000000 1.00000000000000000000 2 0 8 193 194 195 215 217 237 238 239 
217 1732 -0.135211000 -2.206350000 0.00000000000000000000 1.00000000000000000000 2 0 8 194 195 196 216 218 238 239 240 
218 1733 -0.223535000 -2.180830000 0.00000000000000000000 1.00000000000000000000 2 0 8 195 196 197 217 219 239 240 241 
219 1734 -0.310786000 -2.151920000 0.00000000000000000000 1.00000000000000000000 2 0 8 196 197 198 218 220 240 241 242 
220 1735 -0.396825000 -2.119670000 0.00000000000000000000 1.00000000000000000000 2 0 8 197 198 199 219 221 241 242 243 
221 1736 -0.481519000 -2.084130000 0.00000000000000000000 1.00000000000000000000 2 0 8 198 199 200 220 222 242 243 244 
222 1737 -0.564735000 -2.045340000 0.00000000000000000000 1.00000000000000000000 2 0 8 199 200 201 221 223 243 244 245 
223 1738 -0.646343000 -2.003360000 0.00000000000000000000 1.00000000000000000000 2 0 8 200 201 202 222 224 244 245 246 
224 1739 -0.726213000 -1.958260000 0.00000000000000000000 1.00000000000000000000 2 0 8 201 202 203 223 225 245 246 247 
225 1740 -0.804219000 -1.910100000 0.00000000000000000000 1.00000000000000000000 2 0 8 202 203 204 224 226 246 247 248 
226 1741 -0.880240000 -1.858960000 0.00000000000000000000 1.00000000000000000000 2 0 8 203 204 205 225 227 247 248 249 
227 1742 -0.954155000 -1.804920000 0.00000000000000000000 1.00000000000000000000 2 0 8 204 205 206 226 228 248 249 250 
228 1743 -1.025850000 -1.748060000 0.00000000000000000000 1.00000000000000000000 2 0 8 205 206 207 227 229 249 250 251 
229 1744 -1.095200000 -1.688460000 0.00000000000000000000 1.00000000000000000000 2 0 8 206 207 208 228 230 250 251 360 
230 1745 -1.162110000 -1.626220000 0.00000000000000000000 1.00000000000000000000 2 0 8 207 208 209 229 231 251 360 361 
231 1746 -1.226470000 -1.561430000 0.00000000000000000000 1.00000000000000000000 2 0 8 208 209 210 230 232 360 361 362 
232 1747 -1.288170000 -1.494200000 0.00000000000000000000 1.00000000000000000000 2 0 8 209 210 211 231 233 361 362 363 
233 1748 -1.347110000 -1.424620000 0.00000000000000000000 1.00000000000000000000 2 0 8 210 211 356 232 358 362 363 364 
234 1749 0.306361000 -2.428540000 0.00000000000000000000 1.00000000000000000000 2 0 8 357 212 213 359 235 365 252 253 
235 1750 0.209139000 -2.419820000 0.00000000000000000000 1.00000000000000000000 2 0 8 212 213 214 234 236 252 253 254 
236 1751 0.112318000 -2.407370000 0.00000000000000000000 1.00000000000000000000 2 0 8 213 214 215 235 237 253 254 255 
237 1752 0.016047400 -2.391190000 0.00000000000000000000 1.00000000000000000000 2 0 8 214 215 216 236 238 254 255 256 
238 1753 -0.079523200 -2.371310000 0.00000000000000000000 1.00000000000000000000 2 0 8 215 216 217 237 239 255 256 257 
239 1754 -0.174245000 -2.347750000 0.00000000000000000000 1.00000000000000000000 2 0 8 216 217 218 238 240 256 257 258 
240 1755 -0.267970000 -2.320560000 0.00000000000000000000 1.00000000000000000000 2 0 8 217 218 219 239 241 257 258 259 
241 1756 -0.360553000 -2.289760000 0.00000000000000000000 1.00000000000000000000 2 0 8 218 219 220 240 242 258 259 260 
242 1757 -0.451848000 -2.255400000 0.00000000000000000000 1.00000000000000000000 2 0 8 219 220 221 241 243 259 260 261 
243 1758 -0.541712000 -2.217540000 0.00000000000000000000 1.00000000000000000000 2 0 8 220 221 222 242 244 260 261 262 
244 1759 -0.630006000 -2.176220000 0.00000000000000000000 1.00000000000000000000 2 0 8 221 222 223 243 245 261 262 263 
245 1760 -0.716590000 -2.131520000 0.00000000000000000000 1.00000000000000000000 2 0 8 222 223 224 244 246 262 263 264 
246 1761 -0.801328000 -2.083500000 0.00000000000000000000 1.00000000000000000000 2 0 8 223 224 225 245 247 263 264 265 
247 1762 -0.884087000 -2.032230000 0.00000000000000000000 1.00000000000000000000 2 0 8 224 225 226 246 248 264 265 266 
248 1763 -0.964737000 -1.977790000 0.00000000000000000000 1.00000000000000000000 2 0 8 225 226 227 247 249 265 266 267 
249 1764 -1.043150000 -1.920270000 0.00000000000000000000 1.00000000000000000000 2 0 8 226 227 228 248 250 266 267 268 
250 1765 -1.119200000 -1.859740000 0.00000000000000000000 1.00000000000000000000 2 0 8 227 228 229 249 251 267 268 366 
251 1766 -1.192780000 -1.796310000 0.00000000000000000000 1.00000000000000000000 2 0 8 228 229 230 250 360 268 366 367 
252 1767 0.294343000 -2.584060000 0.00000000000000000000 1.00000000000000000000 2 0 8 359 234 235 365 253 368 269 270 
253 1768 0.191143000 -2.574740000 0.00000000000000000000 1.00000000000000000000 2 0 8 234 235 236 252 254 269 270 271 
254 1769 0.088370500 -2.561440000 0.00000000000000000000 1.00000000000000000000 2 0 8 235 236 237 253 255 270 271 272 
255 1770 -0.013813900 -2.544180000 0.00000000000000000000 1.00000000000000000000 2 0 8 236 237 238 254 256 271 272 273 
256 1771 -0.115252000 -2.522980000 0.00000000000000000000 1.00000000000000000000 2 0 8 237 238 239 255 257 272 273 274 
257 1772 -0.215785000 -2.497870000 0.00000000000000000000 1.00000000000000000000 2 0 8 238 239 240 256 258 273 274 275 
258 1773 -0.315258000 -2.468890000 0.00000000000000000000 1.00000000000000000000 2 0 8 239 240 241 257 259 274 275 276 
259 1774 -0.413515000 -2.436080000 0.00000000000000000000 1.00000000000000000000 2 0 8 240 241 242 258 260 275 276 277 
260 1775 -0.510403000 -2.399490000 0.00000000000000000000 1.00000000000000000000 2 0 8 241 242 243 259 261 276 277 278 
261 1776 -0.605770000 -2.359160000 0.00000000000000000000 1.00000000000000000000 2 0 8 242 243 244 260 262 277 278 279 
262 1777 -0.699467000 -2.315170000 0.00000000000000000000 1.00000000000000000000 2 0 8 243 244 245 261 263 278 279 280 
263 1778 -0.791346000 -2.267580000 0.00000000000000000000 1.00000000000000000000 2 0 8 244 245 246 262 264 279 280 281 
264 1779 -0.881265000 -2.216460000 0.00000000000000000000 1.00000000000000000000 2 0 8 245 246 247 263 265 280 281 282 
265 1780 -0.969081000 -2.161890000 0.00000000000000000000 1.00000000000000000000 2 0 8 246 247 248 264 266 281 282 283 
266 1781 -1.054660000 -2.103940000 0.00000000000000000000 1.00000000000000000000 2 0 8 247 248 249 265 267 282 283 284 
267 1782 -1.137860000 -2.042720000 0.00000000000000000000 1.00000000000000000000 2 0 8 248 249 250 266 268 283 284 369 
268 1783 -1.218550000 -1.978300000 0.00000000000000000000 1.00000000000000000000 2 0 8 249 250 251 267 366 284 369 370 
269 1784 0.281555000 -2.749190000 0.00000000000000000000 1.00000000000000000000 2 0 8 365 252 253 368 270 371 285 286 
270 1785 0.171992000 -2.739230000 0.00000000000000000000 1.00000000000000000000 2 0 8 252 253 254 269 271 285 286 287 
271 1786 0.062887900 -2.725030000 0.00000000000000000000 1.00000000000000000000 2 0 8 253 254 255 270 272 286 287 288 
272 1787 -0.045588900 -2.706620000 0.00000000000000000000 1.00000000000000000000 2 0 8 254 255 256 271 273 287 288 289 
273 1788 -0.153270000 -2.684020000 0.00000000000000000000 1.00000000000000000000 2 0 8 255 256 257 272 274 288 289 290 
274 1789 -0.259988000 -2.657270000 0.00000000000000000000 1.00000000000000000000 2 0 8 256 257 258 273 275 289 290 291 
275 1790 -0.365576000 -2.626390000 0.00000000000000000000 1.00000000000000000000 2 0 8 257 258 259 274 276 290 291 292 
276 1791 -0.469871000 -2.591440000 0.00000000000000000000 1.00000000000000000000 2 0 8 258 259 260 275 277 291 292 293 
277 1792 -0.572709000 -2.552470000 0.00000000000000000000 1.00000000000000000000 2 0 8 259 260 261 276 278 292 293 294 
278 1793 -0.673930000 -2.509540000 0.00000000000000000000 1.00000000000000000000 2 0 8 260 261 262 277 279 293 294 295 
279 1794 -0.773376000 -2.462710000 0.00000000000000000000 1.00000000000000000000 2 0 8 261 262 263 278 280 294 295 296 
280 1795 -0.870890000 -2.412040000 0.00000000000000000000 1.00000000000000000000 2 0 8 262 263 264 279 281 295 296 297 
281 1796 -0.966321000 -2.357630000 0.00000000000000000000 1.00000000000000000000 2 0 8 263 264 265 280 282 296 297 298 
282 1797 -1.059520000 -2.299540000 0.00000000000000000000 1.00000000000000000000 2 0 8 264 265 266 281 283 297 298 299 
283 1798 -1.150330000 -2.237880000 0.00000000000000000000 1.00000000000000000000 2 0 8 265 266 267 282 284 298 299 372 
284 1799 -1.238630000 -2.172720000 0.00000000000000000000 1.00000000000000000000 2 0 8 266 267 268 283 369 299 372 373 
285 1800 0.267948000 -2.924550000 0.00000000000000000000 1.00000000000000000000 2 0 8 368 269 270 371 286 374 300 301 
286 1801 0.151616000 -2.913900000 0.00000000000000000000 1.00000000000000000000 2 0 8 269 270 271 285 287 300 301 302 
287 1802 0.035775300 -2.898750000 0.00000000000000000000 1.00000000000000000000 2 0 8 270 271 272 286 288 301 302 375 
288 1803 -0.079396100 -2.879120000 0.00000000000000000000 1.00000000000000000000 2 0 8 271 272 273 287 289 302 375 376 
289 1804 -0.193719000 -2.855030000 0.00000000000000000000 1.00000000000000000000 2 0 8 272 273 274 288 290 375 376 377 
290 1805 -0.307016000 -2.826520000 0.00000000000000000000 1.00000000000000000000 2 0 8 273 274 275 289 291 376 377 378 
291 1806 -0.419111000 -2.793640000 0.00000000000000000000 1.00000000000000000000 2 0 8 274 275 276 290 292 377 378 379 
292 1807 -0.529829000 -2.756420000 0.00000000000000000000 1.00000000000000000000 2 0 8 275 276 277 291 293 378 379 380 
293 1808 -0.638998000 -2.714930000 0.00000000000000000000 1.00000000000000000000 2 0 8 276 277 278 292 294 379 380 381 
294 1809 -0.746447000 -2.669220000 0.00000000000000000000 1.00000000000000000000 2 0 8 277 278 279 293 295 380 381 382 
295 1810 -0.852009000 -2.619370000 0.00000000000000000000 1.00000000000000000000 2 0 8 278 279 280 294 296 381 382 383 
296 1811 -0.955518000 -2.565440000 0.00000000000000000000 1.00000000000000000000 2 0 8 279 280 281 295 297 382 383 384 
297 1812 -1.056810000 -2.507530000 0.00000000000000000000 1.00000000000000000000 2 0 8 280 281 282 296 298 383 384 385 
298 1813 -1.155730000 -2.445720000 0.00000000000000000000 1.00000000000000000000 2 0 8 281 282 283 297 299 384 385 386 
299 1814 -1.252120000 -2.380100000 0.00000000000000000000 1.00000000000000000000 2 0 8 282 283 284 298 372 385 386 387 
300 1815 0.253471000 -3.110780000 0.00000000000000000000 1.00000000000000000000 2 0 8 371 285 286 374 301 388 303 304 
301 1816 0.129939000 -3.099410000 0.00000000000000000000 1.00000000000000000000 2 0 8 285 286 287 300 302 303 304 389 
302 1817 0.006931520 -3.083240000 0.00000000000000000000 1.00000000000000000000 2 0 8 286 287 288 301 375 304 389 390 
303 1818 0.238071000 -3.308590000 0.00000000000000000000 1.00000000000000000000 2 0 8 374 300 301 388 304 391 392 393 
304 1819 0.106880000 -3.296440000 0.00000000000000000000 1.00000000000000000000 2 0 8 300 301 302 303 389 392 393 394 
305 4158 0.549959 -1.13088 2 0
306 4159 0.50144 -1.13249 2 0
307 586 0.452869 -1.13234 2 0
308 587 0.404321 -1.13045 2 0
309 588 0.355873 -1.12681 2 0
310 589 0.307599 -1.12141 2 0
311 590 0.259575 -1.11428 2 0
312 591 0.211876 -1.1054 2 0
313 592 0.164577 -1.0948 2 0
314 593 0.117753 -1.08249 2 0
315 594 0.0714774 -1.06848 2 0
316 595 0.0258236 -1.0528 2 0
317 596 -0.0191359 -1.03547 2 0
318 597 -0.0633295 -1.0165 2 0
319 598 -0.106687 -0.99593 2 0
320 599 -0.149138 -0.973789 2 0
321 600 -0.190615 -0.950109 2 0
322 601 -0.231052 -0.924924 2 0
323 4179 0.603946 -1.2047 2 0
324 4180 0.552761 -1.20822 2 0
325 705 -0.272962 -0.987488 2 0
326 706 -0.314528 -0.959001 2 0
327 4198 0.663868 -1.28066 2 0
328 4199 0.609919 -1.28635 2 0
329 729 -0.361671 -1.02326 2 0
330 730 -0.404314 -0.991213 2 0
331 3318 0.673417 -1.36676 2 0
332 753 -0.457101 -1.05708 2 0
333 754 -0.500752 -1.0212 2 0
334 3336 0.683605 -1.45795 2 0
335 777 -0.559613 -1.08857 2 0
336 778 -0.60419 -1.04858 2 0
337 3355 0.694469 -1.55456 2 0
338 801 -0.669575 -1.11731 2 0
339 802 -0.714977 -1.0729 2 0
340 3375 0.706049 -1.65695 2 0
341 824 -0.787355 -1.14283 2 0
342 825 -0.833462 -1.09371 2 0
343 3394 0.718389 -1.76551 2 0
344 3395 0.646312 -1.77305 2 0
345 845 -0.913326 -1.16464 2 0
346 846 -0.959998 -1.11047 2 0
347 3414 0.655086 -1.88861 2 0
348 3415 0.578347 -1.89369 2 0
349 864 -1.04786 -1.18218 2 0
350 865 -1.09493 -1.12264 2 0
351 3434 0.583019 -2.01656 2 0
352 3435 0.501431 -2.01881 2 0
353 881 -1.19133 -1.19486 2 0
354 3454 0.501423 -2.14928 2 0
355 3455 0.414801 -2.1483 2 0
356 1820 -1.29396 -1.27149 2 0
357 3474 0.409488 -2.28665 2 0
358 1832 -1.40322 -1.35281 2 0
359 3492 0.403832 -2.4335 2 0
360 2116 -1.26375 -1.73007 2 0
361 2117 -1.33202 -1.66112 2 0
362 2118 -1.39746 -1.58957 2 0
363 2119 -1.45999 -1.51553 2 0
364 1845 -1.5195 -1.43912 2 0
365 3510 0.397813 -2.58939 2 0
366 2120 -1.29661 -1.9108 2 0
367 2121 -1.37191 -1.84031 2 0
368 3528 0.391406 -2.75491 2 0
369 2126 -1.32426 -2.10418 2 0
370 2127 -1.40709 -2.03236 2 0
371 3545 0.384589 -2.93068 2 0
372 2134 -1.34584 -2.31078 2 0
373 2135 -1.43672 -2.23785 2 0
374 3562 0.377336 -3.11735 2 0
375 1207 -0.115361 -3.06231 2 0
376 1208 -0.23675 -3.03665 2 0
377 1209 -0.357046 -3.00628 2 0
378 1210 -0.476062 -2.97125 2 0
379 1211 -0.593613 -2.93163 2 0
380 1212 -0.709516 -2.88745 2 0
381 1213 -0.82359 -2.8388 2 0
382 1214 -0.935658 -2.78574 2 0
383 1215 -1.04554 -2.72836 2 0
384 1216 -1.15307 -2.66673 2 0
385 1217 -1.25808 -2.60096 2 0
386 2144 -1.36041 -2.53115 2 0
387 2145 -1.45988 -2.45739 2 0
388 3579 0.369619 -3.31563 2 0
389 1218 -0.0237508 -3.2792 2 0
390 1219 -0.153619 -3.25689 2 0
391 2421 0.36141 -3.52624 2 0
392 2422 0.22169 -3.5187 2 0
393 1231 0.0823524 -3.50573 2 0
394 1232 -0.0563861 -3.48735 2 0
