394 306 88
1 3894 1.009160000 -0.289241000 0.00000000000000000000 1.00000000000000000000 2 0 8 307 308 309 323 2 14 15 16 
2 3895 0.992053000 -0.302781000 0.00000000000000000000 1.00000000000000000000 2 0 8 308 309 310 1 3 15 16 17 
3 3896 0.974172000 -0.315908000 0.00000000000000000000 1.00000000000000000000 2 0 8 309 310 311 2 4 16 17 18 
4 3897 0.955546000 -0.328601000 0.00000000000000000000 1.00000000000000000000 2 0 8 310 311 312 3 5 17 18 19 
5 3898 0.936199000 -0.340840000 0.00000000000000000000 1.00000000000000000000 2 0 8 311 312 313 4 6 18 19 20 
6 3899 0.916160000 -0.352602000 0.00000000000000000000 1.00000000000000000000 2 0 8 312 313 314 5 7 19 20 21 
7 3900 0.895457000 -0.363870000 0.00000000000000000000 1.00000000000000000000 2 0 8 313 314 315 6 8 20 21 22 
8 3901 0.874120000 -0.374623000 0.00000000000000000000 1.00000000000000000000 2 0 8 314 315 316 7 9 21 22 23 
9 3902 0.852180000 -0.384842000 0.00000000000000000000 1.00000000000000000000 2 0 8 315 316 317 8 10 22 23 24 
10 3903 0.829669000 -0.394509000 0.00000000000000000000 1.00000000000000000000 2 0 8 316 317 318 9 11 23 24 25 
11 3904 0.806619000 -0.403608000 0.00000000000000000000 1.00000000000000000000 2 0 8 317 318 319 10 12 24 25 26 
12 3905 0.783064000 -0.412120000 0.00000000000000000000 1.00000000000000000000 2 0 8 318 319 320 11 13 25 26 27 
13 3906 0.759040000 -0.420031000 0.00000000000000000000 1.00000000000000000000 2 0 8 319 320 321 12 324 26 27 28 
14 3907 1.048300000 -0.301657000 0.00000000000000000000 1.00000000000000000000 2 0 8 322 323 1 327 15 29 30 31 
15 3908 1.031270000 -0.316866000 0.00000000000000000000 1.00000000000000000000 2 0 8 323 1 2 14 16 30 31 32 
16 3909 1.013410000 -0.331639000 0.00000000000000000000 1.00000000000000000000 2 0 8 1 2 3 15 17 31 32 33 
17 3910 0.994746000 -0.345954000 0.00000000000000000000 1.00000000000000000000 2 0 8 2 3 4 16 18 32 33 34 
18 3911 0.975305000 -0.359787000 0.00000000000000000000 1.00000000000000000000 2 0 8 3 4 5 17 19 33 34 35 
19 3912 0.955114000 -0.373116000 0.00000000000000000000 1.00000000000000000000 2 0 8 4 5 6 18 20 34 35 36 
20 3913 0.934201000 -0.385920000 0.00000000000000000000 1.00000000000000000000 2 0 8 5 6 7 19 21 35 36 37 
21 3914 0.912596000 -0.398176000 0.00000000000000000000 1.00000000000000000000 2 0 8 6 7 8 20 22 36 37 38 
22 3915 0.890330000 -0.409863000 0.00000000000000000000 1.00000000000000000000 2 0 8 7 8 9 21 23 37 38 39 
23 3916 0.867435000 -0.420963000 0.00000000000000000000 1.00000000000000000000 2 0 8 8 9 10 22 24 38 39 40 
24 3917 0.843945000 -0.431455000 0.00000000000000000000 1.00000000000000000000 2 0 8 9 10 11 23 25 39 40 41 
25 3918 0.819894000 -0.441320000 0.00000000000000000000 1.00000000000000000000 2 0 8 10 11 12 24 26 40 41 42 
26 3919 0.795317000 -0.450541000 0.00000000000000000000 1.00000000000000000000 2 0 8 11 12 13 25 27 41 42 43 
27 3920 0.770251000 -0.459101000 0.00000000000000000000 1.00000000000000000000 2 0 8 12 13 324 26 28 42 43 44 
28 3921 0.744732000 -0.466982000 0.00000000000000000000 1.00000000000000000000 2 0 8 13 324 325 27 328 43 44 45 
29 3922 1.090140000 -0.312141000 0.00000000000000000000 1.00000000000000000000 2 0 8 326 327 14 332 30 47 48 49 
30 3923 1.073220000 -0.329138000 0.00000000000000000000 1.00000000000000000000 2 0 8 327 14 15 29 31 48 49 50 
31 3924 1.055400000 -0.345681000 0.00000000000000000000 1.00000000000000000000 2 0 8 14 15 16 30 32 49 50 51 
32 3925 1.036720000 -0.361742000 0.00000000000000000000 1.00000000000000000000 2 0 8 15 16 17 31 33 50 51 52 
33 3926 1.017200000 -0.377298000 0.00000000000000000000 1.00000000000000000000 2 0 8 16 17 18 32 34 51 52 53 
34 3927 0.996869000 -0.392323000 0.00000000000000000000 1.00000000000000000000 2 0 8 17 18 19 33 35 52 53 54 
35 3928 0.975753000 -0.406793000 0.00000000000000000000 1.00000000000000000000 2 0 8 18 19 20 34 36 53 54 55 
36 3929 0.953884000 -0.420685000 0.00000000000000000000 1.00000000000000000000 2 0 8 19 20 21 35 37 54 55 56 
37 3930 0.931293000 -0.433975000 0.00000000000000000000 1.00000000000000000000 2 0 8 20 21 22 36 38 55 56 57 
38 3931 0.908011000 -0.446641000 0.00000000000000000000 1.00000000000000000000 2 0 8 21 22 23 37 39 56 57 58 
39 3932 0.884073000 -0.458662000 0.00000000000000000000 1.00000000000000000000 2 0 8 22 23 24 38 40 57 58 59 
40 3933 0.859514000 -0.470016000 0.00000000000000000000 1.00000000000000000000 2 0 8 23 24 25 39 41 58 59 60 
41 3934 0.834368000 -0.480684000 0.00000000000000000000 1.00000000000000000000 2 0 8 24 25 26 40 42 59 60 61 
42 3935 0.808674000 -0.490647000 0.00000000000000000000 1.00000000000000000000 2 0 8 25 26 27 41 43 60 61 62 
43 3936 0.782469000 -0.499886000 0.00000000000000000000 1.00000000000000000000 2 0 8 26 27 28 42 44 61 62 63 
44 3937 0.755791000 -0.508385000 0.00000000000000000000 1.00000000000000000000 2 0 8 27 28 328 43 45 62 63 64 
45 3938 0.728682000 -0.516126000 0.00000000000000000000 1.00000000000000000000 2 0 8 28 328 329 44 46 63 64 65 
46 3939 0.701181000 -0.523096000 0.00000000000000000000 1.00000000000000000000 2 0 8 328 329 330 45 333 64 65 66 
47 3940 1.134840000 -0.320506000 0.00000000000000000000 1.00000000000000000000 2 0 8 331 332 29 336 48 67 68 69 
48 3941 1.118050000 -0.339417000 0.00000000000000000000 1.00000000000000000000 2 0 8 332 29 30 47 49 68 69 70 
49 3942 1.100320000 -0.357856000 0.00000000000000000000 1.00000000000000000000 2 0 8 29 30 31 48 50 69 70 71 
50 3943 1.081650000 -0.375795000 0.00000000000000000000 1.00000000000000000000 2 0 8 30 31 32 49 51 70 71 72 
51 3944 1.062070000 -0.393205000 0.00000000000000000000 1.00000000000000000000 2 0 8 31 32 33 50 52 71 72 73 
52 3945 1.041620000 -0.410060000 0.00000000000000000000 1.00000000000000000000 2 0 8 32 33 34 51 53 72 73 74 
53 3946 1.020320000 -0.426333000 0.00000000000000000000 1.00000000000000000000 2 0 8 33 34 35 52 54 73 74 75 
54 3947 0.998193000 -0.441998000 0.00000000000000000000 1.00000000000000000000 2 0 8 34 35 36 53 55 74 75 76 
55 3948 0.975283000 -0.457029000 0.00000000000000000000 1.00000000000000000000 2 0 8 35 36 37 54 56 75 76 77 
56 3949 0.951617000 -0.471402000 0.00000000000000000000 1.00000000000000000000 2 0 8 36 37 38 55 57 76 77 78 
57 3950 0.927229000 -0.485093000 0.00000000000000000000 1.00000000000000000000 2 0 8 37 38 39 56 58 77 78 79 
58 3951 0.902155000 -0.498079000 0.00000000000000000000 1.00000000000000000000 2 0 8 38 39 40 57 59 78 79 80 
59 3952 0.876431000 -0.510338000 0.00000000000000000000 1.00000000000000000000 2 0 8 39 40 41 58 60 79 80 81 
60 3953 0.850094000 -0.521847000 0.00000000000000000000 1.00000000000000000000 2 0 8 40 41 42 59 61 80 81 82 
61 3954 0.823184000 -0.532588000 0.00000000000000000000 1.00000000000000000000 2 0 8 41 42 43 60 62 81 82 83 
62 3955 0.795740000 -0.542540000 0.00000000000000000000 1.00000000000000000000 2 0 8 42 43 44 61 63 82 83 84 
63 3956 0.767802000 -0.551686000 0.00000000000000000000 1.00000000000000000000 2 0 8 43 44 45 62 64 83 84 85 
64 3957 0.739413000 -0.560008000 0.00000000000000000000 1.00000000000000000000 2 0 8 44 45 46 63 65 84 85 86 
65 3958 0.710615000 -0.567490000 0.00000000000000000000 1.00000000000000000000 2 0 8 45 46 333 64 66 85 86 87 
66 3959 0.681451000 -0.574117000 0.00000000000000000000 1.00000000000000000000 2 0 8 46 333 334 65 337 86 87 339 
67 3960 1.182530000 -0.326549000 0.00000000000000000000 1.00000000000000000000 2 0 8 335 336 47 338 68 341 88 89 
68 3961 1.165940000 -0.347503000 0.00000000000000000000 1.00000000000000000000 2 0 8 336 47 48 67 69 88 89 90 
69 3962 1.148320000 -0.367970000 0.00000000000000000000 1.00000000000000000000 2 0 8 47 48 49 68 70 89 90 91 
70 3963 1.129700000 -0.387920000 0.00000000000000000000 1.00000000000000000000 2 0 8 48 49 50 69 71 90 91 92 
71 3964 1.110100000 -0.407322000 0.00000000000000000000 1.00000000000000000000 2 0 8 49 50 51 70 72 91 92 93 
72 3965 1.089550000 -0.426146000 0.00000000000000000000 1.00000000000000000000 2 0 8 50 51 52 71 73 92 93 94 
73 3966 1.068090000 -0.444363000 0.00000000000000000000 1.00000000000000000000 2 0 8 51 52 53 72 74 93 94 95 
74 3967 1.045730000 -0.461944000 0.00000000000000000000 1.00000000000000000000 2 0 8 52 53 54 73 75 94 95 96 
75 3968 1.022520000 -0.478862000 0.00000000000000000000 1.00000000000000000000 2 0 8 53 54 55 74 76 95 96 97 
76 3969 0.998474000 -0.495089000 0.00000000000000000000 1.00000000000000000000 2 0 8 54 55 56 75 77 96 97 98 
77 3970 0.973641000 -0.510598000 0.00000000000000000000 1.00000000000000000000 2 0 8 55 56 57 76 78 97 98 99 
78 3971 0.948053000 -0.525364000 0.00000000000000000000 1.00000000000000000000 2 0 8 56 57 58 77 79 98 99 100 
79 3972 0.921746000 -0.539363000 0.00000000000000000000 1.00000000000000000000 2 0 8 57 58 59 78 80 99 100 101 
80 3973 0.894759000 -0.552570000 0.00000000000000000000 1.00000000000000000000 2 0 8 58 59 60 79 81 100 101 102 
81 3974 0.867130000 -0.564964000 0.00000000000000000000 1.00000000000000000000 2 0 8 59 60 61 80 82 101 102 103 
82 3975 0.838901000 -0.576521000 0.00000000000000000000 1.00000000000000000000 2 0 8 60 61 62 81 83 102 103 104 
83 3976 0.810113000 -0.587222000 0.00000000000000000000 1.00000000000000000000 2 0 8 61 62 63 82 84 103 104 105 
84 3977 0.780809000 -0.597047000 0.00000000000000000000 1.00000000000000000000 2 0 8 62 63 64 83 85 104 105 106 
85 3978 0.751032000 -0.605979000 0.00000000000000000000 1.00000000000000000000 2 0 8 63 64 65 84 86 105 106 107 
86 3979 0.720828000 -0.614000000 0.00000000000000000000 1.00000000000000000000 2 0 8 64 65 66 85 87 106 107 108 
87 3980 0.690241000 -0.621095000 0.00000000000000000000 1.00000000000000000000 2 0 8 65 66 337 86 339 107 108 109 
88 3981 1.217020000 -0.353175000 0.00000000000000000000 1.00000000000000000000 2 0 8 338 67 68 341 89 344 345 110 
89 3982 1.199570000 -0.375806000 0.00000000000000000000 1.00000000000000000000 2 0 8 67 68 69 88 90 345 110 111 
90 3983 1.181040000 -0.397906000 0.00000000000000000000 1.00000000000000000000 2 0 8 68 69 70 89 91 110 111 112 
91 3984 1.161470000 -0.419442000 0.00000000000000000000 1.00000000000000000000 2 0 8 69 70 71 90 92 111 112 113 
92 3985 1.140860000 -0.440379000 0.00000000000000000000 1.00000000000000000000 2 0 8 70 71 72 91 93 112 113 114 
93 3986 1.119270000 -0.460688000 0.00000000000000000000 1.00000000000000000000 2 0 8 71 72 73 92 94 113 114 115 
94 3987 1.096700000 -0.480335000 0.00000000000000000000 1.00000000000000000000 2 0 8 72 73 74 93 95 114 115 116 
95 3988 1.073210000 -0.499290000 0.00000000000000000000 1.00000000000000000000 2 0 8 73 74 75 94 96 115 116 117 
96 3989 1.048810000 -0.517524000 0.00000000000000000000 1.00000000000000000000 2 0 8 74 75 76 95 97 116 117 118 
97 3990 1.023540000 -0.535006000 0.00000000000000000000 1.00000000000000000000 2 0 8 75 76 77 96 98 117 118 119 
98 3991 0.997448000 -0.551709000 0.00000000000000000000 1.00000000000000000000 2 0 8 76 77 78 97 99 118 119 120 
99 3992 0.970561000 -0.567605000 0.00000000000000000000 1.00000000000000000000 2 0 8 77 78 79 98 100 119 120 121 
100 3993 0.942920000 -0.582668000 0.00000000000000000000 1.00000000000000000000 2 0 8 78 79 80 99 101 120 121 122 
101 3994 0.914565000 -0.596872000 0.00000000000000000000 1.00000000000000000000 2 0 8 79 80 81 100 102 121 122 123 
102 3995 0.885539000 -0.610194000 0.00000000000000000000 1.00000000000000000000 2 0 8 80 81 82 101 103 122 123 124 
103 3996 0.855883000 -0.622610000 0.00000000000000000000 1.00000000000000000000 2 0 8 81 82 83 102 104 123 124 125 
104 3997 0.825642000 -0.634098000 0.00000000000000000000 1.00000000000000000000 2 0 8 82 83 84 103 105 124 125 126 
105 3998 0.794860000 -0.644639000 0.00000000000000000000 1.00000000000000000000 2 0 8 83 84 85 104 106 125 126 127 
106 3999 0.763583000 -0.654212000 0.00000000000000000000 1.00000000000000000000 2 0 8 84 85 86 105 107 126 127 128 
107 4000 0.731858000 -0.662800000 0.00000000000000000000 1.00000000000000000000 2 0 8 85 86 87 106 108 127 128 129 
108 4001 0.699734000 -0.670386000 0.00000000000000000000 1.00000000000000000000 2 0 8 86 87 339 107 109 128 129 130 
109 4002 0.667257000 -0.676956000 0.00000000000000000000 1.00000000000000000000 2 0 8 87 339 340 108 342 129 130 131 
110 4003 1.235850000 -0.405524000 0.00000000000000000000 1.00000000000000000000 2 0 8 88 89 90 345 111 347 348 132 
111 4004 1.216350000 -0.429339000 0.00000000000000000000 1.00000000000000000000 2 0 8 89 90 91 110 112 348 132 133 
112 4005 1.195740000 -0.452541000 0.00000000000000000000 1.00000000000000000000 2 0 8 90 91 92 111 113 132 133 134 
113 4006 1.174050000 -0.475093000 0.00000000000000000000 1.00000000000000000000 2 0 8 91 92 93 112 114 133 134 135 
114 4007 1.151320000 -0.496961000 0.00000000000000000000 1.00000000000000000000 2 0 8 92 93 94 113 115 134 135 136 
115 4008 1.127570000 -0.518112000 0.00000000000000000000 1.00000000000000000000 2 0 8 93 94 95 114 116 135 136 137 
116 4009 1.102840000 -0.538512000 0.00000000000000000000 1.00000000000000000000 2 0 8 94 95 96 115 117 136 137 138 
117 4010 1.077170000 -0.558128000 0.00000000000000000000 1.00000000000000000000 2 0 8 95 96 97 116 118 137 138 139 
118 4011 1.050580000 -0.576931000 0.00000000000000000000 1.00000000000000000000 2 0 8 96 97 98 117 119 138 139 140 
119 4012 1.023130000 -0.594889000 0.00000000000000000000 1.00000000000000000000 2 0 8 97 98 99 118 120 139 140 141 
120 4013 0.994835000 -0.611973000 0.00000000000000000000 1.00000000000000000000 2 0 8 98 99 100 119 121 140 141 142 
121 4014 0.965754000 -0.628155000 0.00000000000000000000 1.00000000000000000000 2 0 8 99 100 101 120 122 141 142 143 
122 4015 0.935924000 -0.643409000 0.00000000000000000000 1.00000000000000000000 2 0 8 100 101 102 121 123 142 143 144 
123 4016 0.905389000 -0.657707000 0.00000000000000000000 1.00000000000000000000 2 0 8 101 102 103 122 124 143 144 145 
124 4017 0.874193000 -0.671027000 0.00000000000000000000 1.00000000000000000000 2 0 8 102 103 104 123 125 144 145 146 
125 4018 0.842383000 -0.683344000 0.00000000000000000000 1.00000000000000000000 2 0 8 103 104 105 124 126 145 146 147 
126 4019 0.810007000 -0.694637000 0.00000000000000000000 1.00000000000000000000 2 0 8 104 105 106 125 127 146 147 148 
127 4020 0.777112000 -0.704886000 0.00000000000000000000 1.00000000000000000000 2 0 8 105 106 107 126 128 147 148 149 
128 4021 0.743747000 -0.714071000 0.00000000000000000000 1.00000000000000000000 2 0 8 106 107 108 127 129 148 149 150 
129 4022 0.709964000 -0.722176000 0.00000000000000000000 1.00000000000000000000 2 0 8 107 108 109 128 130 149 150 151 
130 4023 0.675812000 -0.729185000 0.00000000000000000000 1.00000000000000000000 2 0 8 108 109 342 129 131 150 151 152 
131 4024 0.641344000 -0.735083000 0.00000000000000000000 1.00000000000000000000 2 0 8 109 342 343 130 346 151 152 349 
132 4025 1.254360000 -0.462387000 0.00000000000000000000 1.00000000000000000000 2 0 8 110 111 112 348 133 351 153 154 
133 4026 1.232640000 -0.487341000 0.00000000000000000000 1.00000000000000000000 2 0 8 111 112 113 132 134 153 154 155 
134 4027 1.209790000 -0.511592000 0.00000000000000000000 1.00000000000000000000 2 0 8 112 113 114 133 135 154 155 156 
135 4028 1.185830000 -0.535102000 0.00000000000000000000 1.00000000000000000000 2 0 8 113 114 115 134 136 155 156 157 
136 4029 1.160810000 -0.557835000 0.00000000000000000000 1.00000000000000000000 2 0 8 114 115 116 135 137 156 157 158 
137 4030 1.134750000 -0.579755000 0.00000000000000000000 1.00000000000000000000 2 0 8 115 116 117 136 138 157 158 159 
138 4031 1.107700000 -0.600828000 0.00000000000000000000 1.00000000000000000000 2 0 8 116 117 118 137 139 158 159 160 
139 4032 1.079690000 -0.621020000 0.00000000000000000000 1.00000000000000000000 2 0 8 117 118 119 138 140 159 160 161 
140 4033 1.050770000 -0.640300000 0.00000000000000000000 1.00000000000000000000 2 0 8 118 119 120 139 141 160 161 162 
141 4034 1.020970000 -0.658635000 0.00000000000000000000 1.00000000000000000000 2 0 8 119 120 121 140 142 161 162 163 
142 4035 0.990333000 -0.675996000 0.00000000000000000000 1.00000000000000000000 2 0 8 120 121 122 141 143 162 163 164 
143 4036 0.958913000 -0.692354000 0.00000000000000000000 1.00000000000000000000 2 0 8 121 122 123 142 144 163 164 165 
144 4037 0.926753000 -0.707681000 0.00000000000000000000 1.00000000000000000000 2 0 8 122 123 124 143 145 164 165 166 
145 4038 0.893899000 -0.721952000 0.00000000000000000000 1.00000000000000000000 2 0 8 123 124 125 144 146 165 166 167 
146 4039 0.860401000 -0.735143000 0.00000000000000000000 1.00000000000000000000 2 0 8 124 125 126 145 147 166 167 168 
147 4040 0.826307000 -0.747229000 0.00000000000000000000 1.00000000000000000000 2 0 8 125 126 127 146 148 167 168 169 
148 4041 0.791669000 -0.758190000 0.00000000000000000000 1.00000000000000000000 2 0 8 126 127 128 147 149 168 169 170 
149 4042 0.756539000 -0.768005000 0.00000000000000000000 1.00000000000000000000 2 0 8 127 128 129 148 150 169 170 171 
150 4043 0.720969000 -0.776656000 0.00000000000000000000 1.00000000000000000000 2 0 8 128 129 130 149 151 170 171 172 
151 4044 0.685014000 -0.784128000 0.00000000000000000000 1.00000000000000000000 2 0 8 129 130 131 150 152 171 172 173 
152 4045 0.648727000 -0.790404000 0.00000000000000000000 1.00000000000000000000 2 0 8 130 131 346 151 349 172 173 174 
153 4046 1.295230000 -0.497173000 0.00000000000000000000 1.00000000000000000000 2 0 8 348 132 133 351 154 354 175 176 
154 4047 1.272310000 -0.523974000 0.00000000000000000000 1.00000000000000000000 2 0 8 132 133 134 153 155 175 176 177 
155 4048 1.248200000 -0.550014000 0.00000000000000000000 1.00000000000000000000 2 0 8 133 134 135 154 156 176 177 178 
156 4049 1.222930000 -0.575253000 0.00000000000000000000 1.00000000000000000000 2 0 8 134 135 136 155 157 177 178 179 
157 4050 1.196540000 -0.599653000 0.00000000000000000000 1.00000000000000000000 2 0 8 135 136 137 156 158 178 179 180 
158 4051 1.169050000 -0.623175000 0.00000000000000000000 1.00000000000000000000 2 0 8 136 137 138 157 159 179 180 181 
159 4052 1.140520000 -0.645782000 0.00000000000000000000 1.00000000000000000000 2 0 8 137 138 139 158 160 180 181 182 
160 4053 1.110980000 -0.667439000 0.00000000000000000000 1.00000000000000000000 2 0 8 138 139 140 159 161 181 182 183 
161 4054 1.080470000 -0.688111000 0.00000000000000000000 1.00000000000000000000 2 0 8 139 140 141 160 162 182 183 184 
162 4055 1.049050000 -0.707764000 0.00000000000000000000 1.00000000000000000000 2 0 8 140 141 142 161 163 183 184 185 
163 4056 1.016750000 -0.726368000 0.00000000000000000000 1.00000000000000000000 2 0 8 141 142 143 162 164 184 185 186 
164 4057 0.983619000 -0.743890000 0.00000000000000000000 1.00000000000000000000 2 0 8 142 143 144 163 165 185 186 187 
165 4058 0.949711000 -0.760302000 0.00000000000000000000 1.00000000000000000000 2 0 8 143 144 145 164 166 186 187 188 
166 4059 0.915074000 -0.775577000 0.00000000000000000000 1.00000000000000000000 2 0 8 144 145 146 165 167 187 188 189 
167 4060 0.879760000 -0.789688000 0.00000000000000000000 1.00000000000000000000 2 0 8 145 146 147 166 168 188 189 190 
168 4061 0.843820000 -0.802611000 0.00000000000000000000 1.00000000000000000000 2 0 8 146 147 148 167 169 189 190 191 
169 4062 0.807308000 -0.814322000 0.00000000000000000000 1.00000000000000000000 2 0 8 147 148 149 168 170 190 191 192 
170 4063 0.770280000 -0.824802000 0.00000000000000000000 1.00000000000000000000 2 0 8 148 149 150 169 171 191 192 193 
171 4064 0.732791000 -0.834030000 0.00000000000000000000 1.00000000000000000000 2 0 8 149 150 151 170 172 192 193 194 
172 4065 0.694897000 -0.841990000 0.00000000000000000000 1.00000000000000000000 2 0 8 150 151 152 171 173 193 194 195 
173 4066 0.656657000 -0.848666000 0.00000000000000000000 1.00000000000000000000 2 0 8 151 152 349 172 174 194 195 196 
174 4067 0.618128000 -0.854043000 0.00000000000000000000 1.00000000000000000000 2 0 8 152 349 350 173 352 195 196 197 
175 4068 1.339100000 -0.533828000 0.00000000000000000000 1.00000000000000000000 2 0 8 351 153 154 354 176 356 198 199 
176 4069 1.314900000 -0.562576000 0.00000000000000000000 1.00000000000000000000 2 0 8 153 154 155 175 177 198 199 200 
177 4070 1.289440000 -0.590502000 0.00000000000000000000 1.00000000000000000000 2 0 8 154 155 156 176 178 199 200 201 
178 4071 1.262750000 -0.617565000 0.00000000000000000000 1.00000000000000000000 2 0 8 155 156 157 177 179 200 201 202 
179 4072 1.234880000 -0.643722000 0.00000000000000000000 1.00000000000000000000 2 0 8 156 157 158 178 180 201 202 203 
180 4073 1.205870000 -0.668933000 0.00000000000000000000 1.00000000000000000000 2 0 8 157 158 159 179 181 202 203 204 
181 4074 1.175740000 -0.693158000 0.00000000000000000000 1.00000000000000000000 2 0 8 158 159 160 180 182 203 204 205 
182 4075 1.144560000 -0.716360000 0.00000000000000000000 1.00000000000000000000 2 0 8 159 160 161 181 183 204 205 206 
183 4076 1.112360000 -0.738501000 0.00000000000000000000 1.00000000000000000000 2 0 8 160 161 162 182 184 205 206 207 
184 4077 1.079190000 -0.759545000 0.00000000000000000000 1.00000000000000000000 2 0 8 161 162 163 183 185 206 207 208 
185 4078 1.045100000 -0.779459000 0.00000000000000000000 1.00000000000000000000 2 0 8 162 163 164 184 186 207 208 209 
186 4079 1.010130000 -0.798210000 0.00000000000000000000 1.00000000000000000000 2 0 8 163 164 165 185 187 208 209 210 
187 4080 0.974348000 -0.815767000 0.00000000000000000000 1.00000000000000000000 2 0 8 164 165 166 186 188 209 210 211 
188 4081 0.937797000 -0.832100000 0.00000000000000000000 1.00000000000000000000 2 0 8 165 166 167 187 189 210 211 212 
189 4082 0.900533000 -0.847183000 0.00000000000000000000 1.00000000000000000000 2 0 8 166 167 168 188 190 211 212 213 
190 4083 0.862611000 -0.860988000 0.00000000000000000000 1.00000000000000000000 2 0 8 167 168 169 189 191 212 213 214 
191 4084 0.824089000 -0.873493000 0.00000000000000000000 1.00000000000000000000 2 0 8 168 169 170 190 192 213 214 215 
192 4085 0.785023000 -0.884674000 0.00000000000000000000 1.00000000000000000000 2 0 8 169 170 171 191 193 214 215 216 
193 4086 0.745473000 -0.894512000 0.00000000000000000000 1.00000000000000000000 2 0 8 170 171 172 192 194 215 216 217 
194 4087 0.705499000 -0.902988000 0.00000000000000000000 1.00000000000000000000 2 0 8 171 172 173 193 195 216 217 218 
195 4088 0.665162000 -0.910085000 0.00000000000000000000 1.00000000000000000000 2 0 8 172 173 174 194 196 217 218 219 
196 4089 0.624522000 -0.915790000 0.00000000000000000000 1.00000000000000000000 2 0 8 173 174 352 195 197 218 219 220 
197 4090 0.583642000 -0.920091000 0.00000000000000000000 1.00000000000000000000 2 0 8 174 352 353 196 355 219 220 357 
198 4091 1.386130000 -0.572490000 0.00000000000000000000 1.00000000000000000000 2 0 8 354 175 176 356 199 359 360 221 
199 4092 1.360550000 -0.603292000 0.00000000000000000000 1.00000000000000000000 2 0 8 175 176 177 198 200 360 221 222 
200 4093 1.333640000 -0.633209000 0.00000000000000000000 1.00000000000000000000 2 0 8 176 177 178 199 201 221 222 223 
201 4094 1.305440000 -0.662196000 0.00000000000000000000 1.00000000000000000000 2 0 8 177 178 179 200 202 222 223 224 
202 4095 1.275990000 -0.690208000 0.00000000000000000000 1.00000000000000000000 2 0 8 178 179 180 201 203 223 224 225 
203 4096 1.245330000 -0.717202000 0.00000000000000000000 1.00000000000000000000 2 0 8 179 180 181 202 204 224 225 226 
204 4097 1.213500000 -0.743135000 0.00000000000000000000 1.00000000000000000000 2 0 8 180 181 182 203 205 225 226 227 
205 4098 1.180560000 -0.767967000 0.00000000000000000000 1.00000000000000000000 2 0 8 181 182 183 204 206 226 227 228 
206 4099 1.146540000 -0.791658000 0.00000000000000000000 1.00000000000000000000 2 0 8 182 183 184 205 207 227 228 229 
207 4100 1.111490000 -0.814170000 0.00000000000000000000 1.00000000000000000000 2 0 8 183 184 185 206 208 228 229 230 
208 4101 1.075480000 -0.835468000 0.00000000000000000000 1.00000000000000000000 2 0 8 184 185 186 207 209 229 230 231 
209 4102 1.038550000 -0.855516000 0.00000000000000000000 1.00000000000000000000 2 0 8 185 186 187 208 210 230 231 232 
210 4103 1.000760000 -0.874281000 0.00000000000000000000 1.00000000000000000000 2 0 8 186 187 188 209 211 231 232 233 
211 4104 0.962151000 -0.891733000 0.00000000000000000000 1.00000000000000000000 2 0 8 187 188 189 210 212 232 233 234 
212 4105 0.922797000 -0.907842000 0.00000000000000000000 1.00000000000000000000 2 0 8 188 189 190 211 213 233 234 235 
213 4106 0.882751000 -0.922580000 0.00000000000000000000 1.00000000000000000000 2 0 8 189 190 191 212 214 234 235 236 
214 4107 0.842072000 -0.935922000 0.00000000000000000000 1.00000000000000000000 2 0 8 190 191 192 213 215 235 236 237 
215 4108 0.800822000 -0.947844000 0.00000000000000000000 1.00000000000000000000 2 0 8 191 192 193 214 216 236 237 238 
216 4109 0.759064000 -0.958326000 0.00000000000000000000 1.00000000000000000000 2 0 8 192 193 194 215 217 237 238 239 
217 4110 0.716860000 -0.967347000 0.00000000000000000000 1.00000000000000000000 2 0 8 193 194 195 216 218 238 239 240 
218 4111 0.674274000 -0.974891000 0.00000000000000000000 1.00000000000000000000 2 0 8 194 195 196 217 219 239 240 241 
219 4112 0.631372000 -0.980943000 0.00000000000000000000 1.00000000000000000000 2 0 8 195 196 197 218 220 240 241 242 
220 4113 0.588219000 -0.985489000 0.00000000000000000000 1.00000000000000000000 2 0 8 196 197 355 219 357 241 242 243 
221 4114 1.409440000 -0.646274000 0.00000000000000000000 1.00000000000000000000 2 0 8 198 199 200 360 222 363 364 244 
222 4115 1.380980000 -0.678293000 0.00000000000000000000 1.00000000000000000000 2 0 8 199 200 201 221 223 364 244 245 
223 4116 1.351160000 -0.709313000 0.00000000000000000000 1.00000000000000000000 2 0 8 200 201 202 222 224 244 245 246 
224 4117 1.320010000 -0.739284000 0.00000000000000000000 1.00000000000000000000 2 0 8 201 202 203 223 225 245 246 247 
225 4118 1.287590000 -0.768160000 0.00000000000000000000 1.00000000000000000000 2 0 8 202 203 204 224 226 246 247 248 
226 4119 1.253940000 -0.795897000 0.00000000000000000000 1.00000000000000000000 2 0 8 203 204 205 225 227 247 248 249 
227 4120 1.219100000 -0.822452000 0.00000000000000000000 1.00000000000000000000 2 0 8 204 205 206 226 228 248 249 250 
228 4121 1.183140000 -0.847781000 0.00000000000000000000 1.00000000000000000000 2 0 8 205 206 207 227 229 249 250 251 
229 4122 1.146090000 -0.871844000 0.00000000000000000000 1.00000000000000000000 2 0 8 206 207 208 228 230 250 251 252 
230 4123 1.108020000 -0.894604000 0.00000000000000000000 1.00000000000000000000 2 0 8 207 208 209 229 231 251 252 253 
231 4124 1.068980000 -0.916022000 0.00000000000000000000 1.00000000000000000000 2 0 8 208 209 210 230 232 252 253 254 
232 4125 1.029030000 -0.936065000 0.00000000000000000000 1.00000000000000000000 2 0 8 209 210 211 231 233 253 254 255 
233 4126 0.988228000 -0.954698000 0.00000000000000000000 1.00000000000000000000 2 0 8 210 211 212 232 234 254 255 256 
234 4127 0.946635000 -0.971891000 0.00000000000000000000 1.00000000000000000000 2 0 8 211 212 213 233 235 255 256 257 
235 4128 0.904313000 -0.987615000 0.00000000000000000000 1.00000000000000000000 2 0 8 212 213 214 234 236 256 257 258 
236 4129 0.861326000 -1.001840000 0.00000000000000000000 1.00000000000000000000 2 0 8 213 214 215 235 237 257 258 259 
237 4130 0.817737000 -1.014550000 0.00000000000000000000 1.00000000000000000000 2 0 8 214 215 216 236 238 258 259 260 
238 4131 0.773613000 -1.025710000 0.00000000000000000000 1.00000000000000000000 2 0 8 215 216 217 237 239 259 260 261 
239 4132 0.729021000 -1.035310000 0.00000000000000000000 1.00000000000000000000 2 0 8 216 217 218 238 240 260 261 262 
240 4133 0.684028000 -1.043320000 0.00000000000000000000 1.00000000000000000000 2 0 8 217 218 219 239 241 261 262 263 
241 4134 0.638703000 -1.049740000 0.00000000000000000000 1.00000000000000000000 2 0 8 218 219 220 240 242 262 263 264 
242 4135 0.593116000 -1.054550000 0.00000000000000000000 1.00000000000000000000 2 0 8 219 220 357 241 243 263 264 265 
243 4136 0.547335000 -1.057740000 0.00000000000000000000 1.00000000000000000000 2 0 8 220 357 358 242 361 264 265 266 
244 4137 1.431630000 -0.725924000 0.00000000000000000000 1.00000000000000000000 2 0 8 221 222 223 364 245 366 367 267 
245 4138 1.400070000 -0.759091000 0.00000000000000000000 1.00000000000000000000 2 0 8 222 223 224 244 246 367 267 268 
246 4139 1.367120000 -0.791133000 0.00000000000000000000 1.00000000000000000000 2 0 8 223 224 225 245 247 267 268 269 
247 4140 1.332810000 -0.822000000 0.00000000000000000000 1.00000000000000000000 2 0 8 224 225 226 246 248 268 269 270 
248 4141 1.297200000 -0.851644000 0.00000000000000000000 1.00000000000000000000 2 0 8 225 226 227 247 249 269 270 271 
249 4142 1.260340000 -0.880018000 0.00000000000000000000 1.00000000000000000000 2 0 8 226 227 228 248 250 270 271 272 
250 4143 1.222290000 -0.907078000 0.00000000000000000000 1.00000000000000000000 2 0 8 227 228 229 249 251 271 272 273 
251 4144 1.183100000 -0.932782000 0.00000000000000000000 1.00000000000000000000 2 0 8 228 229 230 250 252 272 273 274 
252 4145 1.142830000 -0.957087000 0.00000000000000000000 1.00000000000000000000 2 0 8 229 230 231 251 253 273 274 275 
253 4146 1.101540000 -0.979954000 0.00000000000000000000 1.00000000000000000000 2 0 8 230 231 232 252 254 274 275 276 
254 4147 1.059280000 -1.001350000 0.00000000000000000000 1.00000000000000000000 2 0 8 231 232 233 253 255 275 276 277 
255 4148 1.016120000 -1.021230000 0.00000000000000000000 1.00000000000000000000 2 0 8 232 233 234 254 256 276 277 278 
256 4149 0.972136000 -1.039570000 0.00000000000000000000 1.00000000000000000000 2 0 8 233 234 235 255 257 277 278 279 
257 4150 0.927379000 -1.056330000 0.00000000000000000000 1.00000000000000000000 2 0 8 234 235 236 256 258 278 279 280 
258 4151 0.881921000 -1.071500000 0.00000000000000000000 1.00000000000000000000 2 0 8 235 236 237 257 259 279 280 281 
259 4152 0.835829000 -1.085030000 0.00000000000000000000 1.00000000000000000000 2 0 8 236 237 238 258 260 280 281 282 
260 4153 0.789175000 -1.096920000 0.00000000000000000000 1.00000000000000000000 2 0 8 237 238 239 259 261 281 282 283 
261 4154 0.742028000 -1.107120000 0.00000000000000000000 1.00000000000000000000 2 0 8 238 239 240 260 262 282 283 284 
262 4155 0.694459000 -1.115640000 0.00000000000000000000 1.00000000000000000000 2 0 8 239 240 241 261 263 283 284 285 
263 4156 0.646543000 -1.122450000 0.00000000000000000000 1.00000000000000000000 2 0 8 240 241 242 262 264 284 285 286 
264 4157 0.598351000 -1.127530000 0.00000000000000000000 1.00000000000000000000 2 0 8 241 242 243 263 265 285 286 287 
265 4158 0.549959000 -1.130880000 0.00000000000000000000 1.00000000000000000000 2 0 8 242 243 361 264 266 286 287 368 
266 4159 0.501440000 -1.132490000 0.00000000000000000000 1.00000000000000000000 2 0 8 243 361 362 265 365 287 368 369 
267 4160 1.452370000 -0.811718000 0.00000000000000000000 1.00000000000000000000 2 0 8 244 245 246 367 268 370 371 288 
268 4161 1.417470000 -0.845949000 0.00000000000000000000 1.00000000000000000000 2 0 8 245 246 247 267 269 371 288 289 
269 4162 1.381150000 -0.878921000 0.00000000000000000000 1.00000000000000000000 2 0 8 246 247 248 268 270 288 289 290 
270 4163 1.343450000 -0.910581000 0.00000000000000000000 1.00000000000000000000 2 0 8 247 248 249 269 271 289 290 291 
271 4164 1.304430000 -0.940881000 0.00000000000000000000 1.00000000000000000000 2 0 8 248 249 250 270 272 290 291 292 
272 4165 1.264150000 -0.969773000 0.00000000000000000000 1.00000000000000000000 2 0 8 249 250 251 271 273 291 292 293 
273 4166 1.222670000 -0.997210000 0.00000000000000000000 1.00000000000000000000 2 0 8 250 251 252 272 274 292 293 294 
274 4167 1.180040000 -1.023150000 0.00000000000000000000 1.00000000000000000000 2 0 8 251 252 253 273 275 293 294 295 
275 4168 1.136340000 -1.047550000 0.00000000000000000000 1.00000000000000000000 2 0 8 252 253 254 274 276 294 295 296 
276 4169 1.091610000 -1.070370000 0.00000000000000000000 1.00000000000000000000 2 0 8 253 254 255 275 277 295 296 297 
277 4170 1.045940000 -1.091580000 0.00000000000000000000 1.00000000000000000000 2 0 8 254 255 256 276 278 296 297 298 
278 4171 0.999394000 -1.111130000 0.00000000000000000000 1.00000000000000000000 2 0 8 255 256 257 277 279 297 298 299 
279 4172 0.952034000 -1.129000000 0.00000000000000000000 1.00000000000000000000 2 0 8 256 257 258 278 280 298 299 300 
280 4173 0.903934000 -1.145150000 0.00000000000000000000 1.00000000000000000000 2 0 8 257 258 259 279 281 299 300 301 
281 4174 0.855167000 -1.159560000 0.00000000000000000000 1.00000000000000000000 2 0 8 258 259 260 280 282 300 301 302 
282 4175 0.805807000 -1.172210000 0.00000000000000000000 1.00000000000000000000 2 0 8 259 260 261 281 283 301 302 303 
283 4176 0.755929000 -1.183060000 0.00000000000000000000 1.00000000000000000000 2 0 8 260 261 262 282 284 302 303 304 
284 4177 0.705608000 -1.192110000 0.00000000000000000000 1.00000000000000000000 2 0 8 261 262 263 283 285 303 304 305 
285 4178 0.654921000 -1.199320000 0.00000000000000000000 1.00000000000000000000 2 0 8 262 263 264 284 286 304 305 306 
286 4179 0.603946000 -1.204700000 0.00000000000000000000 1.00000000000000000000 2 0 8 263 264 265 285 287 305 306 372 
287 4180 0.552761000 -1.208220000 0.00000000000000000000 1.00000000000000000000 2 0 8 264 265 266 286 368 306 372 373 
288 4181 1.471260000 -0.903937000 0.00000000000000000000 1.00000000000000000000 2 0 8 267 268 269 371 289 374 375 376 
289 4182 1.432790000 -0.939136000 0.00000000000000000000 1.00000000000000000000 2 0 8 268 269 270 288 290 375 376 377 
290 4183 1.392860000 -0.972930000 0.00000000000000000000 1.00000000000000000000 2 0 8 269 270 271 289 291 376 377 378 
291 4184 1.351530000 -1.005270000 0.00000000000000000000 1.00000000000000000000 2 0 8 270 271 272 290 292 377 378 379 
292 4185 1.308870000 -1.036100000 0.00000000000000000000 1.00000000000000000000 2 0 8 271 272 273 291 293 378 379 380 
293 4186 1.264930000 -1.065370000 0.00000000000000000000 1.00000000000000000000 2 0 8 272 273 274 292 294 379 380 381 
294 4187 1.219790000 -1.093040000 0.00000000000000000000 1.00000000000000000000 2 0 8 273 274 275 293 295 380 381 382 
295 4188 1.173510000 -1.119060000 0.00000000000000000000 1.00000000000000000000 2 0 8 274 275 276 294 296 381 382 383 
296 4189 1.126150000 -1.143390000 0.00000000000000000000 1.00000000000000000000 2 0 8 275 276 277 295 297 382 383 384 
297 4190 1.077800000 -1.166000000 0.00000000000000000000 1.00000000000000000000 2 0 8 276 277 278 296 298 383 384 385 
298 4191 1.028510000 -1.186840000 0.00000000000000000000 1.00000000000000000000 2 0 8 277 278 279 297 299 384 385 386 
299 4192 0.978369000 -1.205870000 0.00000000000000000000 1.00000000000000000000 2 0 8 278 279 280 298 300 385 386 387 
300 4193 0.927447000 -1.223070000 0.00000000000000000000 1.00000000000000000000 2 0 8 279 280 281 299 301 386 387 388 
301 4194 0.875822000 -1.238410000 0.00000000000000000000 1.00000000000000000000 2 0 8 280 281 282 300 302 387 388 389 
302 4195 0.823572000 -1.251870000 0.00000000000000000000 1.00000000000000000000 2 0 8 281 282 283 301 303 388 389 390 
303 4196 0.770776000 -1.263400000 0.00000000000000000000 1.00000000000000000000 2 0 8 282 283 284 302 304 389 390 391 
304 4197 0.717514000 -1.273010000 0.00000000000000000000 1.00000000000000000000 2 0 8 283 284 285 303 305 390 391 392 
305 4198 0.663868000 -1.280660000 0.00000000000000000000 1.00000000000000000000 2 0 8 284 285 286 304 306 391 392 393 
306 4199 0.609919000 -1.286350000 0.00000000000000000000 1.00000000000000000000 2 0 8 285 286 287 305 372 392 393 394 
307 4676 1.00467 -0.249994 2 0
308 3863 0.989004 -0.262701 2 0
309 3864 0.972575 -0.275059 2 0
310 3865 0.955406 -0.287049 2 0
311 3866 0.937519 -0.298649 2 0
312 3867 0.918941 -0.309842 2 0
313 3868 0.899697 -0.320608 2 0
314 3869 0.879814 -0.330929 2 0
315 3870 0.859323 -0.340786 2 0
316 3871 0.838251 -0.350162 2 0
317 3872 0.816631 -0.359041 2 0
318 3873 0.794493 -0.367406 2 0
319 3874 0.77187 -0.375241 2 0
320 3875 0.748796 -0.382531 2 0
321 3876 0.725306 -0.389261 2 0
322 4696 1.04098 -0.261008 2 0
323 4697 1.02548 -0.275309 2 0
324 3883 0.734583 -0.427324 2 0
325 3884 0.709727 -0.433985 2 0
326 4717 1.07979 -0.27003 2 0
327 4718 1.06448 -0.286037 2 0
328 3889 0.718799 -0.474171 2 0
329 3890 0.692491 -0.480653 2 0
330 3891 0.665847 -0.486414 2 0
331 4738 1.12123 -0.276885 2 0
332 4739 1.10616 -0.294714 2 0
333 3893 0.673329 -0.529279 2 0
334 352 0.64517 -0.534664 2 0
335 4758 1.16545 -0.28138 2 0
336 4759 1.15064 -0.301151 2 0
337 377 0.651965 -0.579877 2 0
338 4778 1.19808 -0.305139 2 0
339 403 0.659318 -0.627249 2 0
340 404 0.628106 -0.63245 2 0
341 4200 1.23336 -0.330046 2 0
342 429 0.634479 -0.682497 2 0
343 430 0.601448 -0.686995 2 0
344 4214 1.27143 -0.356195 2 0
345 4215 1.25422 -0.38113 2 0
346 454 0.606612 -0.739858 2 0
347 4233 1.29428 -0.410519 2 0
348 4234 1.27492 -0.436766 2 0
349 479 0.612165 -0.795472 2 0
350 480 0.575383 -0.799321 2 0
351 4253 1.31692 -0.469652 2 0
352 504 0.579369 -0.858112 2 0
353 505 0.54044 -0.860861 2 0
354 4272 1.362 -0.504303 2 0
355 527 0.542585 -0.922977 2 0
356 4291 1.41034 -0.540851 2 0
357 548 0.544881 -0.988521 2 0
358 549 0.501425 -0.990029 2 0
359 4310 1.4621 -0.579432 2 0
360 4311 1.43649 -0.613303 2 0
361 568 0.501433 -1.05929 2 0
362 569 0.455479 -1.05921 2 0
363 4331 1.49038 -0.656421 2 0
364 4332 1.46175 -0.691683 2 0
365 586 0.452869 -1.13234 2 0
366 4354 1.51767 -0.739689 2 0
367 4355 1.48578 -0.77628 2 0
368 1516 0.501445 -1.20989 2 0
369 1517 0.450076 -1.20968 2 0
370 4379 1.54363 -0.829548 2 0
371 4380 1.50823 -0.867389 2 0
372 1532 0.555752 -1.29006 2 0
373 1533 0.501448 -1.29178 2 0
374 4405 1.56787 -0.926312 2 0
375 3301 1.5287 -0.965313 2 0
376 3302 1.48792 -1.00287 2 0
377 3303 1.44561 -1.03892 2 0
378 3304 1.40181 -1.07342 2 0
379 3305 1.35661 -1.1063 2 0
380 3306 1.31006 -1.13752 2 0
381 3307 1.26223 -1.16702 2 0
382 3308 1.2132 -1.19476 2 0
383 3309 1.16303 -1.22069 2 0
384 3310 1.1118 -1.24478 2 0
385 3311 1.05959 -1.26697 2 0
386 3312 1.00648 -1.28724 2 0
387 3313 0.952549 -1.30556 2 0
388 3314 0.897872 -1.32188 2 0
389 3315 0.842536 -1.33619 2 0
390 3316 0.786624 -1.34845 2 0
391 3317 0.730223 -1.35865 2 0
392 3318 0.673417 -1.36676 2 0
393 1550 0.616295 -1.37278 2 0
394 1551 0.558943 -1.37668 2 0
