365 298 67
1 5991 0.460771000 0.054529400 0.05485990010981084408 0.99849406175497190663 1 1 8 299 2 301 20 21 303 39 40 
2 5992 0.480370000 0.053405300 0.05952362684258152153 0.99822689697658673058 1 1 8 1 3 20 21 22 39 40 41 
3 5993 0.500000000 0.052190200 0.06390882134454034524 0.99795574178134349719 1 1 8 2 4 21 22 23 40 41 42 
4 5994 0.519630000 0.050891100 0.06803217270332914679 0.99768312779021406378 1 1 8 3 5 22 23 24 41 42 43 
5 5995 0.539230000 0.049515100 0.07191784000836067003 0.99741055954332646927 1 1 8 4 6 23 24 25 42 43 44 
6 5996 0.558769000 0.048069000 0.07558280287099569672 0.99713952880736012041 1 1 8 5 7 24 25 26 43 44 45 
7 5997 0.578217000 0.046559900 0.07904322671276450829 0.99687118942761843154 1 1 8 6 8 25 26 27 44 45 46 
8 5998 0.597545000 0.044994400 0.08231462556632487826 0.99660639292444630488 1 1 8 7 9 26 27 28 45 46 47 
9 5999 0.616723000 0.043379500 0.08542075818770138163 0.99634496740367906042 1 1 8 8 10 27 28 29 46 47 48 
10 6000 0.635720000 0.041721500 0.08837356185850352153 0.99608740257290739883 1 1 8 9 11 28 29 30 47 48 49 
11 6001 0.654509000 0.040027100 0.09118499013007269616 0.99583397088820913012 1 1 8 10 12 29 30 31 48 49 50 
12 6002 0.673059000 0.038302500 0.09387942525532258498 0.99558357434910016437 1 1 8 11 13 30 31 32 49 50 51 
13 6003 0.691342000 0.036553900 0.09646021694760552323 0.99533684074609685144 1 1 8 12 14 31 32 33 50 51 52 
14 6004 0.709330000 0.034787400 0.09893996602310112243 0.99509340422060255094 1 1 8 13 15 32 33 34 51 52 53 
15 6005 0.726995000 0.033009000 0.10132820498595720982 0.99485305189978889828 1 1 8 14 16 33 34 35 52 53 54 
16 6006 0.744311000 0.031224500 0.10364558072098142838 0.99461429388331767942 1 1 8 15 17 34 35 36 53 54 55 
17 6007 0.761249000 0.029439500 0.10588992387536884376 0.99437785776920262215 1 1 8 16 18 35 36 37 54 55 56 
18 6008 0.777785000 0.027659900 0.10806336838556147850 0.99414400788475631998 1 1 8 17 19 36 37 38 55 56 57 
19 6009 0.793893000 0.025891100 0.11019007491550641964 0.99391053289021702444 1 1 8 18 300 37 38 302 56 57 304 
20 6010 0.460623000 0.084700800 0.00000000000000000000 1.00000000000000000000 2 0 8 299 1 2 301 21 303 39 40 
21 6011 0.480387000 0.083708100 0.00000000000000000000 1.00000000000000000000 2 0 8 1 2 3 20 22 39 40 41 
22 6012 0.500176000 0.082577200 0.00000000000000000000 1.00000000000000000000 2 0 8 2 3 4 21 23 40 41 42 
23 6013 0.519959000 0.081314800 0.00000000000000000000 1.00000000000000000000 2 0 8 3 4 5 22 24 41 42 43 
24 6014 0.539707000 0.079927500 0.00000000000000000000 1.00000000000000000000 2 0 8 4 5 6 23 25 42 43 44 
25 6015 0.559387000 0.078422200 0.00000000000000000000 1.00000000000000000000 2 0 8 5 6 7 24 26 43 44 45 
26 6016 0.578971000 0.076805600 0.00000000000000000000 1.00000000000000000000 2 0 8 6 7 8 25 27 44 45 46 
27 6017 0.598427000 0.075084600 0.00000000000000000000 1.00000000000000000000 2 0 8 7 8 9 26 28 45 46 47 
28 6018 0.617726000 0.073266100 0.00000000000000000000 1.00000000000000000000 2 0 8 8 9 10 27 29 46 47 48 
29 6019 0.636838000 0.071357000 0.00000000000000000000 1.00000000000000000000 2 0 8 9 10 11 28 30 47 48 49 
30 6020 0.655734000 0.069364000 0.00000000000000000000 1.00000000000000000000 2 0 8 10 11 12 29 31 48 49 50 
31 6021 0.674385000 0.067294000 0.00000000000000000000 1.00000000000000000000 2 0 8 11 12 13 30 32 49 50 51 
32 6022 0.692762000 0.065153600 0.00000000000000000000 1.00000000000000000000 2 0 8 12 13 14 31 33 50 51 52 
33 6023 0.710836000 0.062949800 0.00000000000000000000 1.00000000000000000000 2 0 8 13 14 15 32 34 51 52 53 
34 6024 0.728581000 0.060689000 0.00000000000000000000 1.00000000000000000000 2 0 8 14 15 16 33 35 52 53 54 
35 6025 0.745968000 0.058378100 0.00000000000000000000 1.00000000000000000000 2 0 8 15 16 17 34 36 53 54 55 
36 6026 0.762971000 0.056023500 0.00000000000000000000 1.00000000000000000000 2 0 8 16 17 18 35 37 54 55 56 
37 6027 0.779564000 0.053632000 0.00000000000000000000 1.00000000000000000000 2 0 8 17 18 19 36 38 55 56 57 
38 6028 0.795722000 0.051210000 0.00000000000000000000 1.00000000000000000000 2 0 8 18 19 300 37 302 56 57 304 
39 6029 0.460310000 0.115187000 0.00000000000000000000 1.00000000000000000000 2 0 8 301 20 21 303 40 305 58 59 
40 6030 0.480311000 0.114320000 0.00000000000000000000 1.00000000000000000000 2 0 8 20 21 22 39 41 58 59 60 
41 6031 0.500333000 0.113267000 0.00000000000000000000 1.00000000000000000000 2 0 8 21 22 23 40 42 59 60 61 
42 6032 0.520343000 0.112034000 0.00000000000000000000 1.00000000000000000000 2 0 8 22 23 24 41 43 60 61 62 
43 6033 0.540312000 0.110629000 0.00000000000000000000 1.00000000000000000000 2 0 8 23 24 25 42 44 61 62 63 
44 6034 0.560208000 0.109057000 0.00000000000000000000 1.00000000000000000000 2 0 8 24 25 26 43 45 62 63 64 
45 6035 0.580001000 0.107326000 0.00000000000000000000 1.00000000000000000000 2 0 8 25 26 27 44 46 63 64 65 
46 6036 0.599660000 0.105442000 0.00000000000000000000 1.00000000000000000000 2 0 8 26 27 28 45 47 64 65 66 
47 6037 0.619155000 0.103413000 0.00000000000000000000 1.00000000000000000000 2 0 8 27 28 29 46 48 65 66 67 
48 6038 0.638456000 0.101245000 0.00000000000000000000 1.00000000000000000000 2 0 8 28 29 30 47 49 66 67 68 
49 6039 0.657534000 0.098946300 0.00000000000000000000 1.00000000000000000000 2 0 8 29 30 31 48 50 67 68 69 
50 6040 0.676359000 0.096523400 0.00000000000000000000 1.00000000000000000000 2 0 8 30 31 32 49 51 68 69 70 
51 6041 0.694902000 0.093983900 0.00000000000000000000 1.00000000000000000000 2 0 8 31 32 33 50 52 69 70 71 
52 6042 0.713135000 0.091335000 0.00000000000000000000 1.00000000000000000000 2 0 8 32 33 34 51 53 70 71 72 
53 6043 0.731030000 0.088584300 0.00000000000000000000 1.00000000000000000000 2 0 8 33 34 35 52 54 71 72 73 
54 6044 0.748560000 0.085739100 0.00000000000000000000 1.00000000000000000000 2 0 8 34 35 36 53 55 72 73 74 
55 6045 0.765698000 0.082807000 0.00000000000000000000 1.00000000000000000000 2 0 8 35 36 37 54 56 73 74 75 
56 6046 0.782417000 0.079795400 0.00000000000000000000 1.00000000000000000000 2 0 8 36 37 38 55 57 74 75 76 
57 6047 0.798692000 0.076712000 0.00000000000000000000 1.00000000000000000000 2 0 8 37 38 302 56 304 75 76 306 
58 6048 0.459834000 0.146103000 0.00000000000000000000 1.00000000000000000000 2 0 8 303 39 40 305 59 307 77 78 
59 6049 0.480145000 0.145355000 0.00000000000000000000 1.00000000000000000000 2 0 8 39 40 41 58 60 77 78 79 
60 6050 0.500472000 0.144374000 0.00000000000000000000 1.00000000000000000000 2 0 8 40 41 42 59 61 78 79 80 
61 6051 0.520784000 0.143165000 0.00000000000000000000 1.00000000000000000000 2 0 8 41 42 43 60 62 79 80 81 
62 6052 0.541049000 0.141735000 0.00000000000000000000 1.00000000000000000000 2 0 8 42 43 44 61 63 80 81 82 
63 6053 0.561235000 0.140090000 0.00000000000000000000 1.00000000000000000000 2 0 8 43 44 45 62 64 81 82 83 
64 6054 0.581313000 0.138237000 0.00000000000000000000 1.00000000000000000000 2 0 8 44 45 46 63 65 82 83 84 
65 6055 0.601250000 0.136183000 0.00000000000000000000 1.00000000000000000000 2 0 8 45 46 47 64 66 83 84 85 
66 6056 0.621016000 0.133935000 0.00000000000000000000 1.00000000000000000000 2 0 8 46 47 48 65 67 84 85 86 
67 6057 0.640581000 0.131501000 0.00000000000000000000 1.00000000000000000000 2 0 8 47 48 49 66 68 85 86 87 
68 6058 0.659915000 0.128887000 0.00000000000000000000 1.00000000000000000000 2 0 8 48 49 50 67 69 86 87 88 
69 6059 0.678988000 0.126103000 0.00000000000000000000 1.00000000000000000000 2 0 8 49 50 51 68 70 87 88 89 
70 6060 0.697771000 0.123155000 0.00000000000000000000 1.00000000000000000000 2 0 8 50 51 52 69 71 88 89 90 
71 6061 0.716235000 0.120052000 0.00000000000000000000 1.00000000000000000000 2 0 8 51 52 53 70 72 89 90 91 
72 6062 0.734353000 0.116801000 0.00000000000000000000 1.00000000000000000000 2 0 8 52 53 54 71 73 90 91 92 
73 6063 0.752096000 0.113412000 0.00000000000000000000 1.00000000000000000000 2 0 8 53 54 55 72 74 91 92 93 
74 6064 0.769438000 0.109892000 0.00000000000000000000 1.00000000000000000000 2 0 8 54 55 56 73 75 92 93 94 
75 6065 0.786352000 0.106250000 0.00000000000000000000 1.00000000000000000000 2 0 8 55 56 57 74 76 93 94 95 
76 6066 0.802813000 0.102494000 0.00000000000000000000 1.00000000000000000000 2 0 8 56 57 304 75 306 94 95 308 
77 6067 0.459193000 0.177561000 0.00000000000000000000 1.00000000000000000000 2 0 8 305 58 59 307 78 309 310 96 
78 6068 0.479889000 0.176929000 0.00000000000000000000 1.00000000000000000000 2 0 8 58 59 60 77 79 310 96 97 
79 6069 0.500597000 0.176015000 0.00000000000000000000 1.00000000000000000000 2 0 8 59 60 61 78 80 96 97 98 
80 6070 0.521285000 0.174825000 0.00000000000000000000 1.00000000000000000000 2 0 8 60 61 62 79 81 97 98 99 
81 6071 0.541921000 0.173364000 0.00000000000000000000 1.00000000000000000000 2 0 8 61 62 63 80 82 98 99 100 
82 6072 0.562474000 0.171639000 0.00000000000000000000 1.00000000000000000000 2 0 8 62 63 64 81 83 99 100 101 
83 6073 0.582912000 0.169657000 0.00000000000000000000 1.00000000000000000000 2 0 8 63 64 65 82 84 100 101 102 
84 6074 0.603203000 0.167424000 0.00000000000000000000 1.00000000000000000000 2 0 8 64 65 66 83 85 101 102 103 
85 6075 0.623316000 0.164949000 0.00000000000000000000 1.00000000000000000000 2 0 8 65 66 67 84 86 102 103 104 
86 6076 0.643220000 0.162238000 0.00000000000000000000 1.00000000000000000000 2 0 8 66 67 68 85 87 103 104 105 
87 6077 0.662885000 0.159301000 0.00000000000000000000 1.00000000000000000000 2 0 8 67 68 69 86 88 104 105 106 
88 6078 0.682281000 0.156144000 0.00000000000000000000 1.00000000000000000000 2 0 8 68 69 70 87 89 105 106 107 
89 6079 0.701378000 0.152778000 0.00000000000000000000 1.00000000000000000000 2 0 8 69 70 71 88 90 106 107 108 
90 6080 0.720148000 0.149209000 0.00000000000000000000 1.00000000000000000000 2 0 8 70 71 72 89 91 107 108 109 
91 6081 0.738560000 0.145447000 0.00000000000000000000 1.00000000000000000000 2 0 8 71 72 73 90 92 108 109 110 
92 6082 0.756589000 0.141501000 0.00000000000000000000 1.00000000000000000000 2 0 8 72 73 74 91 93 109 110 111 
93 6083 0.774206000 0.137381000 0.00000000000000000000 1.00000000000000000000 2 0 8 73 74 75 92 94 110 111 112 
94 6084 0.791385000 0.133095000 0.00000000000000000000 1.00000000000000000000 2 0 8 74 75 76 93 95 111 112 113 
95 6085 0.808099000 0.128653000 0.00000000000000000000 1.00000000000000000000 2 0 8 75 76 306 94 308 112 113 311 
96 6086 0.479543000 0.209160000 0.00000000000000000000 1.00000000000000000000 2 0 8 77 78 79 310 97 312 313 114 
97 6087 0.500708000 0.208309000 0.00000000000000000000 1.00000000000000000000 2 0 8 78 79 80 96 98 313 114 115 
98 6088 0.521849000 0.207131000 0.00000000000000000000 1.00000000000000000000 2 0 8 79 80 81 97 99 114 115 116 
99 6089 0.542934000 0.205633000 0.00000000000000000000 1.00000000000000000000 2 0 8 80 81 82 98 100 115 116 117 
100 6090 0.563931000 0.203821000 0.00000000000000000000 1.00000000000000000000 2 0 8 81 82 83 99 101 116 117 118 
101 6091 0.584806000 0.201702000 0.00000000000000000000 1.00000000000000000000 2 0 8 82 83 84 100 102 117 118 119 
102 6092 0.605528000 0.199283000 0.00000000000000000000 1.00000000000000000000 2 0 8 83 84 85 101 103 118 119 120 
103 6093 0.626064000 0.196571000 0.00000000000000000000 1.00000000000000000000 2 0 8 84 85 86 102 104 119 120 121 
104 6094 0.646385000 0.193575000 0.00000000000000000000 1.00000000000000000000 2 0 8 85 86 87 103 105 120 121 122 
105 6095 0.666457000 0.190302000 0.00000000000000000000 1.00000000000000000000 2 0 8 86 87 88 104 106 121 122 123 
106 6096 0.686252000 0.186763000 0.00000000000000000000 1.00000000000000000000 2 0 8 87 88 89 105 107 122 123 124 
107 6097 0.705738000 0.182965000 0.00000000000000000000 1.00000000000000000000 2 0 8 88 89 90 106 108 123 124 125 
108 6098 0.724887000 0.178917000 0.00000000000000000000 1.00000000000000000000 2 0 8 89 90 91 107 109 124 125 126 
109 6099 0.743668000 0.174631000 0.00000000000000000000 1.00000000000000000000 2 0 8 90 91 92 108 110 125 126 127 
110 6100 0.762055000 0.170114000 0.00000000000000000000 1.00000000000000000000 2 0 8 91 92 93 109 111 126 127 128 
111 6101 0.780018000 0.165378000 0.00000000000000000000 1.00000000000000000000 2 0 8 92 93 94 110 112 127 128 129 
112 6102 0.797532000 0.160432000 0.00000000000000000000 1.00000000000000000000 2 0 8 93 94 95 111 113 128 129 130 
113 6103 0.814569000 0.155288000 0.00000000000000000000 1.00000000000000000000 2 0 8 94 95 308 112 311 129 130 314 
114 6104 0.500806000 0.241374000 0.00000000000000000000 1.00000000000000000000 2 0 8 96 97 98 313 115 315 131 132 
115 6105 0.522479000 0.240205000 0.00000000000000000000 1.00000000000000000000 2 0 8 97 98 99 114 116 131 132 133 
116 6106 0.544092000 0.238664000 0.00000000000000000000 1.00000000000000000000 2 0 8 98 99 100 115 117 132 133 134 
117 6107 0.565610000 0.236759000 0.00000000000000000000 1.00000000000000000000 2 0 8 99 100 101 116 118 133 134 135 
118 6108 0.587002000 0.234494000 0.00000000000000000000 1.00000000000000000000 2 0 8 100 101 102 117 119 134 135 136 
119 6109 0.608233000 0.231879000 0.00000000000000000000 1.00000000000000000000 2 0 8 101 102 103 118 120 135 136 137 
120 6110 0.629272000 0.228921000 0.00000000000000000000 1.00000000000000000000 2 0 8 102 103 104 119 121 136 137 138 
121 6111 0.650087000 0.225628000 0.00000000000000000000 1.00000000000000000000 2 0 8 103 104 105 120 122 137 138 139 
122 6112 0.670645000 0.222009000 0.00000000000000000000 1.00000000000000000000 2 0 8 104 105 106 121 123 138 139 140 
123 6113 0.690915000 0.218073000 0.00000000000000000000 1.00000000000000000000 2 0 8 105 106 107 122 124 139 140 141 
124 6114 0.710867000 0.213830000 0.00000000000000000000 1.00000000000000000000 2 0 8 106 107 108 123 125 140 141 142 
125 6115 0.730470000 0.209290000 0.00000000000000000000 1.00000000000000000000 2 0 8 107 108 109 124 126 141 142 143 
126 6116 0.749695000 0.204463000 0.00000000000000000000 1.00000000000000000000 2 0 8 108 109 110 125 127 142 143 144 
127 6117 0.768513000 0.199359000 0.00000000000000000000 1.00000000000000000000 2 0 8 109 110 111 126 128 143 144 145 
128 6118 0.786896000 0.193990000 0.00000000000000000000 1.00000000000000000000 2 0 8 110 111 112 127 129 144 145 146 
129 6119 0.804816000 0.188366000 0.00000000000000000000 1.00000000000000000000 2 0 8 111 112 113 128 130 145 146 147 
130 6120 0.822246000 0.182500000 0.00000000000000000000 1.00000000000000000000 2 0 8 112 113 311 129 314 146 147 316 
131 6121 0.500894000 0.275334000 0.00000000000000000000 1.00000000000000000000 2 0 8 313 114 115 315 132 317 148 149 
132 6122 0.523179000 0.274169000 0.00000000000000000000 1.00000000000000000000 2 0 8 114 115 116 131 133 148 149 150 
133 6123 0.545399000 0.272580000 0.00000000000000000000 1.00000000000000000000 2 0 8 115 116 117 132 134 149 150 151 
134 6124 0.567521000 0.270574000 0.00000000000000000000 1.00000000000000000000 2 0 8 116 117 118 133 135 150 151 152 
135 6125 0.589509000 0.268157000 0.00000000000000000000 1.00000000000000000000 2 0 8 117 118 119 134 136 151 152 153 
136 6126 0.611331000 0.265336000 0.00000000000000000000 1.00000000000000000000 2 0 8 118 119 120 135 137 152 153 154 
137 6127 0.632952000 0.262121000 0.00000000000000000000 1.00000000000000000000 2 0 8 119 120 121 136 138 153 154 155 
138 6128 0.654341000 0.258519000 0.00000000000000000000 1.00000000000000000000 2 0 8 120 121 122 137 139 154 155 156 
139 6129 0.675463000 0.254541000 0.00000000000000000000 1.00000000000000000000 2 0 8 121 122 123 138 140 155 156 157 
140 6130 0.696288000 0.250195000 0.00000000000000000000 1.00000000000000000000 2 0 8 122 123 124 139 141 156 157 158 
141 6131 0.716783000 0.245491000 0.00000000000000000000 1.00000000000000000000 2 0 8 123 124 125 140 142 157 158 159 
142 6132 0.736919000 0.240441000 0.00000000000000000000 1.00000000000000000000 2 0 8 124 125 126 141 143 158 159 160 
143 6133 0.756663000 0.235056000 0.00000000000000000000 1.00000000000000000000 2 0 8 125 126 127 142 144 159 160 161 
144 6134 0.775988000 0.229346000 0.00000000000000000000 1.00000000000000000000 2 0 8 126 127 128 143 145 160 161 162 
145 6135 0.794863000 0.223324000 0.00000000000000000000 1.00000000000000000000 2 0 8 127 128 129 144 146 161 162 163 
146 6136 0.813261000 0.217002000 0.00000000000000000000 1.00000000000000000000 2 0 8 128 129 130 145 147 162 163 164 
147 6137 0.831156000 0.210393000 0.00000000000000000000 1.00000000000000000000 2 0 8 129 130 314 146 316 163 164 318 
148 6138 0.500972000 0.310316000 0.00000000000000000000 1.00000000000000000000 2 0 8 315 131 132 317 149 319 165 166 
149 6139 0.523951000 0.309150000 0.00000000000000000000 1.00000000000000000000 2 0 8 131 132 133 148 150 165 166 167 
150 6140 0.546862000 0.307507000 0.00000000000000000000 1.00000000000000000000 2 0 8 132 133 134 149 151 166 167 168 
151 6141 0.569670000 0.305393000 0.00000000000000000000 1.00000000000000000000 2 0 8 133 134 135 150 152 167 168 169 
152 6142 0.592338000 0.302814000 0.00000000000000000000 1.00000000000000000000 2 0 8 134 135 136 151 153 168 169 170 
153 6143 0.614832000 0.299779000 0.00000000000000000000 1.00000000000000000000 2 0 8 135 136 137 152 154 169 170 171 
154 6144 0.637119000 0.296295000 0.00000000000000000000 1.00000000000000000000 2 0 8 136 137 138 153 155 170 171 172 
155 6145 0.659163000 0.292372000 0.00000000000000000000 1.00000000000000000000 2 0 8 137 138 139 154 156 171 172 173 
156 6146 0.680931000 0.288019000 0.00000000000000000000 1.00000000000000000000 2 0 8 138 139 140 155 157 172 173 174 
157 6147 0.702391000 0.283247000 0.00000000000000000000 1.00000000000000000000 2 0 8 139 140 141 156 158 173 174 175 
158 6148 0.723510000 0.278067000 0.00000000000000000000 1.00000000000000000000 2 0 8 140 141 142 157 159 174 175 176 
159 6149 0.744256000 0.272489000 0.00000000000000000000 1.00000000000000000000 2 0 8 141 142 143 158 160 175 176 177 
160 6150 0.764597000 0.266526000 0.00000000000000000000 1.00000000000000000000 2 0 8 142 143 144 159 161 176 177 178 
161 6151 0.784505000 0.260189000 0.00000000000000000000 1.00000000000000000000 2 0 8 143 144 145 160 162 177 178 179 
162 6152 0.803949000 0.253493000 0.00000000000000000000 1.00000000000000000000 2 0 8 144 145 146 161 163 178 179 180 
163 6153 0.822900000 0.246449000 0.00000000000000000000 1.00000000000000000000 2 0 8 145 146 147 162 164 179 180 181 
164 6154 0.841330000 0.239071000 0.00000000000000000000 1.00000000000000000000 2 0 8 146 147 316 163 318 180 181 320 
165 6155 0.501041000 0.346447000 0.00000000000000000000 1.00000000000000000000 2 0 8 317 148 149 319 166 322 182 183 
166 6156 0.524800000 0.345278000 0.00000000000000000000 1.00000000000000000000 2 0 8 148 149 150 165 167 182 183 184 
167 6157 0.548487000 0.343576000 0.00000000000000000000 1.00000000000000000000 2 0 8 149 150 151 166 168 183 184 185 
168 6158 0.572066000 0.341346000 0.00000000000000000000 1.00000000000000000000 2 0 8 150 151 152 167 169 184 185 186 
169 6159 0.595499000 0.338597000 0.00000000000000000000 1.00000000000000000000 2 0 8 151 152 153 168 170 185 186 187 
170 6160 0.618751000 0.335336000 0.00000000000000000000 1.00000000000000000000 2 0 8 152 153 154 169 171 186 187 188 
171 6161 0.641787000 0.331571000 0.00000000000000000000 1.00000000000000000000 2 0 8 153 154 155 170 172 187 188 189 
172 6162 0.664571000 0.327313000 0.00000000000000000000 1.00000000000000000000 2 0 8 154 155 156 171 173 188 189 190 
173 6163 0.687069000 0.322571000 0.00000000000000000000 1.00000000000000000000 2 0 8 155 156 157 172 174 189 190 191 
174 6164 0.709247000 0.317356000 0.00000000000000000000 1.00000000000000000000 2 0 8 156 157 158 173 175 190 191 192 
175 6165 0.731071000 0.311679000 0.00000000000000000000 1.00000000000000000000 2 0 8 157 158 159 174 176 191 192 193 
176 6166 0.752508000 0.305554000 0.00000000000000000000 1.00000000000000000000 2 0 8 158 159 160 175 177 192 193 194 
177 6167 0.773527000 0.298991000 0.00000000000000000000 1.00000000000000000000 2 0 8 159 160 161 176 178 193 194 195 
178 6168 0.794097000 0.292005000 0.00000000000000000000 1.00000000000000000000 2 0 8 160 161 162 177 179 194 195 196 
179 6169 0.814186000 0.284609000 0.00000000000000000000 1.00000000000000000000 2 0 8 161 162 163 178 180 195 196 197 
180 6170 0.833765000 0.276817000 0.00000000000000000000 1.00000000000000000000 2 0 8 162 163 164 179 181 196 197 198 
181 6171 0.852805000 0.268644000 0.00000000000000000000 1.00000000000000000000 2 0 8 163 164 318 180 320 197 198 199 
182 6172 0.501103000 0.383864000 0.00000000000000000000 1.00000000000000000000 2 0 8 319 165 166 322 183 325 200 201 
183 6173 0.525730000 0.382687000 0.00000000000000000000 1.00000000000000000000 2 0 8 165 166 167 182 184 200 201 202 
184 6174 0.550281000 0.380920000 0.00000000000000000000 1.00000000000000000000 2 0 8 166 167 168 183 185 201 202 203 
185 6175 0.574719000 0.378568000 0.00000000000000000000 1.00000000000000000000 2 0 8 167 168 169 184 186 202 203 204 
186 6176 0.599005000 0.375639000 0.00000000000000000000 1.00000000000000000000 2 0 8 168 169 170 185 187 203 204 205 
187 6177 0.623103000 0.372140000 0.00000000000000000000 1.00000000000000000000 2 0 8 169 170 171 186 188 204 205 206 
188 6178 0.646975000 0.368082000 0.00000000000000000000 1.00000000000000000000 2 0 8 170 171 172 187 189 205 206 207 
189 6179 0.670586000 0.363473000 0.00000000000000000000 1.00000000000000000000 2 0 8 171 172 173 188 190 206 207 208 
190 6180 0.693900000 0.358325000 0.00000000000000000000 1.00000000000000000000 2 0 8 172 173 174 189 191 207 208 209 
191 6181 0.716881000 0.352648000 0.00000000000000000000 1.00000000000000000000 2 0 8 173 174 175 190 192 208 209 210 
192 6182 0.739494000 0.346456000 0.00000000000000000000 1.00000000000000000000 2 0 8 174 175 176 191 193 209 210 211 
193 6183 0.761707000 0.339760000 0.00000000000000000000 1.00000000000000000000 2 0 8 175 176 177 192 194 210 211 212 
194 6184 0.783485000 0.332574000 0.00000000000000000000 1.00000000000000000000 2 0 8 176 177 178 193 195 211 212 213 
195 6185 0.804797000 0.324912000 0.00000000000000000000 1.00000000000000000000 2 0 8 177 178 179 194 196 212 213 214 
196 6186 0.825611000 0.316789000 0.00000000000000000000 1.00000000000000000000 2 0 8 178 179 180 195 197 213 214 215 
197 6187 0.845896000 0.308221000 0.00000000000000000000 1.00000000000000000000 2 0 8 179 180 181 196 198 214 215 216 
198 6188 0.865623000 0.299222000 0.00000000000000000000 1.00000000000000000000 2 0 8 180 181 320 197 199 215 216 217 
199 6189 0.884763000 0.289810000 0.00000000000000000000 1.00000000000000000000 2 0 8 181 320 321 198 323 216 217 218 
200 6190 0.501158000 0.422704000 0.00000000000000000000 1.00000000000000000000 2 0 8 322 182 183 325 201 327 328 329 
201 6191 0.526744000 0.421517000 0.00000000000000000000 1.00000000000000000000 2 0 8 182 183 184 200 202 328 329 330 
202 6192 0.552250000 0.419678000 0.00000000000000000000 1.00000000000000000000 2 0 8 183 184 185 201 203 329 330 219 
203 6193 0.577639000 0.417196000 0.00000000000000000000 1.00000000000000000000 2 0 8 184 185 186 202 204 330 219 220 
204 6194 0.602869000 0.414077000 0.00000000000000000000 1.00000000000000000000 2 0 8 185 186 187 203 205 219 220 221 
205 6195 0.627904000 0.410330000 0.00000000000000000000 1.00000000000000000000 2 0 8 186 187 188 204 206 220 221 222 
206 6196 0.652703000 0.405963000 0.00000000000000000000 1.00000000000000000000 2 0 8 187 188 189 205 207 221 222 223 
207 6197 0.677231000 0.400988000 0.00000000000000000000 1.00000000000000000000 2 0 8 188 189 190 206 208 222 223 224 
208 6198 0.701449000 0.395415000 0.00000000000000000000 1.00000000000000000000 2 0 8 189 190 191 207 209 223 224 225 
209 6199 0.725321000 0.389257000 0.00000000000000000000 1.00000000000000000000 2 0 8 190 191 192 208 210 224 225 226 
210 6200 0.748812000 0.382526000 0.00000000000000000000 1.00000000000000000000 2 0 8 191 192 193 209 211 225 226 227 
211 6201 0.771885000 0.375235000 0.00000000000000000000 1.00000000000000000000 2 0 8 192 193 194 210 212 226 227 228 
212 6202 0.794508000 0.367400000 0.00000000000000000000 1.00000000000000000000 2 0 8 193 194 195 211 213 227 228 229 
213 6203 0.816645000 0.359035000 0.00000000000000000000 1.00000000000000000000 2 0 8 194 195 196 212 214 228 229 230 
214 6204 0.838265000 0.350156000 0.00000000000000000000 1.00000000000000000000 2 0 8 195 196 197 213 215 229 230 231 
215 6205 0.859337000 0.340779000 0.00000000000000000000 1.00000000000000000000 2 0 8 196 197 198 214 216 230 231 232 
216 6206 0.879828000 0.330922000 0.00000000000000000000 1.00000000000000000000 2 0 8 197 198 199 215 217 231 232 233 
217 6207 0.899710000 0.320601000 0.00000000000000000000 1.00000000000000000000 2 0 8 198 199 323 216 218 232 233 234 
218 6208 0.918953000 0.309834000 0.00000000000000000000 1.00000000000000000000 2 0 8 199 323 324 217 326 233 234 331 
219 6209 0.580837000 0.457375000 0.00000000000000000000 1.00000000000000000000 2 0 8 202 203 204 330 220 332 333 235 
220 6210 0.607107000 0.454056000 0.00000000000000000000 1.00000000000000000000 2 0 8 203 204 205 219 221 333 235 236 
221 6211 0.633172000 0.450046000 0.00000000000000000000 1.00000000000000000000 2 0 8 204 205 206 220 222 235 236 237 
222 6212 0.658993000 0.445357000 0.00000000000000000000 1.00000000000000000000 2 0 8 205 206 207 221 223 236 237 238 
223 6213 0.684530000 0.439998000 0.00000000000000000000 1.00000000000000000000 2 0 8 206 207 208 222 224 237 238 239 
224 6214 0.709745000 0.433981000 0.00000000000000000000 1.00000000000000000000 2 0 8 207 208 209 223 225 238 239 240 
225 6215 0.734600000 0.427319000 0.00000000000000000000 1.00000000000000000000 2 0 8 208 209 210 224 226 239 240 241 
226 6216 0.759058000 0.420025000 0.00000000000000000000 1.00000000000000000000 2 0 8 209 210 211 225 227 240 241 242 
227 6217 0.783081000 0.412114000 0.00000000000000000000 1.00000000000000000000 2 0 8 210 211 212 226 228 241 242 243 
228 6218 0.806635000 0.403601000 0.00000000000000000000 1.00000000000000000000 2 0 8 211 212 213 227 229 242 243 244 
229 6219 0.829685000 0.394502000 0.00000000000000000000 1.00000000000000000000 2 0 8 212 213 214 228 230 243 244 245 
230 6220 0.852196000 0.384834000 0.00000000000000000000 1.00000000000000000000 2 0 8 213 214 215 229 231 244 245 246 
231 6221 0.874136000 0.374615000 0.00000000000000000000 1.00000000000000000000 2 0 8 214 215 216 230 232 245 246 247 
232 6222 0.895472000 0.363862000 0.00000000000000000000 1.00000000000000000000 2 0 8 215 216 217 231 233 246 247 248 
233 6223 0.916175000 0.352594000 0.00000000000000000000 1.00000000000000000000 2 0 8 216 217 218 232 234 247 248 249 
234 6224 0.936213000 0.340831000 0.00000000000000000000 1.00000000000000000000 2 0 8 217 218 326 233 331 248 249 334 
235 6225 0.611734000 0.495723000 0.00000000000000000000 1.00000000000000000000 2 0 8 219 220 221 333 236 335 336 250 
236 6226 0.638928000 0.491438000 0.00000000000000000000 1.00000000000000000000 2 0 8 220 221 222 235 237 336 250 251 
237 6227 0.665867000 0.486410000 0.00000000000000000000 1.00000000000000000000 2 0 8 221 222 223 236 238 250 251 252 
238 6228 0.692511000 0.480648000 0.00000000000000000000 1.00000000000000000000 2 0 8 222 223 224 237 239 251 252 253 
239 6229 0.718819000 0.474166000 0.00000000000000000000 1.00000000000000000000 2 0 8 223 224 225 238 240 252 253 254 
240 6230 0.744752000 0.466976000 0.00000000000000000000 1.00000000000000000000 2 0 8 224 225 226 239 241 253 254 255 
241 6231 0.770270000 0.459094000 0.00000000000000000000 1.00000000000000000000 2 0 8 225 226 227 240 242 254 255 256 
242 6232 0.795336000 0.450534000 0.00000000000000000000 1.00000000000000000000 2 0 8 226 227 228 241 243 255 256 257 
243 6233 0.819913000 0.441313000 0.00000000000000000000 1.00000000000000000000 2 0 8 227 228 229 242 244 256 257 258 
244 6234 0.843964000 0.431447000 0.00000000000000000000 1.00000000000000000000 2 0 8 228 229 230 243 245 257 258 259 
245 6235 0.867453000 0.420955000 0.00000000000000000000 1.00000000000000000000 2 0 8 229 230 231 244 246 258 259 260 
246 6236 0.890347000 0.409854000 0.00000000000000000000 1.00000000000000000000 2 0 8 230 231 232 245 247 259 260 261 
247 6237 0.912613000 0.398166000 0.00000000000000000000 1.00000000000000000000 2 0 8 231 232 233 246 248 260 261 262 
248 6238 0.934217000 0.385910000 0.00000000000000000000 1.00000000000000000000 2 0 8 232 233 234 247 249 261 262 337 
249 6239 0.955130000 0.373106000 0.00000000000000000000 1.00000000000000000000 2 0 8 233 234 331 248 334 262 337 338 
250 6240 0.645192000 0.534660000 0.00000000000000000000 1.00000000000000000000 2 0 8 235 236 237 336 251 339 340 263 
251 6241 0.673352000 0.529275000 0.00000000000000000000 1.00000000000000000000 2 0 8 236 237 238 250 252 340 263 264 
252 6242 0.701203000 0.523090000 0.00000000000000000000 1.00000000000000000000 2 0 8 237 238 239 251 253 263 264 265 
253 6243 0.728704000 0.516120000 0.00000000000000000000 1.00000000000000000000 2 0 8 238 239 240 252 254 264 265 266 
254 6244 0.755813000 0.508378000 0.00000000000000000000 1.00000000000000000000 2 0 8 239 240 241 253 255 265 266 267 
255 6245 0.782490000 0.499879000 0.00000000000000000000 1.00000000000000000000 2 0 8 240 241 242 254 256 266 267 268 
256 6246 0.808695000 0.490639000 0.00000000000000000000 1.00000000000000000000 2 0 8 241 242 243 255 257 267 268 269 
257 6247 0.834389000 0.480676000 0.00000000000000000000 1.00000000000000000000 2 0 8 242 243 244 256 258 268 269 270 
258 6248 0.859534000 0.470007000 0.00000000000000000000 1.00000000000000000000 2 0 8 243 244 245 257 259 269 270 271 
259 6249 0.884093000 0.458652000 0.00000000000000000000 1.00000000000000000000 2 0 8 244 245 246 258 260 270 271 272 
260 6250 0.908031000 0.446631000 0.00000000000000000000 1.00000000000000000000 2 0 8 245 246 247 259 261 271 272 273 
261 6251 0.931312000 0.433964000 0.00000000000000000000 1.00000000000000000000 2 0 8 246 247 248 260 262 272 273 341 
262 6252 0.953903000 0.420674000 0.00000000000000000000 1.00000000000000000000 2 0 8 247 248 249 261 337 273 341 342 
263 6253 0.681476000 0.574112000 0.00000000000000000000 1.00000000000000000000 2 0 8 250 251 252 340 264 343 344 274 
264 6254 0.710639000 0.567484000 0.00000000000000000000 1.00000000000000000000 2 0 8 251 252 253 263 265 344 274 275 
265 6255 0.739437000 0.560001000 0.00000000000000000000 1.00000000000000000000 2 0 8 252 253 254 264 266 274 275 276 
266 6256 0.767826000 0.551678000 0.00000000000000000000 1.00000000000000000000 2 0 8 253 254 255 265 267 275 276 277 
267 6257 0.795763000 0.542532000 0.00000000000000000000 1.00000000000000000000 2 0 8 254 255 256 266 268 276 277 278 
268 6258 0.823207000 0.532579000 0.00000000000000000000 1.00000000000000000000 2 0 8 255 256 257 267 269 277 278 279 
269 6259 0.850117000 0.521838000 0.00000000000000000000 1.00000000000000000000 2 0 8 256 257 258 268 270 278 279 280 
270 6260 0.876453000 0.510327000 0.00000000000000000000 1.00000000000000000000 2 0 8 257 258 259 269 271 279 280 281 
271 6261 0.902177000 0.498068000 0.00000000000000000000 1.00000000000000000000 2 0 8 258 259 260 270 272 280 281 282 
272 6262 0.927250000 0.485082000 0.00000000000000000000 1.00000000000000000000 2 0 8 259 260 261 271 273 281 282 345 
273 6263 0.951637000 0.471390000 0.00000000000000000000 1.00000000000000000000 2 0 8 260 261 262 272 341 282 345 346 
274 6264 0.720855000 0.613993000 0.00000000000000000000 1.00000000000000000000 2 0 8 263 264 265 344 275 347 348 283 
275 6265 0.751059000 0.605971000 0.00000000000000000000 1.00000000000000000000 2 0 8 264 265 266 274 276 348 283 284 
276 6266 0.780835000 0.597039000 0.00000000000000000000 1.00000000000000000000 2 0 8 265 266 267 275 277 283 284 285 
277 6267 0.810139000 0.587213000 0.00000000000000000000 1.00000000000000000000 2 0 8 266 267 268 276 278 284 285 286 
278 6268 0.838927000 0.576511000 0.00000000000000000000 1.00000000000000000000 2 0 8 267 268 269 277 279 285 286 287 
279 6269 0.867155000 0.564952000 0.00000000000000000000 1.00000000000000000000 2 0 8 268 269 270 278 280 286 287 288 
280 6270 0.894783000 0.552559000 0.00000000000000000000 1.00000000000000000000 2 0 8 269 270 271 279 281 287 288 289 
281 6271 0.921770000 0.539351000 0.00000000000000000000 1.00000000000000000000 2 0 8 270 271 272 280 282 288 289 349 
282 6272 0.948077000 0.525351000 0.00000000000000000000 1.00000000000000000000 2 0 8 271 272 273 281 345 289 349 350 
283 6273 0.763612000 0.654203000 0.00000000000000000000 1.00000000000000000000 2 0 8 274 275 276 348 284 351 352 290 
284 6274 0.794889000 0.644629000 0.00000000000000000000 1.00000000000000000000 2 0 8 275 276 277 283 285 352 290 291 
285 6275 0.825670000 0.634088000 0.00000000000000000000 1.00000000000000000000 2 0 8 276 277 278 284 286 290 291 292 
286 6276 0.855911000 0.622598000 0.00000000000000000000 1.00000000000000000000 2 0 8 277 278 279 285 287 291 292 293 
287 6277 0.885566000 0.610181000 0.00000000000000000000 1.00000000000000000000 2 0 8 278 279 280 286 288 292 293 294 
288 6278 0.914592000 0.596859000 0.00000000000000000000 1.00000000000000000000 2 0 8 279 280 281 287 289 293 294 353 
289 6279 0.942946000 0.582654000 0.00000000000000000000 1.00000000000000000000 2 0 8 280 281 282 288 349 294 353 354 
290 6280 0.810039000 0.694626000 0.00000000000000000000 1.00000000000000000000 2 0 8 283 284 285 352 291 355 356 295 
291 6281 0.842415000 0.683332000 0.00000000000000000000 1.00000000000000000000 2 0 8 284 285 286 290 292 356 295 296 
292 6282 0.874224000 0.671014000 0.00000000000000000000 1.00000000000000000000 2 0 8 285 286 287 291 293 295 296 297 
293 6283 0.905419000 0.657693000 0.00000000000000000000 1.00000000000000000000 2 0 8 286 287 288 292 294 296 297 357 
294 6284 0.935953000 0.643394000 0.00000000000000000000 1.00000000000000000000 2 0 8 287 288 289 293 353 297 357 358 
295 6285 0.860435000 0.735130000 0.00000000000000000000 1.00000000000000000000 2 0 8 290 291 292 356 296 359 360 298 
296 6286 0.893933000 0.721938000 0.00000000000000000000 1.00000000000000000000 2 0 8 291 292 293 295 297 360 298 361 
297 6287 0.926786000 0.707666000 0.00000000000000000000 1.00000000000000000000 2 0 8 292 293 294 296 357 298 361 362 
298 6288 0.915111000 0.775561000 0.00000000000000000000 1.00000000000000000000 2 0 8 295 296 297 360 361 363 364 365 
299 7214 0.441231 0.0555557 1 1
300 6594 0.809547 0.0241386 1 1
301 7226 0.440914 0.0855491 2 0
302 6615 0.811419 0.0487642 2 0
303 7238 0.44036 0.115864 2 0
304 6636 0.814498 0.0735644 2 0
305 7251 0.43957 0.146611 2 0
306 6657 0.818795 0.098633 2 0
307 7265 0.438542 0.177906 2 0
308 6679 0.824324 0.124065 2 0
309 7280 0.437274 0.209862 2 0
310 7281 0.458387 0.209679 2 0
311 6702 0.831105 0.149955 2 0
312 7298 0.457413 0.242575 2 0
313 7299 0.479106 0.242166 2 0
314 6725 0.839161 0.176403 2 0
315 7318 0.478579 0.27607 2 0
316 6748 0.848519 0.203509 2 0
317 7338 0.47796 0.310997 2 0
318 6771 0.859213 0.231374 2 0
319 7358 0.477247 0.347077 2 0
320 6794 0.87128 0.260105 2 0
321 6795 0.889161 0.251216 2 0
322 7379 0.476439 0.384444 2 0
323 6816 0.903288 0.28 2 0
324 6817 0.921172 0.269811 2 0
325 7401 0.475533 0.423235 2 0
326 6836 0.937532 0.298641 2 0
327 7424 0.474526 0.463595 2 0
328 6289 0.501207 0.463111 2 0
329 6290 0.527846 0.46191 2 0
330 6291 0.554404 0.459995 2 0
331 6854 0.955559 0.328592 2 0
332 6295 0.556749 0.502021 2 0
333 6296 0.584327 0.499254 2 0
334 6898 0.97532 0.359776 2 0
335 6302 0.588121 0.542988 2 0
336 6303 0.616768 0.539235 2 0
337 6899 0.975771 0.406781 2 0
338 6900 0.996886 0.392311 2 0
339 6311 0.622227 0.584752 2 0
340 6312 0.65199 0.579872 2 0
341 6904 0.975303 0.457016 2 0
342 6905 0.998213 0.441984 2 0
343 6322 0.659346 0.627244 2 0
344 6323 0.690269 0.621089 2 0
345 6922 0.973664 0.510584 2 0
346 6923 0.998496 0.495074 2 0
347 6335 0.699764 0.67038 2 0
348 6336 0.731888 0.662792 2 0
349 6942 0.970587 0.56759 2 0
350 6943 0.997474 0.551693 2 0
351 6350 0.74378 0.714062 2 0
352 6351 0.777144 0.704876 2 0
353 6964 0.965783 0.62814 2 0
354 6965 0.994863 0.611956 2 0
355 6366 0.791704 0.758179 2 0
356 6367 0.826341 0.747217 2 0
357 6987 0.958946 0.692337 2 0
358 6988 0.990364 0.675978 2 0
359 6383 0.843857 0.802598 2 0
360 6384 0.879797 0.789674 2 0
361 7011 0.949747 0.760285 2 0
362 7012 0.983654 0.743872 2 0
363 6401 0.900573 0.847167 2 0
364 6402 0.937836 0.832083 2 0
365 7036 0.974387 0.815748 2 0
