388 300 88
1 8103 -0.220756000 0.000007515 0.00000000000000000000 1.00000000000000000000 2 0 8 301 302 303 321 2 18 19 20 
2 8104 -0.220189000 0.020650100 0.00000000000000000000 1.00000000000000000000 2 0 8 302 303 304 1 3 19 20 21 
3 8105 -0.218487000 0.041257000 0.00000000000000000000 1.00000000000000000000 2 0 8 303 304 305 2 4 20 21 22 
4 8106 -0.215655000 0.061792600 0.00000000000000000000 1.00000000000000000000 2 0 8 304 305 306 3 5 21 22 23 
5 8107 -0.211697000 0.082221600 0.00000000000000000000 1.00000000000000000000 2 0 8 305 306 307 4 6 22 23 24 
6 8108 -0.206620000 0.102509000 0.00000000000000000000 1.00000000000000000000 2 0 8 306 307 308 5 7 23 24 25 
7 8109 -0.200433000 0.122619000 0.00000000000000000000 1.00000000000000000000 2 0 8 307 308 309 6 8 24 25 26 
8 8110 -0.193146000 0.142518000 0.00000000000000000000 1.00000000000000000000 2 0 8 308 309 310 7 9 25 26 27 
9 8111 -0.184773000 0.162173000 0.00000000000000000000 1.00000000000000000000 2 0 8 309 310 311 8 10 26 27 28 
10 8112 -0.175327000 0.181549000 0.00000000000000000000 1.00000000000000000000 2 0 8 310 311 312 9 11 27 28 29 
11 8113 -0.164824000 0.200614000 0.00000000000000000000 1.00000000000000000000 2 0 8 311 312 313 10 12 28 29 30 
12 8114 -0.153284000 0.219336000 0.00000000000000000000 1.00000000000000000000 2 0 8 312 313 314 11 13 29 30 31 
13 8115 -0.140725000 0.237684000 0.00000000000000000000 1.00000000000000000000 2 0 8 313 314 315 12 14 30 31 32 
14 8116 -0.127168000 0.255627000 0.00000000000000000000 1.00000000000000000000 2 0 8 314 315 316 13 15 31 32 33 
15 8117 -0.112637000 0.273135000 0.00000000000000000000 1.00000000000000000000 2 0 8 315 316 317 14 16 32 33 34 
16 8118 -0.097156300 0.290181000 0.00000000000000000000 1.00000000000000000000 2 0 8 316 317 318 15 17 33 34 35 
17 8119 -0.080751900 0.306736000 0.00000000000000000000 1.00000000000000000000 2 0 8 317 318 319 16 322 34 35 36 
18 8120 -0.252565000 -0.022347200 0.00000000000000000000 1.00000000000000000000 2 0 8 320 321 1 325 19 37 38 39 
19 8121 -0.253157000 0.000008638 0.00000000000000000000 1.00000000000000000000 2 0 8 321 1 2 18 20 38 39 40 
20 8122 -0.252564000 0.022364400 0.00000000000000000000 1.00000000000000000000 2 0 8 1 2 3 19 21 39 40 41 
21 8123 -0.250787000 0.044682000 0.00000000000000000000 1.00000000000000000000 2 0 8 2 3 4 20 22 40 41 42 
22 8124 -0.247828000 0.066923200 0.00000000000000000000 1.00000000000000000000 2 0 8 3 4 5 21 23 41 42 43 
23 8125 -0.243694000 0.089050100 0.00000000000000000000 1.00000000000000000000 2 0 8 4 5 6 22 24 42 43 44 
24 8126 -0.238391000 0.111025000 0.00000000000000000000 1.00000000000000000000 2 0 8 5 6 7 23 25 43 44 45 
25 8127 -0.231928000 0.132810000 0.00000000000000000000 1.00000000000000000000 2 0 8 6 7 8 24 26 44 45 46 
26 8128 -0.224316000 0.154370000 0.00000000000000000000 1.00000000000000000000 2 0 8 7 8 9 25 27 45 46 47 
27 8129 -0.215569000 0.175666000 0.00000000000000000000 1.00000000000000000000 2 0 8 8 9 10 26 28 46 47 48 
28 8130 -0.205702000 0.196665000 0.00000000000000000000 1.00000000000000000000 2 0 8 9 10 11 27 29 47 48 49 
29 8131 -0.194731000 0.217329000 0.00000000000000000000 1.00000000000000000000 2 0 8 10 11 12 28 30 48 49 50 
30 8132 -0.182675000 0.237625000 0.00000000000000000000 1.00000000000000000000 2 0 8 11 12 13 29 31 49 50 51 
31 8133 -0.169554000 0.257520000 0.00000000000000000000 1.00000000000000000000 2 0 8 12 13 14 30 32 50 51 52 
32 8134 -0.155392000 0.276980000 0.00000000000000000000 1.00000000000000000000 2 0 8 13 14 15 31 33 51 52 53 
33 8135 -0.140211000 0.295973000 0.00000000000000000000 1.00000000000000000000 2 0 8 14 15 16 32 34 52 53 54 
34 8136 -0.124037000 0.314469000 0.00000000000000000000 1.00000000000000000000 2 0 8 15 16 17 33 35 53 54 55 
35 8137 -0.106899000 0.332438000 0.00000000000000000000 1.00000000000000000000 2 0 8 16 17 322 34 36 54 55 56 
36 8138 -0.088823300 0.349850000 0.00000000000000000000 1.00000000000000000000 2 0 8 17 322 323 35 326 55 56 57 
37 8139 -0.285781000 -0.048250600 0.00000000000000000000 1.00000000000000000000 2 0 8 324 325 18 329 38 58 59 60 
38 8140 -0.287640000 -0.024140800 0.00000000000000000000 1.00000000000000000000 2 0 8 325 18 19 37 39 59 60 61 
39 8141 -0.288259000 0.000009842 0.00000000000000000000 1.00000000000000000000 2 0 8 18 19 20 38 40 60 61 62 
40 8142 -0.287639000 0.024160500 0.00000000000000000000 1.00000000000000000000 2 0 8 19 20 21 39 41 61 62 63 
41 8143 -0.285779000 0.048270200 0.00000000000000000000 1.00000000000000000000 2 0 8 20 21 22 40 42 62 63 64 
42 8144 -0.282685000 0.072298200 0.00000000000000000000 1.00000000000000000000 2 0 8 21 22 23 41 43 63 64 65 
43 8145 -0.278360000 0.096203900 0.00000000000000000000 1.00000000000000000000 2 0 8 22 23 24 42 44 64 65 66 
44 8146 -0.272812000 0.119947000 0.00000000000000000000 1.00000000000000000000 2 0 8 23 24 25 43 45 65 66 67 
45 8147 -0.266051000 0.143487000 0.00000000000000000000 1.00000000000000000000 2 0 8 24 25 26 44 46 66 67 68 
46 8148 -0.258088000 0.166785000 0.00000000000000000000 1.00000000000000000000 2 0 8 25 26 27 45 47 67 68 69 
47 8149 -0.248937000 0.189802000 0.00000000000000000000 1.00000000000000000000 2 0 8 26 27 28 46 48 68 69 70 
48 8150 -0.238614000 0.212499000 0.00000000000000000000 1.00000000000000000000 2 0 8 27 28 29 47 49 69 70 71 
49 8151 -0.227136000 0.234838000 0.00000000000000000000 1.00000000000000000000 2 0 8 28 29 30 48 50 70 71 72 
50 8152 -0.214522000 0.256783000 0.00000000000000000000 1.00000000000000000000 2 0 8 29 30 31 49 51 71 72 73 
51 8153 -0.200795000 0.278297000 0.00000000000000000000 1.00000000000000000000 2 0 8 30 31 32 50 52 72 73 74 
52 8154 -0.185977000 0.299345000 0.00000000000000000000 1.00000000000000000000 2 0 8 31 32 33 51 53 73 74 75 
53 8155 -0.170093000 0.319893000 0.00000000000000000000 1.00000000000000000000 2 0 8 32 33 34 52 54 74 75 76 
54 8156 -0.153171000 0.339907000 0.00000000000000000000 1.00000000000000000000 2 0 8 33 34 35 53 55 75 76 77 
55 8157 -0.135238000 0.359355000 0.00000000000000000000 1.00000000000000000000 2 0 8 34 35 36 54 56 76 77 78 
56 8158 -0.116324000 0.378206000 0.00000000000000000000 1.00000000000000000000 2 0 8 35 36 326 55 57 77 78 79 
57 8159 -0.096462000 0.396429000 0.00000000000000000000 1.00000000000000000000 2 0 8 36 326 327 56 330 78 79 80 
58 8160 -0.320359000 -0.077915100 0.00000000000000000000 1.00000000000000000000 2 0 8 328 329 37 333 59 81 82 83 
59 8161 -0.323600000 -0.052012500 0.00000000000000000000 1.00000000000000000000 2 0 8 329 37 38 58 60 82 83 84 
60 8162 -0.325547000 -0.026022500 0.00000000000000000000 1.00000000000000000000 2 0 8 37 38 39 59 61 83 84 85 
61 8163 -0.326196000 0.000011130 0.00000000000000000000 1.00000000000000000000 2 0 8 38 39 40 60 62 84 85 86 
62 8164 -0.325546000 0.026044800 0.00000000000000000000 1.00000000000000000000 2 0 8 39 40 41 61 63 85 86 87 
63 8165 -0.323598000 0.052034700 0.00000000000000000000 1.00000000000000000000 2 0 8 40 41 42 62 64 86 87 88 
64 8166 -0.320356000 0.077937200 0.00000000000000000000 1.00000000000000000000 2 0 8 41 42 43 63 65 87 88 89 
65 8167 -0.315825000 0.103709000 0.00000000000000000000 1.00000000000000000000 2 0 8 42 43 44 64 66 88 89 90 
66 8168 -0.310014000 0.129307000 0.00000000000000000000 1.00000000000000000000 2 0 8 43 44 45 65 67 89 90 91 
67 8169 -0.302931000 0.154687000 0.00000000000000000000 1.00000000000000000000 2 0 8 44 45 46 66 68 90 91 92 
68 8170 -0.294589000 0.179809000 0.00000000000000000000 1.00000000000000000000 2 0 8 45 46 47 67 69 91 92 93 
69 8171 -0.285002000 0.204630000 0.00000000000000000000 1.00000000000000000000 2 0 8 46 47 48 68 70 92 93 94 
70 8172 -0.274187000 0.229109000 0.00000000000000000000 1.00000000000000000000 2 0 8 47 48 49 69 71 93 94 95 
71 8173 -0.262162000 0.253205000 0.00000000000000000000 1.00000000000000000000 2 0 8 48 49 50 70 72 94 95 96 
72 8174 -0.248947000 0.276878000 0.00000000000000000000 1.00000000000000000000 2 0 8 49 50 51 71 73 95 96 97 
73 8175 -0.234565000 0.300091000 0.00000000000000000000 1.00000000000000000000 2 0 8 50 51 52 72 74 96 97 98 
74 8176 -0.219040000 0.322805000 0.00000000000000000000 1.00000000000000000000 2 0 8 51 52 53 73 75 97 98 99 
75 8177 -0.202397000 0.344982000 0.00000000000000000000 1.00000000000000000000 2 0 8 52 53 54 74 76 98 99 100 
76 8178 -0.184666000 0.366588000 0.00000000000000000000 1.00000000000000000000 2 0 8 53 54 55 75 77 99 100 101 
77 8179 -0.165876000 0.387587000 0.00000000000000000000 1.00000000000000000000 2 0 8 54 55 56 76 78 100 101 102 
78 8180 -0.146058000 0.407945000 0.00000000000000000000 1.00000000000000000000 2 0 8 55 56 57 77 79 101 102 103 
79 8181 -0.125246000 0.427632000 0.00000000000000000000 1.00000000000000000000 2 0 8 56 57 330 78 80 102 103 337 
80 8182 -0.103473000 0.446614000 0.00000000000000000000 1.00000000000000000000 2 0 8 57 330 331 79 334 103 337 338 
81 8183 -0.356238000 -0.111568000 0.00000000000000000000 1.00000000000000000000 2 0 8 332 333 58 336 82 104 105 106 
82 8184 -0.360989000 -0.083835800 0.00000000000000000000 1.00000000000000000000 2 0 8 333 58 59 81 83 105 106 107 
83 8185 -0.364389000 -0.055964100 0.00000000000000000000 1.00000000000000000000 2 0 8 58 59 60 82 84 106 107 108 
84 8186 -0.366430000 -0.027999200 0.00000000000000000000 1.00000000000000000000 2 0 8 59 60 61 83 85 107 108 109 
85 8187 -0.367111000 0.000012501 0.00000000000000000000 1.00000000000000000000 2 0 8 60 61 62 84 86 108 109 110 
86 8188 -0.366429000 0.028024100 0.00000000000000000000 1.00000000000000000000 2 0 8 61 62 63 85 87 109 110 111 
87 8189 -0.364386000 0.055989000 0.00000000000000000000 1.00000000000000000000 2 0 8 62 63 64 86 88 110 111 112 
88 8190 -0.360986000 0.083860600 0.00000000000000000000 1.00000000000000000000 2 0 8 63 64 65 87 89 111 112 113 
89 8191 -0.356233000 0.111592000 0.00000000000000000000 1.00000000000000000000 2 0 8 64 65 66 88 90 112 113 114 
90 8192 -0.350137000 0.139138000 0.00000000000000000000 1.00000000000000000000 2 0 8 65 66 67 89 91 113 114 115 
91 8193 -0.342708000 0.166452000 0.00000000000000000000 1.00000000000000000000 2 0 8 66 67 68 90 92 114 115 116 
92 8194 -0.333958000 0.193490000 0.00000000000000000000 1.00000000000000000000 2 0 8 67 68 69 91 93 115 116 117 
93 8195 -0.323902000 0.220205000 0.00000000000000000000 1.00000000000000000000 2 0 8 68 69 70 92 94 116 117 118 
94 8196 -0.312557000 0.246555000 0.00000000000000000000 1.00000000000000000000 2 0 8 69 70 71 93 95 117 118 119 
95 8197 -0.299942000 0.272496000 0.00000000000000000000 1.00000000000000000000 2 0 8 70 71 72 94 96 118 119 120 
96 8198 -0.286079000 0.297985000 0.00000000000000000000 1.00000000000000000000 2 0 8 71 72 73 95 97 119 120 121 
97 8199 -0.270992000 0.322981000 0.00000000000000000000 1.00000000000000000000 2 0 8 72 73 74 96 98 120 121 122 
98 8200 -0.254705000 0.347443000 0.00000000000000000000 1.00000000000000000000 2 0 8 73 74 75 97 99 121 122 123 
99 8201 -0.237246000 0.371331000 0.00000000000000000000 1.00000000000000000000 2 0 8 74 75 76 98 100 122 123 124 
100 8202 -0.218644000 0.394608000 0.00000000000000000000 1.00000000000000000000 2 0 8 75 76 77 99 101 123 124 125 
101 8203 -0.198930000 0.417235000 0.00000000000000000000 1.00000000000000000000 2 0 8 76 77 78 100 102 124 125 126 
102 8204 -0.178137000 0.439177000 0.00000000000000000000 1.00000000000000000000 2 0 8 77 78 79 101 103 125 126 340 
103 8205 -0.156301000 0.460399000 0.00000000000000000000 1.00000000000000000000 2 0 8 78 79 80 102 337 126 340 341 
104 8206 -0.393341000 -0.149450000 0.00000000000000000000 1.00000000000000000000 2 0 8 335 336 81 339 105 342 127 128 
105 8207 -0.399741000 -0.119856000 0.00000000000000000000 1.00000000000000000000 2 0 8 336 81 82 104 106 127 128 129 
106 8208 -0.404730000 -0.090062300 0.00000000000000000000 1.00000000000000000000 2 0 8 81 82 83 105 107 128 129 130 
107 8209 -0.408300000 -0.060119900 0.00000000000000000000 1.00000000000000000000 2 0 8 82 83 84 106 108 129 130 131 
108 8210 -0.410444000 -0.030077900 0.00000000000000000000 1.00000000000000000000 2 0 8 83 84 85 107 109 130 131 132 
109 8211 -0.411159000 0.000013954 0.00000000000000000000 1.00000000000000000000 2 0 8 84 85 86 108 110 131 132 133 
110 8212 -0.410443000 0.030105800 0.00000000000000000000 1.00000000000000000000 2 0 8 85 86 87 109 111 132 133 134 
111 8213 -0.408298000 0.060147800 0.00000000000000000000 1.00000000000000000000 2 0 8 86 87 88 110 112 133 134 135 
112 8214 -0.404727000 0.090090100 0.00000000000000000000 1.00000000000000000000 2 0 8 87 88 89 111 113 134 135 136 
113 8215 -0.399736000 0.119883000 0.00000000000000000000 1.00000000000000000000 2 0 8 88 89 90 112 114 135 136 137 
114 8216 -0.393334000 0.149478000 0.00000000000000000000 1.00000000000000000000 2 0 8 89 90 91 113 115 136 137 138 
115 8217 -0.385532000 0.178825000 0.00000000000000000000 1.00000000000000000000 2 0 8 90 91 92 114 116 137 138 139 
116 8218 -0.376343000 0.207876000 0.00000000000000000000 1.00000000000000000000 2 0 8 91 92 93 115 117 138 139 140 
117 8219 -0.365782000 0.236584000 0.00000000000000000000 1.00000000000000000000 2 0 8 92 93 94 116 118 139 140 141 
118 8220 -0.353867000 0.264902000 0.00000000000000000000 1.00000000000000000000 2 0 8 93 94 95 117 119 140 141 142 
119 8221 -0.340619000 0.292782000 0.00000000000000000000 1.00000000000000000000 2 0 8 94 95 96 118 120 141 142 143 
120 8222 -0.326060000 0.320180000 0.00000000000000000000 1.00000000000000000000 2 0 8 95 96 97 119 121 142 143 144 
121 8223 -0.310213000 0.347051000 0.00000000000000000000 1.00000000000000000000 2 0 8 96 97 98 120 122 143 144 145 
122 8224 -0.293107000 0.373351000 0.00000000000000000000 1.00000000000000000000 2 0 8 97 98 99 121 123 144 145 146 
123 8225 -0.274769000 0.399038000 0.00000000000000000000 1.00000000000000000000 2 0 8 98 99 100 122 124 145 146 147 
124 8226 -0.255230000 0.424071000 0.00000000000000000000 1.00000000000000000000 2 0 8 99 100 101 123 125 146 147 148 
125 8227 -0.234523000 0.448410000 0.00000000000000000000 1.00000000000000000000 2 0 8 100 101 102 124 126 147 148 149 
126 8228 -0.212682000 0.472015000 0.00000000000000000000 1.00000000000000000000 2 0 8 101 102 103 125 340 148 149 343 
127 8229 -0.439774000 -0.160332000 0.00000000000000000000 1.00000000000000000000 2 0 8 339 104 105 342 128 344 150 151 
128 8230 -0.446503000 -0.128581000 0.00000000000000000000 1.00000000000000000000 2 0 8 104 105 106 127 129 150 151 152 
129 8231 -0.451748000 -0.096617600 0.00000000000000000000 1.00000000000000000000 2 0 8 105 106 107 128 130 151 152 153 
130 8232 -0.455500000 -0.064495100 0.00000000000000000000 1.00000000000000000000 2 0 8 106 107 108 129 131 152 153 154 
131 8233 -0.457754000 -0.032266400 0.00000000000000000000 1.00000000000000000000 2 0 8 107 108 109 130 132 153 154 155 
132 8234 -0.458506000 0.000015491 0.00000000000000000000 1.00000000000000000000 2 0 8 108 109 110 131 133 154 155 156 
133 8235 -0.457753000 0.032297400 0.00000000000000000000 1.00000000000000000000 2 0 8 109 110 111 132 134 155 156 157 
134 8236 -0.455498000 0.064526000 0.00000000000000000000 1.00000000000000000000 2 0 8 110 111 112 133 135 156 157 158 
135 8237 -0.451743000 0.096648300 0.00000000000000000000 1.00000000000000000000 2 0 8 111 112 113 134 136 157 158 159 
136 8238 -0.446497000 0.128611000 0.00000000000000000000 1.00000000000000000000 2 0 8 112 113 114 135 137 158 159 160 
137 8239 -0.439767000 0.160363000 0.00000000000000000000 1.00000000000000000000 2 0 8 113 114 115 136 138 159 160 161 
138 8240 -0.431564000 0.191850000 0.00000000000000000000 1.00000000000000000000 2 0 8 114 115 116 137 139 160 161 162 
139 8241 -0.421903000 0.223022000 0.00000000000000000000 1.00000000000000000000 2 0 8 115 116 117 138 140 161 162 163 
140 8242 -0.410800000 0.253827000 0.00000000000000000000 1.00000000000000000000 2 0 8 116 117 118 139 141 162 163 164 
141 8243 -0.398274000 0.284216000 0.00000000000000000000 1.00000000000000000000 2 0 8 117 118 119 140 142 163 164 165 
142 8244 -0.384345000 0.314138000 0.00000000000000000000 1.00000000000000000000 2 0 8 118 119 120 141 143 164 165 166 
143 8245 -0.369037000 0.343544000 0.00000000000000000000 1.00000000000000000000 2 0 8 119 120 121 142 144 165 166 167 
144 8246 -0.352376000 0.372388000 0.00000000000000000000 1.00000000000000000000 2 0 8 120 121 122 143 145 166 167 168 
145 8247 -0.334390000 0.400623000 0.00000000000000000000 1.00000000000000000000 2 0 8 121 122 123 144 146 167 168 169 
146 8248 -0.315108000 0.428204000 0.00000000000000000000 1.00000000000000000000 2 0 8 122 123 124 145 147 168 169 170 
147 8249 -0.294563000 0.455085000 0.00000000000000000000 1.00000000000000000000 2 0 8 123 124 125 146 148 169 170 171 
148 8250 -0.272789000 0.481225000 0.00000000000000000000 1.00000000000000000000 2 0 8 124 125 126 147 149 170 171 172 
149 8251 -0.249823000 0.506581000 0.00000000000000000000 1.00000000000000000000 2 0 8 125 126 340 148 343 171 172 345 
150 8252 -0.489617000 -0.171800000 0.00000000000000000000 1.00000000000000000000 2 0 8 342 127 128 344 151 346 347 173 
151 8253 -0.496698000 -0.137776000 0.00000000000000000000 1.00000000000000000000 2 0 8 127 128 129 150 152 347 173 174 
152 8254 -0.502218000 -0.103525000 0.00000000000000000000 1.00000000000000000000 2 0 8 128 129 130 151 153 173 174 175 
153 8255 -0.506167000 -0.069105700 0.00000000000000000000 1.00000000000000000000 2 0 8 129 130 131 152 154 174 175 176 
154 8256 -0.508538000 -0.034572600 0.00000000000000000000 1.00000000000000000000 2 0 8 130 131 132 153 155 175 176 177 
155 8257 -0.509329000 0.000017108 0.00000000000000000000 1.00000000000000000000 2 0 8 131 132 133 154 156 176 177 178 
156 8258 -0.508537000 0.034606800 0.00000000000000000000 1.00000000000000000000 2 0 8 132 133 134 155 157 177 178 179 
157 8259 -0.506163000 0.069139800 0.00000000000000000000 1.00000000000000000000 2 0 8 133 134 135 156 158 178 179 180 
158 8260 -0.502213000 0.103559000 0.00000000000000000000 1.00000000000000000000 2 0 8 134 135 136 157 159 179 180 181 
159 8261 -0.496692000 0.137809000 0.00000000000000000000 1.00000000000000000000 2 0 8 135 136 137 158 160 180 181 182 
160 8262 -0.489609000 0.171833000 0.00000000000000000000 1.00000000000000000000 2 0 8 136 137 138 159 161 181 182 183 
161 8263 -0.480978000 0.205576000 0.00000000000000000000 1.00000000000000000000 2 0 8 137 138 139 160 162 182 183 184 
162 8264 -0.470811000 0.238982000 0.00000000000000000000 1.00000000000000000000 2 0 8 138 139 140 161 163 183 184 185 
163 8265 -0.459126000 0.271997000 0.00000000000000000000 1.00000000000000000000 2 0 8 139 140 141 162 164 184 185 186 
164 8266 -0.445944000 0.304568000 0.00000000000000000000 1.00000000000000000000 2 0 8 140 141 142 163 165 185 186 187 
165 8267 -0.431285000 0.336641000 0.00000000000000000000 1.00000000000000000000 2 0 8 141 142 143 164 166 186 187 188 
166 8268 -0.415175000 0.368164000 0.00000000000000000000 1.00000000000000000000 2 0 8 142 143 144 165 167 187 188 189 
167 8269 -0.397640000 0.399088000 0.00000000000000000000 1.00000000000000000000 2 0 8 143 144 145 166 168 188 189 190 
168 8270 -0.378709000 0.429361000 0.00000000000000000000 1.00000000000000000000 2 0 8 144 145 146 167 169 189 190 191 
169 8271 -0.358415000 0.458935000 0.00000000000000000000 1.00000000000000000000 2 0 8 145 146 147 168 170 190 191 192 
170 8272 -0.336791000 0.487764000 0.00000000000000000000 1.00000000000000000000 2 0 8 146 147 148 169 171 191 192 193 
171 8273 -0.313872000 0.515801000 0.00000000000000000000 1.00000000000000000000 2 0 8 147 148 149 170 172 192 193 348 
172 8274 -0.289698000 0.543001000 0.00000000000000000000 1.00000000000000000000 2 0 8 148 149 343 171 345 193 348 349 
173 8275 -0.550516000 -0.147473000 0.00000000000000000000 1.00000000000000000000 2 0 8 150 151 152 347 174 350 351 194 
174 8276 -0.556329000 -0.110811000 0.00000000000000000000 1.00000000000000000000 2 0 8 151 152 153 173 175 351 194 195 
175 8277 -0.560489000 -0.073968700 0.00000000000000000000 1.00000000000000000000 2 0 8 152 153 154 174 176 194 195 196 
176 8278 -0.562987000 -0.037005100 0.00000000000000000000 1.00000000000000000000 2 0 8 153 154 155 175 177 195 196 197 
177 8279 -0.563819000 0.000018806 0.00000000000000000000 1.00000000000000000000 2 0 8 154 155 156 176 178 196 197 198 
178 8280 -0.562985000 0.037042700 0.00000000000000000000 1.00000000000000000000 2 0 8 155 156 157 177 179 197 198 199 
179 8281 -0.560485000 0.074006100 0.00000000000000000000 1.00000000000000000000 2 0 8 156 157 158 178 180 198 199 200 
180 8282 -0.556324000 0.110849000 0.00000000000000000000 1.00000000000000000000 2 0 8 157 158 159 179 181 199 200 201 
181 8283 -0.550509000 0.147511000 0.00000000000000000000 1.00000000000000000000 2 0 8 158 159 160 180 182 200 201 202 
182 8284 -0.543049000 0.183932000 0.00000000000000000000 1.00000000000000000000 2 0 8 159 160 161 181 183 201 202 203 
183 8285 -0.533957000 0.220053000 0.00000000000000000000 1.00000000000000000000 2 0 8 160 161 162 182 184 202 203 204 
184 8286 -0.523249000 0.255816000 0.00000000000000000000 1.00000000000000000000 2 0 8 161 162 163 183 185 203 204 205 
185 8287 -0.510941000 0.291161000 0.00000000000000000000 1.00000000000000000000 2 0 8 162 163 164 184 186 204 205 206 
186 8288 -0.497055000 0.326033000 0.00000000000000000000 1.00000000000000000000 2 0 8 163 164 165 185 187 205 206 207 
187 8289 -0.481614000 0.360375000 0.00000000000000000000 1.00000000000000000000 2 0 8 164 165 166 186 188 206 207 208 
188 8290 -0.464644000 0.394131000 0.00000000000000000000 1.00000000000000000000 2 0 8 165 166 167 187 189 207 208 209 
189 8291 -0.446173000 0.427246000 0.00000000000000000000 1.00000000000000000000 2 0 8 166 167 168 188 190 208 209 210 
190 8292 -0.426231000 0.459669000 0.00000000000000000000 1.00000000000000000000 2 0 8 167 168 169 189 191 209 210 211 
191 8293 -0.404852000 0.491346000 0.00000000000000000000 1.00000000000000000000 2 0 8 168 169 170 190 192 210 211 212 
192 8294 -0.382071000 0.522228000 0.00000000000000000000 1.00000000000000000000 2 0 8 169 170 171 191 193 211 212 352 
193 8295 -0.357926000 0.552265000 0.00000000000000000000 1.00000000000000000000 2 0 8 170 171 172 192 348 212 352 353 
194 8296 -0.614286000 -0.118502000 0.00000000000000000000 1.00000000000000000000 2 0 8 173 174 175 351 195 354 355 213 
195 8297 -0.618670000 -0.079101900 0.00000000000000000000 1.00000000000000000000 2 0 8 174 175 176 194 196 355 213 214 
196 8298 -0.621303000 -0.039572800 0.00000000000000000000 1.00000000000000000000 2 0 8 175 176 177 195 197 213 214 215 
197 8299 -0.622181000 0.000020582 0.00000000000000000000 1.00000000000000000000 2 0 8 176 177 178 196 198 214 215 216 
198 8300 -0.621302000 0.039613900 0.00000000000000000000 1.00000000000000000000 2 0 8 177 178 179 197 199 215 216 217 
199 8301 -0.618666000 0.079142900 0.00000000000000000000 1.00000000000000000000 2 0 8 178 179 180 198 200 216 217 218 
200 8302 -0.614280000 0.118543000 0.00000000000000000000 1.00000000000000000000 2 0 8 179 180 181 199 201 217 218 219 
201 8303 -0.608150000 0.157751000 0.00000000000000000000 1.00000000000000000000 2 0 8 180 181 182 200 202 218 219 220 
202 8304 -0.600286000 0.196702000 0.00000000000000000000 1.00000000000000000000 2 0 8 181 182 183 201 203 219 220 221 
203 8305 -0.590702000 0.235334000 0.00000000000000000000 1.00000000000000000000 2 0 8 182 183 184 202 204 220 221 222 
204 8306 -0.579413000 0.273584000 0.00000000000000000000 1.00000000000000000000 2 0 8 183 184 185 203 205 221 222 223 
205 8307 -0.566439000 0.311390000 0.00000000000000000000 1.00000000000000000000 2 0 8 184 185 186 204 206 222 223 224 
206 8308 -0.551800000 0.348691000 0.00000000000000000000 1.00000000000000000000 2 0 8 185 186 187 205 207 223 224 225 
207 8309 -0.535522000 0.385427000 0.00000000000000000000 1.00000000000000000000 2 0 8 186 187 188 206 208 224 225 226 
208 8310 -0.517631000 0.421539000 0.00000000000000000000 1.00000000000000000000 2 0 8 187 188 189 207 209 225 226 227 
209 8311 -0.498157000 0.456968000 0.00000000000000000000 1.00000000000000000000 2 0 8 188 189 190 208 210 226 227 228 
210 8312 -0.477132000 0.491659000 0.00000000000000000000 1.00000000000000000000 2 0 8 189 190 191 209 211 227 228 229 
211 8313 -0.454592000 0.525556000 0.00000000000000000000 1.00000000000000000000 2 0 8 190 191 192 210 212 228 229 230 
212 8314 -0.430573000 0.558605000 0.00000000000000000000 1.00000000000000000000 2 0 8 191 192 193 211 352 229 230 356 
213 8315 -0.680928000 -0.084524300 0.00000000000000000000 1.00000000000000000000 2 0 8 194 195 196 355 214 357 358 231 
214 8316 -0.683706000 -0.042285200 0.00000000000000000000 1.00000000000000000000 2 0 8 195 196 197 213 215 358 231 232 
215 8317 -0.684632000 0.000022433 0.00000000000000000000 1.00000000000000000000 2 0 8 196 197 198 214 216 231 232 233 
216 8318 -0.683704000 0.042330000 0.00000000000000000000 1.00000000000000000000 2 0 8 197 198 199 215 217 232 233 234 
217 8319 -0.680924000 0.084569100 0.00000000000000000000 1.00000000000000000000 2 0 8 198 199 200 216 218 233 234 235 
218 8320 -0.676297000 0.126671000 0.00000000000000000000 1.00000000000000000000 2 0 8 199 200 201 217 219 234 235 236 
219 8321 -0.669830000 0.168568000 0.00000000000000000000 1.00000000000000000000 2 0 8 200 201 202 218 220 235 236 237 
220 8322 -0.661534000 0.210192000 0.00000000000000000000 1.00000000000000000000 2 0 8 201 202 203 219 221 236 237 238 
221 8323 -0.651423000 0.251476000 0.00000000000000000000 1.00000000000000000000 2 0 8 202 203 204 220 222 237 238 239 
222 8324 -0.639514000 0.292353000 0.00000000000000000000 1.00000000000000000000 2 0 8 203 204 205 221 223 238 239 240 
223 8325 -0.625826000 0.332758000 0.00000000000000000000 1.00000000000000000000 2 0 8 204 205 206 222 224 239 240 241 
224 8326 -0.610382000 0.372625000 0.00000000000000000000 1.00000000000000000000 2 0 8 205 206 207 223 225 240 241 242 
225 8327 -0.593209000 0.411890000 0.00000000000000000000 1.00000000000000000000 2 0 8 206 207 208 224 226 241 242 243 
226 8328 -0.574333000 0.450490000 0.00000000000000000000 1.00000000000000000000 2 0 8 207 208 209 225 227 242 243 244 
227 8329 -0.553787000 0.488364000 0.00000000000000000000 1.00000000000000000000 2 0 8 208 209 210 226 228 243 244 245 
228 8330 -0.531604000 0.525450000 0.00000000000000000000 1.00000000000000000000 2 0 8 209 210 211 227 229 244 245 246 
229 8331 -0.507821000 0.561691000 0.00000000000000000000 1.00000000000000000000 2 0 8 210 211 212 228 230 245 246 247 
230 8332 -0.482478000 0.597029000 0.00000000000000000000 1.00000000000000000000 2 0 8 211 212 352 229 356 246 247 359 
231 8333 -0.750428000 -0.045152300 0.00000000000000000000 1.00000000000000000000 2 0 8 213 214 215 358 232 360 361 248 
232 8334 -0.751406000 0.000024356 0.00000000000000000000 1.00000000000000000000 2 0 8 214 215 216 231 233 361 248 249 
233 8335 -0.750426000 0.045201000 0.00000000000000000000 1.00000000000000000000 2 0 8 215 216 217 232 234 248 249 250 
234 8336 -0.747492000 0.090304600 0.00000000000000000000 1.00000000000000000000 2 0 8 216 217 218 233 235 249 250 251 
235 8337 -0.742607000 0.135262000 0.00000000000000000000 1.00000000000000000000 2 0 8 217 218 219 234 236 250 251 252 
236 8338 -0.735780000 0.180002000 0.00000000000000000000 1.00000000000000000000 2 0 8 218 219 220 235 237 251 252 253 
237 8339 -0.727022000 0.224451000 0.00000000000000000000 1.00000000000000000000 2 0 8 219 220 221 236 238 252 253 254 
238 8340 -0.716348000 0.268538000 0.00000000000000000000 1.00000000000000000000 2 0 8 220 221 222 237 239 253 254 255 
239 8341 -0.703776000 0.312193000 0.00000000000000000000 1.00000000000000000000 2 0 8 221 222 223 238 240 254 255 256 
240 8342 -0.689325000 0.355344000 0.00000000000000000000 1.00000000000000000000 2 0 8 222 223 224 239 241 255 256 257 
241 8343 -0.673021000 0.397922000 0.00000000000000000000 1.00000000000000000000 2 0 8 223 224 225 240 242 256 257 258 
242 8344 -0.654890000 0.439861000 0.00000000000000000000 1.00000000000000000000 2 0 8 224 225 226 241 243 257 258 259 
243 8345 -0.634962000 0.481091000 0.00000000000000000000 1.00000000000000000000 2 0 8 225 226 227 242 244 258 259 260 
244 8346 -0.613270000 0.521548000 0.00000000000000000000 1.00000000000000000000 2 0 8 226 227 228 243 245 259 260 261 
245 8347 -0.589849000 0.561167000 0.00000000000000000000 1.00000000000000000000 2 0 8 227 228 229 244 246 260 261 262 
246 8348 -0.564739000 0.599885000 0.00000000000000000000 1.00000000000000000000 2 0 8 228 229 230 245 247 261 262 362 
247 8349 -0.537979000 0.637642000 0.00000000000000000000 1.00000000000000000000 2 0 8 229 230 356 246 359 262 362 363 
248 8350 -0.822751000 0.000026347 0.00000000000000000000 1.00000000000000000000 2 0 8 231 232 233 361 249 364 365 263 
249 8351 -0.821716000 0.048237300 0.00000000000000000000 1.00000000000000000000 2 0 8 232 233 234 248 250 365 263 264 
250 8352 -0.818617000 0.096370700 0.00000000000000000000 1.00000000000000000000 2 0 8 233 234 235 249 251 263 264 265 
251 8353 -0.813457000 0.144349000 0.00000000000000000000 1.00000000000000000000 2 0 8 234 235 236 250 252 264 265 266 
252 8354 -0.806245000 0.192095000 0.00000000000000000000 1.00000000000000000000 2 0 8 235 236 237 251 253 265 266 267 
253 8355 -0.796995000 0.239532000 0.00000000000000000000 1.00000000000000000000 2 0 8 236 237 238 252 254 266 267 268 
254 8356 -0.785719000 0.286584000 0.00000000000000000000 1.00000000000000000000 2 0 8 237 238 239 253 255 267 268 269 
255 8357 -0.772438000 0.333175000 0.00000000000000000000 1.00000000000000000000 2 0 8 238 239 240 254 256 268 269 270 
256 8358 -0.757174000 0.379231000 0.00000000000000000000 1.00000000000000000000 2 0 8 239 240 241 255 257 269 270 271 
257 8359 -0.739950000 0.424678000 0.00000000000000000000 1.00000000000000000000 2 0 8 240 241 242 256 258 270 271 272 
258 8360 -0.720797000 0.469443000 0.00000000000000000000 1.00000000000000000000 2 0 8 241 242 243 257 259 271 272 273 
259 8361 -0.699744000 0.513456000 0.00000000000000000000 1.00000000000000000000 2 0 8 242 243 244 258 260 272 273 274 
260 8362 -0.676828000 0.556644000 0.00000000000000000000 1.00000000000000000000 2 0 8 243 244 245 259 261 273 274 275 
261 8363 -0.652085000 0.598942000 0.00000000000000000000 1.00000000000000000000 2 0 8 244 245 246 260 262 274 275 276 
262 8364 -0.625556000 0.640280000 0.00000000000000000000 1.00000000000000000000 2 0 8 245 246 247 261 362 275 276 366 
263 8365 -0.897841000 0.051450400 0.00000000000000000000 1.00000000000000000000 2 0 8 248 249 250 365 264 367 368 277 
264 8366 -0.894565000 0.102790000 0.00000000000000000000 1.00000000000000000000 2 0 8 249 250 251 263 265 368 277 278 
265 8367 -0.889111000 0.153964000 0.00000000000000000000 1.00000000000000000000 2 0 8 250 251 252 264 266 277 278 279 
266 8368 -0.881489000 0.204892000 0.00000000000000000000 1.00000000000000000000 2 0 8 251 252 253 265 267 278 279 280 
267 8369 -0.871712000 0.255491000 0.00000000000000000000 1.00000000000000000000 2 0 8 252 253 254 266 268 279 280 281 
268 8370 -0.859795000 0.305680000 0.00000000000000000000 1.00000000000000000000 2 0 8 253 254 255 267 269 280 281 282 
269 8371 -0.845758000 0.355379000 0.00000000000000000000 1.00000000000000000000 2 0 8 254 255 256 268 270 281 282 283 
270 8372 -0.829624000 0.404509000 0.00000000000000000000 1.00000000000000000000 2 0 8 255 256 257 269 271 282 283 284 
271 8373 -0.811419000 0.452991000 0.00000000000000000000 1.00000000000000000000 2 0 8 256 257 258 270 272 283 284 285 
272 8374 -0.791174000 0.500748000 0.00000000000000000000 1.00000000000000000000 2 0 8 257 258 259 271 273 284 285 286 
273 8375 -0.768922000 0.547703000 0.00000000000000000000 1.00000000000000000000 2 0 8 258 259 260 272 274 285 286 287 
274 8376 -0.744698000 0.593783000 0.00000000000000000000 1.00000000000000000000 2 0 8 259 260 261 273 275 286 287 288 
275 8377 -0.718544000 0.638914000 0.00000000000000000000 1.00000000000000000000 2 0 8 260 261 262 274 276 287 288 369 
276 8378 -0.690501000 0.683024000 0.00000000000000000000 1.00000000000000000000 2 0 8 261 262 362 275 366 288 369 370 
277 8379 -0.975619000 0.109586000 0.00000000000000000000 1.00000000000000000000 2 0 8 263 264 265 368 278 371 372 289 
278 8380 -0.969852000 0.164144000 0.00000000000000000000 1.00000000000000000000 2 0 8 264 265 266 277 279 372 289 290 
279 8381 -0.961792000 0.218440000 0.00000000000000000000 1.00000000000000000000 2 0 8 265 266 267 278 280 289 290 291 
280 8382 -0.951453000 0.272386000 0.00000000000000000000 1.00000000000000000000 2 0 8 266 267 268 279 281 290 291 292 
281 8383 -0.938851000 0.325897000 0.00000000000000000000 1.00000000000000000000 2 0 8 267 268 269 280 282 291 292 293 
282 8384 -0.924007000 0.378886000 0.00000000000000000000 1.00000000000000000000 2 0 8 268 269 270 281 283 292 293 294 
283 8385 -0.906946000 0.431270000 0.00000000000000000000 1.00000000000000000000 2 0 8 269 270 271 282 284 293 294 295 
284 8386 -0.887694000 0.482965000 0.00000000000000000000 1.00000000000000000000 2 0 8 270 271 272 283 285 294 295 296 
285 8387 -0.866284000 0.533889000 0.00000000000000000000 1.00000000000000000000 2 0 8 271 272 273 284 286 295 296 297 
286 8388 -0.842751000 0.583961000 0.00000000000000000000 1.00000000000000000000 2 0 8 272 273 274 285 287 296 297 373 
287 8389 -0.817134000 0.633101000 0.00000000000000000000 1.00000000000000000000 2 0 8 273 274 275 286 288 297 373 374 
288 8390 -0.789473000 0.681231000 0.00000000000000000000 1.00000000000000000000 2 0 8 274 275 276 287 369 373 374 375 
289 8391 -1.055980000 0.174926000 0.00000000000000000000 1.00000000000000000000 2 0 8 277 278 279 372 290 376 377 378 
290 8392 -1.047450000 0.232789000 0.00000000000000000000 1.00000000000000000000 2 0 8 278 279 280 289 291 377 378 379 
291 8393 -1.036520000 0.290281000 0.00000000000000000000 1.00000000000000000000 2 0 8 279 280 281 290 292 378 379 298 
292 8394 -1.023180000 0.347309000 0.00000000000000000000 1.00000000000000000000 2 0 8 280 281 282 291 293 379 298 299 
293 8395 -1.007480000 0.403784000 0.00000000000000000000 1.00000000000000000000 2 0 8 281 282 283 292 294 298 299 300 
294 8396 -0.989427000 0.459614000 0.00000000000000000000 1.00000000000000000000 2 0 8 282 283 284 293 295 299 300 380 
295 8397 -0.969059000 0.514712000 0.00000000000000000000 1.00000000000000000000 2 0 8 283 284 285 294 296 300 380 381 
296 8398 -0.946408000 0.568990000 0.00000000000000000000 1.00000000000000000000 2 0 8 284 285 286 295 297 380 381 382 
297 8399 -0.921509000 0.622362000 0.00000000000000000000 1.00000000000000000000 2 0 8 285 286 287 296 373 381 382 383 
298 8400 -1.113100000 0.369997000 0.00000000000000000000 1.00000000000000000000 2 0 8 291 292 293 379 299 384 385 386 
299 8401 -1.096480000 0.430164000 0.00000000000000000000 1.00000000000000000000 2 0 8 292 293 294 298 300 385 386 387 
300 8402 -1.077380000 0.489646000 0.00000000000000000000 1.00000000000000000000 2 0 8 293 294 295 299 380 386 387 388 
301 1104 -0.190389 -0.0189985 2 0
302 1105 -0.190933 6.47522e-06 2 0
303 8087 -0.190389 0.0190114 2 0
304 8088 -0.188757 0.037983 2 0
305 8089 -0.186041 0.0568882 2 0
306 8090 -0.182246 0.0756939 2 0
307 8091 -0.177377 0.0943673 2 0
308 8092 -0.171445 0.112876 2 0
309 8093 -0.164458 0.131188 2 0
310 8094 -0.156429 0.149272 2 0
311 8095 -0.147372 0.167097 2 0
312 8096 -0.137302 0.184632 2 0
313 8097 -0.126237 0.201848 2 0
314 8098 -0.114196 0.218716 2 0
315 8099 -0.101198 0.235208 2 0
316 8100 -0.0872669 0.251296 2 0
317 8101 -0.0724252 0.266954 2 0
318 8102 -0.0566982 0.282156 2 0
319 7402 -0.0401122 0.296877 2 0
320 1125 -0.218489 -0.041242 2 0
321 1126 -0.220189 -0.0206351 2 0
322 7425 -0.0634514 0.322773 2 0
323 7426 -0.0452837 0.338267 2 0
324 1144 -0.247831 -0.066906 2 0
325 1145 -0.250789 -0.0446648 2 0
326 7447 -0.0698416 0.366677 2 0
327 7448 -0.0499853 0.382895 2 0
328 1161 -0.278364 -0.0961844 2 0
329 1162 -0.282688 -0.0722787 2 0
330 7467 -0.0756842 0.413997 2 0
331 7468 -0.0540252 0.430881 2 0
332 1177 -0.310019 -0.129285 2 0
333 1178 -0.31583 -0.103687 2 0
334 7506 -0.0807763 0.464864 2 0
335 1192 -0.342715 -0.166428 2 0
336 1193 -0.350143 -0.139114 2 0
337 7511 -0.133456 0.480867 2 0
338 7512 -0.109641 0.500549 2 0
339 1206 -0.38554 -0.178798 2 0
340 7521 -0.189744 0.494851 2 0
341 7522 -0.165746 0.51688 2 0
342 614 -0.431573 -0.19182 2 0
343 7533 -0.225701 0.531114 2 0
344 628 -0.480987 -0.205543 2 0
345 7549 -0.264307 0.569323 2 0
346 643 -0.533967 -0.220016 2 0
347 644 -0.543058 -0.183895 2 0
348 7565 -0.332457 0.581411 2 0
349 7566 -0.305706 0.609618 2 0
350 661 -0.600295 -0.196662 2 0
351 662 -0.608157 -0.15771 2 0
352 7582 -0.405115 0.590753 2 0
353 7583 -0.37826 0.621951 2 0
354 681 -0.669838 -0.168524 2 0
355 682 -0.676303 -0.126627 2 0
356 7600 -0.455615 0.631407 2 0
357 703 -0.742613 -0.135214 2 0
358 704 -0.747496 -0.090256 2 0
359 7619 -0.509616 0.674376 2 0
360 727 -0.818621 -0.0963182 2 0
361 728 -0.821719 -0.0481847 2 0
362 7638 -0.597285 0.680594 2 0
363 7639 -0.567318 0.71982 2 0
364 751 -0.897843 -0.0513936 2 0
365 752 -0.898934 2.84006e-05 2 0
366 7658 -0.660615 0.726045 2 0
367 775 -0.980239 3.0511e-05 2 0
368 776 -0.979083 0.054852 2 0
369 7678 -0.759815 0.728277 2 0
370 7679 -0.728207 0.774162 2 0
371 799 -1.06575 0.0584548 2 0
372 800 -1.06208 0.116784 2 0
373 8403 -0.894404 0.674744 2 0
374 8404 -0.865137 0.726052 2 0
375 7699 -0.833756 0.776205 2 0
376 823 -1.15427 0.12441 2 0
377 8405 -1.14782 0.18635 2 0
378 8406 -1.13879 0.247993 2 0
379 8407 -1.12721 0.309241 2 0
380 8408 -1.05582 0.54835 2 0
381 8409 -1.03184 0.606182 2 0
382 8410 -1.00549 0.663051 2 0
383 8411 -0.976798 0.718866 2 0
384 8417 -1.22389 0.329337 2 0
385 8418 -1.20895 0.394044 2 0
386 8419 -1.19135 0.458125 2 0
387 8420 -1.17112 0.521478 2 0
388 8421 -1.14829 0.584003 2 0
