377 293 84
1 3301 1.528700000 -0.965313000 0.00000000000000000000 1.00000000000000000000 2 0 8 294 295 296 314 2 317 19 20 
2 3302 1.487920000 -1.002870000 0.00000000000000000000 1.00000000000000000000 2 0 8 295 296 297 1 3 19 20 21 
3 3303 1.445610000 -1.038920000 0.00000000000000000000 1.00000000000000000000 2 0 8 296 297 298 2 4 20 21 22 
4 3304 1.401810000 -1.073420000 0.00000000000000000000 1.00000000000000000000 2 0 8 297 298 299 3 5 21 22 23 
5 3305 1.356610000 -1.106300000 0.00000000000000000000 1.00000000000000000000 2 0 8 298 299 300 4 6 22 23 24 
6 3306 1.310060000 -1.137520000 0.00000000000000000000 1.00000000000000000000 2 0 8 299 300 301 5 7 23 24 25 
7 3307 1.262230000 -1.167020000 0.00000000000000000000 1.00000000000000000000 2 0 8 300 301 302 6 8 24 25 26 
8 3308 1.213200000 -1.194760000 0.00000000000000000000 1.00000000000000000000 2 0 8 301 302 303 7 9 25 26 27 
9 3309 1.163030000 -1.220690000 0.00000000000000000000 1.00000000000000000000 2 0 8 302 303 304 8 10 26 27 28 
10 3310 1.111800000 -1.244780000 0.00000000000000000000 1.00000000000000000000 2 0 8 303 304 305 9 11 27 28 29 
11 3311 1.059590000 -1.266970000 0.00000000000000000000 1.00000000000000000000 2 0 8 304 305 306 10 12 28 29 30 
12 3312 1.006480000 -1.287240000 0.00000000000000000000 1.00000000000000000000 2 0 8 305 306 307 11 13 29 30 31 
13 3313 0.952549000 -1.305560000 0.00000000000000000000 1.00000000000000000000 2 0 8 306 307 308 12 14 30 31 32 
14 3314 0.897872000 -1.321880000 0.00000000000000000000 1.00000000000000000000 2 0 8 307 308 309 13 15 31 32 33 
15 3315 0.842536000 -1.336190000 0.00000000000000000000 1.00000000000000000000 2 0 8 308 309 310 14 16 32 33 34 
16 3316 0.786624000 -1.348450000 0.00000000000000000000 1.00000000000000000000 2 0 8 309 310 311 15 17 33 34 35 
17 3317 0.730223000 -1.358650000 0.00000000000000000000 1.00000000000000000000 2 0 8 310 311 312 16 18 34 35 36 
18 3318 0.673417000 -1.366760000 0.00000000000000000000 1.00000000000000000000 2 0 8 311 312 313 17 315 35 36 318 
19 3319 1.589980000 -1.030310000 0.00000000000000000000 1.00000000000000000000 2 0 8 314 1 2 317 20 37 38 39 
20 3320 1.546750000 -1.070360000 0.00000000000000000000 1.00000000000000000000 2 0 8 1 2 3 19 21 38 39 40 
21 3321 1.501890000 -1.108810000 0.00000000000000000000 1.00000000000000000000 2 0 8 2 3 4 20 22 39 40 41 
22 3322 1.455470000 -1.145590000 0.00000000000000000000 1.00000000000000000000 2 0 8 3 4 5 21 23 40 41 42 
23 3323 1.407550000 -1.180640000 0.00000000000000000000 1.00000000000000000000 2 0 8 4 5 6 22 24 41 42 43 
24 3324 1.358210000 -1.213920000 0.00000000000000000000 1.00000000000000000000 2 0 8 5 6 7 23 25 42 43 44 
25 3325 1.307510000 -1.245360000 0.00000000000000000000 1.00000000000000000000 2 0 8 6 7 8 24 26 43 44 45 
26 3326 1.255540000 -1.274920000 0.00000000000000000000 1.00000000000000000000 2 0 8 7 8 9 25 27 44 45 46 
27 3327 1.202370000 -1.302550000 0.00000000000000000000 1.00000000000000000000 2 0 8 8 9 10 26 28 45 46 47 
28 3328 1.148090000 -1.328200000 0.00000000000000000000 1.00000000000000000000 2 0 8 9 10 11 27 29 46 47 48 
29 3329 1.092760000 -1.351840000 0.00000000000000000000 1.00000000000000000000 2 0 8 10 11 12 28 30 47 48 49 
30 3330 1.036480000 -1.373420000 0.00000000000000000000 1.00000000000000000000 2 0 8 11 12 13 29 31 48 49 50 
31 3331 0.979331000 -1.392910000 0.00000000000000000000 1.00000000000000000000 2 0 8 12 13 14 30 32 49 50 51 
32 3332 0.921398000 -1.410270000 0.00000000000000000000 1.00000000000000000000 2 0 8 13 14 15 31 33 50 51 52 
33 3333 0.862769000 -1.425490000 0.00000000000000000000 1.00000000000000000000 2 0 8 14 15 16 32 34 51 52 53 
34 3334 0.803533000 -1.438520000 0.00000000000000000000 1.00000000000000000000 2 0 8 15 16 17 33 35 52 53 54 
35 3335 0.743782000 -1.449340000 0.00000000000000000000 1.00000000000000000000 2 0 8 16 17 18 34 36 53 54 55 
36 3336 0.683605000 -1.457950000 0.00000000000000000000 1.00000000000000000000 2 0 8 17 18 315 35 318 54 55 321 
37 3337 1.699400000 -1.054810000 0.00000000000000000000 1.00000000000000000000 2 0 8 316 317 19 320 38 56 57 58 
38 3338 1.655350000 -1.099160000 0.00000000000000000000 1.00000000000000000000 2 0 8 317 19 20 37 39 57 58 59 
39 3339 1.609500000 -1.141860000 0.00000000000000000000 1.00000000000000000000 2 0 8 19 20 21 38 40 58 59 60 
40 3340 1.561930000 -1.182840000 0.00000000000000000000 1.00000000000000000000 2 0 8 20 21 22 39 41 59 60 61 
41 3341 1.512700000 -1.222040000 0.00000000000000000000 1.00000000000000000000 2 0 8 21 22 23 40 42 60 61 62 
42 3342 1.461880000 -1.259400000 0.00000000000000000000 1.00000000000000000000 2 0 8 22 23 24 41 43 61 62 63 
43 3343 1.409560000 -1.294860000 0.00000000000000000000 1.00000000000000000000 2 0 8 23 24 25 42 44 62 63 64 
44 3344 1.355810000 -1.328350000 0.00000000000000000000 1.00000000000000000000 2 0 8 24 25 26 43 45 63 64 65 
45 3345 1.300710000 -1.359840000 0.00000000000000000000 1.00000000000000000000 2 0 8 25 26 27 44 46 64 65 66 
46 3346 1.244340000 -1.389270000 0.00000000000000000000 1.00000000000000000000 2 0 8 26 27 28 45 47 65 66 67 
47 3347 1.186790000 -1.416580000 0.00000000000000000000 1.00000000000000000000 2 0 8 27 28 29 46 48 66 67 68 
48 3348 1.128130000 -1.441750000 0.00000000000000000000 1.00000000000000000000 2 0 8 28 29 30 47 49 67 68 69 
49 3349 1.068470000 -1.464720000 0.00000000000000000000 1.00000000000000000000 2 0 8 29 30 31 48 50 68 69 70 
50 3350 1.007890000 -1.485450000 0.00000000000000000000 1.00000000000000000000 2 0 8 30 31 32 49 51 69 70 71 
51 3351 0.946488000 -1.503920000 0.00000000000000000000 1.00000000000000000000 2 0 8 31 32 33 50 52 70 71 72 
52 3352 0.884347000 -1.520100000 0.00000000000000000000 1.00000000000000000000 2 0 8 32 33 34 51 53 71 72 73 
53 3353 0.821566000 -1.533940000 0.00000000000000000000 1.00000000000000000000 2 0 8 33 34 35 52 54 72 73 74 
54 3354 0.758241000 -1.545430000 0.00000000000000000000 1.00000000000000000000 2 0 8 34 35 36 53 55 73 74 75 
55 3355 0.694469000 -1.554560000 0.00000000000000000000 1.00000000000000000000 2 0 8 35 36 318 54 321 74 75 323 
56 3356 1.816540000 -1.075900000 0.00000000000000000000 1.00000000000000000000 2 0 8 319 320 37 322 57 325 326 76 
57 3357 1.771770000 -1.124860000 0.00000000000000000000 1.00000000000000000000 2 0 8 320 37 38 56 58 326 76 77 
58 3358 1.725040000 -1.172130000 0.00000000000000000000 1.00000000000000000000 2 0 8 37 38 39 57 59 76 77 78 
59 3359 1.676400000 -1.217640000 0.00000000000000000000 1.00000000000000000000 2 0 8 38 39 40 58 60 77 78 79 
60 3360 1.625930000 -1.261300000 0.00000000000000000000 1.00000000000000000000 2 0 8 39 40 41 59 61 78 79 80 
61 3361 1.573710000 -1.303070000 0.00000000000000000000 1.00000000000000000000 2 0 8 40 41 42 60 62 79 80 81 
62 3362 1.519810000 -1.342870000 0.00000000000000000000 1.00000000000000000000 2 0 8 41 42 43 61 63 80 81 82 
63 3363 1.464310000 -1.380640000 0.00000000000000000000 1.00000000000000000000 2 0 8 42 43 44 62 64 81 82 83 
64 3364 1.407300000 -1.416320000 0.00000000000000000000 1.00000000000000000000 2 0 8 43 44 45 63 65 82 83 84 
65 3365 1.348860000 -1.449850000 0.00000000000000000000 1.00000000000000000000 2 0 8 44 45 46 64 66 83 84 85 
66 3366 1.289080000 -1.481180000 0.00000000000000000000 1.00000000000000000000 2 0 8 45 46 47 65 67 84 85 86 
67 3367 1.228040000 -1.510260000 0.00000000000000000000 1.00000000000000000000 2 0 8 46 47 48 66 68 85 86 87 
68 3368 1.165840000 -1.537040000 0.00000000000000000000 1.00000000000000000000 2 0 8 47 48 49 67 69 86 87 88 
69 3369 1.102580000 -1.561480000 0.00000000000000000000 1.00000000000000000000 2 0 8 48 49 50 68 70 87 88 89 
70 3370 1.038340000 -1.583540000 0.00000000000000000000 1.00000000000000000000 2 0 8 49 50 51 69 71 88 89 90 
71 3371 0.973235000 -1.603180000 0.00000000000000000000 1.00000000000000000000 2 0 8 50 51 52 70 72 89 90 91 
72 3372 0.907349000 -1.620370000 0.00000000000000000000 1.00000000000000000000 2 0 8 51 52 53 71 73 90 91 92 
73 3373 0.840789000 -1.635080000 0.00000000000000000000 1.00000000000000000000 2 0 8 52 53 54 72 74 91 92 93 
74 3374 0.773655000 -1.647280000 0.00000000000000000000 1.00000000000000000000 2 0 8 53 54 55 73 75 92 93 94 
75 3375 0.706049000 -1.656950000 0.00000000000000000000 1.00000000000000000000 2 0 8 54 55 321 74 323 93 94 95 
76 3376 1.848910000 -1.199130000 0.00000000000000000000 1.00000000000000000000 2 0 8 56 57 58 326 77 329 330 96 
77 3377 1.799310000 -1.249490000 0.00000000000000000000 1.00000000000000000000 2 0 8 57 58 59 76 78 330 96 97 
78 3378 1.747700000 -1.297970000 0.00000000000000000000 1.00000000000000000000 2 0 8 58 59 60 77 79 96 97 98 
79 3379 1.694150000 -1.344490000 0.00000000000000000000 1.00000000000000000000 2 0 8 59 60 61 78 80 97 98 99 
80 3380 1.638730000 -1.388980000 0.00000000000000000000 1.00000000000000000000 2 0 8 60 61 62 79 81 98 99 100 
81 3381 1.581550000 -1.431360000 0.00000000000000000000 1.00000000000000000000 2 0 8 61 62 63 80 82 99 100 101 
82 3382 1.522660000 -1.471580000 0.00000000000000000000 1.00000000000000000000 2 0 8 62 63 64 81 83 100 101 102 
83 3383 1.462180000 -1.509570000 0.00000000000000000000 1.00000000000000000000 2 0 8 63 64 65 82 84 101 102 103 
84 3384 1.400180000 -1.545270000 0.00000000000000000000 1.00000000000000000000 2 0 8 64 65 66 83 85 102 103 104 
85 3385 1.336760000 -1.578620000 0.00000000000000000000 1.00000000000000000000 2 0 8 65 66 67 84 86 103 104 105 
86 3386 1.272010000 -1.609570000 0.00000000000000000000 1.00000000000000000000 2 0 8 66 67 68 85 87 104 105 106 
87 3387 1.206030000 -1.638060000 0.00000000000000000000 1.00000000000000000000 2 0 8 67 68 69 86 88 105 106 107 
88 3388 1.138930000 -1.664060000 0.00000000000000000000 1.00000000000000000000 2 0 8 68 69 70 87 89 106 107 108 
89 3389 1.070800000 -1.687530000 0.00000000000000000000 1.00000000000000000000 2 0 8 69 70 71 88 90 107 108 109 
90 3390 1.001740000 -1.708410000 0.00000000000000000000 1.00000000000000000000 2 0 8 70 71 72 89 91 108 109 110 
91 3391 0.931863000 -1.726680000 0.00000000000000000000 1.00000000000000000000 2 0 8 71 72 73 90 92 109 110 111 
92 3392 0.861274000 -1.742300000 0.00000000000000000000 1.00000000000000000000 2 0 8 72 73 74 91 93 110 111 112 
93 3393 0.790080000 -1.755250000 0.00000000000000000000 1.00000000000000000000 2 0 8 73 74 75 92 94 111 112 113 
94 3394 0.718389000 -1.765510000 0.00000000000000000000 1.00000000000000000000 2 0 8 74 75 323 93 95 112 113 114 
95 3395 0.646312000 -1.773050000 0.00000000000000000000 1.00000000000000000000 2 0 8 75 323 324 94 327 113 114 115 
96 3396 1.878440000 -1.331530000 0.00000000000000000000 1.00000000000000000000 2 0 8 76 77 78 330 97 333 334 116 
97 3397 1.823660000 -1.383160000 0.00000000000000000000 1.00000000000000000000 2 0 8 77 78 79 96 98 334 116 117 
98 3398 1.766820000 -1.432700000 0.00000000000000000000 1.00000000000000000000 2 0 8 78 79 80 97 99 116 117 118 
99 3399 1.708010000 -1.480070000 0.00000000000000000000 1.00000000000000000000 2 0 8 79 80 81 98 100 117 118 119 
100 3400 1.647320000 -1.525210000 0.00000000000000000000 1.00000000000000000000 2 0 8 80 81 82 99 101 118 119 120 
101 3401 1.584830000 -1.568030000 0.00000000000000000000 1.00000000000000000000 2 0 8 81 82 83 100 102 119 120 121 
102 3402 1.520640000 -1.608460000 0.00000000000000000000 1.00000000000000000000 2 0 8 82 83 84 101 103 120 121 122 
103 3403 1.454850000 -1.646460000 0.00000000000000000000 1.00000000000000000000 2 0 8 83 84 85 102 104 121 122 123 
104 3404 1.387550000 -1.681950000 0.00000000000000000000 1.00000000000000000000 2 0 8 84 85 86 103 105 122 123 124 
105 3405 1.318850000 -1.714880000 0.00000000000000000000 1.00000000000000000000 2 0 8 85 86 87 104 106 123 124 125 
106 3406 1.248850000 -1.745200000 0.00000000000000000000 1.00000000000000000000 2 0 8 86 87 88 105 107 124 125 126 
107 3407 1.177650000 -1.772860000 0.00000000000000000000 1.00000000000000000000 2 0 8 87 88 89 106 108 125 126 127 
108 3408 1.105370000 -1.797810000 0.00000000000000000000 1.00000000000000000000 2 0 8 88 89 90 107 109 126 127 128 
109 3409 1.032110000 -1.820000000 0.00000000000000000000 1.00000000000000000000 2 0 8 89 90 91 108 110 127 128 129 
110 3410 0.957978000 -1.839420000 0.00000000000000000000 1.00000000000000000000 2 0 8 90 91 92 109 111 128 129 130 
111 3411 0.883097000 -1.856010000 0.00000000000000000000 1.00000000000000000000 2 0 8 91 92 93 110 112 129 130 131 
112 3412 0.807578000 -1.869760000 0.00000000000000000000 1.00000000000000000000 2 0 8 92 93 94 111 113 130 131 132 
113 3413 0.731535000 -1.880630000 0.00000000000000000000 1.00000000000000000000 2 0 8 93 94 95 112 114 131 132 133 
114 3414 0.655086000 -1.888610000 0.00000000000000000000 1.00000000000000000000 2 0 8 94 95 327 113 115 132 133 134 
115 3415 0.578347000 -1.893690000 0.00000000000000000000 1.00000000000000000000 2 0 8 95 327 328 114 331 133 134 135 
116 3416 1.904570000 -1.473530000 0.00000000000000000000 1.00000000000000000000 2 0 8 96 97 98 334 117 337 338 136 
117 3417 1.844230000 -1.526280000 0.00000000000000000000 1.00000000000000000000 2 0 8 97 98 99 116 118 338 136 137 
118 3418 1.781800000 -1.576710000 0.00000000000000000000 1.00000000000000000000 2 0 8 98 99 100 117 119 136 137 138 
119 3419 1.717380000 -1.624750000 0.00000000000000000000 1.00000000000000000000 2 0 8 99 100 101 118 120 137 138 139 
120 3420 1.651050000 -1.670330000 0.00000000000000000000 1.00000000000000000000 2 0 8 100 101 102 119 121 138 139 140 
121 3421 1.582910000 -1.713370000 0.00000000000000000000 1.00000000000000000000 2 0 8 101 102 103 120 122 139 140 141 
122 3422 1.513080000 -1.753800000 0.00000000000000000000 1.00000000000000000000 2 0 8 102 103 104 121 123 140 141 142 
123 3423 1.441660000 -1.791570000 0.00000000000000000000 1.00000000000000000000 2 0 8 103 104 105 122 124 141 142 143 
124 3424 1.368740000 -1.826600000 0.00000000000000000000 1.00000000000000000000 2 0 8 104 105 106 123 125 142 143 144 
125 3425 1.294450000 -1.858850000 0.00000000000000000000 1.00000000000000000000 2 0 8 105 106 107 124 126 143 144 145 
126 3426 1.218900000 -1.888260000 0.00000000000000000000 1.00000000000000000000 2 0 8 106 107 108 125 127 144 145 146 
127 3427 1.142190000 -1.914790000 0.00000000000000000000 1.00000000000000000000 2 0 8 107 108 109 126 128 145 146 147 
128 3428 1.064450000 -1.938380000 0.00000000000000000000 1.00000000000000000000 2 0 8 108 109 110 127 129 146 147 148 
129 3429 0.985793000 -1.959010000 0.00000000000000000000 1.00000000000000000000 2 0 8 109 110 111 128 130 147 148 149 
130 3430 0.906341000 -1.976630000 0.00000000000000000000 1.00000000000000000000 2 0 8 110 111 112 129 131 148 149 150 
131 3431 0.826214000 -1.991220000 0.00000000000000000000 1.00000000000000000000 2 0 8 111 112 113 130 132 149 150 151 
132 3432 0.745536000 -2.002760000 0.00000000000000000000 1.00000000000000000000 2 0 8 112 113 114 131 133 150 151 152 
133 3433 0.664429000 -2.011210000 0.00000000000000000000 1.00000000000000000000 2 0 8 113 114 115 132 134 151 152 153 
134 3434 0.583019000 -2.016560000 0.00000000000000000000 1.00000000000000000000 2 0 8 114 115 331 133 135 152 153 154 
135 3435 0.501431000 -2.018810000 0.00000000000000000000 1.00000000000000000000 2 0 8 115 331 332 134 335 153 154 155 
136 3436 1.926670000 -1.625560000 0.00000000000000000000 1.00000000000000000000 2 0 8 116 117 118 338 137 340 341 156 
137 3437 1.860380000 -1.679240000 0.00000000000000000000 1.00000000000000000000 2 0 8 117 118 119 136 138 341 156 157 
138 3438 1.791980000 -1.730370000 0.00000000000000000000 1.00000000000000000000 2 0 8 118 119 120 137 139 156 157 158 
139 3439 1.721560000 -1.778880000 0.00000000000000000000 1.00000000000000000000 2 0 8 119 120 121 138 140 157 158 159 
140 3440 1.649230000 -1.824680000 0.00000000000000000000 1.00000000000000000000 2 0 8 120 121 122 139 141 158 159 160 
141 3441 1.575090000 -1.867700000 0.00000000000000000000 1.00000000000000000000 2 0 8 121 122 123 140 142 159 160 161 
142 3442 1.499270000 -1.907870000 0.00000000000000000000 1.00000000000000000000 2 0 8 122 123 124 141 143 160 161 162 
143 3443 1.421870000 -1.945140000 0.00000000000000000000 1.00000000000000000000 2 0 8 123 124 125 142 144 161 162 163 
144 3444 1.343010000 -1.979440000 0.00000000000000000000 1.00000000000000000000 2 0 8 124 125 126 143 145 162 163 164 
145 3445 1.262810000 -2.010710000 0.00000000000000000000 1.00000000000000000000 2 0 8 125 126 127 144 146 163 164 165 
146 3446 1.181400000 -2.038910000 0.00000000000000000000 1.00000000000000000000 2 0 8 126 127 128 145 147 164 165 166 
147 3447 1.098890000 -2.063990000 0.00000000000000000000 1.00000000000000000000 2 0 8 127 128 129 146 148 165 166 167 
148 3448 1.015410000 -2.085900000 0.00000000000000000000 1.00000000000000000000 2 0 8 128 129 130 147 149 166 167 168 
149 3449 0.931090000 -2.104620000 0.00000000000000000000 1.00000000000000000000 2 0 8 129 130 131 148 150 167 168 169 
150 3450 0.846057000 -2.120110000 0.00000000000000000000 1.00000000000000000000 2 0 8 130 131 132 149 151 168 169 170 
151 3451 0.760443000 -2.132330000 0.00000000000000000000 1.00000000000000000000 2 0 8 131 132 133 150 152 169 170 171 
152 3452 0.674377000 -2.141280000 0.00000000000000000000 1.00000000000000000000 2 0 8 132 133 134 151 153 170 171 172 
153 3453 0.587993000 -2.146930000 0.00000000000000000000 1.00000000000000000000 2 0 8 133 134 135 152 154 171 172 173 
154 3454 0.501423000 -2.149280000 0.00000000000000000000 1.00000000000000000000 2 0 8 134 135 335 153 155 172 173 174 
155 3455 0.414801000 -2.148300000 0.00000000000000000000 1.00000000000000000000 2 0 8 135 335 336 154 339 173 174 342 
156 3456 1.944040000 -1.788050000 0.00000000000000000000 1.00000000000000000000 2 0 8 136 137 138 341 157 343 344 175 
157 3457 1.871400000 -1.842460000 0.00000000000000000000 1.00000000000000000000 2 0 8 137 138 139 156 158 344 175 176 
158 3458 1.796620000 -1.894070000 0.00000000000000000000 1.00000000000000000000 2 0 8 138 139 140 157 159 175 176 177 
159 3459 1.719820000 -1.942800000 0.00000000000000000000 1.00000000000000000000 2 0 8 139 140 141 158 160 176 177 178 
160 3460 1.641110000 -1.988570000 0.00000000000000000000 1.00000000000000000000 2 0 8 140 141 142 159 161 177 178 179 
161 3461 1.560610000 -2.031300000 0.00000000000000000000 1.00000000000000000000 2 0 8 141 142 143 160 162 178 179 180 
162 3462 1.478430000 -2.070940000 0.00000000000000000000 1.00000000000000000000 2 0 8 142 143 144 161 163 179 180 181 
163 3463 1.394710000 -2.107410000 0.00000000000000000000 1.00000000000000000000 2 0 8 143 144 145 162 164 180 181 182 
164 3464 1.309570000 -2.140660000 0.00000000000000000000 1.00000000000000000000 2 0 8 144 145 146 163 165 181 182 183 
165 3465 1.223140000 -2.170630000 0.00000000000000000000 1.00000000000000000000 2 0 8 145 146 147 164 166 182 183 184 
166 3466 1.135550000 -2.197290000 0.00000000000000000000 1.00000000000000000000 2 0 8 146 147 148 165 167 183 184 185 
167 3467 1.046940000 -2.220570000 0.00000000000000000000 1.00000000000000000000 2 0 8 147 148 149 166 168 184 185 186 
168 3468 0.957438000 -2.240440000 0.00000000000000000000 1.00000000000000000000 2 0 8 148 149 150 167 169 185 186 187 
169 3469 0.867182000 -2.256880000 0.00000000000000000000 1.00000000000000000000 2 0 8 149 150 151 168 170 186 187 188 
170 3470 0.776312000 -2.269850000 0.00000000000000000000 1.00000000000000000000 2 0 8 150 151 152 169 171 187 188 189 
171 3471 0.684967000 -2.279320000 0.00000000000000000000 1.00000000000000000000 2 0 8 151 152 153 170 172 188 189 190 
172 3472 0.593287000 -2.285290000 0.00000000000000000000 1.00000000000000000000 2 0 8 152 153 154 171 173 189 190 191 
173 3473 0.501414000 -2.287730000 0.00000000000000000000 1.00000000000000000000 2 0 8 153 154 155 172 174 190 191 192 
174 3474 0.409488000 -2.286650000 0.00000000000000000000 1.00000000000000000000 2 0 8 154 155 339 173 342 191 192 345 
175 3475 1.955940000 -1.961440000 0.00000000000000000000 1.00000000000000000000 2 0 8 156 157 158 344 176 346 193 194 
176 3476 1.876530000 -2.016350000 0.00000000000000000000 1.00000000000000000000 2 0 8 157 158 159 175 177 193 194 195 
177 3477 1.794970000 -2.068180000 0.00000000000000000000 1.00000000000000000000 2 0 8 158 159 160 176 178 194 195 196 
178 3478 1.711380000 -2.116870000 0.00000000000000000000 1.00000000000000000000 2 0 8 159 160 161 177 179 195 196 197 
179 3479 1.625890000 -2.162320000 0.00000000000000000000 1.00000000000000000000 2 0 8 160 161 162 178 180 196 197 198 
180 3480 1.538640000 -2.204470000 0.00000000000000000000 1.00000000000000000000 2 0 8 161 162 163 179 181 197 198 199 
181 3481 1.449740000 -2.243250000 0.00000000000000000000 1.00000000000000000000 2 0 8 162 163 164 180 182 198 199 200 
182 3482 1.359340000 -2.278590000 0.00000000000000000000 1.00000000000000000000 2 0 8 163 164 165 181 183 199 200 201 
183 3483 1.267570000 -2.310450000 0.00000000000000000000 1.00000000000000000000 2 0 8 164 165 166 182 184 200 201 202 
184 3484 1.174580000 -2.338770000 0.00000000000000000000 1.00000000000000000000 2 0 8 165 166 167 183 185 201 202 203 
185 3485 1.080500000 -2.363510000 0.00000000000000000000 1.00000000000000000000 2 0 8 166 167 168 184 186 202 203 204 
186 3486 0.985482000 -2.384620000 0.00000000000000000000 1.00000000000000000000 2 0 8 167 168 169 185 187 203 204 205 
187 3487 0.889667000 -2.402060000 0.00000000000000000000 1.00000000000000000000 2 0 8 168 169 170 186 188 204 205 206 
188 3488 0.793203000 -2.415810000 0.00000000000000000000 1.00000000000000000000 2 0 8 169 170 171 187 189 205 206 207 
189 3489 0.696238000 -2.425850000 0.00000000000000000000 1.00000000000000000000 2 0 8 170 171 172 188 190 206 207 208 
190 3490 0.598922000 -2.432150000 0.00000000000000000000 1.00000000000000000000 2 0 8 171 172 173 189 191 207 208 209 
191 3491 0.501403000 -2.434700000 0.00000000000000000000 1.00000000000000000000 2 0 8 172 173 174 190 192 208 209 210 
192 3492 0.403832000 -2.433500000 0.00000000000000000000 1.00000000000000000000 2 0 8 173 174 342 191 345 209 210 347 
193 3493 2.045920000 -2.087750000 0.00000000000000000000 1.00000000000000000000 2 0 8 344 175 176 346 194 348 211 212 
194 3494 1.961570000 -2.146160000 0.00000000000000000000 1.00000000000000000000 2 0 8 175 176 177 193 195 211 212 213 
195 3495 1.874940000 -2.201290000 0.00000000000000000000 1.00000000000000000000 2 0 8 176 177 178 194 196 212 213 214 
196 3496 1.786170000 -2.253070000 0.00000000000000000000 1.00000000000000000000 2 0 8 177 178 179 195 197 213 214 215 
197 3497 1.695380000 -2.301400000 0.00000000000000000000 1.00000000000000000000 2 0 8 178 179 180 196 198 214 215 216 
198 3498 1.602710000 -2.346220000 0.00000000000000000000 1.00000000000000000000 2 0 8 179 180 181 197 199 215 216 217 
199 3499 1.508300000 -2.387450000 0.00000000000000000000 1.00000000000000000000 2 0 8 180 181 182 198 200 216 217 218 
200 3500 1.412300000 -2.425030000 0.00000000000000000000 1.00000000000000000000 2 0 8 181 182 183 199 201 217 218 219 
201 3501 1.314860000 -2.458890000 0.00000000000000000000 1.00000000000000000000 2 0 8 182 183 184 200 202 218 219 220 
202 3502 1.216110000 -2.488980000 0.00000000000000000000 1.00000000000000000000 2 0 8 183 184 185 201 203 219 220 221 
203 3503 1.116220000 -2.515260000 0.00000000000000000000 1.00000000000000000000 2 0 8 184 185 186 202 204 220 221 222 
204 3504 1.015330000 -2.537670000 0.00000000000000000000 1.00000000000000000000 2 0 8 185 186 187 203 205 221 222 223 
205 3505 0.913595000 -2.556190000 0.00000000000000000000 1.00000000000000000000 2 0 8 186 187 188 204 206 222 223 224 
206 3506 0.811178000 -2.570770000 0.00000000000000000000 1.00000000000000000000 2 0 8 187 188 189 205 207 223 224 225 
207 3507 0.708232000 -2.581400000 0.00000000000000000000 1.00000000000000000000 2 0 8 188 189 190 206 208 224 225 226 
208 3508 0.604917000 -2.588050000 0.00000000000000000000 1.00000000000000000000 2 0 8 189 190 191 207 209 225 226 227 
209 3509 0.501390000 -2.590720000 0.00000000000000000000 1.00000000000000000000 2 0 8 190 191 192 208 210 226 227 228 
210 3510 0.397813000 -2.589390000 0.00000000000000000000 1.00000000000000000000 2 0 8 191 192 345 209 347 227 228 349 
211 3511 2.141660000 -2.221860000 0.00000000000000000000 1.00000000000000000000 2 0 8 346 193 194 348 212 350 351 229 
212 3512 2.052060000 -2.283990000 0.00000000000000000000 1.00000000000000000000 2 0 8 193 194 195 211 213 351 229 230 
213 3513 1.960050000 -2.342630000 0.00000000000000000000 1.00000000000000000000 2 0 8 194 195 196 212 214 229 230 231 
214 3514 1.865750000 -2.397690000 0.00000000000000000000 1.00000000000000000000 2 0 8 195 196 197 213 215 230 231 232 
215 3515 1.769310000 -2.449080000 0.00000000000000000000 1.00000000000000000000 2 0 8 196 197 198 214 216 231 232 233 
216 3516 1.670890000 -2.496740000 0.00000000000000000000 1.00000000000000000000 2 0 8 197 198 199 215 217 232 233 234 
217 3517 1.570620000 -2.540570000 0.00000000000000000000 1.00000000000000000000 2 0 8 198 199 200 216 218 233 234 235 
218 3518 1.468660000 -2.580510000 0.00000000000000000000 1.00000000000000000000 2 0 8 199 200 201 217 219 234 235 236 
219 3519 1.365170000 -2.616490000 0.00000000000000000000 1.00000000000000000000 2 0 8 200 201 202 218 220 235 236 237 
220 3520 1.260310000 -2.648470000 0.00000000000000000000 1.00000000000000000000 2 0 8 201 202 203 219 221 236 237 238 
221 3521 1.154220000 -2.676380000 0.00000000000000000000 1.00000000000000000000 2 0 8 202 203 204 220 222 237 238 239 
222 3522 1.047080000 -2.700180000 0.00000000000000000000 1.00000000000000000000 2 0 8 203 204 205 221 223 238 239 240 
223 3523 0.939056000 -2.719830000 0.00000000000000000000 1.00000000000000000000 2 0 8 204 205 206 222 224 239 240 241 
224 3524 0.830304000 -2.735300000 0.00000000000000000000 1.00000000000000000000 2 0 8 205 206 207 223 225 240 241 242 
225 3525 0.720994000 -2.746560000 0.00000000000000000000 1.00000000000000000000 2 0 8 206 207 208 224 226 241 242 243 
226 3526 0.611295000 -2.753590000 0.00000000000000000000 1.00000000000000000000 2 0 8 207 208 209 225 227 242 243 244 
227 3527 0.501376000 -2.756380000 0.00000000000000000000 1.00000000000000000000 2 0 8 208 209 210 226 228 243 244 245 
228 3528 0.391406000 -2.754910000 0.00000000000000000000 1.00000000000000000000 2 0 8 209 210 347 227 349 244 245 352 
229 3529 2.148350000 -2.430350000 0.00000000000000000000 1.00000000000000000000 2 0 8 211 212 213 351 230 353 246 247 
230 3530 2.050590000 -2.492710000 0.00000000000000000000 1.00000000000000000000 2 0 8 212 213 214 229 231 246 247 248 
231 3531 1.950420000 -2.551260000 0.00000000000000000000 1.00000000000000000000 2 0 8 213 214 215 230 232 247 248 249 
232 3532 1.847980000 -2.605910000 0.00000000000000000000 1.00000000000000000000 2 0 8 214 215 216 231 233 248 249 250 
233 3533 1.743430000 -2.656570000 0.00000000000000000000 1.00000000000000000000 2 0 8 215 216 217 232 234 249 250 251 
234 3534 1.636920000 -2.703160000 0.00000000000000000000 1.00000000000000000000 2 0 8 216 217 218 233 235 250 251 252 
235 3535 1.528630000 -2.745620000 0.00000000000000000000 1.00000000000000000000 2 0 8 217 218 219 234 236 251 252 253 
236 3536 1.418710000 -2.783860000 0.00000000000000000000 1.00000000000000000000 2 0 8 218 219 220 235 237 252 253 254 
237 3537 1.307330000 -2.817830000 0.00000000000000000000 1.00000000000000000000 2 0 8 219 220 221 236 238 253 254 255 
238 3538 1.194660000 -2.847480000 0.00000000000000000000 1.00000000000000000000 2 0 8 220 221 222 237 239 254 255 256 
239 3539 1.080870000 -2.872750000 0.00000000000000000000 1.00000000000000000000 2 0 8 221 222 223 238 240 255 256 257 
240 3540 0.966144000 -2.893610000 0.00000000000000000000 1.00000000000000000000 2 0 8 222 223 224 239 241 256 257 258 
241 3541 0.850652000 -2.910020000 0.00000000000000000000 1.00000000000000000000 2 0 8 223 224 225 240 242 257 258 259 
242 3542 0.734571000 -2.921950000 0.00000000000000000000 1.00000000000000000000 2 0 8 224 225 226 241 243 258 259 260 
243 3543 0.618081000 -2.929380000 0.00000000000000000000 1.00000000000000000000 2 0 8 225 226 227 242 244 259 260 261 
244 3544 0.501360000 -2.932290000 0.00000000000000000000 1.00000000000000000000 2 0 8 226 227 228 243 245 260 261 262 
245 3545 0.384589000 -2.930680000 0.00000000000000000000 1.00000000000000000000 2 0 8 227 228 349 244 352 261 262 354 
246 3546 2.250780000 -2.585800000 0.00000000000000000000 1.00000000000000000000 2 0 8 351 229 230 353 247 355 263 264 
247 3547 2.146920000 -2.652110000 0.00000000000000000000 1.00000000000000000000 2 0 8 229 230 231 246 248 263 264 265 
248 3548 2.040500000 -2.714360000 0.00000000000000000000 1.00000000000000000000 2 0 8 230 231 232 247 249 264 265 266 
249 3549 1.931670000 -2.772470000 0.00000000000000000000 1.00000000000000000000 2 0 8 231 232 233 248 250 265 266 267 
250 3550 1.820600000 -2.826320000 0.00000000000000000000 1.00000000000000000000 2 0 8 232 233 234 249 251 266 267 268 
251 3551 1.707460000 -2.875850000 0.00000000000000000000 1.00000000000000000000 2 0 8 233 234 235 250 252 267 268 269 
252 3552 1.592420000 -2.920970000 0.00000000000000000000 1.00000000000000000000 2 0 8 234 235 236 251 253 268 269 270 
253 3553 1.475660000 -2.961610000 0.00000000000000000000 1.00000000000000000000 2 0 8 235 236 237 252 254 269 270 271 
254 3554 1.357350000 -2.997700000 0.00000000000000000000 1.00000000000000000000 2 0 8 236 237 238 253 255 270 271 272 
255 3555 1.237670000 -3.029200000 0.00000000000000000000 1.00000000000000000000 2 0 8 237 238 239 254 256 271 272 273 
256 3556 1.116810000 -3.056030000 0.00000000000000000000 1.00000000000000000000 2 0 8 238 239 240 255 257 272 273 274 
257 3557 0.994960000 -3.078170000 0.00000000000000000000 1.00000000000000000000 2 0 8 239 240 241 256 258 273 274 275 
258 3558 0.872298000 -3.095580000 0.00000000000000000000 1.00000000000000000000 2 0 8 240 241 242 257 259 274 275 276 
259 3559 0.749014000 -3.108220000 0.00000000000000000000 1.00000000000000000000 2 0 8 241 242 243 258 260 275 276 277 
260 3560 0.625298000 -3.116070000 0.00000000000000000000 1.00000000000000000000 2 0 8 242 243 244 259 261 276 277 278 
261 3561 0.501342000 -3.119120000 0.00000000000000000000 1.00000000000000000000 2 0 8 243 244 245 260 262 277 278 279 
262 3562 0.377336000 -3.117350000 0.00000000000000000000 1.00000000000000000000 2 0 8 244 245 352 261 354 278 279 356 
263 3563 2.359740000 -2.750910000 0.00000000000000000000 1.00000000000000000000 2 0 8 353 246 247 355 264 357 358 280 
264 3564 2.249390000 -2.821420000 0.00000000000000000000 1.00000000000000000000 2 0 8 246 247 248 263 265 358 280 281 
265 3565 2.136320000 -2.887610000 0.00000000000000000000 1.00000000000000000000 2 0 8 247 248 249 264 266 280 281 282 
266 3566 2.020700000 -2.949380000 0.00000000000000000000 1.00000000000000000000 2 0 8 248 249 250 265 267 281 282 283 
267 3567 1.902690000 -3.006630000 0.00000000000000000000 1.00000000000000000000 2 0 8 249 250 251 266 268 282 283 284 
268 3568 1.782490000 -3.059270000 0.00000000000000000000 1.00000000000000000000 2 0 8 250 251 252 267 269 283 284 285 
269 3569 1.660280000 -3.107220000 0.00000000000000000000 1.00000000000000000000 2 0 8 251 252 253 268 270 284 285 286 
270 3570 1.536240000 -3.150410000 0.00000000000000000000 1.00000000000000000000 2 0 8 252 253 254 269 271 285 286 287 
271 3571 1.410550000 -3.188750000 0.00000000000000000000 1.00000000000000000000 2 0 8 253 254 255 270 272 286 287 288 
272 3572 1.283430000 -3.222210000 0.00000000000000000000 1.00000000000000000000 2 0 8 254 255 256 271 273 287 288 289 
273 3573 1.155050000 -3.250700000 0.00000000000000000000 1.00000000000000000000 2 0 8 255 256 257 272 274 288 289 290 
274 3574 1.025610000 -3.274200000 0.00000000000000000000 1.00000000000000000000 2 0 8 256 257 258 273 275 289 290 291 
275 3575 0.895322000 -3.292670000 0.00000000000000000000 1.00000000000000000000 2 0 8 257 258 259 274 276 290 291 292 
276 3576 0.764375000 -3.306060000 0.00000000000000000000 1.00000000000000000000 2 0 8 258 259 260 275 277 291 292 293 
277 3577 0.632974000 -3.314360000 0.00000000000000000000 1.00000000000000000000 2 0 8 259 260 261 276 278 292 293 359 
278 3578 0.501321000 -3.317550000 0.00000000000000000000 1.00000000000000000000 2 0 8 260 261 262 277 279 293 359 360 
279 3579 0.369619000 -3.315630000 0.00000000000000000000 1.00000000000000000000 2 0 8 261 262 354 278 356 359 360 361 
280 3580 2.358390000 -3.001270000 0.00000000000000000000 1.00000000000000000000 2 0 8 263 264 265 358 281 362 363 364 
281 3581 2.238240000 -3.071640000 0.00000000000000000000 1.00000000000000000000 2 0 8 264 265 266 280 282 363 364 365 
282 3582 2.115390000 -3.137300000 0.00000000000000000000 1.00000000000000000000 2 0 8 265 266 267 281 283 364 365 366 
283 3583 1.990010000 -3.198160000 0.00000000000000000000 1.00000000000000000000 2 0 8 266 267 268 282 284 365 366 367 
284 3584 1.862300000 -3.254110000 0.00000000000000000000 1.00000000000000000000 2 0 8 267 268 269 283 285 366 367 368 
285 3585 1.732460000 -3.305070000 0.00000000000000000000 1.00000000000000000000 2 0 8 268 269 270 284 286 367 368 369 
286 3586 1.600670000 -3.350960000 0.00000000000000000000 1.00000000000000000000 2 0 8 269 270 271 285 287 368 369 370 
287 3587 1.467150000 -3.391700000 0.00000000000000000000 1.00000000000000000000 2 0 8 270 271 272 286 288 369 370 371 
288 3588 1.332090000 -3.427230000 0.00000000000000000000 1.00000000000000000000 2 0 8 271 272 273 287 289 370 371 372 
289 3589 1.195710000 -3.457490000 0.00000000000000000000 1.00000000000000000000 2 0 8 272 273 274 288 290 371 372 373 
290 3590 1.058210000 -3.482440000 0.00000000000000000000 1.00000000000000000000 2 0 8 273 274 275 289 291 372 373 374 
291 3591 0.919810000 -3.502020000 0.00000000000000000000 1.00000000000000000000 2 0 8 274 275 276 290 292 373 374 375 
292 3592 0.780714000 -3.516220000 0.00000000000000000000 1.00000000000000000000 2 0 8 275 276 277 291 293 374 375 376 
293 3593 0.641138000 -3.524990000 0.00000000000000000000 1.00000000000000000000 2 0 8 276 277 278 292 359 375 376 377 
294 4380 1.50823 -0.867389 2 0
295 4181 1.47126 -0.903937 2 0
296 4182 1.43279 -0.939136 2 0
297 4183 1.39286 -0.97293 2 0
298 4184 1.35153 -1.00527 2 0
299 4185 1.30887 -1.0361 2 0
300 4186 1.26493 -1.06537 2 0
301 4187 1.21979 -1.09304 2 0
302 4188 1.17351 -1.11906 2 0
303 4189 1.12615 -1.14339 2 0
304 4190 1.0778 -1.166 2 0
305 4191 1.02851 -1.18684 2 0
306 4192 0.978369 -1.20587 2 0
307 4193 0.927447 -1.22307 2 0
308 4194 0.875822 -1.23841 2 0
309 4195 0.823572 -1.25187 2 0
310 4196 0.770776 -1.2634 2 0
311 4197 0.717514 -1.27301 2 0
312 4198 0.663868 -1.28066 2 0
313 4199 0.609919 -1.28635 2 0
314 4405 1.56787 -0.926312 2 0
315 1550 0.616295 -1.37278 2 0
316 4429 1.6713 -0.945628 2 0
317 4430 1.63152 -0.988708 2 0
318 1570 0.623095 -1.46431 2 0
319 4452 1.78187 -0.961427 2 0
320 4453 1.7416 -1.00887 2 0
321 1591 0.630347 -1.56129 2 0
322 4474 1.85927 -1.02532 2 0
323 1613 0.638076 -1.66408 2 0
324 1614 0.56984 -1.66864 2 0
325 3009 1.94176 -1.09306 2 0
326 3010 1.89641 -1.14696 2 0
327 1636 0.57396 -1.77786 2 0
328 1637 0.501443 -1.77993 2 0
329 3021 1.98152 -1.22231 2 0
330 3022 1.93109 -1.27789 2 0
331 1659 0.501437 -1.89585 2 0
332 1660 0.424475 -1.89508 2 0
333 3041 2.01862 -1.36143 2 0
334 3042 1.96273 -1.41855 2 0
335 1682 0.41979 -2.01794 2 0
336 1683 0.338223 -2.01396 2 0
337 3061 2.05249 -1.51088 2 0
338 3062 1.99073 -1.56941 2 0
339 1705 0.32826 -2.14402 2 0
340 3082 2.08246 -1.67116 2 0
341 3083 2.01443 -1.73092 2 0
342 1727 0.317653 -2.28204 2 0
343 3104 2.10784 -1.84276 2 0
344 3105 2.03309 -1.90355 2 0
345 1749 0.306361 -2.42854 2 0
346 3127 2.12786 -2.02616 2 0
347 1767 0.294343 -2.58406 2 0
348 3149 2.2287 -2.15635 2 0
349 1784 0.281555 -2.74919 2 0
350 3171 2.33601 -2.29461 2 0
351 3172 2.24353 -2.36428 2 0
352 1800 0.267948 -2.92455 2 0
353 3195 2.35191 -2.51554 2 0
354 1815 0.253471 -3.11078 2 0
355 3217 2.46719 -2.6762 2 0
356 1818 0.238071 -3.30859 2 0
357 3238 2.58982 -2.84687 2 0
358 3239 2.47564 -2.92631 2 0
359 2420 0.501298 -3.52834 2 0
360 2421 0.36141 -3.52624 2 0
361 2422 0.22169 -3.5187 2 0
362 3260 2.59891 -3.11264 2 0
363 2423 2.47431 -3.19234 2 0
364 2424 2.34664 -3.26715 2 0
365 2425 2.2161 -3.33695 2 0
366 2426 2.08288 -3.40164 2 0
367 2427 1.94718 -3.4611 2 0
368 2428 1.80922 -3.51526 2 0
369 2429 1.6692 -3.56402 2 0
370 2430 1.52734 -3.6073 2 0
371 2431 1.38385 -3.64504 2 0
372 2432 1.23896 -3.67718 2 0
373 2433 1.09289 -3.70366 2 0
374 2434 0.945853 -3.72443 2 0
375 2435 0.798089 -3.73948 2 0
376 2436 0.649819 -3.74876 2 0
377 2437 0.501273 -3.75226 2 0
