364 300 64
1 5691 3.452500000 1.952720000 0.00000000000000000000 1.00000000000000000000 2 0 8 301 302 303 310 2 7 8 9 
2 5692 3.527350000 1.836290000 0.00000000000000000000 1.00000000000000000000 2 0 8 302 303 304 1 3 8 9 10 
3 5693 3.597530000 1.717070000 0.00000000000000000000 1.00000000000000000000 2 0 8 303 304 305 2 4 9 10 11 
4 5694 3.662950000 1.595230000 0.00000000000000000000 1.00000000000000000000 2 0 8 304 305 306 3 5 10 11 12 
5 5695 3.723500000 1.470960000 0.00000000000000000000 1.00000000000000000000 2 0 8 305 306 307 4 6 11 12 13 
6 5696 3.779100000 1.344450000 0.00000000000000000000 1.00000000000000000000 2 0 8 306 307 308 5 311 12 13 14 
7 5697 3.552680000 2.197940000 0.00000000000000000000 1.00000000000000000000 2 0 8 309 310 1 314 8 15 16 17 
8 5698 3.637070000 2.077270000 0.00000000000000000000 1.00000000000000000000 2 0 8 310 1 2 7 9 16 17 18 
9 5699 3.716620000 1.953430000 0.00000000000000000000 1.00000000000000000000 2 0 8 1 2 3 8 10 17 18 19 
10 5700 3.791220000 1.826620000 0.00000000000000000000 1.00000000000000000000 2 0 8 2 3 4 9 11 18 19 20 
11 5701 3.860750000 1.697020000 0.00000000000000000000 1.00000000000000000000 2 0 8 3 4 5 10 12 19 20 21 
12 5702 3.925110000 1.564830000 0.00000000000000000000 1.00000000000000000000 2 0 8 4 5 6 11 13 20 21 22 
13 5703 3.984210000 1.430260000 0.00000000000000000000 1.00000000000000000000 2 0 8 5 6 311 12 14 21 22 23 
14 5704 4.037940000 1.293510000 0.00000000000000000000 1.00000000000000000000 2 0 8 6 311 312 13 315 22 23 24 
15 5705 3.648980000 2.462710000 0.00000000000000000000 1.00000000000000000000 2 0 8 313 314 7 318 16 25 26 27 
16 5706 3.743670000 2.337940000 0.00000000000000000000 1.00000000000000000000 2 0 8 314 7 8 15 17 26 27 28 
17 5707 3.833360000 2.209610000 0.00000000000000000000 1.00000000000000000000 2 0 8 7 8 9 16 18 27 28 29 
18 5708 3.917920000 2.077900000 0.00000000000000000000 1.00000000000000000000 2 0 8 8 9 10 17 19 28 29 30 
19 5709 3.997210000 1.943010000 0.00000000000000000000 1.00000000000000000000 2 0 8 9 10 11 18 20 29 30 31 
20 5710 4.071120000 1.805170000 0.00000000000000000000 1.00000000000000000000 2 0 8 10 11 12 19 21 30 31 32 
21 5711 4.139540000 1.664560000 0.00000000000000000000 1.00000000000000000000 2 0 8 11 12 13 20 22 31 32 33 
22 5712 4.202350000 1.521420000 0.00000000000000000000 1.00000000000000000000 2 0 8 12 13 14 21 23 32 33 34 
23 5713 4.259470000 1.375960000 0.00000000000000000000 1.00000000000000000000 2 0 8 13 14 315 22 24 33 34 35 
24 5714 4.310810000 1.228400000 0.00000000000000000000 1.00000000000000000000 2 0 8 14 315 316 23 319 34 35 36 
25 5715 3.740320000 2.748070000 0.00000000000000000000 1.00000000000000000000 2 0 8 317 318 15 322 26 37 38 39 
26 5716 3.846130000 2.619390000 0.00000000000000000000 1.00000000000000000000 2 0 8 318 15 16 25 27 38 39 40 
27 5717 3.946780000 2.486700000 0.00000000000000000000 1.00000000000000000000 2 0 8 15 16 17 26 28 39 40 41 
28 5718 4.042120000 2.350220000 0.00000000000000000000 1.00000000000000000000 2 0 8 16 17 18 27 29 40 41 42 
29 5719 4.132000000 2.210140000 0.00000000000000000000 1.00000000000000000000 2 0 8 17 18 19 28 30 41 42 43 
30 5720 4.216280000 2.066690000 0.00000000000000000000 1.00000000000000000000 2 0 8 18 19 20 29 31 42 43 44 
31 5721 4.294850000 1.920080000 0.00000000000000000000 1.00000000000000000000 2 0 8 19 20 21 30 32 43 44 45 
32 5722 4.367570000 1.770540000 0.00000000000000000000 1.00000000000000000000 2 0 8 20 21 22 31 33 44 45 46 
33 5723 4.434340000 1.618290000 0.00000000000000000000 1.00000000000000000000 2 0 8 21 22 23 32 34 45 46 47 
34 5724 4.495060000 1.463580000 0.00000000000000000000 1.00000000000000000000 2 0 8 22 23 24 33 35 46 47 48 
35 5725 4.549640000 1.306630000 0.00000000000000000000 1.00000000000000000000 2 0 8 23 24 319 34 36 47 48 49 
36 5726 4.598000000 1.147690000 0.00000000000000000000 1.00000000000000000000 2 0 8 24 319 320 35 323 48 49 50 
37 5727 3.825520000 3.055080000 0.00000000000000000000 1.00000000000000000000 2 0 8 321 322 25 325 38 328 51 52 
38 5728 3.943310000 2.922720000 0.00000000000000000000 1.00000000000000000000 2 0 8 322 25 26 37 39 51 52 53 
39 5729 4.055780000 2.785880000 0.00000000000000000000 1.00000000000000000000 2 0 8 25 26 27 38 40 52 53 54 
40 5730 4.162770000 2.644780000 0.00000000000000000000 1.00000000000000000000 2 0 8 26 27 28 39 41 53 54 55 
41 5731 4.264110000 2.499640000 0.00000000000000000000 1.00000000000000000000 2 0 8 27 28 29 40 42 54 55 56 
42 5732 4.359650000 2.350670000 0.00000000000000000000 1.00000000000000000000 2 0 8 28 29 30 41 43 55 56 57 
43 5733 4.449250000 2.198110000 0.00000000000000000000 1.00000000000000000000 2 0 8 29 30 31 42 44 56 57 58 
44 5734 4.532760000 2.042190000 0.00000000000000000000 1.00000000000000000000 2 0 8 30 31 32 43 45 57 58 59 
45 5735 4.610070000 1.883150000 0.00000000000000000000 1.00000000000000000000 2 0 8 31 32 33 44 46 58 59 60 
46 5736 4.681050000 1.721230000 0.00000000000000000000 1.00000000000000000000 2 0 8 32 33 34 45 47 59 60 61 
47 5737 4.745600000 1.556680000 0.00000000000000000000 1.00000000000000000000 2 0 8 33 34 35 46 48 60 61 62 
48 5738 4.803620000 1.389760000 0.00000000000000000000 1.00000000000000000000 2 0 8 34 35 36 47 49 61 62 63 
49 5739 4.855020000 1.220710000 0.00000000000000000000 1.00000000000000000000 2 0 8 35 36 323 48 50 62 63 64 
50 5740 4.899730000 1.049790000 0.00000000000000000000 1.00000000000000000000 2 0 8 36 323 324 49 326 63 64 65 
51 5741 4.033960000 3.249050000 0.00000000000000000000 1.00000000000000000000 2 0 8 325 37 38 328 52 331 66 67 
52 5742 4.159170000 3.108310000 0.00000000000000000000 1.00000000000000000000 2 0 8 37 38 39 51 53 66 67 68 
53 5743 4.278720000 2.962810000 0.00000000000000000000 1.00000000000000000000 2 0 8 38 39 40 52 54 67 68 69 
54 5744 4.392450000 2.812770000 0.00000000000000000000 1.00000000000000000000 2 0 8 39 40 41 53 55 68 69 70 
55 5745 4.500170000 2.658430000 0.00000000000000000000 1.00000000000000000000 2 0 8 40 41 42 54 56 69 70 71 
56 5746 4.601740000 2.500020000 0.00000000000000000000 1.00000000000000000000 2 0 8 41 42 43 55 57 70 71 72 
57 5747 4.696980000 2.337780000 0.00000000000000000000 1.00000000000000000000 2 0 8 42 43 44 56 58 71 72 73 
58 5748 4.785760000 2.171960000 0.00000000000000000000 1.00000000000000000000 2 0 8 43 44 45 57 59 72 73 74 
59 5749 4.867940000 2.002830000 0.00000000000000000000 1.00000000000000000000 2 0 8 44 45 46 58 60 73 74 75 
60 5750 4.943400000 1.830630000 0.00000000000000000000 1.00000000000000000000 2 0 8 45 46 47 59 61 74 75 76 
61 5751 5.012020000 1.655630000 0.00000000000000000000 1.00000000000000000000 2 0 8 46 47 48 60 62 75 76 77 
62 5752 5.073700000 1.478100000 0.00000000000000000000 1.00000000000000000000 2 0 8 47 48 49 61 63 76 77 78 
63 5753 5.128340000 1.298310000 0.00000000000000000000 1.00000000000000000000 2 0 8 48 49 50 62 64 77 78 79 
64 5754 5.175870000 1.116530000 0.00000000000000000000 1.00000000000000000000 2 0 8 49 50 326 63 65 78 79 80 
65 5755 5.216210000 0.933052000 0.00000000000000000000 1.00000000000000000000 2 0 8 50 326 327 64 329 79 80 81 
66 5756 4.255600000 3.455200000 0.00000000000000000000 1.00000000000000000000 2 0 8 328 51 52 331 67 334 82 83 
67 5757 4.388690000 3.305550000 0.00000000000000000000 1.00000000000000000000 2 0 8 51 52 53 66 68 82 83 84 
68 5758 4.515780000 3.150840000 0.00000000000000000000 1.00000000000000000000 2 0 8 52 53 54 67 69 83 84 85 
69 5759 4.636670000 2.991300000 0.00000000000000000000 1.00000000000000000000 2 0 8 53 54 55 68 70 84 85 86 
70 5760 4.751190000 2.827180000 0.00000000000000000000 1.00000000000000000000 2 0 8 54 55 56 69 71 85 86 87 
71 5761 4.859150000 2.658730000 0.00000000000000000000 1.00000000000000000000 2 0 8 55 56 57 70 72 86 87 88 
72 5762 4.960400000 2.486210000 0.00000000000000000000 1.00000000000000000000 2 0 8 56 57 58 71 73 87 88 89 
73 5763 5.054780000 2.309880000 0.00000000000000000000 1.00000000000000000000 2 0 8 57 58 59 72 74 88 89 90 
74 5764 5.142140000 2.130010000 0.00000000000000000000 1.00000000000000000000 2 0 8 58 59 60 73 75 89 90 91 
75 5765 5.222360000 1.946890000 0.00000000000000000000 1.00000000000000000000 2 0 8 59 60 61 74 76 90 91 92 
76 5766 5.295310000 1.760780000 0.00000000000000000000 1.00000000000000000000 2 0 8 60 61 62 75 77 91 92 93 
77 5767 5.360880000 1.571980000 0.00000000000000000000 1.00000000000000000000 2 0 8 61 62 63 76 78 92 93 94 
78 5768 5.418980000 1.380780000 0.00000000000000000000 1.00000000000000000000 2 0 8 62 63 64 77 79 93 94 95 
79 5769 5.469500000 1.187460000 0.00000000000000000000 1.00000000000000000000 2 0 8 63 64 65 78 80 94 95 96 
80 5770 5.512390000 0.992328000 0.00000000000000000000 1.00000000000000000000 2 0 8 64 65 329 79 81 95 96 97 
81 5771 5.547560000 0.795676000 0.00000000000000000000 1.00000000000000000000 2 0 8 65 329 330 80 332 96 97 98 
82 5772 4.491270000 3.674300000 0.00000000000000000000 1.00000000000000000000 2 0 8 331 66 67 334 83 338 99 100 
83 5773 4.632740000 3.515190000 0.00000000000000000000 1.00000000000000000000 2 0 8 66 67 68 82 84 99 100 101 
84 5774 4.767840000 3.350690000 0.00000000000000000000 1.00000000000000000000 2 0 8 67 68 69 83 85 100 101 102 
85 5775 4.896350000 3.181050000 0.00000000000000000000 1.00000000000000000000 2 0 8 68 69 70 84 86 101 102 103 
86 5776 5.018090000 3.006540000 0.00000000000000000000 1.00000000000000000000 2 0 8 69 70 71 85 87 102 103 104 
87 5777 5.132860000 2.827420000 0.00000000000000000000 1.00000000000000000000 2 0 8 70 71 72 86 88 103 104 105 
88 5778 5.240490000 2.643960000 0.00000000000000000000 1.00000000000000000000 2 0 8 71 72 73 87 89 104 105 106 
89 5779 5.340830000 2.456460000 0.00000000000000000000 1.00000000000000000000 2 0 8 72 73 74 88 90 105 106 107 
90 5780 5.433700000 2.265190000 0.00000000000000000000 1.00000000000000000000 2 0 8 73 74 75 89 91 106 107 108 
91 5781 5.518980000 2.070450000 0.00000000000000000000 1.00000000000000000000 2 0 8 74 75 76 90 92 107 108 109 
92 5782 5.596540000 1.872540000 0.00000000000000000000 1.00000000000000000000 2 0 8 75 76 77 91 93 108 109 110 
93 5783 5.666250000 1.671770000 0.00000000000000000000 1.00000000000000000000 2 0 8 76 77 78 92 94 109 110 111 
94 5784 5.728010000 1.468430000 0.00000000000000000000 1.00000000000000000000 2 0 8 77 78 79 93 95 110 111 112 
95 5785 5.781730000 1.262850000 0.00000000000000000000 1.00000000000000000000 2 0 8 78 79 80 94 96 111 112 113 
96 5786 5.827320000 1.055330000 0.00000000000000000000 1.00000000000000000000 2 0 8 79 80 81 95 97 112 113 114 
97 5787 5.864720000 0.846195000 0.00000000000000000000 1.00000000000000000000 2 0 8 80 81 332 96 98 113 114 115 
98 5788 5.893870000 0.635765000 0.00000000000000000000 1.00000000000000000000 2 0 8 81 332 333 97 335 114 115 116 
99 5789 4.741840000 3.907160000 0.00000000000000000000 1.00000000000000000000 2 0 8 334 82 83 338 100 343 117 118 
100 5790 4.892230000 3.738000000 0.00000000000000000000 1.00000000000000000000 2 0 8 82 83 84 99 101 117 118 119 
101 5791 5.035840000 3.563090000 0.00000000000000000000 1.00000000000000000000 2 0 8 83 84 85 100 102 118 119 120 
102 5792 5.172460000 3.382730000 0.00000000000000000000 1.00000000000000000000 2 0 8 84 85 86 101 103 119 120 121 
103 5793 5.301870000 3.197170000 0.00000000000000000000 1.00000000000000000000 2 0 8 85 86 87 102 104 120 121 122 
104 5794 5.423880000 3.006710000 0.00000000000000000000 1.00000000000000000000 2 0 8 86 87 88 103 105 121 122 123 
105 5795 5.538310000 2.811640000 0.00000000000000000000 1.00000000000000000000 2 0 8 87 88 89 104 106 122 123 124 
106 5796 5.644970000 2.612250000 0.00000000000000000000 1.00000000000000000000 2 0 8 88 89 90 105 107 123 124 125 
107 5797 5.743710000 2.408870000 0.00000000000000000000 1.00000000000000000000 2 0 8 89 90 91 106 108 124 125 126 
108 5798 5.834380000 2.201790000 0.00000000000000000000 1.00000000000000000000 2 0 8 90 91 92 107 109 125 126 127 
109 5799 5.916830000 1.991330000 0.00000000000000000000 1.00000000000000000000 2 0 8 91 92 93 108 110 126 127 128 
110 5800 5.990940000 1.777830000 0.00000000000000000000 1.00000000000000000000 2 0 8 92 93 94 109 111 127 128 129 
111 5801 6.056600000 1.561600000 0.00000000000000000000 1.00000000000000000000 2 0 8 93 94 95 110 112 128 129 130 
112 5802 6.113710000 1.342970000 0.00000000000000000000 1.00000000000000000000 2 0 8 94 95 96 111 113 129 130 131 
113 5803 6.162180000 1.122290000 0.00000000000000000000 1.00000000000000000000 2 0 8 95 96 97 112 114 130 131 132 
114 5804 6.201940000 0.899891000 0.00000000000000000000 1.00000000000000000000 2 0 8 96 97 98 113 115 131 132 133 
115 5805 6.232930000 0.676111000 0.00000000000000000000 1.00000000000000000000 2 0 8 97 98 335 114 116 132 133 134 
116 5806 6.255100000 0.451295000 0.00000000000000000000 1.00000000000000000000 2 0 8 98 335 336 115 339 133 134 135 
117 5807 5.008250000 4.154680000 0.00000000000000000000 1.00000000000000000000 2 0 8 338 99 100 343 118 346 138 139 
118 5808 5.168120000 3.974820000 0.00000000000000000000 1.00000000000000000000 2 0 8 99 100 101 117 119 138 139 140 
119 5809 5.320790000 3.788870000 0.00000000000000000000 1.00000000000000000000 2 0 8 100 101 102 118 120 139 140 141 
120 5810 5.466020000 3.597090000 0.00000000000000000000 1.00000000000000000000 2 0 8 101 102 103 119 121 140 141 142 
121 5811 5.603600000 3.399800000 0.00000000000000000000 1.00000000000000000000 2 0 8 102 103 104 120 122 141 142 143 
122 5812 5.733310000 3.197280000 0.00000000000000000000 1.00000000000000000000 2 0 8 103 104 105 121 123 142 143 144 
123 5813 5.854960000 2.989860000 0.00000000000000000000 1.00000000000000000000 2 0 8 104 105 106 122 124 143 144 145 
124 5814 5.968360000 2.777860000 0.00000000000000000000 1.00000000000000000000 2 0 8 105 106 107 123 125 144 145 146 
125 5815 6.073330000 2.561590000 0.00000000000000000000 1.00000000000000000000 2 0 8 106 107 108 124 126 145 146 147 
126 5816 6.169720000 2.341390000 0.00000000000000000000 1.00000000000000000000 2 0 8 107 108 109 125 127 146 147 148 
127 5817 6.257380000 2.117600000 0.00000000000000000000 1.00000000000000000000 2 0 8 108 109 110 126 128 147 148 149 
128 5818 6.336170000 1.890560000 0.00000000000000000000 1.00000000000000000000 2 0 8 109 110 111 127 129 148 149 150 
129 5819 6.405980000 1.660630000 0.00000000000000000000 1.00000000000000000000 2 0 8 110 111 112 128 130 149 150 151 
130 5820 6.466700000 1.428140000 0.00000000000000000000 1.00000000000000000000 2 0 8 111 112 113 129 131 150 151 152 
131 5821 6.518230000 1.193470000 0.00000000000000000000 1.00000000000000000000 2 0 8 112 113 114 130 132 151 152 153 
132 5822 6.560500000 0.956968000 0.00000000000000000000 1.00000000000000000000 2 0 8 113 114 115 131 133 152 153 154 
133 5823 6.593450000 0.718997000 0.00000000000000000000 1.00000000000000000000 2 0 8 114 115 116 132 134 153 154 155 
134 5824 6.617010000 0.479924000 0.00000000000000000000 1.00000000000000000000 2 0 8 115 116 339 133 135 154 155 156 
135 5825 6.631170000 0.240115000 0.00000000000000000000 1.00000000000000000000 2 0 8 116 339 337 134 340 155 156 136 
136 5826 7.021880000 -0.000058075 0.00000000000000000000 1.00000000000000000000 2 0 8 135 340 341 156 137 178 157 158 
137 5827 7.016860000 -0.255461000 0.00000000000000000000 1.00000000000000000000 2 0 8 340 341 342 136 344 157 158 159 
138 5828 5.291490000 4.417780000 0.00000000000000000000 1.00000000000000000000 2 0 8 343 117 118 346 139 348 160 161 
139 5829 5.461450000 4.226570000 0.00000000000000000000 1.00000000000000000000 2 0 8 117 118 119 138 140 160 161 162 
140 5830 5.623740000 4.028860000 0.00000000000000000000 1.00000000000000000000 2 0 8 118 119 120 139 141 161 162 163 
141 5831 5.778140000 3.824960000 0.00000000000000000000 1.00000000000000000000 2 0 8 119 120 121 140 142 162 163 164 
142 5832 5.924400000 3.615180000 0.00000000000000000000 1.00000000000000000000 2 0 8 120 121 122 141 143 163 164 165 
143 5833 6.062300000 3.399860000 0.00000000000000000000 1.00000000000000000000 2 0 8 121 122 123 142 144 164 165 166 
144 5834 6.191630000 3.179320000 0.00000000000000000000 1.00000000000000000000 2 0 8 122 123 124 143 145 165 166 167 
145 5835 6.312180000 2.953890000 0.00000000000000000000 1.00000000000000000000 2 0 8 123 124 125 144 146 166 167 168 
146 5836 6.423780000 2.723930000 0.00000000000000000000 1.00000000000000000000 2 0 8 124 125 126 145 147 167 168 169 
147 5837 6.526260000 2.489790000 0.00000000000000000000 1.00000000000000000000 2 0 8 125 126 127 146 148 168 169 170 
148 5838 6.619450000 2.251820000 0.00000000000000000000 1.00000000000000000000 2 0 8 126 127 128 147 149 169 170 171 
149 5839 6.703220000 2.010400000 0.00000000000000000000 1.00000000000000000000 2 0 8 127 128 129 148 150 170 171 172 
150 5840 6.777440000 1.765900000 0.00000000000000000000 1.00000000000000000000 2 0 8 128 129 130 149 151 171 172 173 
151 5841 6.842000000 1.518680000 0.00000000000000000000 1.00000000000000000000 2 0 8 129 130 131 150 152 172 173 174 
152 5842 6.896790000 1.269130000 0.00000000000000000000 1.00000000000000000000 2 0 8 130 131 132 151 153 173 174 175 
153 5843 6.941730000 1.017640000 0.00000000000000000000 1.00000000000000000000 2 0 8 131 132 133 152 154 174 175 176 
154 5844 6.976760000 0.764586000 0.00000000000000000000 1.00000000000000000000 2 0 8 132 133 134 153 155 175 176 177 
155 5845 7.001810000 0.510357000 0.00000000000000000000 1.00000000000000000000 2 0 8 133 134 135 154 156 176 177 178 
156 5846 7.016860000 0.255346000 0.00000000000000000000 1.00000000000000000000 2 0 8 134 135 340 155 136 177 178 157 
157 5847 7.432280000 -0.000053221 0.00000000000000000000 1.00000000000000000000 2 0 8 156 136 137 178 158 199 179 180 
158 5848 7.426940000 -0.271643000 0.00000000000000000000 1.00000000000000000000 2 0 8 136 137 344 157 159 179 180 181 
159 5849 7.410930000 -0.542815000 0.00000000000000000000 1.00000000000000000000 2 0 8 137 344 345 158 347 180 181 349 
160 5850 5.592630000 4.697460000 0.00000000000000000000 1.00000000000000000000 2 0 8 346 138 139 348 161 350 351 182 
161 5851 5.773300000 4.494170000 0.00000000000000000000 1.00000000000000000000 2 0 8 138 139 140 160 162 351 182 183 
162 5852 5.945840000 4.283970000 0.00000000000000000000 1.00000000000000000000 2 0 8 139 140 141 161 163 182 183 184 
163 5853 6.109980000 4.067180000 0.00000000000000000000 1.00000000000000000000 2 0 8 140 141 142 162 164 183 184 185 
164 5854 6.265470000 3.844150000 0.00000000000000000000 1.00000000000000000000 2 0 8 141 142 143 163 165 184 185 186 
165 5855 6.412070000 3.615210000 0.00000000000000000000 1.00000000000000000000 2 0 8 142 143 144 164 166 185 186 187 
166 5856 6.549560000 3.380710000 0.00000000000000000000 1.00000000000000000000 2 0 8 143 144 145 165 167 186 187 188 
167 5857 6.677730000 3.141020000 0.00000000000000000000 1.00000000000000000000 2 0 8 144 145 146 166 168 187 188 189 
168 5858 6.796380000 2.896500000 0.00000000000000000000 1.00000000000000000000 2 0 8 145 146 147 167 169 188 189 190 
169 5859 6.905330000 2.647540000 0.00000000000000000000 1.00000000000000000000 2 0 8 146 147 148 168 170 189 190 191 
170 5860 7.004410000 2.394510000 0.00000000000000000000 1.00000000000000000000 2 0 8 147 148 149 169 171 190 191 192 
171 5861 7.093480000 2.137800000 0.00000000000000000000 1.00000000000000000000 2 0 8 148 149 150 170 172 191 192 193 
172 5862 7.172390000 1.877800000 0.00000000000000000000 1.00000000000000000000 2 0 8 149 150 151 171 173 192 193 194 
173 5863 7.241020000 1.614930000 0.00000000000000000000 1.00000000000000000000 2 0 8 150 151 152 172 174 193 194 195 
174 5864 7.299270000 1.349570000 0.00000000000000000000 1.00000000000000000000 2 0 8 151 152 153 173 175 194 195 196 
175 5865 7.347060000 1.082140000 0.00000000000000000000 1.00000000000000000000 2 0 8 152 153 154 174 176 195 196 197 
176 5866 7.384300000 0.813049000 0.00000000000000000000 1.00000000000000000000 2 0 8 153 154 155 175 177 196 197 198 
177 5867 7.410940000 0.542710000 0.00000000000000000000 1.00000000000000000000 2 0 8 154 155 156 176 178 197 198 199 
178 5868 7.426940000 0.271537000 0.00000000000000000000 1.00000000000000000000 2 0 8 155 156 136 177 157 198 199 179 
179 5869 7.868600000 -0.000047373 0.00000000000000000000 1.00000000000000000000 2 0 8 178 157 158 199 180 220 200 201 
180 5870 7.862920000 -0.288845000 0.00000000000000000000 1.00000000000000000000 2 0 8 157 158 159 179 181 200 201 202 
181 5871 7.845910000 -0.577198000 0.00000000000000000000 1.00000000000000000000 2 0 8 158 159 347 180 349 201 202 352 
182 5872 6.104850000 4.778650000 0.00000000000000000000 1.00000000000000000000 2 0 8 160 161 162 351 183 353 203 204 
183 5873 6.288280000 4.555170000 0.00000000000000000000 1.00000000000000000000 2 0 8 161 162 163 182 184 203 204 205 
184 5874 6.462780000 4.324690000 0.00000000000000000000 1.00000000000000000000 2 0 8 162 163 164 183 185 204 205 206 
185 5875 6.628080000 4.087560000 0.00000000000000000000 1.00000000000000000000 2 0 8 163 164 165 184 186 205 206 207 
186 5876 6.783940000 3.844140000 0.00000000000000000000 1.00000000000000000000 2 0 8 164 165 166 185 187 206 207 208 
187 5877 6.930110000 3.594810000 0.00000000000000000000 1.00000000000000000000 2 0 8 165 166 167 186 188 207 208 209 
188 5878 7.066380000 3.339950000 0.00000000000000000000 1.00000000000000000000 2 0 8 166 167 168 187 189 208 209 210 
189 5879 7.192520000 3.079960000 0.00000000000000000000 1.00000000000000000000 2 0 8 167 168 169 188 190 209 210 211 
190 5880 7.308350000 2.815240000 0.00000000000000000000 1.00000000000000000000 2 0 8 168 169 170 189 191 210 211 212 
191 5881 7.413700000 2.546190000 0.00000000000000000000 1.00000000000000000000 2 0 8 169 170 171 190 192 211 212 213 
192 5882 7.508390000 2.273230000 0.00000000000000000000 1.00000000000000000000 2 0 8 170 171 172 191 193 212 213 214 
193 5883 7.592280000 1.996770000 0.00000000000000000000 1.00000000000000000000 2 0 8 171 172 173 192 194 213 214 215 
194 5884 7.665250000 1.717240000 0.00000000000000000000 1.00000000000000000000 2 0 8 172 173 174 193 195 214 215 216 
195 5885 7.727190000 1.435080000 0.00000000000000000000 1.00000000000000000000 2 0 8 173 174 175 194 196 215 216 217 
196 5886 7.777990000 1.150710000 0.00000000000000000000 1.00000000000000000000 2 0 8 174 175 176 195 197 216 217 218 
197 5887 7.817590000 0.864571000 0.00000000000000000000 1.00000000000000000000 2 0 8 175 176 177 196 198 217 218 219 
198 5888 7.845910000 0.577104000 0.00000000000000000000 1.00000000000000000000 2 0 8 176 177 178 197 199 218 219 220 
199 5889 7.862930000 0.288750000 0.00000000000000000000 1.00000000000000000000 2 0 8 177 178 157 198 179 219 220 200 
200 5890 8.332490000 -0.000040442 0.00000000000000000000 1.00000000000000000000 2 0 8 199 179 180 220 201 240 221 222 
201 5891 8.326450000 -0.307132000 0.00000000000000000000 1.00000000000000000000 2 0 8 179 180 181 200 202 221 222 223 
202 5892 8.308360000 -0.613752000 0.00000000000000000000 1.00000000000000000000 2 0 8 180 181 349 201 352 222 223 354 
203 5893 6.457330000 5.081090000 0.00000000000000000000 1.00000000000000000000 2 0 8 351 182 183 353 204 356 357 224 
204 5894 6.652330000 4.843490000 0.00000000000000000000 1.00000000000000000000 2 0 8 182 183 184 203 205 357 224 225 
205 5895 6.837850000 4.598450000 0.00000000000000000000 1.00000000000000000000 2 0 8 183 184 185 204 206 224 225 226 
206 5896 7.013590000 4.346330000 0.00000000000000000000 1.00000000000000000000 2 0 8 184 185 186 205 207 225 226 227 
207 5897 7.179290000 4.087520000 0.00000000000000000000 1.00000000000000000000 2 0 8 185 186 187 206 208 226 227 228 
208 5898 7.334690000 3.822420000 0.00000000000000000000 1.00000000000000000000 2 0 8 186 187 188 207 209 227 228 229 
209 5899 7.479570000 3.551450000 0.00000000000000000000 1.00000000000000000000 2 0 8 187 188 189 208 210 228 229 230 
210 5900 7.613680000 3.275010000 0.00000000000000000000 1.00000000000000000000 2 0 8 188 189 190 209 211 229 230 231 
211 5901 7.736830000 2.993530000 0.00000000000000000000 1.00000000000000000000 2 0 8 189 190 191 210 212 230 231 232 
212 5902 7.848830000 2.707460000 0.00000000000000000000 1.00000000000000000000 2 0 8 190 191 192 211 213 231 232 233 
213 5903 7.949510000 2.417210000 0.00000000000000000000 1.00000000000000000000 2 0 8 191 192 193 212 214 232 233 234 
214 5904 8.038700000 2.123250000 0.00000000000000000000 1.00000000000000000000 2 0 8 192 193 194 213 215 233 234 235 
215 5905 8.116290000 1.826030000 0.00000000000000000000 1.00000000000000000000 2 0 8 193 194 195 214 216 234 235 236 
216 5906 8.182140000 1.525990000 0.00000000000000000000 1.00000000000000000000 2 0 8 194 195 196 215 217 235 236 237 
217 5907 8.236150000 1.223610000 0.00000000000000000000 1.00000000000000000000 2 0 8 195 196 197 216 218 236 237 238 
218 5908 8.278250000 0.919348000 0.00000000000000000000 1.00000000000000000000 2 0 8 196 197 198 217 219 237 238 239 
219 5909 8.308370000 0.613672000 0.00000000000000000000 1.00000000000000000000 2 0 8 197 198 199 218 220 238 239 240 
220 5910 8.326460000 0.307052000 0.00000000000000000000 1.00000000000000000000 2 0 8 198 199 179 219 200 239 240 221 
221 5911 8.825670000 -0.000032338 0.00000000000000000000 1.00000000000000000000 2 0 8 220 200 201 240 222 260 241 242 
222 5912 8.819260000 -0.326575000 0.00000000000000000000 1.00000000000000000000 2 0 8 200 201 202 221 223 241 242 243 
223 5913 8.800020000 -0.652615000 0.00000000000000000000 1.00000000000000000000 2 0 8 201 202 352 222 354 242 243 244 
224 5914 7.039360000 5.150030000 0.00000000000000000000 1.00000000000000000000 2 0 8 203 204 205 357 225 359 360 245 
225 5915 7.236590000 4.889500000 0.00000000000000000000 1.00000000000000000000 2 0 8 204 205 206 224 226 360 245 246 
226 5916 7.423430000 4.621450000 0.00000000000000000000 1.00000000000000000000 2 0 8 205 206 207 225 227 245 246 247 
227 5917 7.599590000 4.346280000 0.00000000000000000000 1.00000000000000000000 2 0 8 206 207 208 226 228 246 247 248 
228 5918 7.764810000 4.064420000 0.00000000000000000000 1.00000000000000000000 2 0 8 207 208 209 227 229 247 248 249 
229 5919 7.918840000 3.776310000 0.00000000000000000000 1.00000000000000000000 2 0 8 208 209 210 228 230 248 249 250 
230 5920 8.061430000 3.482380000 0.00000000000000000000 1.00000000000000000000 2 0 8 209 210 211 229 231 249 250 251 
231 5921 8.192360000 3.183090000 0.00000000000000000000 1.00000000000000000000 2 0 8 210 211 212 230 232 250 251 252 
232 5922 8.311440000 2.878910000 0.00000000000000000000 1.00000000000000000000 2 0 8 211 212 213 231 233 251 252 253 
233 5923 8.418480000 2.570300000 0.00000000000000000000 1.00000000000000000000 2 0 8 212 213 214 232 234 252 253 254 
234 5924 8.513310000 2.257730000 0.00000000000000000000 1.00000000000000000000 2 0 8 213 214 215 233 235 253 254 255 
235 5925 8.595800000 1.941680000 0.00000000000000000000 1.00000000000000000000 2 0 8 214 215 216 234 236 254 255 256 
236 5926 8.665810000 1.622650000 0.00000000000000000000 1.00000000000000000000 2 0 8 215 216 217 235 237 255 256 257 
237 5927 8.723250000 1.301120000 0.00000000000000000000 1.00000000000000000000 2 0 8 216 217 218 236 238 256 257 258 
238 5928 8.768010000 0.977587000 0.00000000000000000000 1.00000000000000000000 2 0 8 217 218 219 237 239 257 258 259 
239 5929 8.800030000 0.652551000 0.00000000000000000000 1.00000000000000000000 2 0 8 218 219 220 238 240 258 259 260 
240 5930 8.819260000 0.326511000 0.00000000000000000000 1.00000000000000000000 2 0 8 219 220 200 239 221 259 260 241 
241 5931 9.350000000 -0.000022964 0.00000000000000000000 1.00000000000000000000 2 0 8 240 221 222 260 242 280 261 262 
242 5932 9.343170000 -0.347247000 0.00000000000000000000 1.00000000000000000000 2 0 8 221 222 223 241 243 261 262 263 
243 5933 9.322720000 -0.693936000 0.00000000000000000000 1.00000000000000000000 2 0 8 222 223 354 242 244 262 263 264 
244 5934 9.288680000 -1.039560000 0.00000000000000000000 1.00000000000000000000 2 0 8 223 354 355 243 358 263 264 361 
245 5935 7.660490000 5.198950000 0.00000000000000000000 1.00000000000000000000 2 0 8 224 225 226 360 246 362 265 266 
246 5936 7.859130000 4.913960000 0.00000000000000000000 1.00000000000000000000 2 0 8 225 226 227 245 247 265 266 267 
247 5937 8.046420000 4.621400000 0.00000000000000000000 1.00000000000000000000 2 0 8 226 227 228 246 248 266 267 268 
248 5938 8.222080000 4.321720000 0.00000000000000000000 1.00000000000000000000 2 0 8 227 228 229 247 249 267 268 269 
249 5939 8.385830000 4.015380000 0.00000000000000000000 1.00000000000000000000 2 0 8 228 229 230 248 250 268 269 270 
250 5940 8.537430000 3.702870000 0.00000000000000000000 1.00000000000000000000 2 0 8 229 230 231 249 251 269 270 271 
251 5941 8.676640000 3.384640000 0.00000000000000000000 1.00000000000000000000 2 0 8 230 231 232 250 252 270 271 272 
252 5942 8.803240000 3.061210000 0.00000000000000000000 1.00000000000000000000 2 0 8 231 232 233 251 253 271 272 273 
253 5943 8.917050000 2.733060000 0.00000000000000000000 1.00000000000000000000 2 0 8 232 233 234 252 254 272 273 274 
254 5944 9.017880000 2.400710000 0.00000000000000000000 1.00000000000000000000 2 0 8 233 234 235 253 255 273 274 275 
255 5945 9.105590000 2.064650000 0.00000000000000000000 1.00000000000000000000 2 0 8 234 235 236 254 256 274 275 276 
256 5946 9.180030000 1.725420000 0.00000000000000000000 1.00000000000000000000 2 0 8 235 236 237 255 257 275 276 277 
257 5947 9.241090000 1.383530000 0.00000000000000000000 1.00000000000000000000 2 0 8 236 237 238 256 258 276 277 278 
258 5948 9.288680000 1.039510000 0.00000000000000000000 1.00000000000000000000 2 0 8 237 238 239 257 259 277 278 279 
259 5949 9.322730000 0.693890000 0.00000000000000000000 1.00000000000000000000 2 0 8 238 239 240 258 260 278 279 280 
260 5950 9.343170000 0.347201000 0.00000000000000000000 1.00000000000000000000 2 0 8 239 240 221 259 241 279 280 261 
261 5951 9.907410000 -0.000012220 0.00000000000000000000 1.00000000000000000000 2 0 8 260 241 242 280 262 300 281 282 
262 5952 9.900160000 -0.369226000 0.00000000000000000000 1.00000000000000000000 2 0 8 241 242 243 261 263 281 282 283 
263 5953 9.878420000 -0.737872000 0.00000000000000000000 1.00000000000000000000 2 0 8 242 243 244 262 264 282 283 284 
264 5954 9.842220000 -1.105380000 0.00000000000000000000 1.00000000000000000000 2 0 8 243 244 358 263 361 283 284 363 
265 5955 8.111120000 5.527980000 0.00000000000000000000 1.00000000000000000000 2 0 8 360 245 246 362 266 364 285 286 
266 5956 8.322310000 5.224980000 0.00000000000000000000 1.00000000000000000000 2 0 8 245 246 247 265 267 285 286 287 
267 5957 8.521430000 4.913930000 0.00000000000000000000 1.00000000000000000000 2 0 8 246 247 248 266 268 286 287 288 
268 5958 8.708190000 4.595300000 0.00000000000000000000 1.00000000000000000000 2 0 8 247 248 249 267 269 287 288 289 
269 5959 8.882290000 4.269590000 0.00000000000000000000 1.00000000000000000000 2 0 8 248 249 250 268 270 288 289 290 
270 5960 9.043470000 3.937310000 0.00000000000000000000 1.00000000000000000000 2 0 8 249 250 251 269 271 289 290 291 
271 5961 9.191480000 3.598950000 0.00000000000000000000 1.00000000000000000000 2 0 8 250 251 252 270 272 290 291 292 
272 5962 9.326090000 3.255050000 0.00000000000000000000 1.00000000000000000000 2 0 8 251 252 253 271 273 291 292 293 
273 5963 9.447090000 2.906130000 0.00000000000000000000 1.00000000000000000000 2 0 8 252 253 254 272 274 292 293 294 
274 5964 9.554300000 2.552740000 0.00000000000000000000 1.00000000000000000000 2 0 8 253 254 255 273 275 293 294 295 
275 5965 9.647550000 2.195410000 0.00000000000000000000 1.00000000000000000000 2 0 8 254 255 256 274 276 294 295 296 
276 5966 9.726690000 1.834700000 0.00000000000000000000 1.00000000000000000000 2 0 8 255 256 257 275 277 295 296 297 
277 5967 9.791620000 1.471160000 0.00000000000000000000 1.00000000000000000000 2 0 8 256 257 258 276 278 296 297 298 
278 5968 9.842220000 1.105360000 0.00000000000000000000 1.00000000000000000000 2 0 8 257 258 259 277 279 297 298 299 
279 5969 9.878420000 0.737847000 0.00000000000000000000 1.00000000000000000000 2 0 8 258 259 260 278 280 298 299 300 
280 5970 9.900160000 0.369202000 0.00000000000000000000 1.00000000000000000000 2 0 8 259 260 241 279 261 299 300 281 
281 5971 10.500000000 0.000000000 0.99980772181371246887 -0.01960916626667839197 3 0 9 280 261 262 300 282 279 263 299 283 
282 5972 10.492300000 -0.392598000 0.99923036785665630966 -0.03922590920617784888 3 0 8 261 262 263 281 283 241 242 243 
283 5973 10.469200000 -0.784591000 0.99691788084202492826 -0.07845214374028332271 3 0 8 262 263 264 282 284 242 243 244 
284 5974 10.430700000 -1.175370000 0.99306687754364719734 -0.11755074106831842062 3 0 8 263 264 361 283 363 243 244 358 
285 5975 8.590170000 5.877850000 0.80901631335569235137 0.58778618963392137431 3 0 8 362 265 266 364 286 360 245 246 
286 5976 8.814700000 5.555700000 0.83146790944808723900 0.55557278151294220425 3 0 8 265 266 267 285 287 245 246 247 
287 5977 9.026400000 5.224990000 0.85264243366699354887 0.52249486151581092663 3 0 8 266 267 268 286 288 246 247 248 
288 5978 9.224960000 4.886210000 0.87249233372822920796 0.48862780066781752453 3 0 8 267 268 269 287 289 247 248 249 
289 5979 9.410070000 4.539910000 0.89100606038921459362 0.45399140999548787123 3 0 8 268 269 270 288 290 248 249 250 
290 5980 9.581430000 4.186600000 0.90814529595099369175 0.41865513425978917450 3 0 8 269 270 271 289 291 249 250 251 
291 5981 9.738800000 3.826830000 0.92388085835679678581 0.38268023147519464322 3 0 8 270 271 272 290 292 250 251 252 
292 5982 9.881910000 3.461170000 0.93817819331705998298 0.34615267958566708906 3 0 8 271 272 273 291 293 251 252 253 
293 5983 10.010600000 3.090170000 0.95103790582147740285 0.30907426565584311673 3 0 8 272 273 274 292 294 252 253 254 
294 5984 10.124600000 2.714400000 0.96246690843181492703 0.27139906074580361084 3 0 8 273 274 275 293 295 253 254 255 
295 5985 10.223700000 2.334450000 0.97236995871930587132 0.23344520423477366222 3 0 8 274 275 276 294 296 254 255 256 
296 5986 10.307900000 1.950900000 0.98078147951815464189 0.19510942938305086969 3 0 8 275 276 277 295 297 255 256 257 
297 5987 10.376900000 1.564340000 0.98769461406689917915 0.15639485075679213089 3 0 8 276 277 278 296 298 256 257 258 
298 5988 10.430700000 1.175370000 0.99306687754364719734 0.11755074106831842062 3 0 8 277 278 279 297 299 257 258 259 
299 5989 10.469200000 0.784591000 0.99691788084202492826 0.07845214374028332271 3 0 8 278 279 280 298 300 258 259 260 
300 5990 10.492300000 0.392598000 0.99923036785665630966 0.03922590920617784888 3 0 9 279 280 261 299 281 278 262 298 282 
301 5355 3.20427 1.94213 2 0
302 5356 3.27897 1.83548 2 0
303 5583 3.34939 1.72603 2 0
304 5584 3.41543 1.61395 2 0
305 5585 3.47698 1.49942 2 0
306 5586 3.53395 1.3826 2 0
307 5587 3.58625 1.26368 2 0
308 5588 3.63382 1.14285 2 0
309 5375 3.28928 2.17647 2 0
310 5376 3.37311 2.06617 2 0
311 5601 3.82965 1.2159 2 0
312 5602 3.87509 1.08549 2 0
313 5383 3.36993 2.42903 2 0
314 5384 3.46359 2.31525 2 0
315 5615 4.08624 1.15478 2 0
316 5616 4.12903 1.0143 2 0
317 5388 3.44517 2.70077 2 0
318 5389 3.54943 2.58371 2 0
319 5629 4.3563 1.07897 2 0
320 5630 4.39586 0.927896 2 0
321 5391 3.51386 2.99263 2 0
322 5392 3.6295 2.87255 2 0
323 5643 4.64005 0.986994 2 0
324 5644 4.67574 0.824794 2 0
325 5393 3.7026 3.18276 2 0
326 5656 4.93767 0.877277 2 0
327 5657 4.9688 0.703421 2 0
328 4882 3.90331 3.38482 2 0
329 5667 5.2493 0.748144 2 0
330 5668 5.27508 0.562093 2 0
331 4903 4.11672 3.59955 2 0
332 5676 5.57498 0.597807 2 0
333 5677 5.59459 0.399024 2 0
334 4923 4.34364 3.82777 2 0
335 5683 5.91472 0.424363 2 0
336 5684 5.92724 0.21231 2 0
337 5685 6.27285 -6.51298e-05 2 0
338 4942 4.5849 4.07033 2 0
339 5688 6.26841 0.225788 2 0
340 5689 6.63589 -6.20184e-05 2 0
341 5690 6.63117 -0.240239 2 0
342 2799 6.61701 -0.480047 2 0
343 4960 4.84142 4.32816 2 0
344 2822 7.00181 -0.510472 2 0
345 2823 6.97674 -0.7647 2 0
346 4977 5.11415 4.60221 2 0
347 2845 7.38429 -0.813154 2 0
348 4993 5.4041 4.89354 2 0
349 2867 7.81758 -0.864664 2 0
350 5008 5.71236 5.20323 2 0
351 5009 5.91278 4.99478 2 0
352 2890 8.27824 -0.919427 2 0
353 5025 6.25314 5.31086 2 0
354 2913 8.768 -0.977651 2 0
355 2914 8.72324 -1.30118 2 0
356 5041 6.61497 5.64691 2 0
357 5042 6.83205 5.40263 2 0
358 2936 9.24108 -1.38358 2 0
359 5058 7.23041 5.74449 2 0
360 5059 7.4508 5.47594 2 0
361 2959 9.79162 -1.47118 2 0
362 5076 7.8882 5.82247 2 0
363 2983 10.3769 -1.56434 3 0
364 5093 8.35317 6.19094 3 0
