391 301 90
1 8403 -0.894404000 0.674744000 0.00000000000000000000 1.00000000000000000000 2 0 8 302 303 304 314 2 8 9 10 
2 8404 -0.865137000 0.726052000 0.00000000000000000000 1.00000000000000000000 2 0 8 303 304 305 1 315 9 10 11 
3 8405 -1.147820000 0.186350000 0.00000000000000000000 1.00000000000000000000 2 0 8 306 307 308 318 4 12 13 14 
4 8406 -1.138790000 0.247993000 0.00000000000000000000 1.00000000000000000000 2 0 8 307 308 309 3 5 13 14 15 
5 8407 -1.127210000 0.309241000 0.00000000000000000000 1.00000000000000000000 2 0 8 308 309 310 4 319 14 15 16 
6 8408 -1.055820000 0.548350000 0.00000000000000000000 1.00000000000000000000 2 0 8 311 312 313 321 7 18 19 20 
7 8409 -1.031840000 0.606182000 0.00000000000000000000 1.00000000000000000000 2 0 8 312 313 314 6 8 19 20 21 
8 8410 -1.005490000 0.663051000 0.00000000000000000000 1.00000000000000000000 2 0 8 313 314 1 7 9 20 21 22 
9 8411 -0.976798000 0.718866000 0.00000000000000000000 1.00000000000000000000 2 0 8 314 1 2 8 10 21 22 23 
10 8412 -0.945818000 0.773541000 0.00000000000000000000 1.00000000000000000000 2 0 8 1 2 315 9 11 22 23 24 
11 8413 -0.912600000 0.826988000 0.00000000000000000000 1.00000000000000000000 2 0 8 2 315 316 10 322 23 24 25 
12 8414 -1.252540000 0.132493000 0.00000000000000000000 1.00000000000000000000 2 0 8 317 318 3 325 13 26 27 28 
13 8415 -1.245700000 0.198458000 0.00000000000000000000 1.00000000000000000000 2 0 8 318 3 4 12 14 27 28 29 
14 8416 -1.236150000 0.264107000 0.00000000000000000000 1.00000000000000000000 2 0 8 3 4 5 13 15 28 29 30 
15 8417 -1.223890000 0.329337000 0.00000000000000000000 1.00000000000000000000 2 0 8 4 5 319 14 16 29 30 31 
16 8418 -1.208950000 0.394044000 0.00000000000000000000 1.00000000000000000000 2 0 8 5 319 320 15 17 30 31 32 
17 8419 -1.191350000 0.458125000 0.00000000000000000000 1.00000000000000000000 2 0 8 319 320 321 16 18 31 32 33 
18 8420 -1.171120000 0.521478000 0.00000000000000000000 1.00000000000000000000 2 0 8 320 321 6 17 19 32 33 34 
19 8421 -1.148290000 0.584003000 0.00000000000000000000 1.00000000000000000000 2 0 8 321 6 7 18 20 33 34 35 
20 8422 -1.122910000 0.645602000 0.00000000000000000000 1.00000000000000000000 2 0 8 6 7 8 19 21 34 35 36 
21 8423 -1.095000000 0.706177000 0.00000000000000000000 1.00000000000000000000 2 0 8 7 8 9 20 22 35 36 37 
22 8424 -1.064620000 0.765633000 0.00000000000000000000 1.00000000000000000000 2 0 8 8 9 10 21 23 36 37 38 
23 8425 -1.031820000 0.823875000 0.00000000000000000000 1.00000000000000000000 2 0 8 9 10 11 22 24 37 38 39 
24 8426 -0.996640000 0.880813000 0.00000000000000000000 1.00000000000000000000 2 0 8 10 11 322 23 25 38 39 40 
25 8427 -0.959149000 0.936356000 0.00000000000000000000 1.00000000000000000000 2 0 8 11 322 323 24 326 39 40 41 
26 8428 -1.361590000 0.070607400 0.00000000000000000000 1.00000000000000000000 2 0 8 324 325 12 329 27 42 43 44 
27 8429 -1.357240000 0.141063000 0.00000000000000000000 1.00000000000000000000 2 0 8 325 12 13 26 28 43 44 45 
28 8430 -1.350000000 0.211296000 0.00000000000000000000 1.00000000000000000000 2 0 8 12 13 14 27 29 44 45 46 
29 8431 -1.339880000 0.281193000 0.00000000000000000000 1.00000000000000000000 2 0 8 13 14 15 28 30 45 46 47 
30 8432 -1.326900000 0.350644000 0.00000000000000000000 1.00000000000000000000 2 0 8 14 15 16 29 31 46 47 48 
31 8433 -1.311070000 0.419539000 0.00000000000000000000 1.00000000000000000000 2 0 8 15 16 17 30 32 47 48 49 
32 8434 -1.292430000 0.487770000 0.00000000000000000000 1.00000000000000000000 2 0 8 16 17 18 31 33 48 49 50 
33 8435 -1.271010000 0.555227000 0.00000000000000000000 1.00000000000000000000 2 0 8 17 18 19 32 34 49 50 51 
34 8436 -1.246830000 0.621804000 0.00000000000000000000 1.00000000000000000000 2 0 8 18 19 20 33 35 50 51 52 
35 8437 -1.219940000 0.687397000 0.00000000000000000000 1.00000000000000000000 2 0 8 19 20 21 34 36 51 52 53 
36 8438 -1.190380000 0.751902000 0.00000000000000000000 1.00000000000000000000 2 0 8 20 21 22 35 37 52 53 54 
37 8439 -1.158200000 0.815216000 0.00000000000000000000 1.00000000000000000000 2 0 8 21 22 23 36 38 53 54 55 
38 8440 -1.123450000 0.877241000 0.00000000000000000000 1.00000000000000000000 2 0 8 22 23 24 37 39 54 55 56 
39 8441 -1.086190000 0.937880000 0.00000000000000000000 1.00000000000000000000 2 0 8 23 24 25 38 40 55 56 57 
40 8442 -1.046470000 0.997036000 0.00000000000000000000 1.00000000000000000000 2 0 8 24 25 326 39 41 56 57 58 
41 8443 -1.004370000 1.054620000 0.00000000000000000000 1.00000000000000000000 2 0 8 25 326 327 40 330 57 58 59 
42 8444 -1.474920000 0.000041623 0.00000000000000000000 1.00000000000000000000 2 0 8 328 329 26 333 43 60 61 62 
43 8445 -1.473380000 0.075156500 0.00000000000000000000 1.00000000000000000000 2 0 8 329 26 27 42 44 61 62 63 
44 8446 -1.468780000 0.150152000 0.00000000000000000000 1.00000000000000000000 2 0 8 26 27 28 43 45 62 63 64 
45 8447 -1.461100000 0.224910000 0.00000000000000000000 1.00000000000000000000 2 0 8 27 28 29 44 46 63 64 65 
46 8448 -1.450380000 0.299312000 0.00000000000000000000 1.00000000000000000000 2 0 8 28 29 30 45 47 64 65 66 
47 8449 -1.436630000 0.373241000 0.00000000000000000000 1.00000000000000000000 2 0 8 29 30 31 46 48 65 66 67 
48 8450 -1.419860000 0.446578000 0.00000000000000000000 1.00000000000000000000 2 0 8 30 31 32 47 49 66 67 68 
49 8451 -1.400110000 0.519209000 0.00000000000000000000 1.00000000000000000000 2 0 8 31 32 33 48 50 67 68 69 
50 8452 -1.377410000 0.591018000 0.00000000000000000000 1.00000000000000000000 2 0 8 32 33 34 49 51 68 69 70 
51 8453 -1.351790000 0.661893000 0.00000000000000000000 1.00000000000000000000 2 0 8 33 34 35 50 52 69 70 71 
52 8454 -1.323300000 0.731722000 0.00000000000000000000 1.00000000000000000000 2 0 8 34 35 36 51 53 70 71 72 
53 8455 -1.291980000 0.800393000 0.00000000000000000000 1.00000000000000000000 2 0 8 35 36 37 52 54 71 72 73 
54 8456 -1.257880000 0.867801000 0.00000000000000000000 1.00000000000000000000 2 0 8 36 37 38 53 55 72 73 74 
55 8457 -1.221060000 0.933838000 0.00000000000000000000 1.00000000000000000000 2 0 8 37 38 39 54 56 73 74 75 
56 8458 -1.181580000 0.998401000 0.00000000000000000000 1.00000000000000000000 2 0 8 38 39 40 55 57 74 75 76 
57 8459 -1.139500000 1.061390000 0.00000000000000000000 1.00000000000000000000 2 0 8 39 40 41 56 58 75 76 77 
58 8460 -1.094880000 1.122700000 0.00000000000000000000 1.00000000000000000000 2 0 8 40 41 330 57 59 76 77 78 
59 8461 -1.047810000 1.182250000 0.00000000000000000000 1.00000000000000000000 2 0 8 41 330 331 58 334 77 78 79 
60 8462 -1.592440000 -0.079894200 0.00000000000000000000 1.00000000000000000000 2 0 8 332 333 42 337 61 80 81 82 
61 8463 -1.594070000 0.000043881 0.00000000000000000000 1.00000000000000000000 2 0 8 333 42 43 60 62 81 82 83 
62 8464 -1.592440000 0.079981900 0.00000000000000000000 1.00000000000000000000 2 0 8 42 43 44 61 63 82 83 84 
63 8465 -1.587550000 0.159794000 0.00000000000000000000 1.00000000000000000000 2 0 8 43 44 45 62 64 83 84 85 
64 8466 -1.579420000 0.239353000 0.00000000000000000000 1.00000000000000000000 2 0 8 44 45 46 63 65 84 85 86 
65 8467 -1.568060000 0.318533000 0.00000000000000000000 1.00000000000000000000 2 0 8 45 46 47 64 66 85 86 87 
66 8468 -1.553480000 0.397211000 0.00000000000000000000 1.00000000000000000000 2 0 8 46 47 48 65 67 86 87 88 
67 8469 -1.535710000 0.475261000 0.00000000000000000000 1.00000000000000000000 2 0 8 47 48 49 66 68 87 88 89 
68 8470 -1.514780000 0.552560000 0.00000000000000000000 1.00000000000000000000 2 0 8 48 49 50 67 69 88 89 90 
69 8471 -1.490720000 0.628986000 0.00000000000000000000 1.00000000000000000000 2 0 8 49 50 51 68 70 89 90 91 
70 8472 -1.463570000 0.704419000 0.00000000000000000000 1.00000000000000000000 2 0 8 50 51 52 69 71 90 91 92 
71 8473 -1.433370000 0.778741000 0.00000000000000000000 1.00000000000000000000 2 0 8 51 52 53 70 72 91 92 93 
72 8474 -1.400180000 0.851833000 0.00000000000000000000 1.00000000000000000000 2 0 8 52 53 54 71 73 92 93 94 
73 8475 -1.364040000 0.923582000 0.00000000000000000000 1.00000000000000000000 2 0 8 53 54 55 72 74 93 94 95 
74 8476 -1.325020000 0.993875000 0.00000000000000000000 1.00000000000000000000 2 0 8 54 55 56 73 75 94 95 96 
75 8477 -1.283170000 1.062600000 0.00000000000000000000 1.00000000000000000000 2 0 8 55 56 57 74 76 95 96 97 
76 8478 -1.238560000 1.129650000 0.00000000000000000000 1.00000000000000000000 2 0 8 56 57 58 75 77 96 97 98 
77 8479 -1.191270000 1.194930000 0.00000000000000000000 1.00000000000000000000 2 0 8 57 58 59 76 78 97 98 99 
78 8480 -1.141370000 1.258320000 0.00000000000000000000 1.00000000000000000000 2 0 8 58 59 334 77 79 98 99 100 
79 8481 -1.088950000 1.319740000 0.00000000000000000000 1.00000000000000000000 2 0 8 59 334 335 78 338 99 100 101 
80 8482 -1.714020000 -0.169931000 0.00000000000000000000 1.00000000000000000000 2 0 8 336 337 60 341 81 102 103 104 
81 8483 -1.719190000 -0.085009500 0.00000000000000000000 1.00000000000000000000 2 0 8 337 60 61 80 82 103 104 105 
82 8484 -1.720920000 0.000046117 0.00000000000000000000 1.00000000000000000000 2 0 8 60 61 62 81 83 104 105 106 
83 8485 -1.719190000 0.085101700 0.00000000000000000000 1.00000000000000000000 2 0 8 61 62 63 82 84 105 106 107 
84 8486 -1.714010000 0.170023000 0.00000000000000000000 1.00000000000000000000 2 0 8 62 63 64 83 85 106 107 108 
85 8487 -1.705390000 0.254676000 0.00000000000000000000 1.00000000000000000000 2 0 8 63 64 65 84 86 107 108 109 
86 8488 -1.693350000 0.338927000 0.00000000000000000000 1.00000000000000000000 2 0 8 64 65 66 85 87 108 109 110 
87 8489 -1.677900000 0.422643000 0.00000000000000000000 1.00000000000000000000 2 0 8 65 66 67 86 88 109 110 111 
88 8490 -1.659060000 0.505693000 0.00000000000000000000 1.00000000000000000000 2 0 8 66 67 68 87 89 110 111 112 
89 8491 -1.636870000 0.587945000 0.00000000000000000000 1.00000000000000000000 2 0 8 67 68 69 88 90 111 112 113 
90 8492 -1.611370000 0.669270000 0.00000000000000000000 1.00000000000000000000 2 0 8 68 69 70 89 91 112 113 114 
91 8493 -1.582580000 0.749540000 0.00000000000000000000 1.00000000000000000000 2 0 8 69 70 71 90 92 113 114 115 
92 8494 -1.550570000 0.828629000 0.00000000000000000000 1.00000000000000000000 2 0 8 70 71 72 91 93 114 115 116 
93 8495 -1.515380000 0.906412000 0.00000000000000000000 1.00000000000000000000 2 0 8 71 72 73 92 94 115 116 117 
94 8496 -1.477070000 0.982767000 0.00000000000000000000 1.00000000000000000000 2 0 8 72 73 74 93 95 116 117 118 
95 8497 -1.435700000 1.057580000 0.00000000000000000000 1.00000000000000000000 2 0 8 73 74 75 94 96 117 118 119 
96 8498 -1.391330000 1.130720000 0.00000000000000000000 1.00000000000000000000 2 0 8 74 75 76 95 97 118 119 120 
97 8499 -1.344040000 1.202090000 0.00000000000000000000 1.00000000000000000000 2 0 8 75 76 77 96 98 119 120 121 
98 8500 -1.293910000 1.271560000 0.00000000000000000000 1.00000000000000000000 2 0 8 76 77 78 97 99 120 121 122 
99 8501 -1.241000000 1.339040000 0.00000000000000000000 1.00000000000000000000 2 0 8 77 78 79 98 100 121 122 123 
100 8502 -1.185410000 1.404410000 0.00000000000000000000 1.00000000000000000000 2 0 8 78 79 338 99 101 122 123 124 
101 8503 -1.127230000 1.467580000 0.00000000000000000000 1.00000000000000000000 2 0 8 79 338 339 100 342 123 124 125 
102 8504 -1.839500000 -0.270841000 0.00000000000000000000 1.00000000000000000000 2 0 8 340 341 80 344 103 347 126 127 
103 8505 -1.848640000 -0.180782000 0.00000000000000000000 1.00000000000000000000 2 0 8 341 80 81 102 104 126 127 128 
104 8506 -1.854120000 -0.090438200 0.00000000000000000000 1.00000000000000000000 2 0 8 80 81 82 103 105 127 128 129 
105 8507 -1.855950000 0.000048314 0.00000000000000000000 1.00000000000000000000 2 0 8 81 82 83 104 106 128 129 130 
106 8508 -1.854120000 0.090534800 0.00000000000000000000 1.00000000000000000000 2 0 8 82 83 84 105 107 129 130 131 
107 8509 -1.848630000 0.180879000 0.00000000000000000000 1.00000000000000000000 2 0 8 83 84 85 106 108 130 131 132 
108 8510 -1.839490000 0.270937000 0.00000000000000000000 1.00000000000000000000 2 0 8 84 85 86 107 109 131 132 133 
109 8511 -1.826720000 0.360569000 0.00000000000000000000 1.00000000000000000000 2 0 8 85 86 87 108 110 132 133 134 
110 8512 -1.810330000 0.449633000 0.00000000000000000000 1.00000000000000000000 2 0 8 86 87 88 109 111 133 134 135 
111 8513 -1.790360000 0.537989000 0.00000000000000000000 1.00000000000000000000 2 0 8 87 88 89 110 112 134 135 136 
112 8514 -1.766840000 0.625497000 0.00000000000000000000 1.00000000000000000000 2 0 8 88 89 90 111 113 135 136 137 
113 8515 -1.739790000 0.712021000 0.00000000000000000000 1.00000000000000000000 2 0 8 89 90 91 112 114 136 137 138 
114 8516 -1.709270000 0.797424000 0.00000000000000000000 1.00000000000000000000 2 0 8 90 91 92 113 115 137 138 139 
115 8517 -1.675330000 0.881571000 0.00000000000000000000 1.00000000000000000000 2 0 8 91 92 93 114 116 138 139 140 
116 8518 -1.638020000 0.964332000 0.00000000000000000000 1.00000000000000000000 2 0 8 92 93 94 115 117 139 140 141 
117 8519 -1.597390000 1.045580000 0.00000000000000000000 1.00000000000000000000 2 0 8 93 94 95 116 118 140 141 142 
118 8520 -1.553520000 1.125180000 0.00000000000000000000 1.00000000000000000000 2 0 8 94 95 96 117 119 141 142 143 
119 8521 -1.506470000 1.203010000 0.00000000000000000000 1.00000000000000000000 2 0 8 95 96 97 118 120 142 143 144 
120 8522 -1.456330000 1.278950000 0.00000000000000000000 1.00000000000000000000 2 0 8 96 97 98 119 121 143 144 145 
121 8523 -1.403160000 1.352880000 0.00000000000000000000 1.00000000000000000000 2 0 8 97 98 99 120 122 144 145 146 
122 8524 -1.347050000 1.424700000 0.00000000000000000000 1.00000000000000000000 2 0 8 98 99 100 121 123 145 146 147 
123 8525 -1.288100000 1.494270000 0.00000000000000000000 1.00000000000000000000 2 0 8 99 100 101 122 124 146 147 148 
124 8526 -1.226400000 1.561500000 0.00000000000000000000 1.00000000000000000000 2 0 8 100 101 342 123 125 147 148 149 
125 8527 -1.162040000 1.626290000 0.00000000000000000000 1.00000000000000000000 2 0 8 101 342 343 124 345 148 149 150 
126 8528 -1.982220000 -0.288097000 0.00000000000000000000 1.00000000000000000000 2 0 8 344 102 103 347 127 350 351 151 
127 8529 -1.991910000 -0.192300000 0.00000000000000000000 1.00000000000000000000 2 0 8 102 103 104 126 128 351 151 152 
128 8530 -1.997730000 -0.096200500 0.00000000000000000000 1.00000000000000000000 2 0 8 103 104 105 127 129 151 152 153 
129 8531 -1.999660000 0.000050453 0.00000000000000000000 1.00000000000000000000 2 0 8 104 105 106 128 130 152 153 154 
130 8532 -1.997720000 0.096301300 0.00000000000000000000 1.00000000000000000000 2 0 8 105 106 107 129 131 153 154 155 
131 8533 -1.991900000 0.192401000 0.00000000000000000000 1.00000000000000000000 2 0 8 106 107 108 130 132 154 155 156 
132 8534 -1.982210000 0.288197000 0.00000000000000000000 1.00000000000000000000 2 0 8 107 108 109 131 133 155 156 157 
133 8535 -1.968670000 0.383540000 0.00000000000000000000 1.00000000000000000000 2 0 8 108 109 110 132 134 156 157 158 
134 8536 -1.951290000 0.478280000 0.00000000000000000000 1.00000000000000000000 2 0 8 109 110 111 133 135 157 158 159 
135 8537 -1.930110000 0.572268000 0.00000000000000000000 1.00000000000000000000 2 0 8 110 111 112 134 136 158 159 160 
136 8538 -1.905160000 0.665356000 0.00000000000000000000 1.00000000000000000000 2 0 8 111 112 113 135 137 159 160 161 
137 8539 -1.876480000 0.757397000 0.00000000000000000000 1.00000000000000000000 2 0 8 112 113 114 136 138 160 161 162 
138 8540 -1.844110000 0.848248000 0.00000000000000000000 1.00000000000000000000 2 0 8 113 114 115 137 139 161 162 163 
139 8541 -1.808110000 0.937766000 0.00000000000000000000 1.00000000000000000000 2 0 8 114 115 116 138 140 162 163 164 
140 8542 -1.768540000 1.025810000 0.00000000000000000000 1.00000000000000000000 2 0 8 115 116 117 139 141 163 164 165 
141 8543 -1.725450000 1.112240000 0.00000000000000000000 1.00000000000000000000 2 0 8 116 117 118 140 142 164 165 166 
142 8544 -1.678920000 1.196930000 0.00000000000000000000 1.00000000000000000000 2 0 8 117 118 119 141 143 165 166 167 
143 8545 -1.629020000 1.279740000 0.00000000000000000000 1.00000000000000000000 2 0 8 118 119 120 142 144 166 167 168 
144 8546 -1.575830000 1.360540000 0.00000000000000000000 1.00000000000000000000 2 0 8 119 120 121 143 145 167 168 169 
145 8547 -1.519440000 1.439200000 0.00000000000000000000 1.00000000000000000000 2 0 8 120 121 122 144 146 168 169 170 
146 8548 -1.459930000 1.515610000 0.00000000000000000000 1.00000000000000000000 2 0 8 121 122 123 145 147 169 170 171 
147 8549 -1.397400000 1.589650000 0.00000000000000000000 1.00000000000000000000 2 0 8 122 123 124 146 148 170 171 172 
148 8550 -1.331950000 1.661190000 0.00000000000000000000 1.00000000000000000000 2 0 8 123 124 125 147 149 171 172 173 
149 8551 -1.263680000 1.730140000 0.00000000000000000000 1.00000000000000000000 2 0 8 124 125 345 148 150 172 173 174 
150 8552 -1.192700000 1.796380000 0.00000000000000000000 1.00000000000000000000 2 0 8 125 345 346 149 348 173 174 175 
151 8553 -2.144370000 -0.204527000 0.00000000000000000000 1.00000000000000000000 2 0 8 126 127 128 351 152 353 354 176 
152 8554 -2.150540000 -0.102318000 0.00000000000000000000 1.00000000000000000000 2 0 8 127 128 129 151 153 354 176 177 
153 8555 -2.152600000 0.000052512 0.00000000000000000000 1.00000000000000000000 2 0 8 128 129 130 152 154 176 177 178 
154 8556 -2.150540000 0.102423000 0.00000000000000000000 1.00000000000000000000 2 0 8 129 130 131 153 155 177 178 179 
155 8557 -2.144360000 0.204632000 0.00000000000000000000 1.00000000000000000000 2 0 8 130 131 132 154 156 178 179 180 
156 8558 -2.134080000 0.306520000 0.00000000000000000000 1.00000000000000000000 2 0 8 131 132 133 155 157 179 180 181 
157 8559 -2.119710000 0.407926000 0.00000000000000000000 1.00000000000000000000 2 0 8 132 133 134 156 158 180 181 182 
158 8560 -2.101280000 0.508691000 0.00000000000000000000 1.00000000000000000000 2 0 8 133 134 135 157 159 181 182 183 
159 8561 -2.078820000 0.608658000 0.00000000000000000000 1.00000000000000000000 2 0 8 134 135 136 158 160 182 183 184 
160 8562 -2.052350000 0.707668000 0.00000000000000000000 1.00000000000000000000 2 0 8 135 136 137 159 161 183 184 185 
161 8563 -2.021930000 0.805567000 0.00000000000000000000 1.00000000000000000000 2 0 8 136 137 138 160 162 184 185 186 
162 8564 -1.987590000 0.902202000 0.00000000000000000000 1.00000000000000000000 2 0 8 137 138 139 161 163 185 186 187 
163 8565 -1.949410000 0.997420000 0.00000000000000000000 1.00000000000000000000 2 0 8 138 139 140 162 164 186 187 188 
164 8566 -1.907430000 1.091070000 0.00000000000000000000 1.00000000000000000000 2 0 8 139 140 141 163 165 187 188 189 
165 8567 -1.861720000 1.183010000 0.00000000000000000000 1.00000000000000000000 2 0 8 140 141 142 164 166 188 189 190 
166 8568 -1.812360000 1.273100000 0.00000000000000000000 1.00000000000000000000 2 0 8 141 142 143 165 167 189 190 191 
167 8569 -1.759430000 1.361190000 0.00000000000000000000 1.00000000000000000000 2 0 8 142 143 144 166 168 190 191 192 
168 8570 -1.703000000 1.447150000 0.00000000000000000000 1.00000000000000000000 2 0 8 143 144 145 167 169 191 192 193 
169 8571 -1.643180000 1.530840000 0.00000000000000000000 1.00000000000000000000 2 0 8 144 145 146 168 170 192 193 194 
170 8572 -1.580040000 1.612130000 0.00000000000000000000 1.00000000000000000000 2 0 8 145 146 147 169 171 193 194 195 
171 8573 -1.513710000 1.690900000 0.00000000000000000000 1.00000000000000000000 2 0 8 146 147 148 170 172 194 195 196 
172 8574 -1.444270000 1.767030000 0.00000000000000000000 1.00000000000000000000 2 0 8 147 148 149 171 173 195 196 197 
173 8575 -1.371840000 1.840390000 0.00000000000000000000 1.00000000000000000000 2 0 8 148 149 150 172 174 196 197 198 
174 8576 -1.296530000 1.910870000 0.00000000000000000000 1.00000000000000000000 2 0 8 149 150 348 173 175 197 198 199 
175 8577 -1.218470000 1.978370000 0.00000000000000000000 1.00000000000000000000 2 0 8 150 348 349 174 352 198 199 355 
176 8578 -2.313130000 -0.108813000 0.00000000000000000000 1.00000000000000000000 2 0 8 151 152 153 354 177 356 357 200 
177 8579 -2.315310000 0.000054468 0.00000000000000000000 1.00000000000000000000 2 0 8 152 153 154 176 178 357 200 201 
178 8580 -2.313130000 0.108922000 0.00000000000000000000 1.00000000000000000000 2 0 8 153 154 155 177 179 200 201 202 
179 8581 -2.306580000 0.217618000 0.00000000000000000000 1.00000000000000000000 2 0 8 154 155 156 178 180 201 202 203 
180 8582 -2.295670000 0.325973000 0.00000000000000000000 1.00000000000000000000 2 0 8 155 156 157 179 181 202 203 204 
181 8583 -2.280430000 0.433817000 0.00000000000000000000 1.00000000000000000000 2 0 8 156 157 158 180 182 203 204 205 
182 8584 -2.260870000 0.540979000 0.00000000000000000000 1.00000000000000000000 2 0 8 157 158 159 181 183 204 205 206 
183 8585 -2.237040000 0.647294000 0.00000000000000000000 1.00000000000000000000 2 0 8 158 159 160 182 184 205 206 207 
184 8586 -2.208960000 0.752592000 0.00000000000000000000 1.00000000000000000000 2 0 8 159 160 161 183 185 206 207 208 
185 8587 -2.176680000 0.856711000 0.00000000000000000000 1.00000000000000000000 2 0 8 160 161 162 184 186 207 208 209 
186 8588 -2.140260000 0.959486000 0.00000000000000000000 1.00000000000000000000 2 0 8 161 162 163 185 187 208 209 210 
187 8589 -2.099750000 1.060760000 0.00000000000000000000 1.00000000000000000000 2 0 8 162 163 164 186 188 209 210 211 
188 8590 -2.055210000 1.160370000 0.00000000000000000000 1.00000000000000000000 2 0 8 163 164 165 187 189 210 211 212 
189 8591 -2.006710000 1.258160000 0.00000000000000000000 1.00000000000000000000 2 0 8 164 165 166 188 190 211 212 213 
190 8592 -1.954340000 1.353970000 0.00000000000000000000 1.00000000000000000000 2 0 8 165 166 167 189 191 212 213 214 
191 8593 -1.898180000 1.447670000 0.00000000000000000000 1.00000000000000000000 2 0 8 166 167 168 190 192 213 214 215 
192 8594 -1.838310000 1.539110000 0.00000000000000000000 1.00000000000000000000 2 0 8 167 168 169 191 193 214 215 216 
193 8595 -1.774840000 1.628130000 0.00000000000000000000 1.00000000000000000000 2 0 8 168 169 170 192 194 215 216 217 
194 8596 -1.707850000 1.714610000 0.00000000000000000000 1.00000000000000000000 2 0 8 169 170 171 193 195 216 217 218 
195 8597 -1.637460000 1.798410000 0.00000000000000000000 1.00000000000000000000 2 0 8 170 171 172 194 196 217 218 219 
196 8598 -1.563780000 1.879390000 0.00000000000000000000 1.00000000000000000000 2 0 8 171 172 173 195 197 218 219 220 
197 8599 -1.486920000 1.957440000 0.00000000000000000000 1.00000000000000000000 2 0 8 172 173 174 196 198 219 220 221 
198 8600 -1.407010000 2.032430000 0.00000000000000000000 1.00000000000000000000 2 0 8 173 174 175 197 199 220 221 222 
199 8601 -1.324170000 2.104250000 0.00000000000000000000 1.00000000000000000000 2 0 8 174 175 352 198 355 221 222 358 
200 8602 -2.488420000 0.000056293 0.00000000000000000000 1.00000000000000000000 2 0 8 176 177 178 357 201 359 360 223 
201 8603 -2.486100000 0.115823000 0.00000000000000000000 1.00000000000000000000 2 0 8 177 178 179 200 202 360 223 224 
202 8604 -2.479150000 0.231407000 0.00000000000000000000 1.00000000000000000000 2 0 8 178 179 180 201 203 223 224 225 
203 8605 -2.467580000 0.346630000 0.00000000000000000000 1.00000000000000000000 2 0 8 179 180 181 202 204 224 225 226 
204 8606 -2.451400000 0.461308000 0.00000000000000000000 1.00000000000000000000 2 0 8 180 181 182 203 205 225 226 227 
205 8607 -2.430660000 0.575264000 0.00000000000000000000 1.00000000000000000000 2 0 8 181 182 183 204 206 226 227 228 
206 8608 -2.405370000 0.688319000 0.00000000000000000000 1.00000000000000000000 2 0 8 182 183 184 205 207 227 228 229 
207 8609 -2.375570000 0.800295000 0.00000000000000000000 1.00000000000000000000 2 0 8 183 184 185 206 208 228 229 230 
208 8610 -2.341320000 0.911018000 0.00000000000000000000 1.00000000000000000000 2 0 8 184 185 186 207 209 229 230 231 
209 8611 -2.302670000 1.020310000 0.00000000000000000000 1.00000000000000000000 2 0 8 185 186 187 208 210 230 231 232 
210 8612 -2.259680000 1.128010000 0.00000000000000000000 1.00000000000000000000 2 0 8 186 187 188 209 211 231 232 233 
211 8613 -2.212420000 1.233940000 0.00000000000000000000 1.00000000000000000000 2 0 8 187 188 189 210 212 232 233 234 
212 8614 -2.160970000 1.337940000 0.00000000000000000000 1.00000000000000000000 2 0 8 188 189 190 211 213 233 234 235 
213 8615 -2.105390000 1.439850000 0.00000000000000000000 1.00000000000000000000 2 0 8 189 190 191 212 214 234 235 236 
214 8616 -2.045800000 1.539510000 0.00000000000000000000 1.00000000000000000000 2 0 8 190 191 192 213 215 235 236 237 
215 8617 -1.982270000 1.636750000 0.00000000000000000000 1.00000000000000000000 2 0 8 191 192 193 214 216 236 237 238 
216 8618 -1.914900000 1.731440000 0.00000000000000000000 1.00000000000000000000 2 0 8 192 193 194 215 217 237 238 239 
217 8619 -1.843820000 1.823430000 0.00000000000000000000 1.00000000000000000000 2 0 8 193 194 195 216 218 238 239 240 
218 8620 -1.769120000 1.912560000 0.00000000000000000000 1.00000000000000000000 2 0 8 194 195 196 217 219 239 240 241 
219 8621 -1.690920000 1.998710000 0.00000000000000000000 1.00000000000000000000 2 0 8 195 196 197 218 220 240 241 242 
220 8622 -1.609360000 2.081740000 0.00000000000000000000 1.00000000000000000000 2 0 8 196 197 198 219 221 241 242 243 
221 8623 -1.524550000 2.161520000 0.00000000000000000000 1.00000000000000000000 2 0 8 197 198 199 220 222 242 243 244 
222 8624 -1.436630000 2.237930000 0.00000000000000000000 1.00000000000000000000 2 0 8 198 199 355 221 358 243 244 361 
223 8625 -2.670090000 0.123151000 0.00000000000000000000 1.00000000000000000000 2 0 8 200 201 202 360 224 362 363 245 
224 8626 -2.662720000 0.246051000 0.00000000000000000000 1.00000000000000000000 2 0 8 201 202 203 223 225 363 245 246 
225 8627 -2.650440000 0.368566000 0.00000000000000000000 1.00000000000000000000 2 0 8 202 203 204 224 226 245 246 247 
226 8628 -2.633280000 0.490504000 0.00000000000000000000 1.00000000000000000000 2 0 8 203 204 205 225 227 246 247 248 
227 8629 -2.611260000 0.611674000 0.00000000000000000000 1.00000000000000000000 2 0 8 204 205 206 226 228 247 248 249 
228 8630 -2.584420000 0.731887000 0.00000000000000000000 1.00000000000000000000 2 0 8 205 206 207 227 229 248 249 250 
229 8631 -2.552800000 0.850954000 0.00000000000000000000 1.00000000000000000000 2 0 8 206 207 208 228 230 249 250 251 
230 8632 -2.516460000 0.968690000 0.00000000000000000000 1.00000000000000000000 2 0 8 207 208 209 229 231 250 251 252 
231 8633 -2.475440000 1.084910000 0.00000000000000000000 1.00000000000000000000 2 0 8 208 209 210 230 232 251 252 253 
232 8634 -2.429820000 1.199430000 0.00000000000000000000 1.00000000000000000000 2 0 8 209 210 211 231 233 252 253 254 
233 8635 -2.379660000 1.312080000 0.00000000000000000000 1.00000000000000000000 2 0 8 210 211 212 232 234 253 254 255 
234 8636 -2.325050000 1.422680000 0.00000000000000000000 1.00000000000000000000 2 0 8 211 212 213 233 235 254 255 256 
235 8637 -2.266070000 1.531050000 0.00000000000000000000 1.00000000000000000000 2 0 8 212 213 214 234 236 255 256 257 
236 8638 -2.202820000 1.637030000 0.00000000000000000000 1.00000000000000000000 2 0 8 213 214 215 235 237 256 257 258 
237 8639 -2.135400000 1.740450000 0.00000000000000000000 1.00000000000000000000 2 0 8 214 215 216 236 238 257 258 259 
238 8640 -2.063900000 1.841160000 0.00000000000000000000 1.00000000000000000000 2 0 8 215 216 217 237 239 258 259 260 
239 8641 -1.988450000 1.938990000 0.00000000000000000000 1.00000000000000000000 2 0 8 216 217 218 238 240 259 260 261 
240 8642 -1.909170000 2.033790000 0.00000000000000000000 1.00000000000000000000 2 0 8 217 218 219 239 241 260 261 262 
241 8643 -1.826170000 2.125420000 0.00000000000000000000 1.00000000000000000000 2 0 8 218 219 220 240 242 261 262 263 
242 8644 -1.739600000 2.213740000 0.00000000000000000000 1.00000000000000000000 2 0 8 219 220 221 241 243 262 263 264 
243 8645 -1.649580000 2.298600000 0.00000000000000000000 1.00000000000000000000 2 0 8 220 221 222 242 244 263 264 265 
244 8646 -1.556260000 2.379890000 0.00000000000000000000 1.00000000000000000000 2 0 8 221 222 358 243 361 264 265 364 
245 8647 -2.857970000 0.261603000 0.00000000000000000000 1.00000000000000000000 2 0 8 223 224 225 363 246 365 366 266 
246 8648 -2.844940000 0.391864000 0.00000000000000000000 1.00000000000000000000 2 0 8 224 225 226 245 247 366 266 267 
247 8649 -2.826720000 0.521511000 0.00000000000000000000 1.00000000000000000000 2 0 8 225 226 227 246 248 266 267 268 
248 8650 -2.803350000 0.650343000 0.00000000000000000000 1.00000000000000000000 2 0 8 226 227 228 247 249 267 268 269 
249 8651 -2.774870000 0.778159000 0.00000000000000000000 1.00000000000000000000 2 0 8 227 228 229 248 250 268 269 270 
250 8652 -2.741310000 0.904758000 0.00000000000000000000 1.00000000000000000000 2 0 8 228 229 230 249 251 269 270 271 
251 8653 -2.702730000 1.029940000 0.00000000000000000000 1.00000000000000000000 2 0 8 229 230 231 250 252 270 271 272 
252 8654 -2.659200000 1.153520000 0.00000000000000000000 1.00000000000000000000 2 0 8 230 231 232 251 253 271 272 273 
253 8655 -2.610780000 1.275290000 0.00000000000000000000 1.00000000000000000000 2 0 8 231 232 233 252 254 272 273 274 
254 8656 -2.557540000 1.395070000 0.00000000000000000000 1.00000000000000000000 2 0 8 232 233 234 253 255 273 274 275 
255 8657 -2.499580000 1.512670000 0.00000000000000000000 1.00000000000000000000 2 0 8 233 234 235 254 256 274 275 276 
256 8658 -2.436980000 1.627910000 0.00000000000000000000 1.00000000000000000000 2 0 8 234 235 236 255 257 275 276 277 
257 8659 -2.369840000 1.740610000 0.00000000000000000000 1.00000000000000000000 2 0 8 235 236 237 256 258 276 277 278 
258 8660 -2.298270000 1.850590000 0.00000000000000000000 1.00000000000000000000 2 0 8 236 237 238 257 259 277 278 279 
259 8661 -2.222380000 1.957680000 0.00000000000000000000 1.00000000000000000000 2 0 8 237 238 239 258 260 278 279 280 
260 8662 -2.142300000 2.061720000 0.00000000000000000000 1.00000000000000000000 2 0 8 238 239 240 259 261 279 280 281 
261 8663 -2.058140000 2.162550000 0.00000000000000000000 1.00000000000000000000 2 0 8 239 240 241 260 262 280 281 282 
262 8664 -1.970040000 2.260000000 0.00000000000000000000 1.00000000000000000000 2 0 8 240 241 242 261 263 281 282 283 
263 8665 -1.878140000 2.353940000 0.00000000000000000000 1.00000000000000000000 2 0 8 241 242 243 262 264 282 283 284 
264 8666 -1.782580000 2.444200000 0.00000000000000000000 1.00000000000000000000 2 0 8 242 243 244 263 265 283 284 367 
265 8667 -1.683510000 2.530660000 0.00000000000000000000 1.00000000000000000000 2 0 8 243 244 361 264 364 284 367 368 
266 8668 -3.051790000 0.416610000 0.00000000000000000000 1.00000000000000000000 2 0 8 245 246 247 366 267 369 370 285 
267 8669 -3.032460000 0.554446000 0.00000000000000000000 1.00000000000000000000 2 0 8 246 247 248 266 268 370 285 286 
268 8670 -3.007650000 0.691417000 0.00000000000000000000 1.00000000000000000000 2 0 8 247 248 249 267 269 285 286 287 
269 8671 -2.977420000 0.827308000 0.00000000000000000000 1.00000000000000000000 2 0 8 248 249 250 268 270 286 287 288 
270 8672 -2.941800000 0.961906000 0.00000000000000000000 1.00000000000000000000 2 0 8 249 250 251 269 271 287 288 289 
271 8673 -2.900850000 1.095000000 0.00000000000000000000 1.00000000000000000000 2 0 8 250 251 252 270 272 288 289 290 
272 8674 -2.854640000 1.226390000 0.00000000000000000000 1.00000000000000000000 2 0 8 251 252 253 271 273 289 290 291 
273 8675 -2.803240000 1.355860000 0.00000000000000000000 1.00000000000000000000 2 0 8 252 253 254 272 274 290 291 292 
274 8676 -2.746730000 1.483220000 0.00000000000000000000 1.00000000000000000000 2 0 8 253 254 255 273 275 291 292 293 
275 8677 -2.685200000 1.608260000 0.00000000000000000000 1.00000000000000000000 2 0 8 254 255 256 274 276 292 293 294 
276 8678 -2.618750000 1.730790000 0.00000000000000000000 1.00000000000000000000 2 0 8 255 256 257 275 277 293 294 295 
277 8679 -2.547480000 1.850630000 0.00000000000000000000 1.00000000000000000000 2 0 8 256 257 258 276 278 294 295 296 
278 8680 -2.471500000 1.967580000 0.00000000000000000000 1.00000000000000000000 2 0 8 257 258 259 277 279 295 296 297 
279 8681 -2.390940000 2.081460000 0.00000000000000000000 1.00000000000000000000 2 0 8 258 259 260 278 280 296 297 298 
280 8682 -2.305920000 2.192090000 0.00000000000000000000 1.00000000000000000000 2 0 8 259 260 261 279 281 297 298 299 
281 8683 -2.216570000 2.299310000 0.00000000000000000000 1.00000000000000000000 2 0 8 260 261 262 280 282 298 299 300 
282 8684 -2.123040000 2.402950000 0.00000000000000000000 1.00000000000000000000 2 0 8 261 262 263 281 283 299 300 301 
283 8685 -2.025480000 2.502850000 0.00000000000000000000 1.00000000000000000000 2 0 8 262 263 264 282 284 300 301 371 
284 8686 -1.924020000 2.598860000 0.00000000000000000000 1.00000000000000000000 2 0 8 263 264 265 283 367 301 371 372 
285 8687 -3.251250000 0.589431000 0.00000000000000000000 1.00000000000000000000 2 0 8 266 267 268 370 286 373 374 375 
286 8688 -3.224920000 0.735047000 0.00000000000000000000 1.00000000000000000000 2 0 8 267 268 269 285 287 374 375 376 
287 8689 -3.192820000 0.879516000 0.00000000000000000000 1.00000000000000000000 2 0 8 268 269 270 286 288 375 376 377 
288 8690 -3.155000000 1.022610000 0.00000000000000000000 1.00000000000000000000 2 0 8 269 270 271 287 289 376 377 378 
289 8691 -3.111530000 1.164110000 0.00000000000000000000 1.00000000000000000000 2 0 8 270 271 272 288 290 377 378 379 
290 8692 -3.062480000 1.303800000 0.00000000000000000000 1.00000000000000000000 2 0 8 271 272 273 289 291 378 379 380 
291 8693 -3.007910000 1.441450000 0.00000000000000000000 1.00000000000000000000 2 0 8 272 273 274 290 292 379 380 381 
292 8694 -2.947920000 1.576860000 0.00000000000000000000 1.00000000000000000000 2 0 8 273 274 275 291 293 380 381 382 
293 8695 -2.882600000 1.709800000 0.00000000000000000000 1.00000000000000000000 2 0 8 274 275 276 292 294 381 382 383 
294 8696 -2.812050000 1.840080000 0.00000000000000000000 1.00000000000000000000 2 0 8 275 276 277 293 295 382 383 384 
295 8697 -2.736380000 1.967500000 0.00000000000000000000 1.00000000000000000000 2 0 8 276 277 278 294 296 383 384 385 
296 8698 -2.655720000 2.091850000 0.00000000000000000000 1.00000000000000000000 2 0 8 277 278 279 295 297 384 385 386 
297 8699 -2.570190000 2.212940000 0.00000000000000000000 1.00000000000000000000 2 0 8 278 279 280 296 298 385 386 387 
298 8700 -2.479930000 2.330580000 0.00000000000000000000 1.00000000000000000000 2 0 8 279 280 281 297 299 386 387 388 
299 8701 -2.385070000 2.444600000 0.00000000000000000000 1.00000000000000000000 2 0 8 280 281 282 298 300 387 388 389 
300 8702 -2.285760000 2.554810000 0.00000000000000000000 1.00000000000000000000 2 0 8 281 282 283 299 301 388 389 390 
301 8703 -2.182170000 2.661040000 0.00000000000000000000 1.00000000000000000000 2 0 8 282 283 284 300 371 389 390 391 
302 8388 -0.842751 0.583961 2 0
303 8389 -0.817134 0.633101 2 0
304 8390 -0.789473 0.681231 2 0
305 7678 -0.759815 0.728277 2 0
306 800 -1.06208 0.116784 2 0
307 8391 -1.05598 0.174926 2 0
308 8392 -1.04745 0.232789 2 0
309 8393 -1.03652 0.290281 2 0
310 8394 -1.02318 0.347309 2 0
311 8396 -0.989427 0.459614 2 0
312 8397 -0.969059 0.514712 2 0
313 8398 -0.946408 0.56899 2 0
314 8399 -0.921509 0.622362 2 0
315 7699 -0.833756 0.776205 2 0
316 7700 -0.800311 0.825126 2 0
317 822 -1.15815 0.062272 2 0
318 823 -1.15427 0.12441 2 0
319 8400 -1.1131 0.369997 2 0
320 8401 -1.09648 0.430164 2 0
321 8402 -1.07738 0.489646 2 0
322 7719 -0.877196 0.879123 2 0
323 7720 -0.839665 0.929866 2 0
324 843 -1.25802 3.7106e-05 2 0
325 844 -1.25665 0.0663179 2 0
326 7737 -0.919404 0.990418 2 0
327 7738 -0.877469 1.04291 2 0
328 862 -1.3616 -0.0705288 2 0
329 863 -1.36304 3.93603e-05 2 0
330 7753 -0.959947 1.11054 2 0
331 7754 -0.913273 1.1647 2 0
332 879 -1.46878 -0.150069 2 0
333 880 -1.47339 -0.0750733 2 0
334 7767 -0.998345 1.23993 2 0
335 7768 -0.946578 1.29566 2 0
336 894 -1.57943 -0.239265 2 0
337 895 -1.58756 -0.159706 2 0
338 7779 -1.03407 1.37908 2 0
339 7780 -0.976839 1.43625 2 0
340 896 -1.69336 -0.338836 2 0
341 897 -1.70541 -0.254584 2 0
342 7788 -1.06654 1.52845 2 0
343 7789 -1.00345 1.58692 2 0
344 1844 -1.82673 -0.360474 2 0
345 7795 -1.09513 1.68853 2 0
346 7796 -1.02577 1.74812 2 0
347 1857 -1.96868 -0.383441 2 0
348 7800 -1.11912 1.85981 2 0
349 7801 -1.04307 1.92033 2 0
350 1869 -2.11973 -0.407822 2 0
351 1870 -2.13409 -0.306416 2 0
352 7803 -1.13777 2.04278 2 0
353 1882 -2.29568 -0.325865 2 0
354 1883 -2.30658 -0.21751 2 0
355 9414 -1.23854 2.17279 2 0
356 1895 -2.47916 -0.231295 2 0
357 1896 -2.4861 -0.11571 2 0
358 9434 -1.34574 2.31085 2 0
359 1908 -2.6701 -0.123035 2 0
360 1909 -2.67256 5.79605e-05 2 0
361 9454 -1.45979 2.45746 2 0
362 1921 -2.86841 5.94379e-05 2 0
363 1922 -2.8658 0.130934 2 0
364 9474 -1.58109 2.61318 2 0
365 1935 -3.07393 0.1392 2 0
366 1936 -3.06562 0.278122 2 0
367 9495 -1.81885 2.69082 2 0
368 9496 -1.71011 2.77859 2 0
369 1950 -3.28646 0.295669 2 0
370 1951 -3.27177 0.442896 2 0
371 9518 -2.07445 2.76314 2 0
372 9519 -1.96278 2.86094 2 0
373 1965 -3.50569 0.47082 2 0
374 8704 -3.4839 0.626596 2 0
375 8705 -3.45595 0.781396 2 0
376 8706 -3.42187 0.934978 2 0
377 8707 -3.38172 1.0871 2 0
378 8708 -3.33557 1.23753 2 0
379 8709 -3.28349 1.38603 2 0
380 8710 -3.22555 1.53238 2 0
381 8711 -3.16186 1.67633 2 0
382 8712 -3.09251 1.81767 2 0
383 8713 -3.0176 1.95619 2 0
384 8714 -2.93727 2.09165 2 0
385 8715 -2.85162 2.22386 2 0
386 8716 -2.76081 2.35261 2 0
387 8717 -2.66497 2.4777 2 0
388 8718 -2.56425 2.59894 2 0
389 8719 -2.4588 2.71613 2 0
390 8720 -2.3488 2.8291 2 0
391 8721 -2.23442 2.93767 2 0
