362 295 67
1 4799 1.093010000 3.703630000 0.00000000000000000000 1.00000000000000000000 2 0 8 296 297 298 311 2 13 14 15 
2 4800 1.239090000 3.677150000 0.00000000000000000000 1.00000000000000000000 2 0 8 297 298 299 1 3 14 15 16 
3 4801 1.383980000 3.645010000 0.00000000000000000000 1.00000000000000000000 2 0 8 298 299 300 2 4 15 16 17 
4 4802 1.527460000 3.607260000 0.00000000000000000000 1.00000000000000000000 2 0 8 299 300 301 3 5 16 17 18 
5 4803 1.669320000 3.563980000 0.00000000000000000000 1.00000000000000000000 2 0 8 300 301 302 4 6 17 18 19 
6 4804 1.809340000 3.515210000 0.00000000000000000000 1.00000000000000000000 2 0 8 301 302 303 5 7 18 19 20 
7 4805 1.947300000 3.461050000 0.00000000000000000000 1.00000000000000000000 2 0 8 302 303 304 6 8 19 20 21 
8 4806 2.083000000 3.401580000 0.00000000000000000000 1.00000000000000000000 2 0 8 303 304 305 7 9 20 21 22 
9 4807 2.216220000 3.336890000 0.00000000000000000000 1.00000000000000000000 2 0 8 304 305 306 8 10 21 22 23 
10 4808 2.346760000 3.267080000 0.00000000000000000000 1.00000000000000000000 2 0 8 305 306 307 9 11 22 23 24 
11 4809 2.474420000 3.192270000 0.00000000000000000000 1.00000000000000000000 2 0 8 306 307 308 10 12 23 24 25 
12 4810 2.599010000 3.112570000 0.00000000000000000000 1.00000000000000000000 2 0 8 307 308 309 11 312 24 25 26 
13 4811 0.973678000 3.960710000 0.00000000000000000000 1.00000000000000000000 2 0 8 310 311 1 316 14 28 29 30 
14 4812 1.129890000 3.938660000 0.00000000000000000000 1.00000000000000000000 2 0 8 311 1 2 13 15 29 30 31 
15 4813 1.285080000 3.910550000 0.00000000000000000000 1.00000000000000000000 2 0 8 1 2 3 14 16 30 31 32 
16 4814 1.439020000 3.876420000 0.00000000000000000000 1.00000000000000000000 2 0 8 2 3 4 15 17 31 32 33 
17 4815 1.591470000 3.836330000 0.00000000000000000000 1.00000000000000000000 2 0 8 3 4 5 16 18 32 33 34 
18 4816 1.742200000 3.790340000 0.00000000000000000000 1.00000000000000000000 2 0 8 4 5 6 17 19 33 34 35 
19 4817 1.890980000 3.738520000 0.00000000000000000000 1.00000000000000000000 2 0 8 5 6 7 18 20 34 35 36 
20 4818 2.037570000 3.680970000 0.00000000000000000000 1.00000000000000000000 2 0 8 6 7 8 19 21 35 36 37 
21 4819 2.181760000 3.617760000 0.00000000000000000000 1.00000000000000000000 2 0 8 7 8 9 20 22 36 37 38 
22 4820 2.323320000 3.549000000 0.00000000000000000000 1.00000000000000000000 2 0 8 8 9 10 21 23 37 38 39 
23 4821 2.462040000 3.474800000 0.00000000000000000000 1.00000000000000000000 2 0 8 9 10 11 22 24 38 39 40 
24 4822 2.597710000 3.395270000 0.00000000000000000000 1.00000000000000000000 2 0 8 10 11 12 23 25 39 40 41 
25 4823 2.730110000 3.310540000 0.00000000000000000000 1.00000000000000000000 2 0 8 11 12 312 24 26 40 41 42 
26 4824 2.859060000 3.220730000 0.00000000000000000000 1.00000000000000000000 2 0 8 12 312 313 25 27 41 42 43 
27 4825 2.984340000 3.126000000 0.00000000000000000000 1.00000000000000000000 2 0 8 312 313 314 26 317 42 43 44 
28 4826 0.836342000 4.228680000 0.00000000000000000000 1.00000000000000000000 2 0 8 315 316 13 320 29 45 46 47 
29 4827 1.003130000 4.211770000 0.00000000000000000000 1.00000000000000000000 2 0 8 316 13 14 28 30 46 47 48 
30 4828 1.169100000 4.188380000 0.00000000000000000000 1.00000000000000000000 2 0 8 13 14 15 29 31 47 48 49 
31 4829 1.333990000 4.158530000 0.00000000000000000000 1.00000000000000000000 2 0 8 14 15 16 30 32 48 49 50 
32 4830 1.497560000 4.122290000 0.00000000000000000000 1.00000000000000000000 2 0 8 15 16 17 31 33 49 50 51 
33 4831 1.659540000 4.079700000 0.00000000000000000000 1.00000000000000000000 2 0 8 16 17 18 32 34 50 51 52 
34 4832 1.819710000 4.030850000 0.00000000000000000000 1.00000000000000000000 2 0 8 17 18 19 33 35 51 52 53 
35 4833 1.977790000 3.975790000 0.00000000000000000000 1.00000000000000000000 2 0 8 18 19 20 34 36 52 53 54 
36 4834 2.133570000 3.914630000 0.00000000000000000000 1.00000000000000000000 2 0 8 19 20 21 35 37 53 54 55 
37 4835 2.286790000 3.847460000 0.00000000000000000000 1.00000000000000000000 2 0 8 20 21 22 36 38 54 55 56 
38 4836 2.437220000 3.774380000 0.00000000000000000000 1.00000000000000000000 2 0 8 21 22 23 37 39 55 56 57 
39 4837 2.584640000 3.695510000 0.00000000000000000000 1.00000000000000000000 2 0 8 22 23 24 38 40 56 57 58 
40 4838 2.728820000 3.610970000 0.00000000000000000000 1.00000000000000000000 2 0 8 23 24 25 39 41 57 58 59 
41 4839 2.869530000 3.520890000 0.00000000000000000000 1.00000000000000000000 2 0 8 24 25 26 40 42 58 59 60 
42 4840 3.006560000 3.425420000 0.00000000000000000000 1.00000000000000000000 2 0 8 25 26 27 41 43 59 60 61 
43 4841 3.139710000 3.324690000 0.00000000000000000000 1.00000000000000000000 2 0 8 26 27 317 42 44 60 61 62 
44 4842 3.268780000 3.218880000 0.00000000000000000000 1.00000000000000000000 2 0 8 27 317 318 43 321 61 62 63 
45 4843 0.679428000 4.507460000 0.00000000000000000000 1.00000000000000000000 2 0 8 319 320 28 324 46 64 65 66 
46 4844 0.857231000 4.496470000 0.00000000000000000000 1.00000000000000000000 2 0 8 320 28 29 45 47 65 66 67 
47 4845 1.034440000 4.478540000 0.00000000000000000000 1.00000000000000000000 2 0 8 28 29 30 46 48 66 67 68 
48 4846 1.210790000 4.453720000 0.00000000000000000000 1.00000000000000000000 2 0 8 29 30 31 47 49 67 68 69 
49 4847 1.386000000 4.422030000 0.00000000000000000000 1.00000000000000000000 2 0 8 30 31 32 48 50 68 69 70 
50 4848 1.559800000 4.383550000 0.00000000000000000000 1.00000000000000000000 2 0 8 31 32 33 49 51 69 70 71 
51 4849 1.731930000 4.338310000 0.00000000000000000000 1.00000000000000000000 2 0 8 32 33 34 50 52 70 71 72 
52 4850 1.902120000 4.286410000 0.00000000000000000000 1.00000000000000000000 2 0 8 33 34 35 51 53 71 72 73 
53 4851 2.070110000 4.227910000 0.00000000000000000000 1.00000000000000000000 2 0 8 34 35 36 52 54 72 73 74 
54 4852 2.235650000 4.162920000 0.00000000000000000000 1.00000000000000000000 2 0 8 35 36 37 53 55 73 74 75 
55 4853 2.398470000 4.091530000 0.00000000000000000000 1.00000000000000000000 2 0 8 36 37 38 54 56 74 75 76 
56 4854 2.558340000 4.013860000 0.00000000000000000000 1.00000000000000000000 2 0 8 37 38 39 55 57 75 76 77 
57 4855 2.715010000 3.930030000 0.00000000000000000000 1.00000000000000000000 2 0 8 38 39 40 56 58 76 77 78 
58 4856 2.868230000 3.840170000 0.00000000000000000000 1.00000000000000000000 2 0 8 39 40 41 57 59 77 78 79 
59 4857 3.017780000 3.744410000 0.00000000000000000000 1.00000000000000000000 2 0 8 40 41 42 58 60 78 79 80 
60 4858 3.163420000 3.642910000 0.00000000000000000000 1.00000000000000000000 2 0 8 41 42 43 59 61 79 80 81 
61 4859 3.304940000 3.535830000 0.00000000000000000000 1.00000000000000000000 2 0 8 42 43 44 60 62 80 81 82 
62 4860 3.442110000 3.423320000 0.00000000000000000000 1.00000000000000000000 2 0 8 43 44 321 61 63 81 82 83 
63 4861 3.574730000 3.305570000 0.00000000000000000000 1.00000000000000000000 2 0 8 44 321 322 62 325 82 83 84 
64 4862 0.501263000 4.796910000 0.00000000000000000000 1.00000000000000000000 2 0 8 323 324 45 327 65 329 85 86 
65 4863 0.690519000 4.792660000 0.00000000000000000000 1.00000000000000000000 2 0 8 324 45 46 64 66 85 86 87 
66 4864 0.879440000 4.781020000 0.00000000000000000000 1.00000000000000000000 2 0 8 45 46 47 65 67 86 87 88 
67 4865 1.067740000 4.762010000 0.00000000000000000000 1.00000000000000000000 2 0 8 46 47 48 66 68 87 88 89 
68 4866 1.255110000 4.735670000 0.00000000000000000000 1.00000000000000000000 2 0 8 47 48 49 67 69 88 89 90 
69 4867 1.441290000 4.702040000 0.00000000000000000000 1.00000000000000000000 2 0 8 48 49 50 68 70 89 90 91 
70 4868 1.625980000 4.661170000 0.00000000000000000000 1.00000000000000000000 2 0 8 49 50 51 69 71 90 91 92 
71 4869 1.808890000 4.613120000 0.00000000000000000000 1.00000000000000000000 2 0 8 50 51 52 70 72 91 92 93 
72 4870 1.989740000 4.557980000 0.00000000000000000000 1.00000000000000000000 2 0 8 51 52 53 71 73 92 93 94 
73 4871 2.168270000 4.495830000 0.00000000000000000000 1.00000000000000000000 2 0 8 52 53 54 72 74 93 94 95 
74 4872 2.344190000 4.426770000 0.00000000000000000000 1.00000000000000000000 2 0 8 53 54 55 73 75 94 95 96 
75 4873 2.517230000 4.350900000 0.00000000000000000000 1.00000000000000000000 2 0 8 54 55 56 74 76 95 96 97 
76 4874 2.687130000 4.268350000 0.00000000000000000000 1.00000000000000000000 2 0 8 55 56 57 75 77 96 97 98 
77 4875 2.853630000 4.179250000 0.00000000000000000000 1.00000000000000000000 2 0 8 56 57 58 76 78 97 98 99 
78 4876 3.016480000 4.083730000 0.00000000000000000000 1.00000000000000000000 2 0 8 57 58 59 77 79 98 99 100 
79 4877 3.175420000 3.981940000 0.00000000000000000000 1.00000000000000000000 2 0 8 58 59 60 78 80 99 100 101 
80 4878 3.330220000 3.874040000 0.00000000000000000000 1.00000000000000000000 2 0 8 59 60 61 79 81 100 101 102 
81 4879 3.480630000 3.760190000 0.00000000000000000000 1.00000000000000000000 2 0 8 60 61 62 80 82 101 102 103 
82 4880 3.626430000 3.640590000 0.00000000000000000000 1.00000000000000000000 2 0 8 61 62 63 81 83 102 103 104 
83 4881 3.767390000 3.515400000 0.00000000000000000000 1.00000000000000000000 2 0 8 62 63 325 82 84 103 104 105 
84 4882 3.903310000 3.384820000 0.00000000000000000000 1.00000000000000000000 2 0 8 63 325 326 83 328 104 105 330 
85 4883 0.501216000 5.100190000 0.00000000000000000000 1.00000000000000000000 2 0 8 327 64 65 329 86 331 332 106 
86 4884 0.702309000 5.095730000 0.00000000000000000000 1.00000000000000000000 2 0 8 64 65 66 85 87 332 106 107 
87 4885 0.903050000 5.083410000 0.00000000000000000000 1.00000000000000000000 2 0 8 65 66 67 86 88 106 107 108 
88 4886 1.103130000 5.063260000 0.00000000000000000000 1.00000000000000000000 2 0 8 66 67 68 87 89 107 108 109 
89 4887 1.302240000 5.035310000 0.00000000000000000000 1.00000000000000000000 2 0 8 67 68 69 88 90 108 109 110 
90 4888 1.500080000 4.999600000 0.00000000000000000000 1.00000000000000000000 2 0 8 68 69 70 89 91 109 110 111 
91 4889 1.696340000 4.956200000 0.00000000000000000000 1.00000000000000000000 2 0 8 69 70 71 90 92 110 111 112 
92 4890 1.890720000 4.905160000 0.00000000000000000000 1.00000000000000000000 2 0 8 70 71 72 91 93 111 112 113 
93 4891 2.082910000 4.846580000 0.00000000000000000000 1.00000000000000000000 2 0 8 71 72 73 92 94 112 113 114 
94 4892 2.272640000 4.780550000 0.00000000000000000000 1.00000000000000000000 2 0 8 72 73 74 93 95 113 114 115 
95 4893 2.459600000 4.707160000 0.00000000000000000000 1.00000000000000000000 2 0 8 73 74 75 94 96 114 115 116 
96 4894 2.643500000 4.626540000 0.00000000000000000000 1.00000000000000000000 2 0 8 74 75 76 95 97 115 116 117 
97 4895 2.824070000 4.538800000 0.00000000000000000000 1.00000000000000000000 2 0 8 75 76 77 96 98 116 117 118 
98 4896 3.001030000 4.444100000 0.00000000000000000000 1.00000000000000000000 2 0 8 76 77 78 97 99 117 118 119 
99 4897 3.174110000 4.342560000 0.00000000000000000000 1.00000000000000000000 2 0 8 77 78 79 98 100 118 119 120 
100 4898 3.343040000 4.234360000 0.00000000000000000000 1.00000000000000000000 2 0 8 78 79 80 99 101 119 120 121 
101 4899 3.507570000 4.119660000 0.00000000000000000000 1.00000000000000000000 2 0 8 79 80 81 100 102 120 121 122 
102 4900 3.667440000 3.998640000 0.00000000000000000000 1.00000000000000000000 2 0 8 80 81 82 101 103 121 122 123 
103 4901 3.822410000 3.871480000 0.00000000000000000000 1.00000000000000000000 2 0 8 81 82 83 102 104 122 123 124 
104 4902 3.972250000 3.738380000 0.00000000000000000000 1.00000000000000000000 2 0 8 82 83 84 103 105 123 124 125 
105 4903 4.116720000 3.599550000 0.00000000000000000000 1.00000000000000000000 2 0 8 83 84 328 104 330 124 125 333 
106 4904 0.714840000 5.417810000 0.00000000000000000000 1.00000000000000000000 2 0 8 85 86 87 332 107 334 335 126 
107 4905 0.928150000 5.404770000 0.00000000000000000000 1.00000000000000000000 2 0 8 86 87 88 106 108 335 126 127 
108 4906 1.140760000 5.383400000 0.00000000000000000000 1.00000000000000000000 2 0 8 87 88 89 107 109 126 127 128 
109 4907 1.352350000 5.353740000 0.00000000000000000000 1.00000000000000000000 2 0 8 88 89 90 108 110 127 128 129 
110 4908 1.562590000 5.315830000 0.00000000000000000000 1.00000000000000000000 2 0 8 89 90 91 109 111 128 129 130 
111 4909 1.771150000 5.269740000 0.00000000000000000000 1.00000000000000000000 2 0 8 90 91 92 110 112 129 130 131 
112 4910 1.977720000 5.215530000 0.00000000000000000000 1.00000000000000000000 2 0 8 91 92 93 111 113 130 131 132 
113 4911 2.181970000 5.153300000 0.00000000000000000000 1.00000000000000000000 2 0 8 92 93 94 112 114 131 132 133 
114 4912 2.383600000 5.083130000 0.00000000000000000000 1.00000000000000000000 2 0 8 93 94 95 113 115 132 133 134 
115 4913 2.582300000 5.005150000 0.00000000000000000000 1.00000000000000000000 2 0 8 94 95 96 114 116 133 134 135 
116 4914 2.777750000 4.919470000 0.00000000000000000000 1.00000000000000000000 2 0 8 95 96 97 115 117 134 135 136 
117 4915 2.969670000 4.826230000 0.00000000000000000000 1.00000000000000000000 2 0 8 96 97 98 116 118 135 136 137 
118 4916 3.157750000 4.725570000 0.00000000000000000000 1.00000000000000000000 2 0 8 97 98 99 117 119 136 137 138 
119 4917 3.341710000 4.617650000 0.00000000000000000000 1.00000000000000000000 2 0 8 98 99 100 118 120 137 138 139 
120 4918 3.521270000 4.502640000 0.00000000000000000000 1.00000000000000000000 2 0 8 99 100 101 119 121 138 139 140 
121 4919 3.696140000 4.380710000 0.00000000000000000000 1.00000000000000000000 2 0 8 100 101 102 120 122 139 140 141 
122 4920 3.866070000 4.252050000 0.00000000000000000000 1.00000000000000000000 2 0 8 101 102 103 121 123 140 141 142 
123 4921 4.030800000 4.116870000 0.00000000000000000000 1.00000000000000000000 2 0 8 102 103 104 122 124 141 142 143 
124 4922 4.190070000 3.975370000 0.00000000000000000000 1.00000000000000000000 2 0 8 103 104 105 123 125 142 143 144 
125 4923 4.343640000 3.827770000 0.00000000000000000000 1.00000000000000000000 2 0 8 104 105 330 124 333 143 144 336 
126 4924 0.954831000 5.746300000 0.00000000000000000000 1.00000000000000000000 2 0 8 106 107 108 335 127 337 338 145 
127 4925 1.180770000 5.723640000 0.00000000000000000000 1.00000000000000000000 2 0 8 107 108 109 126 128 338 145 146 
128 4926 1.405620000 5.692160000 0.00000000000000000000 1.00000000000000000000 2 0 8 108 109 110 127 129 145 146 147 
129 4927 1.629040000 5.651920000 0.00000000000000000000 1.00000000000000000000 2 0 8 109 110 111 128 130 146 147 148 
130 4928 1.850680000 5.602970000 0.00000000000000000000 1.00000000000000000000 2 0 8 110 111 112 129 131 147 148 149 
131 4929 2.070210000 5.545390000 0.00000000000000000000 1.00000000000000000000 2 0 8 111 112 113 130 132 148 149 150 
132 4930 2.287290000 5.479270000 0.00000000000000000000 1.00000000000000000000 2 0 8 112 113 114 131 133 149 150 151 
133 4931 2.501580000 5.404730000 0.00000000000000000000 1.00000000000000000000 2 0 8 113 114 115 132 134 150 151 152 
134 4932 2.712760000 5.321860000 0.00000000000000000000 1.00000000000000000000 2 0 8 114 115 116 133 135 151 152 153 
135 4933 2.920490000 5.230810000 0.00000000000000000000 1.00000000000000000000 2 0 8 115 116 117 134 136 152 153 154 
136 4934 3.124470000 5.131720000 0.00000000000000000000 1.00000000000000000000 2 0 8 116 117 118 135 137 153 154 155 
137 4935 3.324380000 5.024740000 0.00000000000000000000 1.00000000000000000000 2 0 8 117 118 119 136 138 154 155 156 
138 4936 3.519900000 4.910030000 0.00000000000000000000 1.00000000000000000000 2 0 8 118 119 120 137 139 155 156 157 
139 4937 3.710760000 4.787770000 0.00000000000000000000 1.00000000000000000000 2 0 8 119 120 121 138 140 156 157 158 
140 4938 3.896640000 4.658160000 0.00000000000000000000 1.00000000000000000000 2 0 8 120 121 122 139 141 157 158 159 
141 4939 4.077260000 4.521400000 0.00000000000000000000 1.00000000000000000000 2 0 8 121 122 123 140 142 158 159 160 
142 4940 4.252360000 4.377690000 0.00000000000000000000 1.00000000000000000000 2 0 8 122 123 124 141 143 159 160 161 
143 4941 4.421660000 4.227260000 0.00000000000000000000 1.00000000000000000000 2 0 8 123 124 125 142 144 160 161 162 
144 4942 4.584900000 4.070330000 0.00000000000000000000 1.00000000000000000000 2 0 8 124 125 333 143 336 161 162 339 
145 4943 1.223290000 6.085260000 0.00000000000000000000 1.00000000000000000000 2 0 8 126 127 128 338 146 340 341 163 
146 4944 1.462240000 6.051860000 0.00000000000000000000 1.00000000000000000000 2 0 8 127 128 129 145 147 341 163 164 
147 4945 1.699680000 6.009130000 0.00000000000000000000 1.00000000000000000000 2 0 8 128 129 130 146 148 163 164 165 
148 4946 1.935240000 5.957140000 0.00000000000000000000 1.00000000000000000000 2 0 8 129 130 131 147 149 164 165 166 
149 4947 2.168550000 5.895980000 0.00000000000000000000 1.00000000000000000000 2 0 8 130 131 132 148 150 165 166 167 
150 4948 2.399260000 5.825740000 0.00000000000000000000 1.00000000000000000000 2 0 8 131 132 133 149 151 166 167 168 
151 4949 2.627010000 5.746530000 0.00000000000000000000 1.00000000000000000000 2 0 8 132 133 134 150 152 167 168 169 
152 4950 2.851450000 5.658480000 0.00000000000000000000 1.00000000000000000000 2 0 8 133 134 135 151 153 168 169 170 
153 4951 3.072250000 5.561730000 0.00000000000000000000 1.00000000000000000000 2 0 8 134 135 136 152 154 169 170 171 
154 4952 3.289050000 5.456410000 0.00000000000000000000 1.00000000000000000000 2 0 8 135 136 137 153 155 170 171 172 
155 4953 3.501530000 5.342710000 0.00000000000000000000 1.00000000000000000000 2 0 8 136 137 138 154 156 171 172 173 
156 4954 3.709360000 5.220790000 0.00000000000000000000 1.00000000000000000000 2 0 8 137 138 139 155 157 172 173 174 
157 4955 3.912220000 5.090840000 0.00000000000000000000 1.00000000000000000000 2 0 8 138 139 140 156 158 173 174 175 
158 4956 4.109800000 4.953070000 0.00000000000000000000 1.00000000000000000000 2 0 8 139 140 141 157 159 174 175 176 
159 4957 4.301800000 4.807680000 0.00000000000000000000 1.00000000000000000000 2 0 8 140 141 142 158 160 175 176 177 
160 4958 4.487930000 4.654910000 0.00000000000000000000 1.00000000000000000000 2 0 8 141 142 143 159 161 176 177 178 
161 4959 4.667890000 4.494990000 0.00000000000000000000 1.00000000000000000000 2 0 8 142 143 144 160 162 177 178 179 
162 4960 4.841420000 4.328160000 0.00000000000000000000 1.00000000000000000000 2 0 8 143 144 336 161 339 178 179 342 
163 4961 1.522440000 6.434170000 0.00000000000000000000 1.00000000000000000000 2 0 8 145 146 147 341 164 343 344 180 
164 4962 1.774780000 6.388800000 0.00000000000000000000 1.00000000000000000000 2 0 8 146 147 148 163 165 344 180 181 
165 4963 2.025120000 6.333590000 0.00000000000000000000 1.00000000000000000000 2 0 8 147 148 149 164 166 180 181 182 
166 4964 2.273080000 6.268620000 0.00000000000000000000 1.00000000000000000000 2 0 8 148 149 150 165 167 181 182 183 
167 4965 2.518290000 6.194000000 0.00000000000000000000 1.00000000000000000000 2 0 8 149 150 151 166 168 182 183 184 
168 4966 2.760350000 6.109840000 0.00000000000000000000 1.00000000000000000000 2 0 8 150 151 152 167 169 183 184 185 
169 4967 2.998900000 6.016280000 0.00000000000000000000 1.00000000000000000000 2 0 8 151 152 153 168 170 184 185 186 
170 4968 3.233580000 5.913460000 0.00000000000000000000 1.00000000000000000000 2 0 8 152 153 154 169 171 185 186 187 
171 4969 3.464020000 5.801540000 0.00000000000000000000 1.00000000000000000000 2 0 8 153 154 155 170 172 186 187 188 
172 4970 3.689860000 5.680690000 0.00000000000000000000 1.00000000000000000000 2 0 8 154 155 156 171 173 187 188 189 
173 4971 3.910770000 5.551110000 0.00000000000000000000 1.00000000000000000000 2 0 8 155 156 157 172 174 188 189 190 
174 4972 4.126410000 5.412980000 0.00000000000000000000 1.00000000000000000000 2 0 8 156 157 158 173 175 189 190 191 
175 4973 4.336430000 5.266530000 0.00000000000000000000 1.00000000000000000000 2 0 8 157 158 159 174 176 190 191 192 
176 4974 4.540520000 5.111990000 0.00000000000000000000 1.00000000000000000000 2 0 8 158 159 160 175 177 191 192 193 
177 4975 4.738380000 4.949580000 0.00000000000000000000 1.00000000000000000000 2 0 8 159 160 161 176 178 192 193 194 
178 4976 4.929680000 4.779570000 0.00000000000000000000 1.00000000000000000000 2 0 8 160 161 162 177 179 193 194 195 
179 4977 5.114150000 4.602210000 0.00000000000000000000 1.00000000000000000000 2 0 8 161 162 339 178 342 194 195 345 
180 4978 1.854610000 6.792360000 0.00000000000000000000 1.00000000000000000000 2 0 8 163 164 165 344 181 347 348 196 
181 4979 2.120670000 6.733720000 0.00000000000000000000 1.00000000000000000000 2 0 8 164 165 166 180 182 348 196 197 
182 4980 2.384210000 6.664720000 0.00000000000000000000 1.00000000000000000000 2 0 8 165 166 167 181 183 196 197 198 
183 4981 2.644820000 6.585440000 0.00000000000000000000 1.00000000000000000000 2 0 8 166 167 168 182 184 197 198 199 
184 4982 2.902100000 6.496030000 0.00000000000000000000 1.00000000000000000000 2 0 8 167 168 169 183 185 198 199 200 
185 4983 3.155660000 6.396610000 0.00000000000000000000 1.00000000000000000000 2 0 8 168 169 170 184 186 199 200 201 
186 4984 3.405090000 6.287340000 0.00000000000000000000 1.00000000000000000000 2 0 8 169 170 171 185 187 200 201 202 
187 4985 3.650030000 6.168400000 0.00000000000000000000 1.00000000000000000000 2 0 8 170 171 172 186 188 201 202 203 
188 4986 3.890090000 6.039960000 0.00000000000000000000 1.00000000000000000000 2 0 8 171 172 173 187 189 202 203 204 
189 4987 4.124910000 5.902230000 0.00000000000000000000 1.00000000000000000000 2 0 8 172 173 174 188 190 203 204 205 
190 4988 4.354110000 5.755410000 0.00000000000000000000 1.00000000000000000000 2 0 8 173 174 175 189 191 204 205 206 
191 4989 4.577370000 5.599740000 0.00000000000000000000 1.00000000000000000000 2 0 8 174 175 176 190 192 205 206 207 
192 4990 4.794320000 5.435460000 0.00000000000000000000 1.00000000000000000000 2 0 8 175 176 177 191 193 206 207 208 
193 4991 5.004640000 5.262820000 0.00000000000000000000 1.00000000000000000000 2 0 8 176 177 178 192 194 207 208 209 
194 4992 5.208000000 5.082090000 0.00000000000000000000 1.00000000000000000000 2 0 8 177 178 179 193 195 208 209 210 
195 4993 5.404100000 4.893540000 0.00000000000000000000 1.00000000000000000000 2 0 8 178 179 342 194 345 209 210 211 
196 4994 2.222250000 7.159060000 0.00000000000000000000 1.00000000000000000000 2 0 8 180 181 182 348 197 350 212 213 
197 4995 2.502350000 7.085760000 0.00000000000000000000 1.00000000000000000000 2 0 8 181 182 183 196 198 212 213 214 
198 4996 2.779340000 7.001540000 0.00000000000000000000 1.00000000000000000000 2 0 8 182 183 184 197 199 213 214 215 
199 4997 3.052800000 6.906540000 0.00000000000000000000 1.00000000000000000000 2 0 8 183 184 185 198 200 214 215 216 
200 4998 3.322300000 6.800890000 0.00000000000000000000 1.00000000000000000000 2 0 8 184 185 186 199 201 215 216 217 
201 4999 3.587420000 6.684780000 0.00000000000000000000 1.00000000000000000000 2 0 8 185 186 187 200 202 216 217 218 
202 5000 3.847770000 6.558370000 0.00000000000000000000 1.00000000000000000000 2 0 8 186 187 188 201 203 217 218 219 
203 5001 4.102950000 6.421870000 0.00000000000000000000 1.00000000000000000000 2 0 8 187 188 189 202 204 218 219 220 
204 5002 4.352550000 6.275480000 0.00000000000000000000 1.00000000000000000000 2 0 8 188 189 190 203 205 219 220 221 
205 5003 4.596190000 6.119430000 0.00000000000000000000 1.00000000000000000000 2 0 8 189 190 191 204 206 220 221 222 
206 5004 4.833510000 5.953960000 0.00000000000000000000 1.00000000000000000000 2 0 8 190 191 192 205 207 221 222 223 
207 5005 5.064130000 5.779330000 0.00000000000000000000 1.00000000000000000000 2 0 8 191 192 193 206 208 222 223 224 
208 5006 5.287710000 5.595810000 0.00000000000000000000 1.00000000000000000000 2 0 8 192 193 194 207 209 223 224 225 
209 5007 5.503900000 5.403680000 0.00000000000000000000 1.00000000000000000000 2 0 8 193 194 195 208 210 224 225 226 
210 5008 5.712360000 5.203230000 0.00000000000000000000 1.00000000000000000000 2 0 8 194 195 345 209 211 225 226 227 
211 5009 5.912780000 4.994780000 0.00000000000000000000 1.00000000000000000000 2 0 8 195 345 346 210 349 226 227 351 
212 5010 2.330220000 7.611210000 0.00000000000000000000 1.00000000000000000000 2 0 8 348 196 197 350 213 353 228 229 
213 5011 2.627920000 7.533340000 0.00000000000000000000 1.00000000000000000000 2 0 8 196 197 198 212 214 228 229 230 
214 5012 2.922330000 7.443870000 0.00000000000000000000 1.00000000000000000000 2 0 8 197 198 199 213 215 229 230 231 
215 5013 3.212990000 7.342920000 0.00000000000000000000 1.00000000000000000000 2 0 8 198 199 200 214 216 230 231 232 
216 5014 3.499440000 7.230670000 0.00000000000000000000 1.00000000000000000000 2 0 8 199 200 201 215 217 231 232 233 
217 5015 3.781250000 7.107280000 0.00000000000000000000 1.00000000000000000000 2 0 8 200 201 202 216 218 232 233 234 
218 5016 4.057990000 6.972940000 0.00000000000000000000 1.00000000000000000000 2 0 8 201 202 203 217 219 233 234 235 
219 5017 4.329230000 6.827860000 0.00000000000000000000 1.00000000000000000000 2 0 8 202 203 204 218 220 234 235 236 
220 5018 4.594550000 6.672270000 0.00000000000000000000 1.00000000000000000000 2 0 8 203 204 205 219 221 235 236 237 
221 5019 4.853540000 6.506400000 0.00000000000000000000 1.00000000000000000000 2 0 8 204 205 206 220 222 236 237 238 
222 5020 5.105810000 6.330520000 0.00000000000000000000 1.00000000000000000000 2 0 8 205 206 207 221 223 237 238 239 
223 5021 5.350970000 6.144890000 0.00000000000000000000 1.00000000000000000000 2 0 8 206 207 208 222 224 238 239 240 
224 5022 5.588640000 5.949800000 0.00000000000000000000 1.00000000000000000000 2 0 8 207 208 209 223 225 239 240 241 
225 5023 5.818460000 5.745560000 0.00000000000000000000 1.00000000000000000000 2 0 8 208 209 210 224 226 240 241 242 
226 5024 6.040070000 5.532470000 0.00000000000000000000 1.00000000000000000000 2 0 8 209 210 211 225 227 241 242 243 
227 5025 6.253140000 5.310860000 0.00000000000000000000 1.00000000000000000000 2 0 8 210 211 349 226 351 242 243 244 
228 5026 2.444990000 8.091870000 0.00000000000000000000 1.00000000000000000000 2 0 8 350 212 213 353 229 356 357 245 
229 5027 2.761410000 8.009150000 0.00000000000000000000 1.00000000000000000000 2 0 8 212 213 214 228 230 357 245 246 
230 5028 3.074330000 7.914090000 0.00000000000000000000 1.00000000000000000000 2 0 8 213 214 215 229 231 245 246 247 
231 5029 3.383270000 7.806840000 0.00000000000000000000 1.00000000000000000000 2 0 8 214 215 216 230 232 246 247 248 
232 5030 3.687740000 7.687560000 0.00000000000000000000 1.00000000000000000000 2 0 8 215 216 217 231 233 247 248 249 
233 5031 3.987290000 7.556430000 0.00000000000000000000 1.00000000000000000000 2 0 8 216 217 218 232 234 248 249 250 
234 5032 4.281450000 7.413670000 0.00000000000000000000 1.00000000000000000000 2 0 8 217 218 219 233 235 249 250 251 
235 5033 4.569770000 7.259480000 0.00000000000000000000 1.00000000000000000000 2 0 8 218 219 220 234 236 250 251 252 
236 5034 4.851810000 7.094100000 0.00000000000000000000 1.00000000000000000000 2 0 8 219 220 221 235 237 251 252 253 
237 5035 5.127120000 6.917800000 0.00000000000000000000 1.00000000000000000000 2 0 8 220 221 222 236 238 252 253 254 
238 5036 5.395290000 6.730850000 0.00000000000000000000 1.00000000000000000000 2 0 8 221 222 223 237 239 253 254 255 
239 5037 5.655900000 6.533530000 0.00000000000000000000 1.00000000000000000000 2 0 8 222 223 224 238 240 254 255 256 
240 5038 5.908560000 6.326150000 0.00000000000000000000 1.00000000000000000000 2 0 8 223 224 225 239 241 255 256 257 
241 5039 6.152870000 6.109030000 0.00000000000000000000 1.00000000000000000000 2 0 8 224 225 226 240 242 256 257 258 
242 5040 6.388460000 5.882500000 0.00000000000000000000 1.00000000000000000000 2 0 8 225 226 227 241 243 257 258 259 
243 5041 6.614970000 5.646910000 0.00000000000000000000 1.00000000000000000000 2 0 8 226 227 351 242 244 258 259 260 
244 5042 6.832050000 5.402630000 0.00000000000000000000 1.00000000000000000000 2 0 8 227 351 352 243 354 259 260 261 
245 5043 2.903300000 8.514990000 0.00000000000000000000 1.00000000000000000000 2 0 8 228 229 230 357 246 359 262 263 
246 5044 3.235900000 8.414000000 0.00000000000000000000 1.00000000000000000000 2 0 8 229 230 231 245 247 262 263 264 
247 5045 3.564270000 8.300050000 0.00000000000000000000 1.00000000000000000000 2 0 8 230 231 232 246 248 263 264 265 
248 5046 3.887910000 8.173300000 0.00000000000000000000 1.00000000000000000000 2 0 8 231 232 233 247 249 264 265 266 
249 5047 4.206320000 8.033950000 0.00000000000000000000 1.00000000000000000000 2 0 8 232 233 234 248 250 265 266 267 
250 5048 4.519000000 7.882220000 0.00000000000000000000 1.00000000000000000000 2 0 8 233 234 235 249 251 266 267 268 
251 5049 4.825480000 7.718350000 0.00000000000000000000 1.00000000000000000000 2 0 8 234 235 236 250 252 267 268 269 
252 5050 5.125280000 7.542580000 0.00000000000000000000 1.00000000000000000000 2 0 8 235 236 237 251 253 268 269 270 
253 5051 5.417940000 7.355190000 0.00000000000000000000 1.00000000000000000000 2 0 8 236 237 238 252 254 269 270 271 
254 5052 5.703010000 7.156470000 0.00000000000000000000 1.00000000000000000000 2 0 8 237 238 239 253 255 270 271 272 
255 5053 5.980060000 6.946730000 0.00000000000000000000 1.00000000000000000000 2 0 8 238 239 240 254 256 271 272 273 
256 5054 6.248650000 6.726280000 0.00000000000000000000 1.00000000000000000000 2 0 8 239 240 241 255 257 272 273 274 
257 5055 6.508370000 6.495460000 0.00000000000000000000 1.00000000000000000000 2 0 8 240 241 242 256 258 273 274 275 
258 5056 6.758830000 6.254650000 0.00000000000000000000 1.00000000000000000000 2 0 8 241 242 243 257 259 274 275 276 
259 5057 6.999630000 6.004190000 0.00000000000000000000 1.00000000000000000000 2 0 8 242 243 244 258 260 275 276 277 
260 5058 7.230410000 5.744490000 0.00000000000000000000 1.00000000000000000000 2 0 8 243 244 354 259 261 276 277 278 
261 5059 7.450800000 5.475940000 0.00000000000000000000 1.00000000000000000000 2 0 8 244 354 355 260 358 277 278 360 
262 5060 3.054110000 9.052780000 0.00000000000000000000 1.00000000000000000000 2 0 8 357 245 246 359 263 361 279 280 
263 5061 3.407630000 8.945490000 0.00000000000000000000 1.00000000000000000000 2 0 8 245 246 247 262 264 279 280 281 
264 5062 3.756670000 8.824400000 0.00000000000000000000 1.00000000000000000000 2 0 8 246 247 248 263 265 280 281 282 
265 5063 4.100680000 8.689720000 0.00000000000000000000 1.00000000000000000000 2 0 8 247 248 249 264 266 281 282 283 
266 5064 4.439130000 8.541640000 0.00000000000000000000 1.00000000000000000000 2 0 8 248 249 250 265 267 282 283 284 
267 5065 4.771500000 8.380390000 0.00000000000000000000 1.00000000000000000000 2 0 8 249 250 251 266 268 283 284 285 
268 5066 5.097290000 8.206230000 0.00000000000000000000 1.00000000000000000000 2 0 8 250 251 252 267 269 284 285 286 
269 5067 5.415980000 8.019410000 0.00000000000000000000 1.00000000000000000000 2 0 8 251 252 253 268 270 285 286 287 
270 5068 5.727090000 7.820230000 0.00000000000000000000 1.00000000000000000000 2 0 8 252 253 254 269 271 286 287 288 
271 5069 6.030130000 7.609010000 0.00000000000000000000 1.00000000000000000000 2 0 8 253 254 255 270 272 287 288 289 
272 5070 6.324640000 7.386050000 0.00000000000000000000 1.00000000000000000000 2 0 8 254 255 256 271 273 288 289 290 
273 5071 6.610180000 7.151710000 0.00000000000000000000 1.00000000000000000000 2 0 8 255 256 257 272 274 289 290 291 
274 5072 6.886280000 6.906340000 0.00000000000000000000 1.00000000000000000000 2 0 8 256 257 258 273 275 290 291 292 
275 5073 7.152540000 6.650330000 0.00000000000000000000 1.00000000000000000000 2 0 8 257 258 259 274 276 291 292 293 
276 5074 7.408540000 6.384070000 0.00000000000000000000 1.00000000000000000000 2 0 8 258 259 260 275 277 292 293 294 
277 5075 7.653880000 6.107980000 0.00000000000000000000 1.00000000000000000000 2 0 8 259 260 261 276 278 293 294 295 
278 5076 7.888200000 5.822470000 0.00000000000000000000 1.00000000000000000000 2 0 8 260 261 358 277 360 294 295 362 
279 5077 3.214400000 9.624550000 0.27143445322643250384 0.96245692766048884792 3 0 8 359 262 263 361 280 357 245 246 
280 5078 3.590170000 9.510570000 0.30901667003776622789 0.95105662167863069811 3 0 8 262 263 264 279 281 245 246 247 
281 5079 3.961170000 9.381910000 0.34611905021161554208 0.93819060061408054985 3 0 8 263 264 265 280 282 246 247 248 
282 5080 4.326830000 9.238800000 0.38268023147519464322 0.92388085835679678581 3 0 8 264 265 266 281 283 247 248 249 
283 5081 4.686600000 9.081430000 0.41865513425978917450 0.90814529595099369175 3 0 8 265 266 267 282 284 248 249 250 
284 5082 5.039910000 8.910070000 0.45399140999548787123 0.89100606038921459362 3 0 8 266 267 268 283 285 249 250 251 
285 5083 5.386210000 8.724960000 0.48862780066781752453 0.87249233372822920796 3 0 8 267 268 269 284 286 250 251 252 
286 5084 5.724990000 8.526400000 0.52249486151581092663 0.85264243366699354887 3 0 8 268 269 270 285 287 251 252 253 
287 5085 6.055700000 8.314700000 0.55557278151294220425 0.83146790944808723900 3 0 8 269 270 271 286 288 252 253 254 
288 5086 6.377850000 8.090170000 0.58778618963392137431 0.80901631335569235137 3 0 8 270 271 272 287 289 253 254 255 
289 5087 6.690940000 7.853170000 0.61909246039025589425 0.78531810464800799743 3 0 8 271 272 273 288 290 254 255 256 
290 5088 6.994480000 7.604060000 0.64944366315684309843 0.76040971087001563156 3 0 8 272 273 274 289 291 255 256 257 
291 5089 7.288010000 7.343230000 0.67879778319755001981 0.73432524777927377091 3 0 8 273 274 275 290 292 256 257 258 
292 5090 7.571070000 7.071070000 0.70710678118654757274 0.70710678118654757274 3 0 8 274 275 276 291 293 257 258 259 
293 5091 7.843230000 6.788010000 0.73432524777927332682 0.67879778319755068594 3 0 8 275 276 277 292 294 258 259 260 
294 5092 8.104060000 6.494480000 0.76040971087001563156 0.64944366315684309843 3 0 8 276 277 278 293 295 259 260 261 
295 5093 8.353170000 6.190940000 0.78531810464800855254 0.61909246039025511710 3 0 8 277 278 360 294 362 260 261 358 
296 9516 0.919936 3.50201 2 0
297 9517 1.05834 3.48242 2 0
298 5357 1.19584 3.45747 2 0
299 5358 1.33222 3.4272 2 0
300 5359 1.46727 3.39167 2 0
301 5360 1.60079 3.35092 2 0
302 5361 1.73257 3.30503 2 0
303 5362 1.86242 3.25406 2 0
304 5363 1.99013 3.1981 2 0
305 5364 2.1155 3.13724 2 0
306 5365 2.23835 3.07158 2 0
307 5366 2.3585 3.0012 2 0
308 5367 2.47575 2.92624 2 0
309 5368 2.58992 2.84679 2 0
310 9539 0.798217 3.73947 2 0
311 9540 0.945981 3.72442 2 0
312 5377 2.72035 3.0281 2 0
313 5378 2.83823 2.939 2 0
314 5379 2.9525 2.8454 2 0
315 9560 0.659179 3.98649 2 0
316 9561 0.816695 3.97666 2 0
317 5385 3.10577 3.02647 2 0
318 5386 3.22317 2.92232 2 0
319 9579 0.501341 4.24293 2 0
320 9580 0.668994 4.23907 2 0
321 5390 3.39355 3.10813 2 0
322 5391 3.51386 2.99263 2 0
323 9590 0.323138 4.5086 2 0
324 9591 0.501305 4.51151 2 0
325 5393 3.7026 3.18276 2 0
326 5727 3.82552 3.05508 2 0
327 9600 0.311965 4.79376 2 0
328 5741 4.03396 3.24905 2 0
329 9036 0.300082 5.09679 2 0
330 5756 4.2556 3.4552 2 0
331 9053 0.287444 5.41882 2 0
332 9054 0.501161 5.42249 2 0
333 5772 4.49127 3.6743 2 0
334 9073 0.5011 5.76503 2 0
335 9074 0.728159 5.7601 2 0
336 5789 4.74184 3.90716 2 0
337 9095 0.742314 6.12391 2 0
338 9096 0.983192 6.10929 2 0
339 5807 5.00825 4.15468 2 0
340 9119 1.01334 6.4951 2 0
341 9120 1.2685 6.46962 2 0
342 5828 5.29149 4.41778 2 0
343 9144 1.31655 6.87816 2 0
344 9145 1.58643 6.84053 2 0
345 5850 5.59263 4.69746 2 0
346 5851 5.7733 4.49417 2 0
347 9170 1.65445 7.27248 2 0
348 9171 1.93947 7.22134 2 0
349 5872 6.10485 4.77865 2 0
350 9197 2.02967 7.67735 2 0
351 5893 6.45733 5.08109 2 0
352 5894 6.65233 4.84349 2 0
353 9223 2.12555 8.16211 2 0
354 5914 7.03936 5.15003 2 0
355 5915 7.23659 4.8895 2 0
356 9249 2.22746 8.67746 2 0
357 9250 2.56698 8.60286 2 0
358 5935 7.66049 5.19895 2 0
359 9276 2.69664 9.14611 2 0
360 5955 8.11112 5.52798 2 0
361 9301 2.83445 9.7237 3 0
362 5975 8.59017 5.87785 3 0
