386 296 90
1 602 -0.225725000 -0.531091000 0.00000000000000000000 1.00000000000000000000 2 0 8 297 298 299 313 2 14 15 16 
2 603 -0.249845000 -0.506557000 0.00000000000000000000 1.00000000000000000000 2 0 8 298 299 300 1 3 15 16 17 
3 604 -0.272811000 -0.481200000 0.00000000000000000000 1.00000000000000000000 2 0 8 299 300 301 2 4 16 17 18 
4 605 -0.294584000 -0.455059000 0.00000000000000000000 1.00000000000000000000 2 0 8 300 301 302 3 5 17 18 19 
5 606 -0.315127000 -0.428177000 0.00000000000000000000 1.00000000000000000000 2 0 8 301 302 303 4 6 18 19 20 
6 607 -0.334408000 -0.400596000 0.00000000000000000000 1.00000000000000000000 2 0 8 302 303 304 5 7 19 20 21 
7 608 -0.352393000 -0.372361000 0.00000000000000000000 1.00000000000000000000 2 0 8 303 304 305 6 8 20 21 22 
8 609 -0.369053000 -0.343516000 0.00000000000000000000 1.00000000000000000000 2 0 8 304 305 306 7 9 21 22 23 
9 610 -0.384359000 -0.314109000 0.00000000000000000000 1.00000000000000000000 2 0 8 305 306 307 8 10 22 23 24 
10 611 -0.398287000 -0.284187000 0.00000000000000000000 1.00000000000000000000 2 0 8 306 307 308 9 11 23 24 25 
11 612 -0.410812000 -0.253798000 0.00000000000000000000 1.00000000000000000000 2 0 8 307 308 309 10 12 24 25 26 
12 613 -0.421913000 -0.222992000 0.00000000000000000000 1.00000000000000000000 2 0 8 308 309 310 11 13 25 26 27 
13 614 -0.431573000 -0.191820000 0.00000000000000000000 1.00000000000000000000 2 0 8 309 310 311 12 314 26 27 317 
14 615 -0.237768000 -0.594699000 0.00000000000000000000 1.00000000000000000000 2 0 8 312 313 1 316 15 28 29 30 
15 616 -0.264332000 -0.569297000 0.00000000000000000000 1.00000000000000000000 2 0 8 313 1 2 14 16 29 30 31 
16 617 -0.289722000 -0.542975000 0.00000000000000000000 1.00000000000000000000 2 0 8 1 2 3 15 17 30 31 32 
17 618 -0.313896000 -0.515773000 0.00000000000000000000 1.00000000000000000000 2 0 8 2 3 4 16 18 31 32 33 
18 619 -0.336813000 -0.487735000 0.00000000000000000000 1.00000000000000000000 2 0 8 3 4 5 17 19 32 33 34 
19 620 -0.358436000 -0.458906000 0.00000000000000000000 1.00000000000000000000 2 0 8 4 5 6 18 20 33 34 35 
20 621 -0.378729000 -0.429331000 0.00000000000000000000 1.00000000000000000000 2 0 8 5 6 7 19 21 34 35 36 
21 622 -0.397658000 -0.399057000 0.00000000000000000000 1.00000000000000000000 2 0 8 6 7 8 20 22 35 36 37 
22 623 -0.415191000 -0.368133000 0.00000000000000000000 1.00000000000000000000 2 0 8 7 8 9 21 23 36 37 38 
23 624 -0.431300000 -0.336609000 0.00000000000000000000 1.00000000000000000000 2 0 8 8 9 10 22 24 37 38 39 
24 625 -0.445957000 -0.304536000 0.00000000000000000000 1.00000000000000000000 2 0 8 9 10 11 23 25 38 39 40 
25 626 -0.459139000 -0.271965000 0.00000000000000000000 1.00000000000000000000 2 0 8 10 11 12 24 26 39 40 41 
26 627 -0.470822000 -0.238949000 0.00000000000000000000 1.00000000000000000000 2 0 8 11 12 13 25 27 40 41 42 
27 628 -0.480987000 -0.205543000 0.00000000000000000000 1.00000000000000000000 2 0 8 12 13 314 26 317 41 42 43 
28 629 -0.248564000 -0.663017000 0.00000000000000000000 1.00000000000000000000 2 0 8 315 316 14 320 29 44 45 46 
29 630 -0.277745000 -0.636816000 0.00000000000000000000 1.00000000000000000000 2 0 8 316 14 15 28 30 45 46 47 
30 631 -0.305733000 -0.609589000 0.00000000000000000000 1.00000000000000000000 2 0 8 14 15 16 29 31 46 47 48 
31 632 -0.332483000 -0.581381000 0.00000000000000000000 1.00000000000000000000 2 0 8 15 16 17 30 32 47 48 49 
32 633 -0.357951000 -0.552235000 0.00000000000000000000 1.00000000000000000000 2 0 8 16 17 18 31 33 48 49 50 
33 634 -0.382095000 -0.522197000 0.00000000000000000000 1.00000000000000000000 2 0 8 17 18 19 32 34 49 50 51 
34 635 -0.404874000 -0.491314000 0.00000000000000000000 1.00000000000000000000 2 0 8 18 19 20 33 35 50 51 52 
35 636 -0.426252000 -0.459636000 0.00000000000000000000 1.00000000000000000000 2 0 8 19 20 21 34 36 51 52 53 
36 637 -0.446192000 -0.427213000 0.00000000000000000000 1.00000000000000000000 2 0 8 20 21 22 35 37 52 53 54 
37 638 -0.464662000 -0.394097000 0.00000000000000000000 1.00000000000000000000 2 0 8 21 22 23 36 38 53 54 55 
38 639 -0.481631000 -0.360340000 0.00000000000000000000 1.00000000000000000000 2 0 8 22 23 24 37 39 54 55 56 
39 640 -0.497070000 -0.325998000 0.00000000000000000000 1.00000000000000000000 2 0 8 23 24 25 38 40 55 56 57 
40 641 -0.510954000 -0.291126000 0.00000000000000000000 1.00000000000000000000 2 0 8 24 25 26 39 41 56 57 58 
41 642 -0.523260000 -0.255779000 0.00000000000000000000 1.00000000000000000000 2 0 8 25 26 27 40 42 57 58 59 
42 643 -0.533967000 -0.220016000 0.00000000000000000000 1.00000000000000000000 2 0 8 26 27 317 41 43 58 59 60 
43 644 -0.543058000 -0.183895000 0.00000000000000000000 1.00000000000000000000 2 0 8 27 317 318 42 321 59 60 61 
44 645 -0.257819000 -0.736247000 0.00000000000000000000 1.00000000000000000000 2 0 8 319 320 28 324 45 62 63 64 
45 646 -0.289798000 -0.709325000 0.00000000000000000000 1.00000000000000000000 2 0 8 320 28 29 44 46 63 64 65 
46 647 -0.320569000 -0.681267000 0.00000000000000000000 1.00000000000000000000 2 0 8 28 29 30 45 47 64 65 66 
47 648 -0.350082000 -0.652117000 0.00000000000000000000 1.00000000000000000000 2 0 8 29 30 31 46 48 65 66 67 
48 649 -0.378289000 -0.621918000 0.00000000000000000000 1.00000000000000000000 2 0 8 30 31 32 47 49 66 67 68 
49 650 -0.405142000 -0.590720000 0.00000000000000000000 1.00000000000000000000 2 0 8 31 32 33 48 50 67 68 69 
50 651 -0.430599000 -0.558571000 0.00000000000000000000 1.00000000000000000000 2 0 8 32 33 34 49 51 68 69 70 
51 652 -0.454616000 -0.525521000 0.00000000000000000000 1.00000000000000000000 2 0 8 33 34 35 50 52 69 70 71 
52 653 -0.477155000 -0.491623000 0.00000000000000000000 1.00000000000000000000 2 0 8 34 35 36 51 53 70 71 72 
53 654 -0.498178000 -0.456932000 0.00000000000000000000 1.00000000000000000000 2 0 8 35 36 37 52 54 71 72 73 
54 655 -0.517650000 -0.421501000 0.00000000000000000000 1.00000000000000000000 2 0 8 36 37 38 53 55 72 73 74 
55 656 -0.535539000 -0.385389000 0.00000000000000000000 1.00000000000000000000 2 0 8 37 38 39 54 56 73 74 75 
56 657 -0.551816000 -0.348652000 0.00000000000000000000 1.00000000000000000000 2 0 8 38 39 40 55 57 74 75 76 
57 658 -0.566453000 -0.311351000 0.00000000000000000000 1.00000000000000000000 2 0 8 39 40 41 56 58 75 76 77 
58 659 -0.579426000 -0.273544000 0.00000000000000000000 1.00000000000000000000 2 0 8 40 41 42 57 59 76 77 78 
59 660 -0.590713000 -0.235294000 0.00000000000000000000 1.00000000000000000000 2 0 8 41 42 43 58 60 77 78 79 
60 661 -0.600295000 -0.196662000 0.00000000000000000000 1.00000000000000000000 2 0 8 42 43 321 59 61 78 79 80 
61 662 -0.608157000 -0.157710000 0.00000000000000000000 1.00000000000000000000 2 0 8 43 321 322 60 325 79 80 81 
62 663 -0.265209000 -0.814596000 0.00000000000000000000 1.00000000000000000000 2 0 8 323 324 44 328 63 82 83 84 
63 664 -0.300178000 -0.787045000 0.00000000000000000000 1.00000000000000000000 2 0 8 324 44 45 62 64 83 84 85 
64 665 -0.333927000 -0.758238000 0.00000000000000000000 1.00000000000000000000 2 0 8 44 45 46 63 65 84 85 86 
65 666 -0.366400000 -0.728219000 0.00000000000000000000 1.00000000000000000000 2 0 8 45 46 47 64 66 85 86 87 
66 667 -0.397544000 -0.697036000 0.00000000000000000000 1.00000000000000000000 2 0 8 46 47 48 65 67 86 87 88 
67 668 -0.427309000 -0.664736000 0.00000000000000000000 1.00000000000000000000 2 0 8 47 48 49 66 68 87 88 89 
68 669 -0.455645000 -0.631371000 0.00000000000000000000 1.00000000000000000000 2 0 8 48 49 50 67 69 88 89 90 
69 670 -0.482505000 -0.596992000 0.00000000000000000000 1.00000000000000000000 2 0 8 49 50 51 68 70 89 90 91 
70 671 -0.507847000 -0.561653000 0.00000000000000000000 1.00000000000000000000 2 0 8 50 51 52 69 71 90 91 92 
71 672 -0.531628000 -0.525411000 0.00000000000000000000 1.00000000000000000000 2 0 8 51 52 53 70 72 91 92 93 
72 673 -0.553809000 -0.488324000 0.00000000000000000000 1.00000000000000000000 2 0 8 52 53 54 71 73 92 93 94 
73 674 -0.574354000 -0.450449000 0.00000000000000000000 1.00000000000000000000 2 0 8 53 54 55 72 74 93 94 95 
74 675 -0.593228000 -0.411848000 0.00000000000000000000 1.00000000000000000000 2 0 8 54 55 56 73 75 94 95 96 
75 676 -0.610400000 -0.372583000 0.00000000000000000000 1.00000000000000000000 2 0 8 55 56 57 74 76 95 96 97 
76 677 -0.625841000 -0.332715000 0.00000000000000000000 1.00000000000000000000 2 0 8 56 57 58 75 77 96 97 98 
77 678 -0.639527000 -0.292310000 0.00000000000000000000 1.00000000000000000000 2 0 8 57 58 59 76 78 97 98 99 
78 679 -0.651435000 -0.251433000 0.00000000000000000000 1.00000000000000000000 2 0 8 58 59 60 77 79 98 99 100 
79 680 -0.661544000 -0.210148000 0.00000000000000000000 1.00000000000000000000 2 0 8 59 60 61 78 80 99 100 101 
80 681 -0.669838000 -0.168524000 0.00000000000000000000 1.00000000000000000000 2 0 8 60 61 325 79 81 100 101 102 
81 682 -0.676303000 -0.126627000 0.00000000000000000000 1.00000000000000000000 2 0 8 61 325 326 80 329 101 102 103 
82 683 -0.270384000 -0.898272000 0.00000000000000000000 1.00000000000000000000 2 0 8 327 328 62 332 83 104 105 106 
83 684 -0.308546000 -0.870195000 0.00000000000000000000 1.00000000000000000000 2 0 8 328 62 63 82 84 105 106 107 
84 685 -0.345477000 -0.840734000 0.00000000000000000000 1.00000000000000000000 2 0 8 62 63 64 83 85 106 107 108 
85 686 -0.381118000 -0.809935000 0.00000000000000000000 1.00000000000000000000 2 0 8 63 64 65 84 86 107 108 109 
86 687 -0.415410000 -0.777845000 0.00000000000000000000 1.00000000000000000000 2 0 8 64 65 66 85 87 108 109 110 
87 688 -0.448297000 -0.744513000 0.00000000000000000000 1.00000000000000000000 2 0 8 65 66 67 86 88 109 110 111 
88 689 -0.479727000 -0.709993000 0.00000000000000000000 1.00000000000000000000 2 0 8 66 67 68 87 89 110 111 112 
89 690 -0.509647000 -0.674337000 0.00000000000000000000 1.00000000000000000000 2 0 8 67 68 69 88 90 111 112 113 
90 691 -0.538009000 -0.637601000 0.00000000000000000000 1.00000000000000000000 2 0 8 68 69 70 89 91 112 113 114 
91 692 -0.564766000 -0.599844000 0.00000000000000000000 1.00000000000000000000 2 0 8 69 70 71 90 92 113 114 115 
92 693 -0.589875000 -0.561125000 0.00000000000000000000 1.00000000000000000000 2 0 8 70 71 72 91 93 114 115 116 
93 694 -0.613294000 -0.521505000 0.00000000000000000000 1.00000000000000000000 2 0 8 71 72 73 92 94 115 116 117 
94 695 -0.634984000 -0.481047000 0.00000000000000000000 1.00000000000000000000 2 0 8 72 73 74 93 95 116 117 118 
95 696 -0.654911000 -0.439816000 0.00000000000000000000 1.00000000000000000000 2 0 8 73 74 75 94 96 117 118 119 
96 697 -0.673040000 -0.397877000 0.00000000000000000000 1.00000000000000000000 2 0 8 74 75 76 95 97 118 119 120 
97 698 -0.689342000 -0.355297000 0.00000000000000000000 1.00000000000000000000 2 0 8 75 76 77 96 98 119 120 121 
98 699 -0.703790000 -0.312146000 0.00000000000000000000 1.00000000000000000000 2 0 8 76 77 78 97 99 120 121 122 
99 700 -0.716361000 -0.268491000 0.00000000000000000000 1.00000000000000000000 2 0 8 77 78 79 98 100 121 122 123 
100 701 -0.727033000 -0.224403000 0.00000000000000000000 1.00000000000000000000 2 0 8 78 79 80 99 101 122 123 124 
101 702 -0.735788000 -0.179954000 0.00000000000000000000 1.00000000000000000000 2 0 8 79 80 81 100 102 123 124 125 
102 703 -0.742613000 -0.135214000 0.00000000000000000000 1.00000000000000000000 2 0 8 80 81 329 101 103 124 125 126 
103 704 -0.747496000 -0.090256000 0.00000000000000000000 1.00000000000000000000 2 0 8 81 329 330 102 333 125 126 127 
104 705 -0.272962000 -0.987488000 0.00000000000000000000 1.00000000000000000000 2 0 8 331 332 82 335 105 338 339 128 
105 706 -0.314528000 -0.959001000 0.00000000000000000000 1.00000000000000000000 2 0 8 332 82 83 104 106 339 128 129 
106 707 -0.354857000 -0.928994000 0.00000000000000000000 1.00000000000000000000 2 0 8 82 83 84 105 107 128 129 130 
107 708 -0.393883000 -0.897514000 0.00000000000000000000 1.00000000000000000000 2 0 8 83 84 85 106 108 129 130 131 
108 709 -0.431545000 -0.864608000 0.00000000000000000000 1.00000000000000000000 2 0 8 84 85 86 107 109 130 131 132 
109 710 -0.467780000 -0.830328000 0.00000000000000000000 1.00000000000000000000 2 0 8 85 86 87 108 110 131 132 133 
110 711 -0.502530000 -0.794725000 0.00000000000000000000 1.00000000000000000000 2 0 8 86 87 88 109 111 132 133 134 
111 712 -0.535738000 -0.757856000 0.00000000000000000000 1.00000000000000000000 2 0 8 87 88 89 110 112 133 134 135 
112 713 -0.567351000 -0.719778000 0.00000000000000000000 1.00000000000000000000 2 0 8 88 89 90 111 113 134 135 136 
113 714 -0.597317000 -0.680550000 0.00000000000000000000 1.00000000000000000000 2 0 8 89 90 91 112 114 135 136 137 
114 715 -0.625586000 -0.640235000 0.00000000000000000000 1.00000000000000000000 2 0 8 90 91 92 113 115 136 137 138 
115 716 -0.652113000 -0.598896000 0.00000000000000000000 1.00000000000000000000 2 0 8 91 92 93 114 116 137 138 139 
116 717 -0.676854000 -0.556598000 0.00000000000000000000 1.00000000000000000000 2 0 8 92 93 94 115 117 138 139 140 
117 718 -0.699768000 -0.513408000 0.00000000000000000000 1.00000000000000000000 2 0 8 93 94 95 116 118 139 140 141 
118 719 -0.720819000 -0.469395000 0.00000000000000000000 1.00000000000000000000 2 0 8 94 95 96 117 119 140 141 142 
119 720 -0.739970000 -0.424629000 0.00000000000000000000 1.00000000000000000000 2 0 8 95 96 97 118 120 141 142 143 
120 721 -0.757191000 -0.379181000 0.00000000000000000000 1.00000000000000000000 2 0 8 96 97 98 119 121 142 143 144 
121 722 -0.772454000 -0.333125000 0.00000000000000000000 1.00000000000000000000 2 0 8 97 98 99 120 122 143 144 145 
122 723 -0.785733000 -0.286533000 0.00000000000000000000 1.00000000000000000000 2 0 8 98 99 100 121 123 144 145 146 
123 724 -0.797006000 -0.239481000 0.00000000000000000000 1.00000000000000000000 2 0 8 99 100 101 122 124 145 146 147 
124 725 -0.806254000 -0.192043000 0.00000000000000000000 1.00000000000000000000 2 0 8 100 101 102 123 125 146 147 148 
125 726 -0.813464000 -0.144297000 0.00000000000000000000 1.00000000000000000000 2 0 8 101 102 103 124 126 147 148 149 
126 727 -0.818621000 -0.096318200 0.00000000000000000000 1.00000000000000000000 2 0 8 102 103 333 125 127 148 149 150 
127 728 -0.821719000 -0.048184700 0.00000000000000000000 1.00000000000000000000 2 0 8 103 333 334 126 336 149 150 151 
128 729 -0.361671000 -1.023260000 0.00000000000000000000 1.00000000000000000000 2 0 8 104 105 106 339 129 342 343 152 
129 730 -0.404314000 -0.991213000 0.00000000000000000000 1.00000000000000000000 2 0 8 105 106 107 128 130 343 152 153 
130 731 -0.445578000 -0.957596000 0.00000000000000000000 1.00000000000000000000 2 0 8 106 107 108 129 131 152 153 154 
131 732 -0.485397000 -0.922461000 0.00000000000000000000 1.00000000000000000000 2 0 8 107 108 109 130 132 153 154 155 
132 733 -0.523706000 -0.885863000 0.00000000000000000000 1.00000000000000000000 2 0 8 108 109 110 131 133 154 155 156 
133 734 -0.560445000 -0.847857000 0.00000000000000000000 1.00000000000000000000 2 0 8 109 110 111 132 134 155 156 157 
134 735 -0.595552000 -0.808503000 0.00000000000000000000 1.00000000000000000000 2 0 8 110 111 112 133 135 156 157 158 
135 736 -0.628972000 -0.767862000 0.00000000000000000000 1.00000000000000000000 2 0 8 111 112 113 134 136 157 158 159 
136 737 -0.660649000 -0.725998000 0.00000000000000000000 1.00000000000000000000 2 0 8 112 113 114 135 137 158 159 160 
137 738 -0.690533000 -0.682976000 0.00000000000000000000 1.00000000000000000000 2 0 8 113 114 115 136 138 159 160 161 
138 739 -0.718574000 -0.638864000 0.00000000000000000000 1.00000000000000000000 2 0 8 114 115 116 137 139 160 161 162 
139 740 -0.744726000 -0.593732000 0.00000000000000000000 1.00000000000000000000 2 0 8 115 116 117 138 140 161 162 163 
140 741 -0.768947000 -0.547652000 0.00000000000000000000 1.00000000000000000000 2 0 8 116 117 118 139 141 162 163 164 
141 742 -0.791197000 -0.500695000 0.00000000000000000000 1.00000000000000000000 2 0 8 117 118 119 140 142 163 164 165 
142 743 -0.811440000 -0.452938000 0.00000000000000000000 1.00000000000000000000 2 0 8 118 119 120 141 143 164 165 166 
143 744 -0.829643000 -0.404455000 0.00000000000000000000 1.00000000000000000000 2 0 8 119 120 121 142 144 165 166 167 
144 745 -0.845774000 -0.355325000 0.00000000000000000000 1.00000000000000000000 2 0 8 120 121 122 143 145 166 167 168 
145 746 -0.859809000 -0.305625000 0.00000000000000000000 1.00000000000000000000 2 0 8 121 122 123 144 146 167 168 169 
146 747 -0.871724000 -0.255435000 0.00000000000000000000 1.00000000000000000000 2 0 8 122 123 124 145 147 168 169 170 
147 748 -0.881499000 -0.204836000 0.00000000000000000000 1.00000000000000000000 2 0 8 123 124 125 146 148 169 170 171 
148 749 -0.889118000 -0.153908000 0.00000000000000000000 1.00000000000000000000 2 0 8 124 125 126 147 149 170 171 172 
149 750 -0.894569000 -0.102733000 0.00000000000000000000 1.00000000000000000000 2 0 8 125 126 127 148 150 171 172 173 
150 751 -0.897843000 -0.051393600 0.00000000000000000000 1.00000000000000000000 2 0 8 126 127 336 149 151 172 173 174 
151 752 -0.898934000 0.000028401 0.00000000000000000000 1.00000000000000000000 2 0 8 127 336 337 150 340 173 174 175 
152 753 -0.457101000 -1.057080000 0.00000000000000000000 1.00000000000000000000 2 0 8 128 129 130 343 153 346 347 176 
153 754 -0.500752000 -1.021200000 0.00000000000000000000 1.00000000000000000000 2 0 8 129 130 131 152 154 347 176 177 
154 755 -0.542874000 -0.983708000 0.00000000000000000000 1.00000000000000000000 2 0 8 130 131 132 153 155 176 177 178 
155 756 -0.583397000 -0.944656000 0.00000000000000000000 1.00000000000000000000 2 0 8 131 132 133 154 156 177 178 179 
156 757 -0.622257000 -0.904106000 0.00000000000000000000 1.00000000000000000000 2 0 8 132 133 134 155 157 178 179 180 
157 758 -0.659391000 -0.862121000 0.00000000000000000000 1.00000000000000000000 2 0 8 133 134 135 156 158 179 180 181 
158 759 -0.694739000 -0.818767000 0.00000000000000000000 1.00000000000000000000 2 0 8 134 135 136 157 159 180 181 182 
159 760 -0.728243000 -0.774112000 0.00000000000000000000 1.00000000000000000000 2 0 8 135 136 137 158 160 181 182 183 
160 761 -0.759849000 -0.728225000 0.00000000000000000000 1.00000000000000000000 2 0 8 136 137 138 159 161 182 183 184 
161 762 -0.789505000 -0.681178000 0.00000000000000000000 1.00000000000000000000 2 0 8 137 138 139 160 162 183 184 185 
162 763 -0.817163000 -0.633046000 0.00000000000000000000 1.00000000000000000000 2 0 8 138 139 140 161 163 184 185 186 
163 764 -0.842779000 -0.583905000 0.00000000000000000000 1.00000000000000000000 2 0 8 139 140 141 162 164 185 186 187 
164 765 -0.866309000 -0.533833000 0.00000000000000000000 1.00000000000000000000 2 0 8 140 141 142 163 165 186 187 188 
165 766 -0.887717000 -0.482908000 0.00000000000000000000 1.00000000000000000000 2 0 8 141 142 143 164 166 187 188 189 
166 767 -0.906966000 -0.431212000 0.00000000000000000000 1.00000000000000000000 2 0 8 142 143 144 165 167 188 189 190 
167 768 -0.924025000 -0.378828000 0.00000000000000000000 1.00000000000000000000 2 0 8 143 144 145 166 168 189 190 191 
168 769 -0.938866000 -0.325837000 0.00000000000000000000 1.00000000000000000000 2 0 8 144 145 146 167 169 190 191 192 
169 770 -0.951466000 -0.272326000 0.00000000000000000000 1.00000000000000000000 2 0 8 145 146 147 168 170 191 192 193 
170 771 -0.961803000 -0.218379000 0.00000000000000000000 1.00000000000000000000 2 0 8 146 147 148 169 171 192 193 194 
171 772 -0.969860000 -0.164083000 0.00000000000000000000 1.00000000000000000000 2 0 8 147 148 149 170 172 193 194 195 
172 773 -0.975624000 -0.109525000 0.00000000000000000000 1.00000000000000000000 2 0 8 148 149 150 171 173 194 195 196 
173 774 -0.979086000 -0.054791000 0.00000000000000000000 1.00000000000000000000 2 0 8 149 150 151 172 174 195 196 197 
174 775 -0.980239000 0.000030511 0.00000000000000000000 1.00000000000000000000 2 0 8 150 151 340 173 175 196 197 198 
175 776 -0.979083000 0.054852000 0.00000000000000000000 1.00000000000000000000 2 0 8 151 340 341 174 344 197 198 199 
176 777 -0.559613000 -1.088570000 0.00000000000000000000 1.00000000000000000000 2 0 8 152 153 154 347 177 349 350 200 
177 778 -0.604190000 -1.048580000 0.00000000000000000000 1.00000000000000000000 2 0 8 153 154 155 176 178 350 200 201 
178 779 -0.647075000 -1.006930000 0.00000000000000000000 1.00000000000000000000 2 0 8 154 155 156 177 179 200 201 202 
179 780 -0.688198000 -0.963681000 0.00000000000000000000 1.00000000000000000000 2 0 8 155 156 157 178 180 201 202 203 
180 781 -0.727493000 -0.918911000 0.00000000000000000000 1.00000000000000000000 2 0 8 156 157 158 179 181 202 203 204 
181 782 -0.764897000 -0.872683000 0.00000000000000000000 1.00000000000000000000 2 0 8 157 158 159 180 182 203 204 205 
182 783 -0.800349000 -0.825071000 0.00000000000000000000 1.00000000000000000000 2 0 8 158 159 160 181 183 204 205 206 
183 784 -0.833792000 -0.776149000 0.00000000000000000000 1.00000000000000000000 2 0 8 159 160 161 182 184 205 206 207 
184 785 -0.865171000 -0.725995000 0.00000000000000000000 1.00000000000000000000 2 0 8 160 161 162 183 185 206 207 208 
185 786 -0.894436000 -0.674685000 0.00000000000000000000 1.00000000000000000000 2 0 8 161 162 163 184 186 207 208 209 
186 787 -0.921538000 -0.622303000 0.00000000000000000000 1.00000000000000000000 2 0 8 162 163 164 185 187 208 209 210 
187 788 -0.946434000 -0.568930000 0.00000000000000000000 1.00000000000000000000 2 0 8 163 164 165 186 188 209 210 211 
188 789 -0.969083000 -0.514651000 0.00000000000000000000 1.00000000000000000000 2 0 8 164 165 166 187 189 210 211 212 
189 790 -0.989449000 -0.459552000 0.00000000000000000000 1.00000000000000000000 2 0 8 165 166 167 188 190 211 212 213 
190 791 -1.007500000 -0.403721000 0.00000000000000000000 1.00000000000000000000 2 0 8 166 167 168 189 191 212 213 214 
191 792 -1.023200000 -0.347246000 0.00000000000000000000 1.00000000000000000000 2 0 8 167 168 169 190 192 213 214 215 
192 793 -1.036530000 -0.290217000 0.00000000000000000000 1.00000000000000000000 2 0 8 168 169 170 191 193 214 215 216 
193 794 -1.047460000 -0.232724000 0.00000000000000000000 1.00000000000000000000 2 0 8 169 170 171 192 194 215 216 217 
194 795 -1.055990000 -0.174861000 0.00000000000000000000 1.00000000000000000000 2 0 8 170 171 172 193 195 216 217 218 
195 796 -1.062090000 -0.116718000 0.00000000000000000000 1.00000000000000000000 2 0 8 171 172 173 194 196 217 218 219 
196 797 -1.065750000 -0.058389500 0.00000000000000000000 1.00000000000000000000 2 0 8 172 173 174 195 197 218 219 220 
197 798 -1.066970000 0.000032671 0.00000000000000000000 1.00000000000000000000 2 0 8 173 174 175 196 198 219 220 221 
198 799 -1.065750000 0.058454800 0.00000000000000000000 1.00000000000000000000 2 0 8 174 175 344 197 199 220 221 222 
199 800 -1.062080000 0.116784000 0.00000000000000000000 1.00000000000000000000 2 0 8 175 344 345 198 348 221 222 351 
200 801 -0.669575000 -1.117310000 0.00000000000000000000 1.00000000000000000000 2 0 8 176 177 178 350 201 352 353 223 
201 802 -0.714977000 -1.072900000 0.00000000000000000000 1.00000000000000000000 2 0 8 177 178 179 200 202 353 223 224 
202 803 -0.758512000 -1.026800000 0.00000000000000000000 1.00000000000000000000 2 0 8 178 179 180 201 203 223 224 225 
203 804 -0.800112000 -0.979081000 0.00000000000000000000 1.00000000000000000000 2 0 8 179 180 181 202 204 224 225 226 
204 805 -0.839708000 -0.929809000 0.00000000000000000000 1.00000000000000000000 2 0 8 180 181 182 203 205 225 226 227 
205 806 -0.877237000 -0.879065000 0.00000000000000000000 1.00000000000000000000 2 0 8 181 182 183 204 206 226 227 228 
206 807 -0.912638000 -0.826928000 0.00000000000000000000 1.00000000000000000000 2 0 8 182 183 184 205 207 227 228 229 
207 808 -0.945854000 -0.773480000 0.00000000000000000000 1.00000000000000000000 2 0 8 183 184 185 206 208 228 229 230 
208 809 -0.976831000 -0.718804000 0.00000000000000000000 1.00000000000000000000 2 0 8 184 185 186 207 209 229 230 231 
209 810 -1.005520000 -0.662988000 0.00000000000000000000 1.00000000000000000000 2 0 8 185 186 187 208 210 230 231 232 
210 811 -1.031870000 -0.606118000 0.00000000000000000000 1.00000000000000000000 2 0 8 186 187 188 209 211 231 232 233 
211 812 -1.055840000 -0.548285000 0.00000000000000000000 1.00000000000000000000 2 0 8 187 188 189 210 212 232 233 234 
212 813 -1.077400000 -0.489580000 0.00000000000000000000 1.00000000000000000000 2 0 8 188 189 190 211 213 233 234 235 
213 814 -1.096500000 -0.430097000 0.00000000000000000000 1.00000000000000000000 2 0 8 189 190 191 212 214 234 235 236 
214 815 -1.113120000 -0.369929000 0.00000000000000000000 1.00000000000000000000 2 0 8 190 191 192 213 215 235 236 237 
215 816 -1.127230000 -0.309173000 0.00000000000000000000 1.00000000000000000000 2 0 8 191 192 193 214 216 236 237 238 
216 817 -1.138800000 -0.247924000 0.00000000000000000000 1.00000000000000000000 2 0 8 192 193 194 215 217 237 238 239 
217 818 -1.147820000 -0.186281000 0.00000000000000000000 1.00000000000000000000 2 0 8 193 194 195 216 218 238 239 240 
218 819 -1.154280000 -0.124340000 0.00000000000000000000 1.00000000000000000000 2 0 8 194 195 196 217 219 239 240 241 
219 820 -1.158150000 -0.062202300 0.00000000000000000000 1.00000000000000000000 2 0 8 195 196 197 218 220 240 241 242 
220 821 -1.159450000 0.000034873 0.00000000000000000000 1.00000000000000000000 2 0 8 196 197 198 219 221 241 242 243 
221 822 -1.158150000 0.062272000 0.00000000000000000000 1.00000000000000000000 2 0 8 197 198 199 220 222 242 243 354 
222 823 -1.154270000 0.124410000 0.00000000000000000000 1.00000000000000000000 2 0 8 198 199 348 221 351 243 354 355 
223 824 -0.787355000 -1.142830000 0.00000000000000000000 1.00000000000000000000 2 0 8 200 201 202 353 224 356 357 244 
224 825 -0.833462000 -1.093710000 0.00000000000000000000 1.00000000000000000000 2 0 8 201 202 203 223 225 357 244 245 
225 826 -0.877517000 -1.042860000 0.00000000000000000000 1.00000000000000000000 2 0 8 202 203 204 224 226 244 245 246 
226 827 -0.919450000 -0.990358000 0.00000000000000000000 1.00000000000000000000 2 0 8 203 204 205 225 227 245 246 247 
227 828 -0.959193000 -0.936294000 0.00000000000000000000 1.00000000000000000000 2 0 8 204 205 206 226 228 246 247 248 
228 829 -0.996681000 -0.880749000 0.00000000000000000000 1.00000000000000000000 2 0 8 205 206 207 227 229 247 248 249 
229 830 -1.031850000 -0.823810000 0.00000000000000000000 1.00000000000000000000 2 0 8 206 207 208 228 230 248 249 250 
230 831 -1.064660000 -0.765567000 0.00000000000000000000 1.00000000000000000000 2 0 8 207 208 209 229 231 249 250 251 
231 832 -1.095030000 -0.706110000 0.00000000000000000000 1.00000000000000000000 2 0 8 208 209 210 230 232 250 251 252 
232 833 -1.122940000 -0.645534000 0.00000000000000000000 1.00000000000000000000 2 0 8 209 210 211 231 233 251 252 253 
233 834 -1.148320000 -0.583934000 0.00000000000000000000 1.00000000000000000000 2 0 8 210 211 212 232 234 252 253 254 
234 835 -1.171140000 -0.521407000 0.00000000000000000000 1.00000000000000000000 2 0 8 211 212 213 233 235 253 254 255 
235 836 -1.191370000 -0.458053000 0.00000000000000000000 1.00000000000000000000 2 0 8 212 213 214 234 236 254 255 256 
236 837 -1.208970000 -0.393972000 0.00000000000000000000 1.00000000000000000000 2 0 8 213 214 215 235 237 255 256 257 
237 838 -1.223900000 -0.329264000 0.00000000000000000000 1.00000000000000000000 2 0 8 214 215 216 236 238 256 257 258 
238 839 -1.236160000 -0.264034000 0.00000000000000000000 1.00000000000000000000 2 0 8 215 216 217 237 239 257 258 259 
239 840 -1.245710000 -0.198384000 0.00000000000000000000 1.00000000000000000000 2 0 8 216 217 218 238 240 258 259 260 
240 841 -1.252540000 -0.132419000 0.00000000000000000000 1.00000000000000000000 2 0 8 217 218 219 239 241 259 260 261 
241 842 -1.256650000 -0.066243700 0.00000000000000000000 1.00000000000000000000 2 0 8 218 219 220 240 242 260 261 262 
242 843 -1.258020000 0.000037106 0.00000000000000000000 1.00000000000000000000 2 0 8 219 220 221 241 243 261 262 358 
243 844 -1.256650000 0.066317900 0.00000000000000000000 1.00000000000000000000 2 0 8 220 221 222 242 354 262 358 359 
244 845 -0.913326000 -1.164640000 0.00000000000000000000 1.00000000000000000000 2 0 8 223 224 225 357 245 360 361 263 
245 846 -0.959998000 -1.110470000 0.00000000000000000000 1.00000000000000000000 2 0 8 224 225 226 244 246 361 263 264 
246 847 -1.004420000 -1.054550000 0.00000000000000000000 1.00000000000000000000 2 0 8 225 226 227 245 247 263 264 265 
247 848 -1.046520000 -0.996971000 0.00000000000000000000 1.00000000000000000000 2 0 8 226 227 228 246 248 264 265 266 
248 849 -1.086230000 -0.937813000 0.00000000000000000000 1.00000000000000000000 2 0 8 227 228 229 247 249 265 266 267 
249 850 -1.123490000 -0.877173000 0.00000000000000000000 1.00000000000000000000 2 0 8 228 229 230 248 250 266 267 268 
250 851 -1.158240000 -0.815146000 0.00000000000000000000 1.00000000000000000000 2 0 8 229 230 231 249 251 267 268 269 
251 852 -1.190410000 -0.751830000 0.00000000000000000000 1.00000000000000000000 2 0 8 230 231 232 250 252 268 269 270 
252 853 -1.219970000 -0.687324000 0.00000000000000000000 1.00000000000000000000 2 0 8 231 232 233 251 253 269 270 271 
253 854 -1.246860000 -0.621730000 0.00000000000000000000 1.00000000000000000000 2 0 8 232 233 234 252 254 270 271 272 
254 855 -1.271030000 -0.555152000 0.00000000000000000000 1.00000000000000000000 2 0 8 233 234 235 253 255 271 272 273 
255 856 -1.292460000 -0.487694000 0.00000000000000000000 1.00000000000000000000 2 0 8 234 235 236 254 256 272 273 274 
256 857 -1.311090000 -0.419463000 0.00000000000000000000 1.00000000000000000000 2 0 8 235 236 237 255 257 273 274 275 
257 858 -1.326910000 -0.350567000 0.00000000000000000000 1.00000000000000000000 2 0 8 236 237 238 256 258 274 275 276 
258 859 -1.339890000 -0.281115000 0.00000000000000000000 1.00000000000000000000 2 0 8 237 238 239 257 259 275 276 277 
259 860 -1.350010000 -0.211218000 0.00000000000000000000 1.00000000000000000000 2 0 8 238 239 240 258 260 276 277 278 
260 861 -1.357250000 -0.140985000 0.00000000000000000000 1.00000000000000000000 2 0 8 239 240 241 259 261 277 278 279 
261 862 -1.361600000 -0.070528800 0.00000000000000000000 1.00000000000000000000 2 0 8 240 241 242 260 262 278 279 362 
262 863 -1.363040000 0.000039360 0.00000000000000000000 1.00000000000000000000 2 0 8 241 242 243 261 358 279 362 363 
263 864 -1.047860000 -1.182180000 0.00000000000000000000 1.00000000000000000000 2 0 8 244 245 246 361 264 364 365 280 
264 865 -1.094930000 -1.122640000 0.00000000000000000000 1.00000000000000000000 2 0 8 245 246 247 263 265 365 280 281 
265 866 -1.139550000 -1.061320000 0.00000000000000000000 1.00000000000000000000 2 0 8 246 247 248 264 266 280 281 282 
266 867 -1.181630000 -0.998330000 0.00000000000000000000 1.00000000000000000000 2 0 8 247 248 249 265 267 281 282 283 
267 868 -1.221110000 -0.933765000 0.00000000000000000000 1.00000000000000000000 2 0 8 248 249 250 266 268 282 283 284 
268 869 -1.257920000 -0.867727000 0.00000000000000000000 1.00000000000000000000 2 0 8 249 250 251 267 269 283 284 285 
269 870 -1.292020000 -0.800318000 0.00000000000000000000 1.00000000000000000000 2 0 8 250 251 252 268 270 284 285 286 
270 871 -1.323330000 -0.731645000 0.00000000000000000000 1.00000000000000000000 2 0 8 251 252 253 269 271 285 286 287 
271 872 -1.351820000 -0.661815000 0.00000000000000000000 1.00000000000000000000 2 0 8 252 253 254 270 272 286 287 288 
272 873 -1.377430000 -0.590939000 0.00000000000000000000 1.00000000000000000000 2 0 8 253 254 255 271 273 287 288 289 
273 874 -1.400130000 -0.519129000 0.00000000000000000000 1.00000000000000000000 2 0 8 254 255 256 272 274 288 289 290 
274 875 -1.419880000 -0.446497000 0.00000000000000000000 1.00000000000000000000 2 0 8 255 256 257 273 275 289 290 291 
275 876 -1.436640000 -0.373159000 0.00000000000000000000 1.00000000000000000000 2 0 8 256 257 258 274 276 290 291 292 
276 877 -1.450400000 -0.299230000 0.00000000000000000000 1.00000000000000000000 2 0 8 257 258 259 275 277 291 292 293 
277 878 -1.461110000 -0.224828000 0.00000000000000000000 1.00000000000000000000 2 0 8 258 259 260 276 278 292 293 294 
278 879 -1.468780000 -0.150069000 0.00000000000000000000 1.00000000000000000000 2 0 8 259 260 261 277 279 293 294 366 
279 880 -1.473390000 -0.075073300 0.00000000000000000000 1.00000000000000000000 2 0 8 260 261 262 278 362 294 366 367 
280 881 -1.191330000 -1.194860000 0.00000000000000000000 1.00000000000000000000 2 0 8 263 264 265 365 281 368 369 370 
281 882 -1.238610000 -1.129580000 0.00000000000000000000 1.00000000000000000000 2 0 8 264 265 266 280 282 369 370 371 
282 883 -1.283220000 -1.062530000 0.00000000000000000000 1.00000000000000000000 2 0 8 265 266 267 281 283 370 371 372 
283 884 -1.325060000 -0.993798000 0.00000000000000000000 1.00000000000000000000 2 0 8 266 267 268 282 284 371 372 373 
284 885 -1.364080000 -0.923504000 0.00000000000000000000 1.00000000000000000000 2 0 8 267 268 269 283 285 372 373 374 
285 886 -1.400220000 -0.851753000 0.00000000000000000000 1.00000000000000000000 2 0 8 268 269 270 284 286 373 374 375 
286 887 -1.433410000 -0.778659000 0.00000000000000000000 1.00000000000000000000 2 0 8 269 270 271 285 287 374 375 376 
287 888 -1.463600000 -0.704337000 0.00000000000000000000 1.00000000000000000000 2 0 8 270 271 272 286 288 375 376 377 
288 889 -1.490750000 -0.628902000 0.00000000000000000000 1.00000000000000000000 2 0 8 271 272 273 287 289 376 377 378 
289 890 -1.514810000 -0.552475000 0.00000000000000000000 1.00000000000000000000 2 0 8 272 273 274 288 290 377 378 379 
290 891 -1.535730000 -0.475175000 0.00000000000000000000 1.00000000000000000000 2 0 8 273 274 275 289 291 378 379 380 
291 892 -1.553500000 -0.397125000 0.00000000000000000000 1.00000000000000000000 2 0 8 274 275 276 290 292 379 380 295 
292 893 -1.568070000 -0.318447000 0.00000000000000000000 1.00000000000000000000 2 0 8 275 276 277 291 293 380 295 296 
293 894 -1.579430000 -0.239265000 0.00000000000000000000 1.00000000000000000000 2 0 8 276 277 278 292 294 295 296 381 
294 895 -1.587560000 -0.159706000 0.00000000000000000000 1.00000000000000000000 2 0 8 277 278 279 293 366 296 381 382 
295 896 -1.693360000 -0.338836000 0.00000000000000000000 1.00000000000000000000 2 0 8 291 292 293 380 296 383 384 385 
296 897 -1.705410000 -0.254584000 0.00000000000000000000 1.00000000000000000000 2 0 8 292 293 294 295 381 384 385 386 
297 478 -0.165769 -0.516859 2 0
298 1194 -0.189766 -0.49483 2 0
299 1195 -0.212703 -0.471994 2 0
300 1196 -0.234543 -0.448387 2 0
301 1197 -0.255249 -0.424048 2 0
302 1198 -0.274786 -0.399014 2 0
303 1199 -0.293123 -0.373327 2 0
304 1200 -0.310228 -0.347026 2 0
305 1201 -0.326074 -0.320155 2 0
306 1202 -0.340632 -0.292756 2 0
307 1203 -0.353879 -0.264876 2 0
308 1204 -0.365792 -0.236558 2 0
309 1205 -0.376352 -0.20785 2 0
310 1206 -0.38554 -0.178798 2 0
311 8206 -0.393341 -0.14945 2 0
312 502 -0.174181 -0.577537 2 0
313 503 -0.200489 -0.554763 2 0
314 8229 -0.439774 -0.160332 2 0
315 525 -0.181293 -0.642586 2 0
316 526 -0.210073 -0.619142 2 0
317 8252 -0.489617 -0.1718 2 0
318 8253 -0.496698 -0.137776 2 0
319 546 -0.18682 -0.712186 2 0
320 547 -0.218239 -0.688154 2 0
321 8275 -0.550516 -0.147473 2 0
322 8276 -0.556329 -0.110811 2 0
323 566 -0.190447 -0.786518 2 0
324 567 -0.224684 -0.761991 2 0
325 8296 -0.614286 -0.118502 2 0
326 8297 -0.61867 -0.0791019 2 0
327 584 -0.191835 -0.865765 2 0
328 585 -0.229075 -0.840849 2 0
329 8315 -0.680928 -0.0845243 2 0
330 8316 -0.683706 -0.0422852 2 0
331 600 -0.190615 -0.950109 2 0
332 601 -0.231052 -0.924924 2 0
333 8333 -0.750428 -0.0451523 2 0
334 8334 -0.751406 2.4356e-05 2 0
335 1531 -0.230226 -1.01441 2 0
336 8350 -0.822751 2.63469e-05 2 0
337 8351 -0.821716 0.0482373 2 0
338 1548 -0.272528 -1.08245 2 0
339 1549 -0.317719 -1.05369 2 0
340 8365 -0.897841 0.0514504 2 0
341 8366 -0.894565 0.10279 2 0
342 1568 -0.365492 -1.12377 2 0
343 1569 -0.41199 -1.09129 2 0
344 8379 -0.975619 0.109586 2 0
345 8380 -0.969852 0.164144 2 0
346 1589 -0.465672 -1.16334 2 0
347 1590 -0.513416 -1.12684 2 0
348 8391 -1.05598 0.174926 2 0
349 1611 -0.573467 -1.20076 2 0
350 1612 -0.62238 -1.15995 2 0
351 8405 -1.14782 0.18635 2 0
352 1634 -0.689285 -1.2356 2 0
353 1635 -0.73927 -1.19015 2 0
354 8414 -1.25254 0.132493 2 0
355 8415 -1.2457 0.198458 2 0
356 1657 -0.813536 -1.26739 2 0
357 1658 -0.86448 -1.21697 2 0
358 8428 -1.36159 0.0706074 2 0
359 8429 -1.35724 0.141063 2 0
360 1680 -0.946637 -1.2956 2 0
361 1681 -0.998402 -1.23987 2 0
362 8444 -1.47492 4.16231e-05 2 0
363 8445 -1.47338 0.0751565 2 0
364 1703 -1.08901 -1.31967 2 0
365 1704 -1.14143 -1.25825 2 0
366 8462 -1.59244 -0.0798942 2 0
367 8463 -1.59407 4.38805e-05 2 0
368 1726 -1.24106 -1.33896 2 0
369 1820 -1.29396 -1.27149 2 0
370 1821 -1.3441 -1.20201 2 0
371 1822 -1.39138 -1.13064 2 0
372 1823 -1.43575 -1.0575 2 0
373 1824 -1.47711 -0.982685 2 0
374 1825 -1.51542 -0.906328 2 0
375 1826 -1.55061 -0.828543 2 0
376 1827 -1.58262 -0.749453 2 0
377 1828 -1.61139 -0.669182 2 0
378 1829 -1.6369 -0.587856 2 0
379 1830 -1.65908 -0.505603 2 0
380 1831 -1.67791 -0.422553 2 0
381 8482 -1.71402 -0.169931 2 0
382 8483 -1.71919 -0.0850095 2 0
383 1843 -1.81035 -0.449538 2 0
384 1844 -1.82673 -0.360474 2 0
385 8504 -1.8395 -0.270841 2 0
386 8505 -1.84864 -0.180782 2 0
