354 296 58
1 2711 4.854990000 -1.220840000 0.00000000000000000000 1.00000000000000000000 2 0 8 297 298 299 312 2 13 14 15 
2 2712 4.803580000 -1.389890000 0.00000000000000000000 1.00000000000000000000 2 0 8 298 299 300 1 3 14 15 16 
3 2713 4.745550000 -1.556810000 0.00000000000000000000 1.00000000000000000000 2 0 8 299 300 301 2 4 15 16 17 
4 2714 4.681000000 -1.721360000 0.00000000000000000000 1.00000000000000000000 2 0 8 300 301 302 3 5 16 17 18 
5 2715 4.610010000 -1.883280000 0.00000000000000000000 1.00000000000000000000 2 0 8 301 302 303 4 6 17 18 19 
6 2716 4.532700000 -2.042320000 0.00000000000000000000 1.00000000000000000000 2 0 8 302 303 304 5 7 18 19 20 
7 2717 4.449180000 -2.198230000 0.00000000000000000000 1.00000000000000000000 2 0 8 303 304 305 6 8 19 20 21 
8 2718 4.359580000 -2.350790000 0.00000000000000000000 1.00000000000000000000 2 0 8 304 305 306 7 9 20 21 22 
9 2719 4.264040000 -2.499750000 0.00000000000000000000 1.00000000000000000000 2 0 8 305 306 307 8 10 21 22 23 
10 2720 4.162690000 -2.644890000 0.00000000000000000000 1.00000000000000000000 2 0 8 306 307 308 9 11 22 23 24 
11 2721 4.055700000 -2.785990000 0.00000000000000000000 1.00000000000000000000 2 0 8 307 308 309 10 12 23 24 25 
12 2722 3.943220000 -2.922820000 0.00000000000000000000 1.00000000000000000000 2 0 8 308 309 310 11 313 24 25 26 
13 2723 5.175840000 -1.116670000 0.00000000000000000000 1.00000000000000000000 2 0 8 311 312 1 318 14 29 30 31 
14 2724 5.128310000 -1.298440000 0.00000000000000000000 1.00000000000000000000 2 0 8 312 1 2 13 15 30 31 32 
15 2725 5.073660000 -1.478230000 0.00000000000000000000 1.00000000000000000000 2 0 8 1 2 3 14 16 31 32 33 
16 2726 5.011970000 -1.655760000 0.00000000000000000000 1.00000000000000000000 2 0 8 2 3 4 15 17 32 33 34 
17 2727 4.943350000 -1.830750000 0.00000000000000000000 1.00000000000000000000 2 0 8 3 4 5 16 18 33 34 35 
18 2728 4.867880000 -2.002950000 0.00000000000000000000 1.00000000000000000000 2 0 8 4 5 6 17 19 34 35 36 
19 2729 4.785700000 -2.172090000 0.00000000000000000000 1.00000000000000000000 2 0 8 5 6 7 18 20 35 36 37 
20 2730 4.696910000 -2.337900000 0.00000000000000000000 1.00000000000000000000 2 0 8 6 7 8 19 21 36 37 38 
21 2731 4.601670000 -2.500130000 0.00000000000000000000 1.00000000000000000000 2 0 8 7 8 9 20 22 37 38 39 
22 2732 4.500100000 -2.658540000 0.00000000000000000000 1.00000000000000000000 2 0 8 8 9 10 21 23 38 39 40 
23 2733 4.392370000 -2.812880000 0.00000000000000000000 1.00000000000000000000 2 0 8 9 10 11 22 24 39 40 41 
24 2734 4.278640000 -2.962920000 0.00000000000000000000 1.00000000000000000000 2 0 8 10 11 12 23 25 40 41 42 
25 2735 4.159080000 -3.108410000 0.00000000000000000000 1.00000000000000000000 2 0 8 11 12 313 24 26 41 42 43 
26 2736 4.033870000 -3.249150000 0.00000000000000000000 1.00000000000000000000 2 0 8 12 313 314 25 27 42 43 44 
27 2737 3.903210000 -3.384910000 0.00000000000000000000 1.00000000000000000000 2 0 8 313 314 315 26 28 43 44 45 
28 2738 3.767300000 -3.515490000 0.00000000000000000000 1.00000000000000000000 2 0 8 314 315 316 27 319 44 45 46 
29 2739 5.512360000 -0.992462000 0.00000000000000000000 1.00000000000000000000 2 0 8 317 318 13 322 30 47 48 49 
30 2740 5.469470000 -1.187590000 0.00000000000000000000 1.00000000000000000000 2 0 8 318 13 14 29 31 48 49 50 
31 2741 5.418940000 -1.380910000 0.00000000000000000000 1.00000000000000000000 2 0 8 13 14 15 30 32 49 50 51 
32 2742 5.360840000 -1.572110000 0.00000000000000000000 1.00000000000000000000 2 0 8 14 15 16 31 33 50 51 52 
33 2743 5.295270000 -1.760910000 0.00000000000000000000 1.00000000000000000000 2 0 8 15 16 17 32 34 51 52 53 
34 2744 5.222310000 -1.947010000 0.00000000000000000000 1.00000000000000000000 2 0 8 16 17 18 33 35 52 53 54 
35 2745 5.142090000 -2.130140000 0.00000000000000000000 1.00000000000000000000 2 0 8 17 18 19 34 36 53 54 55 
36 2746 5.054720000 -2.310000000 0.00000000000000000000 1.00000000000000000000 2 0 8 18 19 20 35 37 54 55 56 
37 2747 4.960330000 -2.486330000 0.00000000000000000000 1.00000000000000000000 2 0 8 19 20 21 36 38 55 56 57 
38 2748 4.859080000 -2.658850000 0.00000000000000000000 1.00000000000000000000 2 0 8 20 21 22 37 39 56 57 58 
39 2749 4.751110000 -2.827290000 0.00000000000000000000 1.00000000000000000000 2 0 8 21 22 23 38 40 57 58 59 
40 2750 4.636590000 -2.991410000 0.00000000000000000000 1.00000000000000000000 2 0 8 22 23 24 39 41 58 59 60 
41 2751 4.515700000 -3.150950000 0.00000000000000000000 1.00000000000000000000 2 0 8 23 24 25 40 42 59 60 61 
42 2752 4.388610000 -3.305660000 0.00000000000000000000 1.00000000000000000000 2 0 8 24 25 26 41 43 60 61 62 
43 2753 4.255510000 -3.455300000 0.00000000000000000000 1.00000000000000000000 2 0 8 25 26 27 42 44 61 62 63 
44 2754 4.116630000 -3.599640000 0.00000000000000000000 1.00000000000000000000 2 0 8 26 27 28 43 45 62 63 64 
45 2755 3.972150000 -3.738470000 0.00000000000000000000 1.00000000000000000000 2 0 8 27 28 319 44 46 63 64 65 
46 2756 3.822320000 -3.871560000 0.00000000000000000000 1.00000000000000000000 2 0 8 28 319 320 45 323 64 65 66 
47 2757 5.864700000 -0.846326000 0.00000000000000000000 1.00000000000000000000 2 0 8 321 322 29 326 48 67 68 69 
48 2758 5.827300000 -1.055460000 0.00000000000000000000 1.00000000000000000000 2 0 8 322 29 30 47 49 68 69 70 
49 2759 5.781700000 -1.262980000 0.00000000000000000000 1.00000000000000000000 2 0 8 29 30 31 48 50 69 70 71 
50 2760 5.727980000 -1.468560000 0.00000000000000000000 1.00000000000000000000 2 0 8 30 31 32 49 51 70 71 72 
51 2761 5.666210000 -1.671890000 0.00000000000000000000 1.00000000000000000000 2 0 8 31 32 33 50 52 71 72 73 
52 2762 5.596500000 -1.872670000 0.00000000000000000000 1.00000000000000000000 2 0 8 32 33 34 51 53 72 73 74 
53 2763 5.518940000 -2.070570000 0.00000000000000000000 1.00000000000000000000 2 0 8 33 34 35 52 54 73 74 75 
54 2764 5.433650000 -2.265310000 0.00000000000000000000 1.00000000000000000000 2 0 8 34 35 36 53 55 74 75 76 
55 2765 5.340770000 -2.456580000 0.00000000000000000000 1.00000000000000000000 2 0 8 35 36 37 54 56 75 76 77 
56 2766 5.240430000 -2.644080000 0.00000000000000000000 1.00000000000000000000 2 0 8 36 37 38 55 57 76 77 78 
57 2767 5.132790000 -2.827530000 0.00000000000000000000 1.00000000000000000000 2 0 8 37 38 39 56 58 77 78 79 
58 2768 5.018020000 -3.006650000 0.00000000000000000000 1.00000000000000000000 2 0 8 38 39 40 57 59 78 79 80 
59 2769 4.896280000 -3.181160000 0.00000000000000000000 1.00000000000000000000 2 0 8 39 40 41 58 60 79 80 81 
60 2770 4.767760000 -3.350790000 0.00000000000000000000 1.00000000000000000000 2 0 8 40 41 42 59 61 80 81 82 
61 2771 4.632660000 -3.515290000 0.00000000000000000000 1.00000000000000000000 2 0 8 41 42 43 60 62 81 82 83 
62 2772 4.491180000 -3.674390000 0.00000000000000000000 1.00000000000000000000 2 0 8 42 43 44 61 63 82 83 84 
63 2773 4.343550000 -3.827860000 0.00000000000000000000 1.00000000000000000000 2 0 8 43 44 45 62 64 83 84 85 
64 2774 4.189970000 -3.975460000 0.00000000000000000000 1.00000000000000000000 2 0 8 44 45 46 63 65 84 85 86 
65 2775 4.030700000 -4.116960000 0.00000000000000000000 1.00000000000000000000 2 0 8 45 46 323 64 66 85 86 87 
66 2776 3.865970000 -4.252130000 0.00000000000000000000 1.00000000000000000000 2 0 8 46 323 324 65 327 86 87 88 
67 2777 6.232920000 -0.676239000 0.00000000000000000000 1.00000000000000000000 2 0 8 325 326 47 330 68 89 90 91 
68 2778 6.201930000 -0.900018000 0.00000000000000000000 1.00000000000000000000 2 0 8 326 47 48 67 69 90 91 92 
69 2779 6.162160000 -1.122420000 0.00000000000000000000 1.00000000000000000000 2 0 8 47 48 49 68 70 91 92 93 
70 2780 6.113680000 -1.343100000 0.00000000000000000000 1.00000000000000000000 2 0 8 48 49 50 69 71 92 93 94 
71 2781 6.056570000 -1.561720000 0.00000000000000000000 1.00000000000000000000 2 0 8 49 50 51 70 72 93 94 95 
72 2782 5.990900000 -1.777950000 0.00000000000000000000 1.00000000000000000000 2 0 8 50 51 52 71 73 94 95 96 
73 2783 5.916790000 -1.991450000 0.00000000000000000000 1.00000000000000000000 2 0 8 51 52 53 72 74 95 96 97 
74 2784 5.834330000 -2.201910000 0.00000000000000000000 1.00000000000000000000 2 0 8 52 53 54 73 75 96 97 98 
75 2785 5.743660000 -2.408980000 0.00000000000000000000 1.00000000000000000000 2 0 8 53 54 55 74 76 97 98 99 
76 2786 5.644920000 -2.612370000 0.00000000000000000000 1.00000000000000000000 2 0 8 54 55 56 75 77 98 99 100 
77 2787 5.538250000 -2.811750000 0.00000000000000000000 1.00000000000000000000 2 0 8 55 56 57 76 78 99 100 101 
78 2788 5.423820000 -3.006820000 0.00000000000000000000 1.00000000000000000000 2 0 8 56 57 58 77 79 100 101 102 
79 2789 5.301800000 -3.197270000 0.00000000000000000000 1.00000000000000000000 2 0 8 57 58 59 78 80 101 102 103 
80 2790 5.172390000 -3.382830000 0.00000000000000000000 1.00000000000000000000 2 0 8 58 59 60 79 81 102 103 104 
81 2791 5.035760000 -3.563190000 0.00000000000000000000 1.00000000000000000000 2 0 8 59 60 61 80 82 103 104 105 
82 2792 4.892150000 -3.738090000 0.00000000000000000000 1.00000000000000000000 2 0 8 60 61 62 81 83 104 105 106 
83 2793 4.741750000 -3.907250000 0.00000000000000000000 1.00000000000000000000 2 0 8 61 62 63 82 84 105 106 107 
84 2794 4.584820000 -4.070420000 0.00000000000000000000 1.00000000000000000000 2 0 8 62 63 64 83 85 106 107 108 
85 2795 4.421570000 -4.227340000 0.00000000000000000000 1.00000000000000000000 2 0 8 63 64 65 84 86 107 108 109 
86 2796 4.252270000 -4.377770000 0.00000000000000000000 1.00000000000000000000 2 0 8 64 65 66 85 87 108 109 110 
87 2797 4.077170000 -4.521470000 0.00000000000000000000 1.00000000000000000000 2 0 8 65 66 327 86 88 109 110 111 
88 2798 3.896540000 -4.658240000 0.00000000000000000000 1.00000000000000000000 2 0 8 66 327 328 87 331 110 111 333 
89 2799 6.617010000 -0.480047000 0.00000000000000000000 1.00000000000000000000 2 0 8 329 330 67 332 90 334 112 113 
90 2800 6.593430000 -0.719119000 0.00000000000000000000 1.00000000000000000000 2 0 8 330 67 68 89 91 112 113 114 
91 2801 6.560480000 -0.957089000 0.00000000000000000000 1.00000000000000000000 2 0 8 67 68 69 90 92 113 114 115 
92 2802 6.518210000 -1.193590000 0.00000000000000000000 1.00000000000000000000 2 0 8 68 69 70 91 93 114 115 116 
93 2803 6.466670000 -1.428260000 0.00000000000000000000 1.00000000000000000000 2 0 8 69 70 71 92 94 115 116 117 
94 2804 6.405950000 -1.660740000 0.00000000000000000000 1.00000000000000000000 2 0 8 70 71 72 93 95 116 117 118 
95 2805 6.336130000 -1.890680000 0.00000000000000000000 1.00000000000000000000 2 0 8 71 72 73 94 96 117 118 119 
96 2806 6.257330000 -2.117710000 0.00000000000000000000 1.00000000000000000000 2 0 8 72 73 74 95 97 118 119 120 
97 2807 6.169670000 -2.341500000 0.00000000000000000000 1.00000000000000000000 2 0 8 73 74 75 96 98 119 120 121 
98 2808 6.073280000 -2.561700000 0.00000000000000000000 1.00000000000000000000 2 0 8 74 75 76 97 99 120 121 122 
99 2809 5.968300000 -2.777960000 0.00000000000000000000 1.00000000000000000000 2 0 8 75 76 77 98 100 121 122 123 
100 2810 5.854900000 -2.989970000 0.00000000000000000000 1.00000000000000000000 2 0 8 76 77 78 99 101 122 123 124 
101 2811 5.733250000 -3.197390000 0.00000000000000000000 1.00000000000000000000 2 0 8 77 78 79 100 102 123 124 125 
102 2812 5.603540000 -3.399900000 0.00000000000000000000 1.00000000000000000000 2 0 8 78 79 80 101 103 124 125 126 
103 2813 5.465950000 -3.597190000 0.00000000000000000000 1.00000000000000000000 2 0 8 79 80 81 102 104 125 126 127 
104 2814 5.320720000 -3.788960000 0.00000000000000000000 1.00000000000000000000 2 0 8 80 81 82 103 105 126 127 128 
105 2815 5.168040000 -3.974920000 0.00000000000000000000 1.00000000000000000000 2 0 8 81 82 83 104 106 127 128 129 
106 2816 5.008170000 -4.154770000 0.00000000000000000000 1.00000000000000000000 2 0 8 82 83 84 105 107 128 129 130 
107 2817 4.841340000 -4.328240000 0.00000000000000000000 1.00000000000000000000 2 0 8 83 84 85 106 108 129 130 131 
108 2818 4.667810000 -4.495070000 0.00000000000000000000 1.00000000000000000000 2 0 8 84 85 86 107 109 130 131 132 
109 2819 4.487840000 -4.654990000 0.00000000000000000000 1.00000000000000000000 2 0 8 85 86 87 108 110 131 132 133 
110 2820 4.301710000 -4.807760000 0.00000000000000000000 1.00000000000000000000 2 0 8 86 87 88 109 111 132 133 134 
111 2821 4.109710000 -4.953140000 0.00000000000000000000 1.00000000000000000000 2 0 8 87 88 331 110 333 133 134 335 
112 2822 7.001810000 -0.510472000 0.00000000000000000000 1.00000000000000000000 2 0 8 332 89 90 334 113 336 337 135 
113 2823 6.976740000 -0.764700000 0.00000000000000000000 1.00000000000000000000 2 0 8 89 90 91 112 114 337 135 136 
114 2824 6.941710000 -1.017750000 0.00000000000000000000 1.00000000000000000000 2 0 8 90 91 92 113 115 135 136 137 
115 2825 6.896770000 -1.269250000 0.00000000000000000000 1.00000000000000000000 2 0 8 91 92 93 114 116 136 137 138 
116 2826 6.841970000 -1.518790000 0.00000000000000000000 1.00000000000000000000 2 0 8 92 93 94 115 117 137 138 139 
117 2827 6.777410000 -1.766010000 0.00000000000000000000 1.00000000000000000000 2 0 8 93 94 95 116 118 138 139 140 
118 2828 6.703190000 -2.010510000 0.00000000000000000000 1.00000000000000000000 2 0 8 94 95 96 117 119 139 140 141 
119 2829 6.619420000 -2.251930000 0.00000000000000000000 1.00000000000000000000 2 0 8 95 96 97 118 120 140 141 142 
120 2830 6.526220000 -2.489890000 0.00000000000000000000 1.00000000000000000000 2 0 8 96 97 98 119 121 141 142 143 
121 2831 6.423740000 -2.724030000 0.00000000000000000000 1.00000000000000000000 2 0 8 97 98 99 120 122 142 143 144 
122 2832 6.312130000 -2.953990000 0.00000000000000000000 1.00000000000000000000 2 0 8 98 99 100 121 123 143 144 145 
123 2833 6.191570000 -3.179410000 0.00000000000000000000 1.00000000000000000000 2 0 8 99 100 101 122 124 144 145 146 
124 2834 6.062240000 -3.399960000 0.00000000000000000000 1.00000000000000000000 2 0 8 100 101 102 123 125 145 146 147 
125 2835 5.924340000 -3.615280000 0.00000000000000000000 1.00000000000000000000 2 0 8 101 102 103 124 126 146 147 148 
126 2836 5.778080000 -3.825050000 0.00000000000000000000 1.00000000000000000000 2 0 8 102 103 104 125 127 147 148 149 
127 2837 5.623680000 -4.028940000 0.00000000000000000000 1.00000000000000000000 2 0 8 103 104 105 126 128 148 149 150 
128 2838 5.461370000 -4.226650000 0.00000000000000000000 1.00000000000000000000 2 0 8 104 105 106 127 129 149 150 151 
129 2839 5.291420000 -4.417860000 0.00000000000000000000 1.00000000000000000000 2 0 8 105 106 107 128 130 150 151 152 
130 2840 5.114070000 -4.602290000 0.00000000000000000000 1.00000000000000000000 2 0 8 106 107 108 129 131 151 152 153 
131 2841 4.929600000 -4.779650000 0.00000000000000000000 1.00000000000000000000 2 0 8 107 108 109 130 132 152 153 154 
132 2842 4.738290000 -4.949650000 0.00000000000000000000 1.00000000000000000000 2 0 8 108 109 110 131 133 153 154 155 
133 2843 4.540440000 -5.112060000 0.00000000000000000000 1.00000000000000000000 2 0 8 109 110 111 132 134 154 155 156 
134 2844 4.336340000 -5.266600000 0.00000000000000000000 1.00000000000000000000 2 0 8 110 111 333 133 335 155 156 338 
135 2845 7.384290000 -0.813154000 0.00000000000000000000 1.00000000000000000000 2 0 8 112 113 114 337 136 340 157 158 
136 2846 7.347040000 -1.082240000 0.00000000000000000000 1.00000000000000000000 2 0 8 113 114 115 135 137 157 158 159 
137 2847 7.299250000 -1.349670000 0.00000000000000000000 1.00000000000000000000 2 0 8 114 115 116 136 138 158 159 160 
138 2848 7.241000000 -1.615030000 0.00000000000000000000 1.00000000000000000000 2 0 8 115 116 117 137 139 159 160 161 
139 2849 7.172360000 -1.877900000 0.00000000000000000000 1.00000000000000000000 2 0 8 116 117 118 138 140 160 161 162 
140 2850 7.093450000 -2.137890000 0.00000000000000000000 1.00000000000000000000 2 0 8 117 118 119 139 141 161 162 163 
141 2851 7.004380000 -2.394600000 0.00000000000000000000 1.00000000000000000000 2 0 8 118 119 120 140 142 162 163 164 
142 2852 6.905290000 -2.647630000 0.00000000000000000000 1.00000000000000000000 2 0 8 119 120 121 141 143 163 164 165 
143 2853 6.796340000 -2.896600000 0.00000000000000000000 1.00000000000000000000 2 0 8 120 121 122 142 144 164 165 166 
144 2854 6.677690000 -3.141110000 0.00000000000000000000 1.00000000000000000000 2 0 8 121 122 123 143 145 165 166 167 
145 2855 6.549520000 -3.380800000 0.00000000000000000000 1.00000000000000000000 2 0 8 122 123 124 144 146 166 167 168 
146 2856 6.412020000 -3.615290000 0.00000000000000000000 1.00000000000000000000 2 0 8 123 124 125 145 147 167 168 169 
147 2857 6.265410000 -3.844230000 0.00000000000000000000 1.00000000000000000000 2 0 8 124 125 126 146 148 168 169 170 
148 2858 6.109920000 -4.067270000 0.00000000000000000000 1.00000000000000000000 2 0 8 125 126 127 147 149 169 170 171 
149 2859 5.945780000 -4.284050000 0.00000000000000000000 1.00000000000000000000 2 0 8 126 127 128 148 150 170 171 172 
150 2860 5.773240000 -4.494250000 0.00000000000000000000 1.00000000000000000000 2 0 8 127 128 129 149 151 171 172 173 
151 2861 5.592560000 -4.697540000 0.00000000000000000000 1.00000000000000000000 2 0 8 128 129 130 150 152 172 173 174 
152 2862 5.404030000 -4.893610000 0.00000000000000000000 1.00000000000000000000 2 0 8 129 130 131 151 153 173 174 175 
153 2863 5.207930000 -5.082160000 0.00000000000000000000 1.00000000000000000000 2 0 8 130 131 132 152 154 174 175 176 
154 2864 5.004560000 -5.262890000 0.00000000000000000000 1.00000000000000000000 2 0 8 131 132 133 153 155 175 176 177 
155 2865 4.794240000 -5.435520000 0.00000000000000000000 1.00000000000000000000 2 0 8 132 133 134 154 156 176 177 178 
156 2866 4.577290000 -5.599800000 0.00000000000000000000 1.00000000000000000000 2 0 8 133 134 335 155 338 177 178 179 
157 2867 7.817580000 -0.864664000 0.00000000000000000000 1.00000000000000000000 2 0 8 337 135 136 340 158 342 180 181 
158 2868 7.777980000 -1.150800000 0.00000000000000000000 1.00000000000000000000 2 0 8 135 136 137 157 159 180 181 182 
159 2869 7.727170000 -1.435170000 0.00000000000000000000 1.00000000000000000000 2 0 8 136 137 138 158 160 181 182 183 
160 2870 7.665230000 -1.717340000 0.00000000000000000000 1.00000000000000000000 2 0 8 137 138 139 159 161 182 183 184 
161 2871 7.592260000 -1.996860000 0.00000000000000000000 1.00000000000000000000 2 0 8 138 139 140 160 162 183 184 185 
162 2872 7.508360000 -2.273320000 0.00000000000000000000 1.00000000000000000000 2 0 8 139 140 141 161 163 184 185 186 
163 2873 7.413670000 -2.546280000 0.00000000000000000000 1.00000000000000000000 2 0 8 140 141 142 162 164 185 186 187 
164 2874 7.308320000 -2.815330000 0.00000000000000000000 1.00000000000000000000 2 0 8 141 142 143 163 165 186 187 188 
165 2875 7.192480000 -3.080050000 0.00000000000000000000 1.00000000000000000000 2 0 8 142 143 144 164 166 187 188 189 
166 2876 7.066340000 -3.340040000 0.00000000000000000000 1.00000000000000000000 2 0 8 143 144 145 165 167 188 189 190 
167 2877 6.930070000 -3.594890000 0.00000000000000000000 1.00000000000000000000 2 0 8 144 145 146 166 168 189 190 191 
168 2878 6.783890000 -3.844210000 0.00000000000000000000 1.00000000000000000000 2 0 8 145 146 147 167 169 190 191 192 
169 2879 6.628030000 -4.087630000 0.00000000000000000000 1.00000000000000000000 2 0 8 146 147 148 168 170 191 192 193 
170 2880 6.462720000 -4.324760000 0.00000000000000000000 1.00000000000000000000 2 0 8 147 148 149 169 171 192 193 194 
171 2881 6.288220000 -4.555240000 0.00000000000000000000 1.00000000000000000000 2 0 8 148 149 150 170 172 193 194 195 
172 2882 6.104790000 -4.778720000 0.00000000000000000000 1.00000000000000000000 2 0 8 149 150 151 171 173 194 195 196 
173 2883 5.912720000 -4.994850000 0.00000000000000000000 1.00000000000000000000 2 0 8 150 151 152 172 174 195 196 197 
174 2884 5.712300000 -5.203290000 0.00000000000000000000 1.00000000000000000000 2 0 8 151 152 153 173 175 196 197 198 
175 2885 5.503830000 -5.403740000 0.00000000000000000000 1.00000000000000000000 2 0 8 152 153 154 174 176 197 198 199 
176 2886 5.287640000 -5.595870000 0.00000000000000000000 1.00000000000000000000 2 0 8 153 154 155 175 177 198 199 200 
177 2887 5.064070000 -5.779390000 0.00000000000000000000 1.00000000000000000000 2 0 8 154 155 156 176 178 199 200 201 
178 2888 4.833440000 -5.954010000 0.00000000000000000000 1.00000000000000000000 2 0 8 155 156 338 177 179 200 201 202 
179 2889 4.596120000 -6.119480000 0.00000000000000000000 1.00000000000000000000 2 0 8 156 338 339 178 341 201 202 343 
180 2890 8.278240000 -0.919427000 0.00000000000000000000 1.00000000000000000000 2 0 8 340 157 158 342 181 344 203 204 
181 2891 8.236140000 -1.223690000 0.00000000000000000000 1.00000000000000000000 2 0 8 157 158 159 180 182 203 204 205 
182 2892 8.182120000 -1.526070000 0.00000000000000000000 1.00000000000000000000 2 0 8 158 159 160 181 183 204 205 206 
183 2893 8.116270000 -1.826100000 0.00000000000000000000 1.00000000000000000000 2 0 8 159 160 161 182 184 205 206 207 
184 2894 8.038680000 -2.123330000 0.00000000000000000000 1.00000000000000000000 2 0 8 160 161 162 183 185 206 207 208 
185 2895 7.949480000 -2.417290000 0.00000000000000000000 1.00000000000000000000 2 0 8 161 162 163 184 186 207 208 209 
186 2896 7.848800000 -2.707530000 0.00000000000000000000 1.00000000000000000000 2 0 8 162 163 164 185 187 208 209 210 
187 2897 7.736800000 -2.993610000 0.00000000000000000000 1.00000000000000000000 2 0 8 163 164 165 186 188 209 210 211 
188 2898 7.613650000 -3.275080000 0.00000000000000000000 1.00000000000000000000 2 0 8 164 165 166 187 189 210 211 212 
189 2899 7.479530000 -3.551520000 0.00000000000000000000 1.00000000000000000000 2 0 8 165 166 167 188 190 211 212 213 
190 2900 7.334660000 -3.822490000 0.00000000000000000000 1.00000000000000000000 2 0 8 166 167 168 189 191 212 213 214 
191 2901 7.179250000 -4.087590000 0.00000000000000000000 1.00000000000000000000 2 0 8 167 168 169 190 192 213 214 215 
192 2902 7.013550000 -4.346390000 0.00000000000000000000 1.00000000000000000000 2 0 8 168 169 170 191 193 214 215 216 
193 2903 6.837800000 -4.598510000 0.00000000000000000000 1.00000000000000000000 2 0 8 169 170 171 192 194 215 216 217 
194 2904 6.652280000 -4.843560000 0.00000000000000000000 1.00000000000000000000 2 0 8 170 171 172 193 195 216 217 218 
195 2905 6.457280000 -5.081150000 0.00000000000000000000 1.00000000000000000000 2 0 8 171 172 173 194 196 217 218 219 
196 2906 6.253090000 -5.310920000 0.00000000000000000000 1.00000000000000000000 2 0 8 172 173 174 195 197 218 219 220 
197 2907 6.040020000 -5.532520000 0.00000000000000000000 1.00000000000000000000 2 0 8 173 174 175 196 198 219 220 221 
198 2908 5.818410000 -5.745610000 0.00000000000000000000 1.00000000000000000000 2 0 8 174 175 176 197 199 220 221 222 
199 2909 5.588590000 -5.949850000 0.00000000000000000000 1.00000000000000000000 2 0 8 175 176 177 198 200 221 222 223 
200 2910 5.350910000 -6.144940000 0.00000000000000000000 1.00000000000000000000 2 0 8 176 177 178 199 201 222 223 224 
201 2911 5.105750000 -6.330560000 0.00000000000000000000 1.00000000000000000000 2 0 8 177 178 179 200 202 223 224 225 
202 2912 4.853480000 -6.506450000 0.00000000000000000000 1.00000000000000000000 2 0 8 178 179 341 201 343 224 225 345 
203 2913 8.768000000 -0.977651000 0.00000000000000000000 1.00000000000000000000 2 0 8 342 180 181 344 204 347 348 226 
204 2914 8.723240000 -1.301180000 0.00000000000000000000 1.00000000000000000000 2 0 8 180 181 182 203 205 348 226 227 
205 2915 8.665800000 -1.622710000 0.00000000000000000000 1.00000000000000000000 2 0 8 181 182 183 204 206 226 227 228 
206 2916 8.595790000 -1.941740000 0.00000000000000000000 1.00000000000000000000 2 0 8 182 183 184 205 207 227 228 229 
207 2917 8.513300000 -2.257790000 0.00000000000000000000 1.00000000000000000000 2 0 8 183 184 185 206 208 228 229 230 
208 2918 8.418460000 -2.570360000 0.00000000000000000000 1.00000000000000000000 2 0 8 184 185 186 207 209 229 230 231 
209 2919 8.311420000 -2.878970000 0.00000000000000000000 1.00000000000000000000 2 0 8 185 186 187 208 210 230 231 232 
210 2920 8.192330000 -3.183150000 0.00000000000000000000 1.00000000000000000000 2 0 8 186 187 188 209 211 231 232 233 
211 2921 8.061400000 -3.482440000 0.00000000000000000000 1.00000000000000000000 2 0 8 187 188 189 210 212 232 233 234 
212 2922 7.918810000 -3.776360000 0.00000000000000000000 1.00000000000000000000 2 0 8 188 189 190 211 213 233 234 235 
213 2923 7.764780000 -4.064470000 0.00000000000000000000 1.00000000000000000000 2 0 8 189 190 191 212 214 234 235 236 
214 2924 7.599560000 -4.346330000 0.00000000000000000000 1.00000000000000000000 2 0 8 190 191 192 213 215 235 236 237 
215 2925 7.423390000 -4.621500000 0.00000000000000000000 1.00000000000000000000 2 0 8 191 192 193 214 216 236 237 238 
216 2926 7.236550000 -4.889550000 0.00000000000000000000 1.00000000000000000000 2 0 8 192 193 194 215 217 237 238 239 
217 2927 7.039320000 -5.150080000 0.00000000000000000000 1.00000000000000000000 2 0 8 193 194 195 216 218 238 239 240 
218 2928 6.832010000 -5.402670000 0.00000000000000000000 1.00000000000000000000 2 0 8 194 195 196 217 219 239 240 241 
219 2929 6.614930000 -5.646950000 0.00000000000000000000 1.00000000000000000000 2 0 8 195 196 197 218 220 240 241 242 
220 2930 6.388420000 -5.882540000 0.00000000000000000000 1.00000000000000000000 2 0 8 196 197 198 219 221 241 242 243 
221 2931 6.152830000 -6.109070000 0.00000000000000000000 1.00000000000000000000 2 0 8 197 198 199 220 222 242 243 244 
222 2932 5.908510000 -6.326190000 0.00000000000000000000 1.00000000000000000000 2 0 8 198 199 200 221 223 243 244 245 
223 2933 5.655860000 -6.533570000 0.00000000000000000000 1.00000000000000000000 2 0 8 199 200 201 222 224 244 245 246 
224 2934 5.395240000 -6.730890000 0.00000000000000000000 1.00000000000000000000 2 0 8 200 201 202 223 225 245 246 247 
225 2935 5.127070000 -6.917840000 0.00000000000000000000 1.00000000000000000000 2 0 8 201 202 343 224 345 246 247 248 
226 2936 9.241080000 -1.383580000 0.00000000000000000000 1.00000000000000000000 2 0 8 203 204 205 348 227 351 249 250 
227 2937 9.180020000 -1.725460000 0.00000000000000000000 1.00000000000000000000 2 0 8 204 205 206 226 228 249 250 251 
228 2938 9.105580000 -2.064700000 0.00000000000000000000 1.00000000000000000000 2 0 8 205 206 207 227 229 250 251 252 
229 2939 9.017870000 -2.400750000 0.00000000000000000000 1.00000000000000000000 2 0 8 206 207 208 228 230 251 252 253 
230 2940 8.917040000 -2.733110000 0.00000000000000000000 1.00000000000000000000 2 0 8 207 208 209 229 231 252 253 254 
231 2941 8.803230000 -3.061250000 0.00000000000000000000 1.00000000000000000000 2 0 8 208 209 210 230 232 253 254 255 
232 2942 8.676620000 -3.384690000 0.00000000000000000000 1.00000000000000000000 2 0 8 209 210 211 231 233 254 255 256 
233 2943 8.537410000 -3.702910000 0.00000000000000000000 1.00000000000000000000 2 0 8 210 211 212 232 234 255 256 257 
234 2944 8.385810000 -4.015420000 0.00000000000000000000 1.00000000000000000000 2 0 8 211 212 213 233 235 256 257 258 
235 2945 8.222060000 -4.321760000 0.00000000000000000000 1.00000000000000000000 2 0 8 212 213 214 234 236 257 258 259 
236 2946 8.046400000 -4.621440000 0.00000000000000000000 1.00000000000000000000 2 0 8 213 214 215 235 237 258 259 260 
237 2947 7.859100000 -4.914000000 0.00000000000000000000 1.00000000000000000000 2 0 8 214 215 216 236 238 259 260 261 
238 2948 7.660460000 -5.198990000 0.00000000000000000000 1.00000000000000000000 2 0 8 215 216 217 237 239 260 261 262 
239 2949 7.450780000 -5.475970000 0.00000000000000000000 1.00000000000000000000 2 0 8 216 217 218 238 240 261 262 263 
240 2950 7.230380000 -5.744520000 0.00000000000000000000 1.00000000000000000000 2 0 8 217 218 219 239 241 262 263 264 
241 2951 6.999600000 -6.004220000 0.00000000000000000000 1.00000000000000000000 2 0 8 218 219 220 240 242 263 264 265 
242 2952 6.758800000 -6.254680000 0.00000000000000000000 1.00000000000000000000 2 0 8 219 220 221 241 243 264 265 266 
243 2953 6.508340000 -6.495490000 0.00000000000000000000 1.00000000000000000000 2 0 8 220 221 222 242 244 265 266 267 
244 2954 6.248620000 -6.726300000 0.00000000000000000000 1.00000000000000000000 2 0 8 221 222 223 243 245 266 267 268 
245 2955 5.980030000 -6.946750000 0.00000000000000000000 1.00000000000000000000 2 0 8 222 223 224 244 246 267 268 269 
246 2956 5.702980000 -7.156500000 0.00000000000000000000 1.00000000000000000000 2 0 8 223 224 225 245 247 268 269 270 
247 2957 5.417910000 -7.355220000 0.00000000000000000000 1.00000000000000000000 2 0 8 224 225 345 246 248 269 270 271 
248 2958 5.125240000 -7.542610000 0.00000000000000000000 1.00000000000000000000 2 0 8 225 345 346 247 349 270 271 272 
249 2959 9.791620000 -1.471180000 0.00000000000000000000 1.00000000000000000000 2 0 8 348 226 227 351 250 353 273 274 
250 2960 9.726690000 -1.834720000 0.00000000000000000000 1.00000000000000000000 2 0 8 226 227 228 249 251 273 274 275 
251 2961 9.647540000 -2.195430000 0.00000000000000000000 1.00000000000000000000 2 0 8 227 228 229 250 252 274 275 276 
252 2962 9.554290000 -2.552760000 0.00000000000000000000 1.00000000000000000000 2 0 8 228 229 230 251 253 275 276 277 
253 2963 9.447080000 -2.906160000 0.00000000000000000000 1.00000000000000000000 2 0 8 229 230 231 252 254 276 277 278 
254 2964 9.326080000 -3.255070000 0.00000000000000000000 1.00000000000000000000 2 0 8 230 231 232 253 255 277 278 279 
255 2965 9.191470000 -3.598970000 0.00000000000000000000 1.00000000000000000000 2 0 8 231 232 233 254 256 278 279 280 
256 2966 9.043460000 -3.937330000 0.00000000000000000000 1.00000000000000000000 2 0 8 232 233 234 255 257 279 280 281 
257 2967 8.882280000 -4.269610000 0.00000000000000000000 1.00000000000000000000 2 0 8 233 234 235 256 258 280 281 282 
258 2968 8.708180000 -4.595320000 0.00000000000000000000 1.00000000000000000000 2 0 8 234 235 236 257 259 281 282 283 
259 2969 8.521420000 -4.913950000 0.00000000000000000000 1.00000000000000000000 2 0 8 235 236 237 258 260 282 283 284 
260 2970 8.322290000 -5.225000000 0.00000000000000000000 1.00000000000000000000 2 0 8 236 237 238 259 261 283 284 285 
261 2971 8.111110000 -5.528000000 0.00000000000000000000 1.00000000000000000000 2 0 8 237 238 239 260 262 284 285 286 
262 2972 7.888180000 -5.822490000 0.00000000000000000000 1.00000000000000000000 2 0 8 238 239 240 261 263 285 286 287 
263 2973 7.653870000 -6.108000000 0.00000000000000000000 1.00000000000000000000 2 0 8 239 240 241 262 264 286 287 288 
264 2974 7.408520000 -6.384090000 0.00000000000000000000 1.00000000000000000000 2 0 8 240 241 242 263 265 287 288 289 
265 2975 7.152520000 -6.650350000 0.00000000000000000000 1.00000000000000000000 2 0 8 241 242 243 264 266 288 289 290 
266 2976 6.886270000 -6.906360000 0.00000000000000000000 1.00000000000000000000 2 0 8 242 243 244 265 267 289 290 291 
267 2977 6.610160000 -7.151720000 0.00000000000000000000 1.00000000000000000000 2 0 8 243 244 245 266 268 290 291 292 
268 2978 6.324630000 -7.386060000 0.00000000000000000000 1.00000000000000000000 2 0 8 244 245 246 267 269 291 292 293 
269 2979 6.030110000 -7.609020000 0.00000000000000000000 1.00000000000000000000 2 0 8 245 246 247 268 270 292 293 294 
270 2980 5.727070000 -7.820250000 0.00000000000000000000 1.00000000000000000000 2 0 8 246 247 248 269 271 293 294 295 
271 2981 5.415960000 -8.019420000 0.00000000000000000000 1.00000000000000000000 2 0 8 247 248 349 270 272 294 295 296 
272 2982 5.097270000 -8.206240000 0.00000000000000000000 1.00000000000000000000 2 0 8 248 349 350 271 352 295 296 354 
273 2983 10.376900000 -1.564340000 0.98769461406689917915 -0.15639485075679213089 3 0 8 351 249 250 353 274 348 226 227 
274 2984 10.307900000 -1.950900000 0.98078147951815464189 -0.19510942938305086969 3 0 8 249 250 251 273 275 226 227 228 
275 2985 10.223700000 -2.334450000 0.97236995871930587132 -0.23344520423477366222 3 0 8 250 251 252 274 276 227 228 229 
276 2986 10.124600000 -2.714400000 0.96246690843181492703 -0.27139906074580361084 3 0 8 251 252 253 275 277 228 229 230 
277 2987 10.010600000 -3.090170000 0.95103790582147740285 -0.30907426565584311673 3 0 8 252 253 254 276 278 229 230 231 
278 2988 9.881910000 -3.461170000 0.93817819331705998298 -0.34615267958566708906 3 0 8 253 254 255 277 279 230 231 232 
279 2989 9.738800000 -3.826830000 0.92388085835679678581 -0.38268023147519464322 3 0 8 254 255 256 278 280 231 232 233 
280 2990 9.581430000 -4.186600000 0.90814529595099369175 -0.41865513425978917450 3 0 8 255 256 257 279 281 232 233 234 
281 2991 9.410070000 -4.539910000 0.89100606038921459362 -0.45399140999548787123 3 0 8 256 257 258 280 282 233 234 235 
282 2992 9.224960000 -4.886210000 0.87249233372822920796 -0.48862780066781752453 3 0 8 257 258 259 281 283 234 235 236 
283 2993 9.026400000 -5.224990000 0.85264243366699354887 -0.52249486151581092663 3 0 8 258 259 260 282 284 235 236 237 
284 2994 8.814700000 -5.555700000 0.83146790944808723900 -0.55557278151294220425 3 0 8 259 260 261 283 285 236 237 238 
285 2995 8.590170000 -5.877850000 0.80901631335569235137 -0.58778618963392137431 3 0 8 260 261 262 284 286 237 238 239 
286 2996 8.353170000 -6.190940000 0.78531810464800855254 -0.61909246039025511710 3 0 8 261 262 263 285 287 238 239 240 
287 2997 8.104060000 -6.494480000 0.76040971087001563156 -0.64944366315684309843 3 0 8 262 263 264 286 288 239 240 241 
288 2998 7.843230000 -6.788010000 0.73432524777927332682 -0.67879778319755068594 3 0 8 263 264 265 287 289 240 241 242 
289 2999 7.571070000 -7.071070000 0.70710678118654757274 -0.70710678118654757274 3 0 8 264 265 266 288 290 241 242 243 
290 3000 7.288010000 -7.343230000 0.67879778319755001981 -0.73432524777927377091 3 0 8 265 266 267 289 291 242 243 244 
291 3001 6.994480000 -7.604060000 0.64944366315684309843 -0.76040971087001563156 3 0 8 266 267 268 290 292 243 244 245 
292 3002 6.690940000 -7.853170000 0.61909246039025589425 -0.78531810464800799743 3 0 8 267 268 269 291 293 244 245 246 
293 3003 6.377850000 -8.090170000 0.58778618963392137431 -0.80901631335569235137 3 0 8 268 269 270 292 294 245 246 247 
294 3004 6.055700000 -8.314700000 0.55557278151294220425 -0.83146790944808723900 3 0 8 269 270 271 293 295 246 247 248 
295 3005 5.724990000 -8.526400000 0.52249486151581092663 -0.85264243366699354887 3 0 8 270 271 272 294 296 247 248 349 
296 3006 5.386210000 -8.724960000 0.48862780066781752453 -0.87249233372822920796 3 0 8 271 272 352 295 354 248 349 350 
297 5642 4.64002 -0.98713 2 0
298 3280 4.59796 -1.14782 2 0
299 3281 4.5496 -1.30676 2 0
300 3282 4.49502 -1.46371 2 0
301 3283 4.43429 -1.61842 2 0
302 3284 4.36751 -1.77066 2 0
303 3285 4.29479 -1.9202 2 0
304 3286 4.21622 -2.06681 2 0
305 3287 4.13193 -2.21026 2 0
306 3288 4.04204 -2.35033 2 0
307 3289 3.9467 -2.48682 2 0
308 3290 3.84605 -2.6195 2 0
309 3291 3.74023 -2.74817 2 0
310 3292 3.62941 -2.87264 2 0
311 5654 4.93765 -0.877414 2 0
312 5655 4.8997 -1.04993 2 0
313 3297 3.82543 -3.05518 2 0
314 3298 3.70251 -3.18286 2 0
315 3299 3.57464 -3.30567 2 0
316 3300 3.44201 -3.42341 2 0
317 5665 5.24928 -0.748281 2 0
318 5666 5.21618 -0.933188 2 0
319 2495 3.62633 -3.64067 2 0
320 2496 3.48053 -3.76028 2 0
321 5674 5.57497 -0.597943 2 0
322 5675 5.54755 -0.795811 2 0
323 2515 3.66734 -3.99872 2 0
324 2516 3.50747 -4.11974 2 0
325 5681 5.91471 -0.424496 2 0
326 5682 5.89385 -0.635898 2 0
327 2534 3.69604 -4.38079 2 0
328 2535 3.52116 -4.50271 2 0
329 5686 6.26841 -0.225918 2 0
330 5687 6.25509 -0.451424 2 0
331 2552 3.71065 -4.78784 2 0
332 5690 6.63117 -0.240239 2 0
333 2569 3.91212 -5.09091 2 0
334 5827 7.01686 -0.255461 2 0
335 2586 4.12632 -5.41304 2 0
336 5848 7.42694 -0.271643 2 0
337 5849 7.41093 -0.542815 2 0
338 2603 4.35403 -5.75547 2 0
339 2604 4.12482 -5.90228 2 0
340 5871 7.84591 -0.577198 2 0
341 2620 4.35247 -6.27552 2 0
342 5892 8.30836 -0.613752 2 0
343 2636 4.59448 -6.67231 2 0
344 5913 8.80002 -0.652615 2 0
345 2652 4.85175 -7.09414 2 0
346 2653 4.56972 -7.25951 2 0
347 5933 9.32272 -0.693936 2 0
348 5934 9.28868 -1.03956 2 0
349 2668 4.82544 -7.71837 2 0
350 2669 4.51896 -7.88224 2 0
351 5954 9.84222 -1.10538 2 0
352 2683 4.77148 -8.3804 2 0
353 5974 10.4307 -1.17537 3 0
354 2697 5.03991 -8.91007 3 0
