373 298 75
1 4501 1.000000000 -0.000000003 0.00000000000000000000 1.00000000000000000000 2 1 9 13 2 26 14 15 12 3 25 16 
2 4502 0.999615000 -0.000054681 0.14036650252237550807 -0.99009961365997711802 1 1 9 1 3 14 15 16 13 4 26 17 
3 4503 0.998459000 -0.000218471 0.14010513689151748995 -0.99013663229708304137 1 1 8 2 4 15 16 17 28 29 30 
4 4504 0.996534000 -0.000490645 0.13979061185766311626 -0.99018108689090822416 1 1 8 3 5 16 17 18 29 30 31 
5 4505 0.993844000 -0.000870002 0.13935711712082152203 -0.99024218952121689785 1 1 8 4 6 17 18 19 30 31 32 
6 4506 0.990393000 -0.001354870 0.13876045682244561585 -0.99032597442580805325 1 1 8 5 7 18 19 20 31 32 33 
7 4507 0.986185000 -0.001943150 0.13804686302476867898 -0.99042569817680958799 1 1 8 6 8 19 20 21 32 33 34 
8 4508 0.981228000 -0.002632300 0.13721282869678594341 -0.99054158905167954963 1 1 8 7 9 20 21 22 33 34 35 
9 4509 0.975528000 -0.003419390 0.13627283718361105080 -0.99067134502110676397 1 1 8 8 10 21 22 23 34 35 36 
10 4510 0.969096000 -0.004301130 0.13522637670253234710 -0.99081472891954169846 1 1 8 9 11 22 23 24 35 36 37 
11 4511 0.961940000 -0.005273880 0.13406686263307679430 -0.99097228838334505685 1 1 8 10 299 23 24 301 36 37 38 
12 4512 0.998459000 0.000218470 0.14010497936136037667 0.99013665458771527028 1 1 8 300 13 303 25 26 305 39 40 
13 4513 0.999615000 0.000054680 0.14037003599076877669 0.99009911271344464012 1 1 7 12 1 25 26 14 300 303 
14 4514 1.001400000 -0.000000058 0.00000000000000000000 1.00000000000000000000 2 0 8 13 1 2 26 15 40 27 28 
15 4515 1.001030000 -0.001458160 0.00000000000000000000 1.00000000000000000000 2 0 8 1 2 3 14 16 27 28 29 
16 4516 0.999899000 -0.002964430 0.00000000000000000000 1.00000000000000000000 2 0 8 2 3 4 15 17 28 29 30 
17 4517 0.998015000 -0.004539460 0.00000000000000000000 1.00000000000000000000 2 0 8 3 4 5 16 18 29 30 31 
18 4518 0.995372000 -0.006192040 0.00000000000000000000 1.00000000000000000000 2 0 8 4 5 6 17 19 30 31 32 
19 4519 0.991971000 -0.007925230 0.00000000000000000000 1.00000000000000000000 2 0 8 5 6 7 18 20 31 32 33 
20 4520 0.987816000 -0.009739020 0.00000000000000000000 1.00000000000000000000 2 0 8 6 7 8 19 21 32 33 34 
21 4521 0.982909000 -0.011631600 0.00000000000000000000 1.00000000000000000000 2 0 8 7 8 9 20 22 33 34 35 
22 4522 0.977259000 -0.013599900 0.00000000000000000000 1.00000000000000000000 2 0 8 8 9 10 21 23 34 35 36 
23 4523 0.970873000 -0.015640400 0.00000000000000000000 1.00000000000000000000 2 0 8 9 10 11 22 24 35 36 37 
24 4524 0.963760000 -0.017748500 0.00000000000000000000 1.00000000000000000000 2 0 8 10 11 299 23 301 36 37 38 
25 4525 0.999899000 0.002964310 0.00000000000000000000 1.00000000000000000000 2 0 8 300 12 13 303 26 305 39 40 
26 4526 1.001030000 0.001458040 0.00000000000000000000 1.00000000000000000000 2 0 8 12 13 1 25 14 39 40 27 
27 4527 1.005150000 -0.000000209 0.00000000000000000000 1.00000000000000000000 2 0 8 26 14 15 40 28 53 41 42 
28 4528 1.004770000 -0.002820540 0.00000000000000000000 1.00000000000000000000 2 0 8 14 15 16 27 29 41 42 43 
29 4529 1.003650000 -0.005665600 0.00000000000000000000 1.00000000000000000000 2 0 8 15 16 17 28 30 42 43 44 
30 4530 1.001770000 -0.008552350 0.00000000000000000000 1.00000000000000000000 2 0 8 16 17 18 29 31 43 44 45 
31 4531 0.999127000 -0.011490700 0.00000000000000000000 1.00000000000000000000 2 0 8 17 18 19 30 32 44 45 46 
32 4532 0.995733000 -0.014485200 0.00000000000000000000 1.00000000000000000000 2 0 8 18 19 20 31 33 45 46 47 
33 4533 0.991583000 -0.017537200 0.00000000000000000000 1.00000000000000000000 2 0 8 19 20 21 32 34 46 47 48 
34 4534 0.986682000 -0.020645300 0.00000000000000000000 1.00000000000000000000 2 0 8 20 21 22 33 35 47 48 49 
35 4535 0.981035000 -0.023806600 0.00000000000000000000 1.00000000000000000000 2 0 8 21 22 23 34 36 48 49 50 
36 4536 0.974647000 -0.027017000 0.00000000000000000000 1.00000000000000000000 2 0 8 22 23 24 35 37 49 50 51 
37 4537 0.967529000 -0.030271400 0.00000000000000000000 1.00000000000000000000 2 0 8 23 24 301 36 38 50 51 52 
38 4538 0.959689000 -0.033564300 0.00000000000000000000 1.00000000000000000000 2 0 8 24 301 302 37 304 51 52 306 
39 4539 1.003650000 0.005665180 0.00000000000000000000 1.00000000000000000000 2 0 8 303 25 26 305 40 308 309 53 
40 4540 1.004770000 0.002820120 0.00000000000000000000 1.00000000000000000000 2 0 8 25 26 14 39 27 309 53 41 
41 4541 1.011130000 -0.000000453 0.00000000000000000000 1.00000000000000000000 2 0 8 40 27 28 53 42 312 54 55 
42 4542 1.010750000 -0.004166540 0.00000000000000000000 1.00000000000000000000 2 0 8 27 28 29 41 43 54 55 56 
43 4543 1.009610000 -0.008346150 0.00000000000000000000 1.00000000000000000000 2 0 8 28 29 30 42 44 55 56 57 
44 4544 1.007720000 -0.012550000 0.00000000000000000000 1.00000000000000000000 2 0 8 29 30 31 43 45 56 57 58 
45 4545 1.005060000 -0.016785300 0.00000000000000000000 1.00000000000000000000 2 0 8 30 31 32 44 46 57 58 59 
46 4546 1.001640000 -0.021055400 0.00000000000000000000 1.00000000000000000000 2 0 8 31 32 33 45 47 58 59 60 
47 4547 0.997463000 -0.025361200 0.00000000000000000000 1.00000000000000000000 2 0 8 32 33 34 46 48 59 60 61 
48 4548 0.992530000 -0.029701000 0.00000000000000000000 1.00000000000000000000 2 0 8 33 34 35 47 49 60 61 62 
49 4549 0.986845000 -0.034071500 0.00000000000000000000 1.00000000000000000000 2 0 8 34 35 36 48 50 61 62 63 
50 4550 0.980415000 -0.038468000 0.00000000000000000000 1.00000000000000000000 2 0 8 35 36 37 49 51 62 63 64 
51 4551 0.973247000 -0.042884600 0.00000000000000000000 1.00000000000000000000 2 0 8 36 37 38 50 52 63 64 65 
52 4552 0.965350000 -0.047314900 0.00000000000000000000 1.00000000000000000000 2 0 8 37 38 304 51 306 64 65 66 
53 4553 1.010750000 0.004165640 0.00000000000000000000 1.00000000000000000000 2 0 8 39 40 27 309 41 311 312 54 
54 4554 1.019300000 -0.000000788 0.00000000000000000000 1.00000000000000000000 2 0 8 53 41 42 312 55 315 67 68 
55 4555 1.018910000 -0.005511320 0.00000000000000000000 1.00000000000000000000 2 0 8 41 42 43 54 56 67 68 69 
56 4556 1.017760000 -0.011028500 0.00000000000000000000 1.00000000000000000000 2 0 8 42 43 44 55 57 68 69 70 
57 4557 1.015830000 -0.016557900 0.00000000000000000000 1.00000000000000000000 2 0 8 43 44 45 56 58 69 70 71 
58 4558 1.013140000 -0.022102800 0.00000000000000000000 1.00000000000000000000 2 0 8 44 45 46 57 59 70 71 72 
59 4559 1.009670000 -0.027664500 0.00000000000000000000 1.00000000000000000000 2 0 8 45 46 47 58 60 71 72 73 
60 4560 1.005440000 -0.033242000 0.00000000000000000000 1.00000000000000000000 2 0 8 46 47 48 59 61 72 73 74 
61 4561 1.000440000 -0.038832700 0.00000000000000000000 1.00000000000000000000 2 0 8 47 48 49 60 62 73 74 75 
62 4562 0.994686000 -0.044432100 0.00000000000000000000 1.00000000000000000000 2 0 8 48 49 50 61 63 74 75 76 
63 4563 0.988175000 -0.050034500 0.00000000000000000000 1.00000000000000000000 2 0 8 49 50 51 62 64 75 76 77 
64 4564 0.980917000 -0.055633300 0.00000000000000000000 1.00000000000000000000 2 0 8 50 51 52 63 65 76 77 78 
65 4565 0.972920000 -0.061221000 0.00000000000000000000 1.00000000000000000000 2 0 8 51 52 306 64 66 77 78 79 
66 4566 0.964195000 -0.066789200 0.00000000000000000000 1.00000000000000000000 2 0 8 52 306 307 65 310 78 79 313 
67 4567 1.029630000 -0.000001213 0.00000000000000000000 1.00000000000000000000 2 0 8 312 54 55 315 68 317 80 81 
68 4568 1.029240000 -0.006865340 0.00000000000000000000 1.00000000000000000000 2 0 8 54 55 56 67 69 80 81 82 
69 4569 1.028060000 -0.013731200 0.00000000000000000000 1.00000000000000000000 2 0 8 55 56 57 68 70 81 82 83 
70 4570 1.026100000 -0.020599800 0.00000000000000000000 1.00000000000000000000 2 0 8 56 57 58 69 71 82 83 84 
71 4571 1.023350000 -0.027471100 0.00000000000000000000 1.00000000000000000000 2 0 8 57 58 59 70 72 83 84 85 
72 4572 1.019820000 -0.034343400 0.00000000000000000000 1.00000000000000000000 2 0 8 58 59 60 71 73 84 85 86 
73 4573 1.015510000 -0.041213800 0.00000000000000000000 1.00000000000000000000 2 0 8 59 60 61 72 74 85 86 87 
74 4574 1.010420000 -0.048077600 0.00000000000000000000 1.00000000000000000000 2 0 8 60 61 62 73 75 86 87 88 
75 4575 1.004560000 -0.054929100 0.00000000000000000000 1.00000000000000000000 2 0 8 61 62 63 74 76 87 88 89 
76 4576 0.997937000 -0.061761200 0.00000000000000000000 1.00000000000000000000 2 0 8 62 63 64 75 77 88 89 90 
77 4577 0.990550000 -0.068566000 0.00000000000000000000 1.00000000000000000000 2 0 8 63 64 65 76 78 89 90 91 
78 4578 0.982413000 -0.075334700 0.00000000000000000000 1.00000000000000000000 2 0 8 64 65 66 77 79 90 91 92 
79 4579 0.973534000 -0.082057800 0.00000000000000000000 1.00000000000000000000 2 0 8 65 66 310 78 313 91 92 93 
80 4580 1.042140000 -0.000001728 0.00000000000000000000 1.00000000000000000000 2 0 8 315 67 68 317 81 320 94 95 
81 4581 1.041740000 -0.008236960 0.00000000000000000000 1.00000000000000000000 2 0 8 67 68 69 80 82 94 95 96 
82 4582 1.040530000 -0.016469900 0.00000000000000000000 1.00000000000000000000 2 0 8 68 69 70 81 83 95 96 97 
83 4583 1.038520000 -0.024697800 0.00000000000000000000 1.00000000000000000000 2 0 8 69 70 71 82 84 96 97 98 
84 4584 1.035710000 -0.032917300 0.00000000000000000000 1.00000000000000000000 2 0 8 70 71 72 83 85 97 98 99 
85 4585 1.032100000 -0.041123800 0.00000000000000000000 1.00000000000000000000 2 0 8 71 72 73 84 86 98 99 100 
86 4586 1.027690000 -0.049312000 0.00000000000000000000 1.00000000000000000000 2 0 8 72 73 74 85 87 99 100 101 
87 4587 1.022490000 -0.057475100 0.00000000000000000000 1.00000000000000000000 2 0 8 73 74 75 86 88 100 101 102 
88 4588 1.016490000 -0.065605600 0.00000000000000000000 1.00000000000000000000 2 0 8 74 75 76 87 89 101 102 103 
89 4589 1.009720000 -0.073694700 0.00000000000000000000 1.00000000000000000000 2 0 8 75 76 77 88 90 102 103 104 
90 4590 1.002170000 -0.081733100 0.00000000000000000000 1.00000000000000000000 2 0 8 76 77 78 89 91 103 104 105 
91 4591 0.993849000 -0.089710500 0.00000000000000000000 1.00000000000000000000 2 0 8 77 78 79 90 92 104 105 106 
92 4592 0.984774000 -0.097616100 0.00000000000000000000 1.00000000000000000000 2 0 8 78 79 313 91 93 105 106 107 
93 4593 0.974954000 -0.105439000 0.00000000000000000000 1.00000000000000000000 2 0 8 79 313 314 92 316 106 107 318 
94 4594 1.056850000 -0.000002334 0.00000000000000000000 1.00000000000000000000 2 0 8 317 80 81 320 95 324 108 109 
95 4595 1.056430000 -0.009633520 0.00000000000000000000 1.00000000000000000000 2 0 8 80 81 82 94 96 108 109 110 
96 4596 1.055190000 -0.019258900 0.00000000000000000000 1.00000000000000000000 2 0 8 81 82 83 95 97 109 110 111 
97 4597 1.053130000 -0.028872400 0.00000000000000000000 1.00000000000000000000 2 0 8 82 83 84 96 98 110 111 112 
98 4598 1.050240000 -0.038467400 0.00000000000000000000 1.00000000000000000000 2 0 8 83 84 85 97 99 111 112 113 
99 4599 1.046530000 -0.048036700 0.00000000000000000000 1.00000000000000000000 2 0 8 84 85 86 98 100 112 113 114 
100 4600 1.042000000 -0.057572200 0.00000000000000000000 1.00000000000000000000 2 0 8 85 86 87 99 101 113 114 115 
101 4601 1.036650000 -0.067065100 0.00000000000000000000 1.00000000000000000000 2 0 8 86 87 88 100 102 114 115 116 
102 4602 1.030500000 -0.076505600 0.00000000000000000000 1.00000000000000000000 2 0 8 87 88 89 101 103 115 116 117 
103 4603 1.023540000 -0.085883400 0.00000000000000000000 1.00000000000000000000 2 0 8 88 89 90 102 104 116 117 118 
104 4604 1.015790000 -0.095187000 0.00000000000000000000 1.00000000000000000000 2 0 8 89 90 91 103 105 117 118 119 
105 4605 1.007260000 -0.104405000 0.00000000000000000000 1.00000000000000000000 2 0 8 90 91 92 104 106 118 119 120 
106 4606 0.997945000 -0.113524000 0.00000000000000000000 1.00000000000000000000 2 0 8 91 92 93 105 107 119 120 121 
107 4607 0.987868000 -0.122533000 0.00000000000000000000 1.00000000000000000000 2 0 8 92 93 316 106 318 120 121 122 
108 4608 1.073780000 -0.000003030 0.00000000000000000000 1.00000000000000000000 2 0 8 320 94 95 324 109 139 123 124 
109 4609 1.073350000 -0.011061800 0.00000000000000000000 1.00000000000000000000 2 0 8 94 95 96 108 110 123 124 125 
110 4610 1.072070000 -0.022111500 0.00000000000000000000 1.00000000000000000000 2 0 8 95 96 97 109 111 124 125 126 
111 4611 1.069940000 -0.033143000 0.00000000000000000000 1.00000000000000000000 2 0 8 96 97 98 110 112 125 126 127 
112 4612 1.066960000 -0.044146700 0.00000000000000000000 1.00000000000000000000 2 0 8 97 98 99 111 113 126 127 128 
113 4613 1.063140000 -0.055112700 0.00000000000000000000 1.00000000000000000000 2 0 8 98 99 100 112 114 127 128 129 
114 4614 1.058470000 -0.066030200 0.00000000000000000000 1.00000000000000000000 2 0 8 99 100 101 113 115 128 129 130 
115 4615 1.052960000 -0.076888000 0.00000000000000000000 1.00000000000000000000 2 0 8 100 101 102 114 116 129 130 131 
116 4616 1.046620000 -0.087674300 0.00000000000000000000 1.00000000000000000000 2 0 8 101 102 103 115 117 130 131 132 
117 4617 1.039460000 -0.098376400 0.00000000000000000000 1.00000000000000000000 2 0 8 102 103 104 116 118 131 132 133 
118 4618 1.031470000 -0.108981000 0.00000000000000000000 1.00000000000000000000 2 0 8 103 104 105 117 119 132 133 134 
119 4619 1.022680000 -0.119476000 0.00000000000000000000 1.00000000000000000000 2 0 8 104 105 106 118 120 133 134 135 
120 4620 1.013090000 -0.129845000 0.00000000000000000000 1.00000000000000000000 2 0 8 105 106 107 119 121 134 135 136 
121 4621 1.002710000 -0.140075000 0.00000000000000000000 1.00000000000000000000 2 0 8 106 107 318 120 122 135 136 137 
122 4622 0.991557000 -0.150150000 0.00000000000000000000 1.00000000000000000000 2 0 8 107 318 319 121 321 136 137 138 
123 4623 1.092990000 -0.000003817 0.00000000000000000000 1.00000000000000000000 2 0 8 324 108 109 139 124 158 140 141 
124 4624 1.092550000 -0.012528200 0.00000000000000000000 1.00000000000000000000 2 0 8 108 109 110 123 125 140 141 142 
125 4625 1.091230000 -0.025040600 0.00000000000000000000 1.00000000000000000000 2 0 8 109 110 111 124 126 141 142 143 
126 4626 1.089020000 -0.037528700 0.00000000000000000000 1.00000000000000000000 2 0 8 110 111 112 125 127 142 143 144 
127 4627 1.085940000 -0.049980200 0.00000000000000000000 1.00000000000000000000 2 0 8 111 112 113 126 128 143 144 145 
128 4628 1.081980000 -0.062382200 0.00000000000000000000 1.00000000000000000000 2 0 8 112 113 114 127 129 144 145 146 
129 4629 1.077150000 -0.074721600 0.00000000000000000000 1.00000000000000000000 2 0 8 113 114 115 128 130 145 146 147 
130 4630 1.071460000 -0.086984600 0.00000000000000000000 1.00000000000000000000 2 0 8 114 115 116 129 131 146 147 148 
131 4631 1.064900000 -0.099157100 0.00000000000000000000 1.00000000000000000000 2 0 8 115 116 117 130 132 147 148 149 
132 4632 1.057500000 -0.111224000 0.00000000000000000000 1.00000000000000000000 2 0 8 116 117 118 131 133 148 149 150 
133 4633 1.049240000 -0.123171000 0.00000000000000000000 1.00000000000000000000 2 0 8 117 118 119 132 134 149 150 151 
134 4634 1.040150000 -0.134982000 0.00000000000000000000 1.00000000000000000000 2 0 8 118 119 120 133 135 150 151 152 
135 4635 1.030240000 -0.146641000 0.00000000000000000000 1.00000000000000000000 2 0 8 119 120 121 134 136 151 152 153 
136 4636 1.019520000 -0.158132000 0.00000000000000000000 1.00000000000000000000 2 0 8 120 121 122 135 137 152 153 154 
137 4637 1.008000000 -0.169438000 0.00000000000000000000 1.00000000000000000000 2 0 8 121 122 321 136 138 153 154 155 
138 4638 0.995692000 -0.180543000 0.00000000000000000000 1.00000000000000000000 2 0 8 122 321 322 137 325 154 155 156 
139 4639 1.092550000 0.012520600 0.00000000000000000000 1.00000000000000000000 2 0 8 323 324 108 328 123 157 158 140 
140 4640 1.114540000 -0.000004696 0.00000000000000000000 1.00000000000000000000 2 0 8 139 123 124 158 141 179 159 160 
141 4641 1.114080000 -0.014039300 0.00000000000000000000 1.00000000000000000000 2 0 8 123 124 125 140 142 159 160 161 
142 4642 1.112710000 -0.028058800 0.00000000000000000000 1.00000000000000000000 2 0 8 124 125 126 141 143 160 161 162 
143 4643 1.110420000 -0.042048300 0.00000000000000000000 1.00000000000000000000 2 0 8 125 126 127 142 144 161 162 163 
144 4644 1.107220000 -0.055992500 0.00000000000000000000 1.00000000000000000000 2 0 8 126 127 128 143 145 162 163 164 
145 4645 1.103120000 -0.069875800 0.00000000000000000000 1.00000000000000000000 2 0 8 127 128 129 144 146 163 164 165 
146 4646 1.098110000 -0.083682500 0.00000000000000000000 1.00000000000000000000 2 0 8 128 129 130 145 147 164 165 166 
147 4647 1.092200000 -0.097396200 0.00000000000000000000 1.00000000000000000000 2 0 8 129 130 131 146 148 165 166 167 
148 4648 1.085400000 -0.111001000 0.00000000000000000000 1.00000000000000000000 2 0 8 130 131 132 147 149 166 167 168 
149 4649 1.077720000 -0.124478000 0.00000000000000000000 1.00000000000000000000 2 0 8 131 132 133 148 150 167 168 169 
150 4650 1.069170000 -0.137813000 0.00000000000000000000 1.00000000000000000000 2 0 8 132 133 134 149 151 168 169 170 
151 4651 1.059740000 -0.150985000 0.00000000000000000000 1.00000000000000000000 2 0 8 133 134 135 150 152 169 170 171 
152 4652 1.049470000 -0.163979000 0.00000000000000000000 1.00000000000000000000 2 0 8 134 135 136 151 153 170 171 172 
153 4653 1.038360000 -0.176775000 0.00000000000000000000 1.00000000000000000000 2 0 8 135 136 137 152 154 171 172 173 
154 4654 1.026420000 -0.189355000 0.00000000000000000000 1.00000000000000000000 2 0 8 136 137 138 153 155 172 173 174 
155 4655 1.013660000 -0.201701000 0.00000000000000000000 1.00000000000000000000 2 0 8 137 138 325 154 156 173 174 175 
156 4656 1.000120000 -0.213794000 0.00000000000000000000 1.00000000000000000000 2 0 8 138 325 326 155 329 174 175 176 
157 4657 1.112710000 0.028049500 0.00000000000000000000 1.00000000000000000000 2 0 8 327 328 139 332 158 177 178 179 
158 4658 1.114080000 0.014029900 0.00000000000000000000 1.00000000000000000000 2 0 8 328 139 123 157 140 178 179 159 
159 4659 1.138490000 -0.000005667 0.00000000000000000000 1.00000000000000000000 2 0 8 158 140 141 179 160 201 180 181 
160 4660 1.138010000 -0.015601200 0.00000000000000000000 1.00000000000000000000 2 0 8 140 141 142 159 161 180 181 182 
161 4661 1.136580000 -0.031178800 0.00000000000000000000 1.00000000000000000000 2 0 8 141 142 143 160 162 181 182 183 
162 4662 1.134210000 -0.046720600 0.00000000000000000000 1.00000000000000000000 2 0 8 142 143 144 161 163 182 183 184 
163 4663 1.130880000 -0.062208500 0.00000000000000000000 1.00000000000000000000 2 0 8 143 144 145 162 164 183 184 185 
164 4664 1.126610000 -0.077624200 0.00000000000000000000 1.00000000000000000000 2 0 8 144 145 146 163 165 184 185 186 
165 4665 1.121400000 -0.092949200 0.00000000000000000000 1.00000000000000000000 2 0 8 145 146 147 164 166 185 186 187 
166 4666 1.115260000 -0.108165000 0.00000000000000000000 1.00000000000000000000 2 0 8 146 147 148 165 167 186 187 188 
167 4667 1.108190000 -0.123252000 0.00000000000000000000 1.00000000000000000000 2 0 8 147 148 149 166 168 187 188 189 
168 4668 1.100200000 -0.138191000 0.00000000000000000000 1.00000000000000000000 2 0 8 148 149 150 167 169 188 189 190 
169 4669 1.091310000 -0.152963000 0.00000000000000000000 1.00000000000000000000 2 0 8 149 150 151 168 170 189 190 191 
170 4670 1.081510000 -0.167548000 0.00000000000000000000 1.00000000000000000000 2 0 8 150 151 152 169 171 190 191 192 
171 4671 1.070830000 -0.181925000 0.00000000000000000000 1.00000000000000000000 2 0 8 151 152 153 170 172 191 192 193 
172 4672 1.059280000 -0.196075000 0.00000000000000000000 1.00000000000000000000 2 0 8 152 153 154 171 173 192 193 194 
173 4673 1.046870000 -0.209977000 0.00000000000000000000 1.00000000000000000000 2 0 8 153 154 155 172 174 193 194 195 
174 4674 1.033620000 -0.223611000 0.00000000000000000000 1.00000000000000000000 2 0 8 154 155 156 173 175 194 195 196 
175 4675 1.019550000 -0.236957000 0.00000000000000000000 1.00000000000000000000 2 0 8 155 156 329 174 176 195 196 197 
176 4676 1.004670000 -0.249994000 0.00000000000000000000 1.00000000000000000000 2 0 8 156 329 330 175 333 196 197 336 
177 4677 1.134210000 0.046709400 0.00000000000000000000 1.00000000000000000000 2 0 8 331 332 157 335 178 198 199 200 
178 4678 1.136580000 0.031167600 0.00000000000000000000 1.00000000000000000000 2 0 8 332 157 158 177 179 199 200 201 
179 4679 1.138010000 0.015589900 0.00000000000000000000 1.00000000000000000000 2 0 8 157 158 140 178 159 200 201 180 
180 4680 1.164920000 -0.000006733 0.00000000000000000000 1.00000000000000000000 2 0 8 179 159 160 201 181 223 202 203 
181 4681 1.164430000 -0.017220400 0.00000000000000000000 1.00000000000000000000 2 0 8 159 160 161 180 182 202 203 204 
182 4682 1.162940000 -0.034413300 0.00000000000000000000 1.00000000000000000000 2 0 8 160 161 162 181 183 203 204 205 
183 4683 1.160460000 -0.051564500 0.00000000000000000000 1.00000000000000000000 2 0 8 161 162 163 182 184 204 205 206 
184 4684 1.156990000 -0.068653300 0.00000000000000000000 1.00000000000000000000 2 0 8 162 163 164 183 185 205 206 207 
185 4685 1.152540000 -0.085658500 0.00000000000000000000 1.00000000000000000000 2 0 8 163 164 165 184 186 206 207 208 
186 4686 1.147110000 -0.102559000 0.00000000000000000000 1.00000000000000000000 2 0 8 164 165 166 185 187 207 208 209 
187 4687 1.140700000 -0.119333000 0.00000000000000000000 1.00000000000000000000 2 0 8 165 166 167 186 188 208 209 210 
188 4688 1.133330000 -0.135960000 0.00000000000000000000 1.00000000000000000000 2 0 8 166 167 168 187 189 209 210 211 
189 4689 1.125010000 -0.152417000 0.00000000000000000000 1.00000000000000000000 2 0 8 167 168 169 188 190 210 211 212 
190 4690 1.115740000 -0.168682000 0.00000000000000000000 1.00000000000000000000 2 0 8 168 169 170 189 191 211 212 213 
191 4691 1.105530000 -0.184734000 0.00000000000000000000 1.00000000000000000000 2 0 8 169 170 171 190 192 212 213 214 
192 4692 1.094410000 -0.200550000 0.00000000000000000000 1.00000000000000000000 2 0 8 170 171 172 191 193 213 214 215 
193 4693 1.082370000 -0.216108000 0.00000000000000000000 1.00000000000000000000 2 0 8 171 172 173 192 194 214 215 216 
194 4694 1.069440000 -0.231385000 0.00000000000000000000 1.00000000000000000000 2 0 8 172 173 174 193 195 215 216 217 
195 4695 1.055640000 -0.246359000 0.00000000000000000000 1.00000000000000000000 2 0 8 173 174 175 194 196 216 217 218 
196 4696 1.040980000 -0.261008000 0.00000000000000000000 1.00000000000000000000 2 0 8 174 175 176 195 197 217 218 339 
197 4697 1.025480000 -0.275309000 0.00000000000000000000 1.00000000000000000000 2 0 8 175 176 333 196 336 218 339 340 
198 4698 1.156990000 0.068640100 0.00000000000000000000 1.00000000000000000000 2 0 8 334 335 177 338 199 219 220 221 
199 4699 1.160460000 0.051551300 0.00000000000000000000 1.00000000000000000000 2 0 8 335 177 178 198 200 220 221 222 
200 4700 1.162940000 0.034399900 0.00000000000000000000 1.00000000000000000000 2 0 8 177 178 179 199 201 221 222 223 
201 4701 1.164430000 0.017207000 0.00000000000000000000 1.00000000000000000000 2 0 8 178 179 159 200 180 222 223 202 
202 4702 1.193940000 -0.000007892 0.00000000000000000000 1.00000000000000000000 2 0 8 201 180 181 223 203 244 224 225 
203 4703 1.193420000 -0.018903400 0.00000000000000000000 1.00000000000000000000 2 0 8 180 181 182 202 204 224 225 226 
204 4704 1.191860000 -0.037775200 0.00000000000000000000 1.00000000000000000000 2 0 8 181 182 183 203 205 225 226 227 
205 4705 1.189270000 -0.056599500 0.00000000000000000000 1.00000000000000000000 2 0 8 182 183 184 204 206 226 227 228 
206 4706 1.185640000 -0.075352600 0.00000000000000000000 1.00000000000000000000 2 0 8 183 184 185 205 207 227 228 229 
207 4707 1.180990000 -0.094010600 0.00000000000000000000 1.00000000000000000000 2 0 8 184 185 186 206 208 228 229 230 
208 4708 1.175320000 -0.112550000 0.00000000000000000000 1.00000000000000000000 2 0 8 185 186 187 207 209 229 230 231 
209 4709 1.168630000 -0.130945000 0.00000000000000000000 1.00000000000000000000 2 0 8 186 187 188 208 210 230 231 232 
210 4710 1.160930000 -0.149174000 0.00000000000000000000 1.00000000000000000000 2 0 8 187 188 189 209 211 231 232 233 
211 4711 1.152230000 -0.167210000 0.00000000000000000000 1.00000000000000000000 2 0 8 188 189 190 210 212 232 233 234 
212 4712 1.142550000 -0.185031000 0.00000000000000000000 1.00000000000000000000 2 0 8 189 190 191 211 213 233 234 235 
213 4713 1.131890000 -0.202610000 0.00000000000000000000 1.00000000000000000000 2 0 8 190 191 192 212 214 234 235 236 
214 4714 1.120270000 -0.219925000 0.00000000000000000000 1.00000000000000000000 2 0 8 191 192 193 213 215 235 236 237 
215 4715 1.107700000 -0.236949000 0.00000000000000000000 1.00000000000000000000 2 0 8 192 193 194 214 216 236 237 238 
216 4716 1.094200000 -0.253659000 0.00000000000000000000 1.00000000000000000000 2 0 8 193 194 195 215 217 237 238 239 
217 4717 1.079790000 -0.270030000 0.00000000000000000000 1.00000000000000000000 2 0 8 194 195 196 216 218 238 239 342 
218 4718 1.064480000 -0.286037000 0.00000000000000000000 1.00000000000000000000 2 0 8 195 196 197 217 339 239 342 343 
219 4719 1.181000000 0.093995300 0.00000000000000000000 1.00000000000000000000 2 0 8 337 338 198 341 220 344 240 241 
220 4720 1.185650000 0.075337100 0.00000000000000000000 1.00000000000000000000 2 0 8 338 198 199 219 221 240 241 242 
221 4721 1.189270000 0.056583900 0.00000000000000000000 1.00000000000000000000 2 0 8 198 199 200 220 222 241 242 243 
222 4722 1.191860000 0.037759500 0.00000000000000000000 1.00000000000000000000 2 0 8 199 200 201 221 223 242 243 244 
223 4723 1.193420000 0.018887700 0.00000000000000000000 1.00000000000000000000 2 0 8 200 201 180 222 202 243 244 224 
224 4724 1.225620000 -0.000009146 0.00000000000000000000 1.00000000000000000000 2 0 8 223 202 203 244 225 264 245 246 
225 4725 1.225080000 -0.020656800 0.00000000000000000000 1.00000000000000000000 2 0 8 202 203 204 224 226 245 246 247 
226 4726 1.223450000 -0.041277700 0.00000000000000000000 1.00000000000000000000 2 0 8 203 204 205 225 227 246 247 248 
227 4727 1.220740000 -0.061845300 0.00000000000000000000 1.00000000000000000000 2 0 8 204 205 206 226 228 247 248 249 
228 4728 1.216940000 -0.082332800 0.00000000000000000000 1.00000000000000000000 2 0 8 205 206 207 227 229 248 249 250 
229 4729 1.212070000 -0.102713000 0.00000000000000000000 1.00000000000000000000 2 0 8 206 207 208 228 230 249 250 251 
230 4730 1.206130000 -0.122960000 0.00000000000000000000 1.00000000000000000000 2 0 8 207 208 209 229 231 250 251 252 
231 4731 1.199130000 -0.143046000 0.00000000000000000000 1.00000000000000000000 2 0 8 208 209 210 230 232 251 252 253 
232 4732 1.191070000 -0.162945000 0.00000000000000000000 1.00000000000000000000 2 0 8 209 210 211 231 233 252 253 254 
233 4733 1.181960000 -0.182629000 0.00000000000000000000 1.00000000000000000000 2 0 8 210 211 212 232 234 253 254 255 
234 4734 1.171830000 -0.202072000 0.00000000000000000000 1.00000000000000000000 2 0 8 211 212 213 233 235 254 255 256 
235 4735 1.160670000 -0.221246000 0.00000000000000000000 1.00000000000000000000 2 0 8 212 213 214 234 236 255 256 257 
236 4736 1.148510000 -0.240124000 0.00000000000000000000 1.00000000000000000000 2 0 8 213 214 215 235 237 256 257 258 
237 4737 1.135360000 -0.258679000 0.00000000000000000000 1.00000000000000000000 2 0 8 214 215 216 236 238 257 258 259 
238 4738 1.121230000 -0.276885000 0.00000000000000000000 1.00000000000000000000 2 0 8 215 216 217 237 239 258 259 345 
239 4739 1.106160000 -0.294714000 0.00000000000000000000 1.00000000000000000000 2 0 8 216 217 218 238 342 259 345 346 
240 4740 1.212070000 0.102696000 0.00000000000000000000 1.00000000000000000000 2 0 8 341 219 220 344 241 347 260 261 
241 4741 1.216940000 0.082314800 0.00000000000000000000 1.00000000000000000000 2 0 8 219 220 221 240 242 260 261 262 
242 4742 1.220740000 0.061827300 0.00000000000000000000 1.00000000000000000000 2 0 8 220 221 222 241 243 261 262 263 
243 4743 1.223450000 0.041259600 0.00000000000000000000 1.00000000000000000000 2 0 8 221 222 223 242 244 262 263 264 
244 4744 1.225080000 0.020638600 0.00000000000000000000 1.00000000000000000000 2 0 8 222 223 202 243 224 263 264 245 
245 4745 1.260100000 -0.000010495 0.00000000000000000000 1.00000000000000000000 2 0 8 244 224 225 264 246 282 265 266 
246 4746 1.259530000 -0.022487500 0.00000000000000000000 1.00000000000000000000 2 0 8 224 225 226 245 247 265 266 267 
247 4747 1.257820000 -0.044934700 0.00000000000000000000 1.00000000000000000000 2 0 8 225 226 227 246 248 266 267 268 
248 4748 1.254970000 -0.067322400 0.00000000000000000000 1.00000000000000000000 2 0 8 226 227 228 247 249 267 268 269 
249 4749 1.250990000 -0.089620900 0.00000000000000000000 1.00000000000000000000 2 0 8 227 228 229 248 250 268 269 270 
250 4750 1.245880000 -0.111800000 0.00000000000000000000 1.00000000000000000000 2 0 8 228 229 230 249 251 269 270 271 
251 4751 1.239650000 -0.133831000 0.00000000000000000000 1.00000000000000000000 2 0 8 229 230 231 250 252 270 271 272 
252 4752 1.232310000 -0.155683000 0.00000000000000000000 1.00000000000000000000 2 0 8 230 231 232 251 253 271 272 273 
253 4753 1.223860000 -0.177327000 0.00000000000000000000 1.00000000000000000000 2 0 8 231 232 233 252 254 272 273 274 
254 4754 1.214310000 -0.198733000 0.00000000000000000000 1.00000000000000000000 2 0 8 232 233 234 253 255 273 274 275 
255 4755 1.203680000 -0.219871000 0.00000000000000000000 1.00000000000000000000 2 0 8 233 234 235 254 256 274 275 276 
256 4756 1.191990000 -0.240711000 0.00000000000000000000 1.00000000000000000000 2 0 8 234 235 236 255 257 275 276 277 
257 4757 1.179240000 -0.261224000 0.00000000000000000000 1.00000000000000000000 2 0 8 235 236 237 256 258 276 277 278 
258 4758 1.165450000 -0.281380000 0.00000000000000000000 1.00000000000000000000 2 0 8 236 237 238 257 259 277 278 348 
259 4759 1.150640000 -0.301151000 0.00000000000000000000 1.00000000000000000000 2 0 8 237 238 239 258 345 278 348 349 
260 4760 1.245890000 0.111780000 0.00000000000000000000 1.00000000000000000000 2 0 8 344 240 241 347 261 350 351 279 
261 4761 1.251000000 0.089600400 0.00000000000000000000 1.00000000000000000000 2 0 8 240 241 242 260 262 351 279 280 
262 4762 1.254980000 0.067301700 0.00000000000000000000 1.00000000000000000000 2 0 8 241 242 243 261 263 279 280 281 
263 4763 1.257820000 0.044913900 0.00000000000000000000 1.00000000000000000000 2 0 8 242 243 244 262 264 280 281 282 
264 4764 1.259530000 0.022466600 0.00000000000000000000 1.00000000000000000000 2 0 8 243 244 224 263 245 281 282 265 
265 4765 1.297490000 -0.000011940 0.00000000000000000000 1.00000000000000000000 2 0 8 264 245 246 282 266 298 283 284 
266 4766 1.296890000 -0.024402500 0.00000000000000000000 1.00000000000000000000 2 0 8 245 246 247 265 267 283 284 285 
267 4767 1.295090000 -0.048760100 0.00000000000000000000 1.00000000000000000000 2 0 8 246 247 248 266 268 284 285 286 
268 4768 1.292100000 -0.073052000 0.00000000000000000000 1.00000000000000000000 2 0 8 247 248 249 267 269 285 286 287 
269 4769 1.287920000 -0.097245200 0.00000000000000000000 1.00000000000000000000 2 0 8 248 249 250 268 270 286 287 288 
270 4770 1.282550000 -0.121307000 0.00000000000000000000 1.00000000000000000000 2 0 8 249 250 251 269 271 287 288 289 
271 4771 1.276010000 -0.145204000 0.00000000000000000000 1.00000000000000000000 2 0 8 250 251 252 270 272 288 289 290 
272 4772 1.268290000 -0.168905000 0.00000000000000000000 1.00000000000000000000 2 0 8 251 252 253 271 273 289 290 291 
273 4773 1.259420000 -0.192375000 0.00000000000000000000 1.00000000000000000000 2 0 8 252 253 254 272 274 290 291 292 
274 4774 1.249390000 -0.215583000 0.00000000000000000000 1.00000000000000000000 2 0 8 253 254 255 273 275 291 292 293 
275 4775 1.238230000 -0.238496000 0.00000000000000000000 1.00000000000000000000 2 0 8 254 255 256 274 276 292 293 294 
276 4776 1.225940000 -0.261081000 0.00000000000000000000 1.00000000000000000000 2 0 8 255 256 257 275 277 293 294 295 
277 4777 1.212560000 -0.283306000 0.00000000000000000000 1.00000000000000000000 2 0 8 256 257 258 276 278 294 295 352 
278 4778 1.198080000 -0.305139000 0.00000000000000000000 1.00000000000000000000 2 0 8 257 258 259 277 348 295 352 353 
279 4779 1.287930000 0.097221800 0.00000000000000000000 1.00000000000000000000 2 0 8 260 261 262 351 280 354 355 296 
280 4780 1.292110000 0.073028400 0.00000000000000000000 1.00000000000000000000 2 0 8 261 262 263 279 281 355 296 297 
281 4781 1.295100000 0.048736400 0.00000000000000000000 1.00000000000000000000 2 0 8 262 263 264 280 282 296 297 298 
282 4782 1.296890000 0.024378700 0.00000000000000000000 1.00000000000000000000 2 0 8 263 264 245 281 265 297 298 283 
283 4783 1.337930000 -0.000013481 0.00000000000000000000 1.00000000000000000000 2 0 8 282 265 266 298 284 373 356 357 
284 4784 1.337300000 -0.026409200 0.00000000000000000000 1.00000000000000000000 2 0 8 265 266 267 283 285 356 357 358 
285 4785 1.335410000 -0.052768700 0.00000000000000000000 1.00000000000000000000 2 0 8 266 267 268 284 286 357 358 359 
286 4786 1.332260000 -0.079056000 0.00000000000000000000 1.00000000000000000000 2 0 8 267 268 269 285 287 358 359 360 
287 4787 1.327860000 -0.105235000 0.00000000000000000000 1.00000000000000000000 2 0 8 268 269 270 286 288 359 360 361 
288 4788 1.322210000 -0.131269000 0.00000000000000000000 1.00000000000000000000 2 0 8 269 270 271 287 289 360 361 362 
289 4789 1.315330000 -0.157123000 0.00000000000000000000 1.00000000000000000000 2 0 8 270 271 272 288 290 361 362 363 
290 4790 1.307210000 -0.182761000 0.00000000000000000000 1.00000000000000000000 2 0 8 271 272 273 289 291 362 363 364 
291 4791 1.297870000 -0.208146000 0.00000000000000000000 1.00000000000000000000 2 0 8 272 273 274 290 292 363 364 365 
292 4792 1.287330000 -0.233244000 0.00000000000000000000 1.00000000000000000000 2 0 8 273 274 275 291 293 364 365 366 
293 4793 1.275590000 -0.258018000 0.00000000000000000000 1.00000000000000000000 2 0 8 274 275 276 292 294 365 366 367 
294 4794 1.262670000 -0.282433000 0.00000000000000000000 1.00000000000000000000 2 0 8 275 276 277 293 295 366 367 368 
295 4795 1.248590000 -0.306454000 0.00000000000000000000 1.00000000000000000000 2 0 8 276 277 278 294 352 367 368 369 
296 4796 1.332260000 0.079029400 0.00000000000000000000 1.00000000000000000000 2 0 8 279 280 281 355 297 370 371 372 
297 4797 1.335410000 0.052742000 0.00000000000000000000 1.00000000000000000000 2 0 8 280 281 282 296 298 371 372 373 
298 4798 1.337300000 0.026382400 0.00000000000000000000 1.00000000000000000000 2 0 8 281 282 265 297 283 372 373 356 
299 3594 0.954072 -0.0063337 1 1
300 6614 0.996534 0.000490644 1 1
301 3617 0.95593 -0.0199194 2 0
302 3618 0.947396 -0.022148 2 0
303 6635 0.998015 0.00453934 2 0
304 3641 0.951138 -0.0368894 2 0
305 6656 1.00177 0.00855192 2 0
306 3665 0.956735 -0.0517518 2 0
307 3666 0.947413 -0.0561876 2 0
308 6677 1.00772 0.0125491 2 0
309 6678 1.00961 0.00834524 2 0
310 3690 0.954753 -0.0723293 2 0
311 6700 1.01776 0.011027 2 0
312 6701 1.01891 0.00550975 2 0
313 3715 0.963926 -0.0887254 2 0
314 3716 0.9536 -0.0953272 2 0
315 6724 1.02924 0.00686292 2 0
316 3740 0.964401 -0.113166 2 0
317 6747 1.04174 0.00823352 2 0
318 3765 0.97704 -0.131417 2 0
319 3766 0.965474 -0.140163 2 0
320 6770 1.05643 0.00962887 2 0
321 3791 0.979647 -0.160057 2 0
322 3792 0.966994 -0.169778 2 0
323 6792 1.07207 0.0221055 2 0
324 6793 1.07335 0.0110557 2 0
325 3817 0.982621 -0.191429 2 0
326 3818 0.968799 -0.202081 2 0
327 6814 1.08902 0.0375212 2 0
328 6815 1.09123 0.025033 2 0
329 3841 0.985798 -0.225615 2 0
330 3842 0.97072 -0.237147 2 0
331 6834 1.10722 0.0559833 2 0
332 6835 1.11042 0.0420391 2 0
333 3863 0.989004 -0.262701 2 0
334 6852 1.12661 0.0776132 2 0
335 6853 1.13088 0.0621974 2 0
336 3894 1.00916 -0.289241 2 0
337 6869 1.14711 0.102546 2 0
338 6870 1.15254 0.0856454 2 0
339 3907 1.0483 -0.301657 2 0
340 3908 1.03127 -0.316866 2 0
341 6885 1.17532 0.112534 2 0
342 3922 1.09014 -0.312141 2 0
343 3923 1.07322 -0.329138 2 0
344 6897 1.20613 0.122943 2 0
345 3940 1.13484 -0.320506 2 0
346 3941 1.11805 -0.339417 2 0
347 6921 1.23966 0.133811 2 0
348 3960 1.18253 -0.326549 2 0
349 3961 1.16594 -0.347503 2 0
350 6940 1.27602 0.145181 2 0
351 6941 1.28256 0.121284 2 0
352 4200 1.23336 -0.330046 2 0
353 3981 1.21702 -0.353175 2 0
354 6962 1.32222 0.131243 2 0
355 6963 1.32786 0.105208 2 0
356 4201 1.38156 -1.51179e-05 2 0
357 4202 1.38089 -0.0285152 2 0
358 4203 1.3789 -0.0569758 2 0
359 4204 1.37559 -0.0853573 2 0
360 4205 1.37095 -0.11362 2 0
361 4206 1.36501 -0.141725 2 0
362 4207 1.35775 -0.169633 2 0
363 4208 1.3492 -0.197304 2 0
364 4209 1.33937 -0.2247 2 0
365 4210 1.32826 -0.251782 2 0
366 4211 1.3159 -0.27851 2 0
367 4212 1.30229 -0.304847 2 0
368 4213 1.28746 -0.330755 2 0
369 4214 1.27143 -0.356195 2 0
370 6986 1.37096 0.113591 2 0
371 4216 1.37559 0.0853275 2 0
372 4217 1.37891 0.0569459 2 0
373 4218 1.38089 0.0284852 2 0
