390 300 90
1 302 0.501029000 -0.346448000 0.00000000000000000000 1.00000000000000000000 2 0 8 301 302 303 307 2 4 5 6 
2 303 0.477234000 -0.347078000 0.00000000000000000000 1.00000000000000000000 2 0 8 302 303 304 1 3 5 6 7 
3 304 0.453442000 -0.347164000 0.00000000000000000000 1.00000000000000000000 2 0 8 303 304 305 2 308 6 7 8 
4 305 0.525715000 -0.382688000 0.00000000000000000000 1.00000000000000000000 2 0 8 306 307 1 312 5 10 11 12 
5 306 0.501088000 -0.383864000 0.00000000000000000000 1.00000000000000000000 2 0 8 307 1 2 4 6 11 12 13 
6 307 0.476424000 -0.384444000 0.00000000000000000000 1.00000000000000000000 2 0 8 1 2 3 5 7 12 13 14 
7 308 0.451761000 -0.384423000 0.00000000000000000000 1.00000000000000000000 2 0 8 2 3 308 6 8 13 14 15 
8 309 0.427137000 -0.383797000 0.00000000000000000000 1.00000000000000000000 2 0 8 3 308 309 7 9 14 15 16 
9 310 0.402591000 -0.382564000 0.00000000000000000000 1.00000000000000000000 2 0 8 308 309 310 8 313 15 16 17 
10 311 0.552234000 -0.419680000 0.00000000000000000000 1.00000000000000000000 2 0 8 311 312 4 316 11 18 19 20 
11 312 0.526727000 -0.421518000 0.00000000000000000000 1.00000000000000000000 2 0 8 312 4 5 10 12 19 20 21 
12 313 0.501141000 -0.422704000 0.00000000000000000000 1.00000000000000000000 2 0 8 4 5 6 11 13 20 21 22 
13 314 0.475516000 -0.423235000 0.00000000000000000000 1.00000000000000000000 2 0 8 5 6 7 12 14 21 22 23 
14 315 0.449891000 -0.423105000 0.00000000000000000000 1.00000000000000000000 2 0 8 6 7 8 13 15 22 23 24 
15 316 0.424307000 -0.422312000 0.00000000000000000000 1.00000000000000000000 2 0 8 7 8 9 14 16 23 24 25 
16 317 0.398803000 -0.420852000 0.00000000000000000000 1.00000000000000000000 2 0 8 8 9 313 15 17 24 25 26 
17 318 0.373420000 -0.418725000 0.00000000000000000000 1.00000000000000000000 2 0 8 9 313 314 16 317 25 26 27 
18 319 0.580819000 -0.457377000 0.00000000000000000000 1.00000000000000000000 2 0 8 315 316 10 320 19 28 29 30 
19 320 0.554385000 -0.459997000 0.00000000000000000000 1.00000000000000000000 2 0 8 316 10 11 18 20 29 30 31 
20 321 0.527828000 -0.461911000 0.00000000000000000000 1.00000000000000000000 2 0 8 10 11 12 19 21 30 31 32 
21 322 0.501188000 -0.463112000 0.00000000000000000000 1.00000000000000000000 2 0 8 11 12 13 20 22 31 32 33 
22 323 0.474507000 -0.463595000 0.00000000000000000000 1.00000000000000000000 2 0 8 12 13 14 21 23 32 33 34 
23 324 0.447826000 -0.463355000 0.00000000000000000000 1.00000000000000000000 2 0 8 13 14 15 22 24 33 34 35 
24 325 0.421188000 -0.462389000 0.00000000000000000000 1.00000000000000000000 2 0 8 14 15 16 23 25 34 35 36 
25 326 0.394633000 -0.460696000 0.00000000000000000000 1.00000000000000000000 2 0 8 15 16 17 24 26 35 36 37 
26 327 0.368204000 -0.458275000 0.00000000000000000000 1.00000000000000000000 2 0 8 16 17 317 25 27 36 37 38 
27 328 0.341942000 -0.455126000 0.00000000000000000000 1.00000000000000000000 2 0 8 17 317 318 26 321 37 38 39 
28 329 0.611713000 -0.495726000 0.00000000000000000000 1.00000000000000000000 2 0 8 319 320 18 335 29 51 52 53 
29 330 0.584306000 -0.499256000 0.00000000000000000000 1.00000000000000000000 2 0 8 320 18 19 28 30 52 53 54 
30 331 0.556728000 -0.502023000 0.00000000000000000000 1.00000000000000000000 2 0 8 18 19 20 29 31 53 54 55 
31 332 0.529021000 -0.504019000 0.00000000000000000000 1.00000000000000000000 2 0 8 19 20 21 30 32 54 55 56 
32 333 0.501229000 -0.505237000 0.00000000000000000000 1.00000000000000000000 2 0 8 20 21 22 31 33 55 56 57 
33 334 0.473394000 -0.505672000 0.00000000000000000000 1.00000000000000000000 2 0 8 21 22 23 32 34 56 57 58 
34 335 0.445559000 -0.505320000 0.00000000000000000000 1.00000000000000000000 2 0 8 22 23 24 33 35 57 58 59 
35 336 0.417768000 -0.504178000 0.00000000000000000000 1.00000000000000000000 2 0 8 23 24 25 34 36 58 59 60 
36 337 0.390065000 -0.502244000 0.00000000000000000000 1.00000000000000000000 2 0 8 24 25 26 35 37 59 60 61 
37 338 0.362493000 -0.499518000 0.00000000000000000000 1.00000000000000000000 2 0 8 25 26 27 36 38 60 61 62 
38 339 0.335096000 -0.496002000 0.00000000000000000000 1.00000000000000000000 2 0 8 26 27 321 37 39 61 62 63 
39 340 0.307917000 -0.491696000 0.00000000000000000000 1.00000000000000000000 2 0 8 27 321 322 38 40 62 63 64 
40 341 0.280999000 -0.486606000 0.00000000000000000000 1.00000000000000000000 2 0 8 321 322 323 39 41 63 64 65 
41 342 0.254385000 -0.480736000 0.00000000000000000000 1.00000000000000000000 2 0 8 322 323 324 40 42 64 65 66 
42 343 0.228119000 -0.474093000 0.00000000000000000000 1.00000000000000000000 2 0 8 323 324 325 41 43 65 66 67 
43 344 0.202241000 -0.466684000 0.00000000000000000000 1.00000000000000000000 2 0 8 324 325 326 42 44 66 67 68 
44 345 0.176794000 -0.458519000 0.00000000000000000000 1.00000000000000000000 2 0 8 325 326 327 43 45 67 68 69 
45 346 0.151820000 -0.449608000 0.00000000000000000000 1.00000000000000000000 2 0 8 326 327 328 44 46 68 69 70 
46 347 0.127357000 -0.439963000 0.00000000000000000000 1.00000000000000000000 2 0 8 327 328 329 45 47 69 70 71 
47 348 0.103447000 -0.429597000 0.00000000000000000000 1.00000000000000000000 2 0 8 328 329 330 46 48 70 71 72 
48 349 0.080128500 -0.418526000 0.00000000000000000000 1.00000000000000000000 2 0 8 329 330 331 47 49 71 72 73 
49 350 0.057439200 -0.406764000 0.00000000000000000000 1.00000000000000000000 2 0 8 330 331 332 48 50 72 73 74 
50 351 0.035416700 -0.394330000 0.00000000000000000000 1.00000000000000000000 2 0 8 331 332 333 49 336 73 74 75 
51 352 0.645170000 -0.534664000 0.00000000000000000000 1.00000000000000000000 2 0 8 334 335 28 338 52 341 76 77 
52 353 0.616745000 -0.539238000 0.00000000000000000000 1.00000000000000000000 2 0 8 335 28 29 51 53 76 77 78 
53 354 0.588098000 -0.542991000 0.00000000000000000000 1.00000000000000000000 2 0 8 28 29 30 52 54 77 78 79 
54 355 0.559272000 -0.545913000 0.00000000000000000000 1.00000000000000000000 2 0 8 29 30 31 53 55 78 79 80 
55 356 0.530313000 -0.547997000 0.00000000000000000000 1.00000000000000000000 2 0 8 30 31 32 54 56 79 80 81 
56 357 0.501265000 -0.549235000 0.00000000000000000000 1.00000000000000000000 2 0 8 31 32 33 55 57 80 81 82 
57 358 0.472173000 -0.549623000 0.00000000000000000000 1.00000000000000000000 2 0 8 32 33 34 56 58 81 82 83 
58 359 0.443081000 -0.549156000 0.00000000000000000000 1.00000000000000000000 2 0 8 33 34 35 57 59 82 83 84 
59 360 0.414036000 -0.547832000 0.00000000000000000000 1.00000000000000000000 2 0 8 34 35 36 58 60 83 84 85 
60 361 0.385083000 -0.545649000 0.00000000000000000000 1.00000000000000000000 2 0 8 35 36 37 59 61 84 85 86 
61 362 0.356268000 -0.542607000 0.00000000000000000000 1.00000000000000000000 2 0 8 36 37 38 60 62 85 86 87 
62 363 0.327635000 -0.538708000 0.00000000000000000000 1.00000000000000000000 2 0 8 37 38 39 61 63 86 87 88 
63 364 0.299231000 -0.533956000 0.00000000000000000000 1.00000000000000000000 2 0 8 38 39 40 62 64 87 88 89 
64 365 0.271101000 -0.528353000 0.00000000000000000000 1.00000000000000000000 2 0 8 39 40 41 63 65 88 89 90 
65 366 0.243289000 -0.521907000 0.00000000000000000000 1.00000000000000000000 2 0 8 40 41 42 64 66 89 90 91 
66 367 0.215840000 -0.514625000 0.00000000000000000000 1.00000000000000000000 2 0 8 41 42 43 65 67 90 91 92 
67 368 0.188798000 -0.506515000 0.00000000000000000000 1.00000000000000000000 2 0 8 42 43 44 66 68 91 92 93 
68 369 0.162207000 -0.497588000 0.00000000000000000000 1.00000000000000000000 2 0 8 43 44 45 67 69 92 93 94 
69 370 0.136109000 -0.487855000 0.00000000000000000000 1.00000000000000000000 2 0 8 44 45 46 68 70 93 94 95 
70 371 0.110547000 -0.477330000 0.00000000000000000000 1.00000000000000000000 2 0 8 45 46 47 69 71 94 95 96 
71 372 0.085562400 -0.466028000 0.00000000000000000000 1.00000000000000000000 2 0 8 46 47 48 70 72 95 96 97 
72 373 0.061196200 -0.453964000 0.00000000000000000000 1.00000000000000000000 2 0 8 47 48 49 71 73 96 97 98 
73 374 0.037488100 -0.441156000 0.00000000000000000000 1.00000000000000000000 2 0 8 48 49 50 72 74 97 98 99 
74 375 0.014477000 -0.427623000 0.00000000000000000000 1.00000000000000000000 2 0 8 49 50 336 73 75 98 99 100 
75 376 -0.007799180 -0.413385000 0.00000000000000000000 1.00000000000000000000 2 0 8 50 336 337 74 339 99 100 101 
76 377 0.651965000 -0.579877000 0.00000000000000000000 1.00000000000000000000 2 0 8 338 51 52 341 77 343 102 103 
77 378 0.622202000 -0.584756000 0.00000000000000000000 1.00000000000000000000 2 0 8 51 52 53 76 78 102 103 104 
78 379 0.592208000 -0.588744000 0.00000000000000000000 1.00000000000000000000 2 0 8 52 53 54 77 79 103 104 105 
79 380 0.562028000 -0.591831000 0.00000000000000000000 1.00000000000000000000 2 0 8 53 54 55 78 80 104 105 106 
80 381 0.531708000 -0.594009000 0.00000000000000000000 1.00000000000000000000 2 0 8 54 55 56 79 81 105 106 107 
81 382 0.501297000 -0.595270000 0.00000000000000000000 1.00000000000000000000 2 0 8 55 56 57 80 82 106 107 108 
82 383 0.470839000 -0.595611000 0.00000000000000000000 1.00000000000000000000 2 0 8 56 57 58 81 83 107 108 109 
83 384 0.440384000 -0.595026000 0.00000000000000000000 1.00000000000000000000 2 0 8 57 58 59 82 84 108 109 110 
84 385 0.409978000 -0.593513000 0.00000000000000000000 1.00000000000000000000 2 0 8 58 59 60 83 85 109 110 111 
85 386 0.379669000 -0.591071000 0.00000000000000000000 1.00000000000000000000 2 0 8 59 60 61 84 86 110 111 112 
86 387 0.349505000 -0.587700000 0.00000000000000000000 1.00000000000000000000 2 0 8 60 61 62 85 87 111 112 113 
87 388 0.319533000 -0.583404000 0.00000000000000000000 1.00000000000000000000 2 0 8 61 62 63 86 88 112 113 114 
88 389 0.289801000 -0.578185000 0.00000000000000000000 1.00000000000000000000 2 0 8 62 63 64 87 89 113 114 115 
89 390 0.260356000 -0.572048000 0.00000000000000000000 1.00000000000000000000 2 0 8 63 64 65 88 90 114 115 116 
90 391 0.231245000 -0.565001000 0.00000000000000000000 1.00000000000000000000 2 0 8 64 65 66 89 91 115 116 117 
91 392 0.202515000 -0.557052000 0.00000000000000000000 1.00000000000000000000 2 0 8 65 66 67 90 92 116 117 118 
92 393 0.174211000 -0.548210000 0.00000000000000000000 1.00000000000000000000 2 0 8 66 67 68 91 93 117 118 119 
93 394 0.146379000 -0.538487000 0.00000000000000000000 1.00000000000000000000 2 0 8 67 68 69 92 94 118 119 120 
94 395 0.119065000 -0.527896000 0.00000000000000000000 1.00000000000000000000 2 0 8 68 69 70 93 95 119 120 121 
95 396 0.092312100 -0.516451000 0.00000000000000000000 1.00000000000000000000 2 0 8 69 70 71 94 96 120 121 122 
96 397 0.066164200 -0.504169000 0.00000000000000000000 1.00000000000000000000 2 0 8 70 71 72 95 97 121 122 123 
97 398 0.040663900 -0.491067000 0.00000000000000000000 1.00000000000000000000 2 0 8 71 72 73 96 98 122 123 124 
98 399 0.015852900 -0.477165000 0.00000000000000000000 1.00000000000000000000 2 0 8 72 73 74 97 99 123 124 125 
99 400 -0.008228210 -0.462483000 0.00000000000000000000 1.00000000000000000000 2 0 8 73 74 75 98 100 124 125 126 
100 401 -0.031539700 -0.447042000 0.00000000000000000000 1.00000000000000000000 2 0 8 74 75 339 99 101 125 126 127 
101 402 -0.054043200 -0.430867000 0.00000000000000000000 1.00000000000000000000 2 0 8 75 339 340 100 342 126 127 344 
102 403 0.659318000 -0.627249000 0.00000000000000000000 1.00000000000000000000 2 0 8 341 76 77 343 103 345 346 128 
103 404 0.628106000 -0.632450000 0.00000000000000000000 1.00000000000000000000 2 0 8 76 77 78 102 104 346 128 129 
104 405 0.596652000 -0.636686000 0.00000000000000000000 1.00000000000000000000 2 0 8 77 78 79 103 105 128 129 130 
105 406 0.565005000 -0.639947000 0.00000000000000000000 1.00000000000000000000 2 0 8 78 79 80 104 106 129 130 131 
106 407 0.533212000 -0.642226000 0.00000000000000000000 1.00000000000000000000 2 0 8 79 80 81 105 107 130 131 132 
107 408 0.501324000 -0.643514000 0.00000000000000000000 1.00000000000000000000 2 0 8 80 81 82 106 108 131 132 133 
108 409 0.469389000 -0.643806000 0.00000000000000000000 1.00000000000000000000 2 0 8 81 82 83 107 109 132 133 134 
109 410 0.437457000 -0.643099000 0.00000000000000000000 1.00000000000000000000 2 0 8 82 83 84 108 110 133 134 135 
110 411 0.405579000 -0.641390000 0.00000000000000000000 1.00000000000000000000 2 0 8 83 84 85 109 111 134 135 136 
111 412 0.373802000 -0.638678000 0.00000000000000000000 1.00000000000000000000 2 0 8 84 85 86 110 112 135 136 137 
112 413 0.342179000 -0.634965000 0.00000000000000000000 1.00000000000000000000 2 0 8 85 86 87 111 113 136 137 138 
113 414 0.310758000 -0.630254000 0.00000000000000000000 1.00000000000000000000 2 0 8 86 87 88 112 114 137 138 139 
114 415 0.279590000 -0.624547000 0.00000000000000000000 1.00000000000000000000 2 0 8 87 88 89 113 115 138 139 140 
115 416 0.248724000 -0.617853000 0.00000000000000000000 1.00000000000000000000 2 0 8 88 89 90 114 116 139 140 141 
116 417 0.218208000 -0.610177000 0.00000000000000000000 1.00000000000000000000 2 0 8 89 90 91 115 117 140 141 142 
117 418 0.188092000 -0.601530000 0.00000000000000000000 1.00000000000000000000 2 0 8 90 91 92 116 118 141 142 143 
118 419 0.158425000 -0.591922000 0.00000000000000000000 1.00000000000000000000 2 0 8 91 92 93 117 119 142 143 144 
119 420 0.129253000 -0.581366000 0.00000000000000000000 1.00000000000000000000 2 0 8 92 93 94 118 120 143 144 145 
120 421 0.100624000 -0.569876000 0.00000000000000000000 1.00000000000000000000 2 0 8 93 94 95 119 121 144 145 146 
121 422 0.072584500 -0.557468000 0.00000000000000000000 1.00000000000000000000 2 0 8 94 95 96 120 122 145 146 147 
122 423 0.045179700 -0.544161000 0.00000000000000000000 1.00000000000000000000 2 0 8 95 96 97 121 123 146 147 148 
123 424 0.018454400 -0.529972000 0.00000000000000000000 1.00000000000000000000 2 0 8 96 97 98 122 124 147 148 149 
124 425 -0.007547910 -0.514924000 0.00000000000000000000 1.00000000000000000000 2 0 8 97 98 99 123 125 148 149 150 
125 426 -0.032784500 -0.499037000 0.00000000000000000000 1.00000000000000000000 2 0 8 98 99 100 124 126 149 150 151 
126 427 -0.057214000 -0.482337000 0.00000000000000000000 1.00000000000000000000 2 0 8 99 100 101 125 127 150 151 152 
127 428 -0.080796100 -0.464849000 0.00000000000000000000 1.00000000000000000000 2 0 8 100 101 342 126 344 151 152 347 
128 429 0.634479000 -0.682497000 0.00000000000000000000 1.00000000000000000000 2 0 8 102 103 104 346 129 349 350 153 
129 430 0.601448000 -0.686995000 0.00000000000000000000 1.00000000000000000000 2 0 8 103 104 105 128 130 350 153 154 
130 431 0.568215000 -0.690441000 0.00000000000000000000 1.00000000000000000000 2 0 8 104 105 106 129 131 153 154 155 
131 432 0.534831000 -0.692826000 0.00000000000000000000 1.00000000000000000000 2 0 8 105 106 107 130 132 154 155 156 
132 433 0.501348000 -0.694143000 0.00000000000000000000 1.00000000000000000000 2 0 8 106 107 108 131 133 155 156 157 
133 434 0.467817000 -0.694387000 0.00000000000000000000 1.00000000000000000000 2 0 8 107 108 109 132 134 156 157 158 
134 435 0.434291000 -0.693553000 0.00000000000000000000 1.00000000000000000000 2 0 8 108 109 110 133 135 157 158 159 
135 436 0.400822000 -0.691640000 0.00000000000000000000 1.00000000000000000000 2 0 8 109 110 111 134 136 158 159 160 
136 437 0.367462000 -0.688647000 0.00000000000000000000 1.00000000000000000000 2 0 8 110 111 112 135 137 159 160 161 
137 438 0.334264000 -0.684576000 0.00000000000000000000 1.00000000000000000000 2 0 8 111 112 113 136 138 160 161 162 
138 439 0.301279000 -0.679430000 0.00000000000000000000 1.00000000000000000000 2 0 8 112 113 114 137 139 161 162 163 
139 440 0.268561000 -0.673214000 0.00000000000000000000 1.00000000000000000000 2 0 8 113 114 115 138 140 162 163 164 
140 441 0.236161000 -0.665935000 0.00000000000000000000 1.00000000000000000000 2 0 8 114 115 116 139 141 163 164 165 
141 442 0.204130000 -0.657601000 0.00000000000000000000 1.00000000000000000000 2 0 8 115 116 117 140 142 164 165 166 
142 443 0.172520000 -0.648222000 0.00000000000000000000 1.00000000000000000000 2 0 8 116 117 118 141 143 165 166 167 
143 444 0.141381000 -0.637812000 0.00000000000000000000 1.00000000000000000000 2 0 8 117 118 119 142 144 166 167 168 
144 445 0.110764000 -0.626383000 0.00000000000000000000 1.00000000000000000000 2 0 8 118 119 120 143 145 167 168 169 
145 446 0.080717300 -0.613951000 0.00000000000000000000 1.00000000000000000000 2 0 8 119 120 121 144 146 168 169 170 
146 447 0.051290200 -0.600534000 0.00000000000000000000 1.00000000000000000000 2 0 8 120 121 122 145 147 169 170 171 
147 448 0.022530300 -0.586150000 0.00000000000000000000 1.00000000000000000000 2 0 8 121 122 123 146 148 170 171 172 
148 449 -0.005515720 -0.570822000 0.00000000000000000000 1.00000000000000000000 2 0 8 122 123 124 147 149 171 172 173 
149 450 -0.032802100 -0.554571000 0.00000000000000000000 1.00000000000000000000 2 0 8 123 124 125 148 150 172 173 174 
150 451 -0.059284200 -0.537421000 0.00000000000000000000 1.00000000000000000000 2 0 8 124 125 126 149 151 173 174 175 
151 452 -0.084918500 -0.519399000 0.00000000000000000000 1.00000000000000000000 2 0 8 125 126 127 150 152 174 175 176 
152 453 -0.109663000 -0.500532000 0.00000000000000000000 1.00000000000000000000 2 0 8 126 127 344 151 347 175 176 177 
153 454 0.606612000 -0.739858000 0.00000000000000000000 1.00000000000000000000 2 0 8 128 129 130 350 154 352 178 179 
154 455 0.571670000 -0.743500000 0.00000000000000000000 1.00000000000000000000 2 0 8 129 130 131 153 155 178 179 180 
155 456 0.536571000 -0.745999000 0.00000000000000000000 1.00000000000000000000 2 0 8 130 131 132 154 156 179 180 181 
156 457 0.501369000 -0.747348000 0.00000000000000000000 1.00000000000000000000 2 0 8 131 132 133 155 157 180 181 182 
157 458 0.466118000 -0.747542000 0.00000000000000000000 1.00000000000000000000 2 0 8 132 133 134 156 158 181 182 183 
158 459 0.430874000 -0.746577000 0.00000000000000000000 1.00000000000000000000 2 0 8 133 134 135 157 159 182 183 184 
159 460 0.395691000 -0.744451000 0.00000000000000000000 1.00000000000000000000 2 0 8 134 135 136 158 160 183 184 185 
160 461 0.360625000 -0.741164000 0.00000000000000000000 1.00000000000000000000 2 0 8 135 136 137 159 161 184 185 186 
161 462 0.325729000 -0.736718000 0.00000000000000000000 1.00000000000000000000 2 0 8 136 137 138 160 162 185 186 187 
162 463 0.291060000 -0.731117000 0.00000000000000000000 1.00000000000000000000 2 0 8 137 138 139 161 163 186 187 188 
163 464 0.256672000 -0.724366000 0.00000000000000000000 1.00000000000000000000 2 0 8 138 139 140 162 164 187 188 189 
164 465 0.222620000 -0.716473000 0.00000000000000000000 1.00000000000000000000 2 0 8 139 140 141 163 165 188 189 190 
165 466 0.188958000 -0.707449000 0.00000000000000000000 1.00000000000000000000 2 0 8 140 141 142 164 166 189 190 191 
166 467 0.155738000 -0.697303000 0.00000000000000000000 1.00000000000000000000 2 0 8 141 142 143 165 167 190 191 192 
167 468 0.123016000 -0.686050000 0.00000000000000000000 1.00000000000000000000 2 0 8 142 143 144 166 168 191 192 193 
168 469 0.090842400 -0.673704000 0.00000000000000000000 1.00000000000000000000 2 0 8 143 144 145 167 169 192 193 194 
169 470 0.059270000 -0.660283000 0.00000000000000000000 1.00000000000000000000 2 0 8 144 145 146 168 170 193 194 195 
170 471 0.028349600 -0.645805000 0.00000000000000000000 1.00000000000000000000 2 0 8 145 146 147 169 171 194 195 196 
171 472 -0.001868850 -0.630292000 0.00000000000000000000 1.00000000000000000000 2 0 8 146 147 148 170 172 195 196 197 
172 473 -0.031336200 -0.613766000 0.00000000000000000000 1.00000000000000000000 2 0 8 147 148 149 171 173 196 197 198 
173 474 -0.060004300 -0.596252000 0.00000000000000000000 1.00000000000000000000 2 0 8 148 149 150 172 174 197 198 199 
174 475 -0.087826600 -0.577775000 0.00000000000000000000 1.00000000000000000000 2 0 8 149 150 151 173 175 198 199 200 
175 476 -0.114757000 -0.558364000 0.00000000000000000000 1.00000000000000000000 2 0 8 150 151 152 174 176 199 200 201 
176 477 -0.140752000 -0.538049000 0.00000000000000000000 1.00000000000000000000 2 0 8 151 152 347 175 177 200 201 202 
177 478 -0.165769000 -0.516859000 0.00000000000000000000 1.00000000000000000000 2 0 8 152 347 348 176 351 201 202 353 
178 479 0.612165000 -0.795472000 0.00000000000000000000 1.00000000000000000000 2 0 8 350 153 154 352 179 354 355 203 
179 480 0.575383000 -0.799321000 0.00000000000000000000 1.00000000000000000000 2 0 8 153 154 155 178 180 355 203 204 
180 481 0.538438000 -0.801941000 0.00000000000000000000 1.00000000000000000000 2 0 8 154 155 156 179 181 203 204 205 
181 482 0.501386000 -0.803326000 0.00000000000000000000 1.00000000000000000000 2 0 8 155 156 157 180 182 204 205 206 
182 483 0.464285000 -0.803468000 0.00000000000000000000 1.00000000000000000000 2 0 8 156 157 158 181 183 205 206 207 
183 484 0.427193000 -0.802366000 0.00000000000000000000 1.00000000000000000000 2 0 8 157 158 159 182 184 206 207 208 
184 485 0.390167000 -0.800017000 0.00000000000000000000 1.00000000000000000000 2 0 8 158 159 160 183 185 207 208 209 
185 486 0.353265000 -0.796422000 0.00000000000000000000 1.00000000000000000000 2 0 8 159 160 161 184 186 208 209 210 
186 487 0.316544000 -0.791582000 0.00000000000000000000 1.00000000000000000000 2 0 8 160 161 162 185 187 209 210 211 
187 488 0.280064000 -0.785503000 0.00000000000000000000 1.00000000000000000000 2 0 8 161 162 163 186 188 210 211 212 
188 489 0.243881000 -0.778192000 0.00000000000000000000 1.00000000000000000000 2 0 8 162 163 164 187 189 211 212 213 
189 490 0.208052000 -0.769655000 0.00000000000000000000 1.00000000000000000000 2 0 8 163 164 165 188 190 212 213 214 
190 491 0.172635000 -0.759904000 0.00000000000000000000 1.00000000000000000000 2 0 8 164 165 166 189 191 213 214 215 
191 492 0.137686000 -0.748952000 0.00000000000000000000 1.00000000000000000000 2 0 8 165 166 167 190 192 214 215 216 
192 493 0.103261000 -0.736813000 0.00000000000000000000 1.00000000000000000000 2 0 8 166 167 168 191 193 215 216 217 
193 494 0.069414800 -0.723504000 0.00000000000000000000 1.00000000000000000000 2 0 8 167 168 169 192 194 216 217 218 
194 495 0.036202300 -0.709043000 0.00000000000000000000 1.00000000000000000000 2 0 8 168 169 170 193 195 217 218 219 
195 496 0.003676800 -0.693450000 0.00000000000000000000 1.00000000000000000000 2 0 8 169 170 171 194 196 218 219 220 
196 497 -0.028109000 -0.676749000 0.00000000000000000000 1.00000000000000000000 2 0 8 170 171 172 195 197 219 220 221 
197 498 -0.059103600 -0.658964000 0.00000000000000000000 1.00000000000000000000 2 0 8 171 172 173 196 198 220 221 222 
198 499 -0.089256500 -0.640121000 0.00000000000000000000 1.00000000000000000000 2 0 8 172 173 174 197 199 221 222 223 
199 500 -0.118519000 -0.620248000 0.00000000000000000000 1.00000000000000000000 2 0 8 173 174 175 198 200 222 223 224 
200 501 -0.146842000 -0.599376000 0.00000000000000000000 1.00000000000000000000 2 0 8 174 175 176 199 201 223 224 225 
201 502 -0.174181000 -0.577537000 0.00000000000000000000 1.00000000000000000000 2 0 8 175 176 177 200 202 224 225 356 
202 503 -0.200489000 -0.554763000 0.00000000000000000000 1.00000000000000000000 2 0 8 176 177 351 201 353 225 356 357 
203 504 0.579369000 -0.858112000 0.00000000000000000000 1.00000000000000000000 2 0 8 178 179 180 355 204 358 359 226 
204 505 0.540440000 -0.860861000 0.00000000000000000000 1.00000000000000000000 2 0 8 179 180 181 203 205 359 226 227 
205 506 0.501401000 -0.862283000 0.00000000000000000000 1.00000000000000000000 2 0 8 180 181 182 204 206 226 227 228 
206 507 0.462313000 -0.862374000 0.00000000000000000000 1.00000000000000000000 2 0 8 181 182 183 205 207 227 228 229 
207 508 0.423235000 -0.861128000 0.00000000000000000000 1.00000000000000000000 2 0 8 182 183 184 206 208 228 229 230 
208 509 0.384228000 -0.858545000 0.00000000000000000000 1.00000000000000000000 2 0 8 183 184 185 207 209 229 230 231 
209 510 0.345355000 -0.854626000 0.00000000000000000000 1.00000000000000000000 2 0 8 184 185 186 208 210 230 231 232 
210 511 0.306675000 -0.849374000 0.00000000000000000000 1.00000000000000000000 2 0 8 185 186 187 209 211 231 232 233 
211 512 0.268249000 -0.842793000 0.00000000000000000000 1.00000000000000000000 2 0 8 186 187 188 210 212 232 233 234 
212 513 0.230138000 -0.834890000 0.00000000000000000000 1.00000000000000000000 2 0 8 187 188 189 211 213 233 234 235 
213 514 0.192402000 -0.825676000 0.00000000000000000000 1.00000000000000000000 2 0 8 188 189 190 212 214 234 235 236 
214 515 0.155101000 -0.815162000 0.00000000000000000000 1.00000000000000000000 2 0 8 189 190 191 213 215 235 236 237 
215 516 0.118295000 -0.803362000 0.00000000000000000000 1.00000000000000000000 2 0 8 190 191 192 214 216 236 237 238 
216 517 0.082042400 -0.790291000 0.00000000000000000000 1.00000000000000000000 2 0 8 191 192 193 215 217 237 238 239 
217 518 0.046400800 -0.775967000 0.00000000000000000000 1.00000000000000000000 2 0 8 192 193 194 216 218 238 239 240 
218 519 0.011427900 -0.760411000 0.00000000000000000000 1.00000000000000000000 2 0 8 193 194 195 217 219 239 240 241 
219 520 -0.022820200 -0.743645000 0.00000000000000000000 1.00000000000000000000 2 0 8 194 195 196 218 220 240 241 242 
220 521 -0.056288200 -0.725693000 0.00000000000000000000 1.00000000000000000000 2 0 8 195 196 197 219 221 241 242 243 
221 522 -0.088921800 -0.706582000 0.00000000000000000000 1.00000000000000000000 2 0 8 196 197 198 220 222 242 243 244 
222 523 -0.120668000 -0.686339000 0.00000000000000000000 1.00000000000000000000 2 0 8 197 198 199 221 223 243 244 245 
223 524 -0.151475000 -0.664997000 0.00000000000000000000 1.00000000000000000000 2 0 8 198 199 200 222 224 244 245 246 
224 525 -0.181293000 -0.642586000 0.00000000000000000000 1.00000000000000000000 2 0 8 199 200 201 223 225 245 246 360 
225 526 -0.210073000 -0.619142000 0.00000000000000000000 1.00000000000000000000 2 0 8 200 201 202 224 356 246 360 361 
226 527 0.542585000 -0.922977000 0.00000000000000000000 1.00000000000000000000 2 0 8 203 204 205 359 227 362 247 248 
227 528 0.501414000 -0.924441000 0.00000000000000000000 1.00000000000000000000 2 0 8 204 205 206 226 228 247 248 249 
228 529 0.460193000 -0.924477000 0.00000000000000000000 1.00000000000000000000 2 0 8 205 206 207 227 229 248 249 250 
229 530 0.418985000 -0.923081000 0.00000000000000000000 1.00000000000000000000 2 0 8 206 207 208 228 230 249 250 251 
230 531 0.377854000 -0.920253000 0.00000000000000000000 1.00000000000000000000 2 0 8 207 208 209 229 231 250 251 252 
231 532 0.336866000 -0.915993000 0.00000000000000000000 1.00000000000000000000 2 0 8 208 209 210 230 232 251 252 253 
232 533 0.296083000 -0.910306000 0.00000000000000000000 1.00000000000000000000 2 0 8 209 210 211 231 233 252 253 254 
233 534 0.255571000 -0.903196000 0.00000000000000000000 1.00000000000000000000 2 0 8 210 211 212 232 234 253 254 255 
234 535 0.215393000 -0.894673000 0.00000000000000000000 1.00000000000000000000 2 0 8 211 212 213 233 235 254 255 256 
235 536 0.175612000 -0.884746000 0.00000000000000000000 1.00000000000000000000 2 0 8 212 213 214 234 236 255 256 257 
236 537 0.136291000 -0.873427000 0.00000000000000000000 1.00000000000000000000 2 0 8 213 214 215 235 237 256 257 258 
237 538 0.097493900 -0.860733000 0.00000000000000000000 1.00000000000000000000 2 0 8 214 215 216 236 238 257 258 259 
238 539 0.059281300 -0.846680000 0.00000000000000000000 1.00000000000000000000 2 0 8 215 216 217 237 239 258 259 260 
239 540 0.021714800 -0.831287000 0.00000000000000000000 1.00000000000000000000 2 0 8 216 217 218 238 240 259 260 261 
240 541 -0.015145600 -0.814577000 0.00000000000000000000 1.00000000000000000000 2 0 8 217 218 219 239 241 260 261 262 
241 542 -0.051240400 -0.796574000 0.00000000000000000000 1.00000000000000000000 2 0 8 218 219 220 240 242 261 262 263 
242 543 -0.086511600 -0.777304000 0.00000000000000000000 1.00000000000000000000 2 0 8 219 220 221 241 243 262 263 264 
243 544 -0.120902000 -0.756795000 0.00000000000000000000 1.00000000000000000000 2 0 8 220 221 222 242 244 263 264 265 
244 545 -0.154356000 -0.735079000 0.00000000000000000000 1.00000000000000000000 2 0 8 221 222 223 243 245 264 265 266 
245 546 -0.186820000 -0.712186000 0.00000000000000000000 1.00000000000000000000 2 0 8 222 223 224 244 246 265 266 363 
246 547 -0.218239000 -0.688154000 0.00000000000000000000 1.00000000000000000000 2 0 8 223 224 225 245 360 266 363 364 
247 548 0.544881000 -0.988521000 0.00000000000000000000 1.00000000000000000000 2 0 8 359 226 227 362 248 365 366 267 
248 549 0.501425000 -0.990029000 0.00000000000000000000 1.00000000000000000000 2 0 8 226 227 228 247 249 366 267 268 
249 550 0.457918000 -0.990008000 0.00000000000000000000 1.00000000000000000000 2 0 8 227 228 229 248 250 267 268 269 
250 551 0.414427000 -0.988455000 0.00000000000000000000 1.00000000000000000000 2 0 8 228 229 230 249 251 268 269 270 
251 552 0.371021000 -0.985369000 0.00000000000000000000 1.00000000000000000000 2 0 8 229 230 231 250 252 269 270 271 
252 553 0.327767000 -0.980751000 0.00000000000000000000 1.00000000000000000000 2 0 8 230 231 232 251 253 270 271 272 
253 554 0.284732000 -0.974606000 0.00000000000000000000 1.00000000000000000000 2 0 8 231 232 233 252 254 271 272 273 
254 555 0.241984000 -0.966939000 0.00000000000000000000 1.00000000000000000000 2 0 8 232 233 234 253 255 272 273 274 
255 556 0.199591000 -0.957761000 0.00000000000000000000 1.00000000000000000000 2 0 8 233 234 235 254 256 273 274 275 
256 557 0.157619000 -0.947081000 0.00000000000000000000 1.00000000000000000000 2 0 8 234 235 236 255 257 274 275 276 
257 558 0.116135000 -0.934915000 0.00000000000000000000 1.00000000000000000000 2 0 8 235 236 237 256 258 275 276 277 
258 559 0.075204400 -0.921278000 0.00000000000000000000 1.00000000000000000000 2 0 8 236 237 238 257 259 276 277 278 
259 560 0.034892900 -0.906189000 0.00000000000000000000 1.00000000000000000000 2 0 8 237 238 239 258 260 277 278 279 
260 561 -0.004735460 -0.889670000 0.00000000000000000000 1.00000000000000000000 2 0 8 238 239 240 259 261 278 279 280 
261 562 -0.043617100 -0.871743000 0.00000000000000000000 1.00000000000000000000 2 0 8 239 240 241 260 262 279 280 281 
262 563 -0.081689700 -0.852435000 0.00000000000000000000 1.00000000000000000000 2 0 8 240 241 242 261 263 280 281 282 
263 564 -0.118892000 -0.831774000 0.00000000000000000000 1.00000000000000000000 2 0 8 241 242 243 262 264 281 282 283 
264 565 -0.155164000 -0.809791000 0.00000000000000000000 1.00000000000000000000 2 0 8 242 243 244 263 265 282 283 284 
265 566 -0.190447000 -0.786518000 0.00000000000000000000 1.00000000000000000000 2 0 8 243 244 245 264 266 283 284 367 
266 567 -0.224684000 -0.761991000 0.00000000000000000000 1.00000000000000000000 2 0 8 244 245 246 265 363 284 367 368 
267 568 0.501433000 -1.059290000 0.00000000000000000000 1.00000000000000000000 2 0 8 247 248 249 366 268 369 370 285 
268 569 0.455479000 -1.059210000 0.00000000000000000000 1.00000000000000000000 2 0 8 248 249 250 267 269 370 285 286 
269 570 0.409545000 -1.057490000 0.00000000000000000000 1.00000000000000000000 2 0 8 249 250 251 268 270 285 286 287 
270 571 0.363703000 -1.054140000 0.00000000000000000000 1.00000000000000000000 2 0 8 250 251 252 269 271 286 287 288 
271 572 0.318023000 -1.049140000 0.00000000000000000000 1.00000000000000000000 2 0 8 251 252 253 270 272 287 288 289 
272 573 0.272577000 -1.042510000 0.00000000000000000000 1.00000000000000000000 2 0 8 252 253 254 271 273 288 289 290 
273 574 0.227437000 -1.034260000 0.00000000000000000000 1.00000000000000000000 2 0 8 253 254 255 272 274 289 290 291 
274 575 0.182673000 -1.024390000 0.00000000000000000000 1.00000000000000000000 2 0 8 254 255 256 273 275 290 291 292 
275 576 0.138357000 -1.012910000 0.00000000000000000000 1.00000000000000000000 2 0 8 255 256 257 274 276 291 292 293 
276 577 0.094557000 -0.999854000 0.00000000000000000000 1.00000000000000000000 2 0 8 256 257 258 275 277 292 293 294 
277 578 0.051343900 -0.985222000 0.00000000000000000000 1.00000000000000000000 2 0 8 257 258 259 276 278 293 294 295 
278 579 0.008786210 -0.969040000 0.00000000000000000000 1.00000000000000000000 2 0 8 258 259 260 277 279 294 295 296 
279 580 -0.033048400 -0.951331000 0.00000000000000000000 1.00000000000000000000 2 0 8 259 260 261 278 280 295 296 297 
280 581 -0.074093000 -0.932119000 0.00000000000000000000 1.00000000000000000000 2 0 8 260 261 262 279 281 296 297 298 
281 582 -0.114282000 -0.911434000 0.00000000000000000000 1.00000000000000000000 2 0 8 261 262 263 280 282 297 298 299 
282 583 -0.153550000 -0.889305000 0.00000000000000000000 1.00000000000000000000 2 0 8 262 263 264 281 283 298 299 300 
283 584 -0.191835000 -0.865765000 0.00000000000000000000 1.00000000000000000000 2 0 8 263 264 265 282 284 299 300 371 
284 585 -0.229075000 -0.840849000 0.00000000000000000000 1.00000000000000000000 2 0 8 264 265 266 283 367 300 371 372 
285 586 0.452869000 -1.132340000 0.00000000000000000000 1.00000000000000000000 2 0 8 267 268 269 370 286 373 374 375 
286 587 0.404321000 -1.130450000 0.00000000000000000000 1.00000000000000000000 2 0 8 268 269 270 285 287 374 375 376 
287 588 0.355873000 -1.126810000 0.00000000000000000000 1.00000000000000000000 2 0 8 269 270 271 286 288 375 376 377 
288 589 0.307599000 -1.121410000 0.00000000000000000000 1.00000000000000000000 2 0 8 270 271 272 287 289 376 377 378 
289 590 0.259575000 -1.114280000 0.00000000000000000000 1.00000000000000000000 2 0 8 271 272 273 288 290 377 378 379 
290 591 0.211876000 -1.105400000 0.00000000000000000000 1.00000000000000000000 2 0 8 272 273 274 289 291 378 379 380 
291 592 0.164577000 -1.094800000 0.00000000000000000000 1.00000000000000000000 2 0 8 273 274 275 290 292 379 380 381 
292 593 0.117753000 -1.082490000 0.00000000000000000000 1.00000000000000000000 2 0 8 274 275 276 291 293 380 381 382 
293 594 0.071477400 -1.068480000 0.00000000000000000000 1.00000000000000000000 2 0 8 275 276 277 292 294 381 382 383 
294 595 0.025823600 -1.052800000 0.00000000000000000000 1.00000000000000000000 2 0 8 276 277 278 293 295 382 383 384 
295 596 -0.019135900 -1.035470000 0.00000000000000000000 1.00000000000000000000 2 0 8 277 278 279 294 296 383 384 385 
296 597 -0.063329500 -1.016500000 0.00000000000000000000 1.00000000000000000000 2 0 8 278 279 280 295 297 384 385 386 
297 598 -0.106687000 -0.995930000 0.00000000000000000000 1.00000000000000000000 2 0 8 279 280 281 296 298 385 386 387 
298 599 -0.149138000 -0.973789000 0.00000000000000000000 1.00000000000000000000 2 0 8 280 281 282 297 299 386 387 388 
299 600 -0.190615000 -0.950109000 0.00000000000000000000 1.00000000000000000000 2 0 8 281 282 283 298 300 387 388 389 
300 601 -0.231052000 -0.924924000 0.00000000000000000000 1.00000000000000000000 2 0 8 282 283 284 299 371 388 389 390 
301 3815 0.52394 -0.309151 2 0
302 3816 0.500961 -0.310316 2 0
303 219 0.477949 -0.310997 2 0
304 220 0.45494 -0.311191 2 0
305 221 0.43197 -0.310892 2 0
306 3839 0.548475 -0.343577 2 0
307 3840 0.524788 -0.345279 2 0
308 241 0.429688 -0.346703 2 0
309 242 0.406011 -0.345691 2 0
310 243 0.382447 -0.344128 2 0
311 3861 0.574704 -0.37857 2 0
312 3862 0.550266 -0.380921 2 0
313 260 0.378163 -0.380723 2 0
314 261 0.353889 -0.378272 2 0
315 3881 0.602853 -0.414079 2 0
316 3882 0.577622 -0.417198 2 0
317 276 0.348198 -0.415931 2 0
318 277 0.323177 -0.412471 2 0
319 3887 0.633153 -0.450049 2 0
320 3888 0.607088 -0.454058 2 0
321 290 0.315889 -0.451251 2 0
322 291 0.290086 -0.446653 2 0
323 292 0.264575 -0.441336 2 0
324 293 0.239396 -0.435306 2 0
325 294 0.21459 -0.42857 2 0
326 295 0.190197 -0.421136 2 0
327 296 0.166256 -0.413012 2 0
328 297 0.142806 -0.404211 2 0
329 298 0.119886 -0.394744 2 0
330 299 0.097532 -0.384623 2 0
331 300 0.0757814 -0.373865 2 0
332 301 0.0546698 -0.362483 2 0
333 1084 0.0342319 -0.350496 2 0
334 3891 0.665847 -0.486414 2 0
335 3892 0.638907 -0.491442 2 0
336 1106 0.0140971 -0.381242 2 0
337 1107 -0.00648423 -0.367519 2 0
338 3893 0.673329 -0.529279 2 0
339 1127 -0.0293037 -0.398464 2 0
340 1128 -0.050001 -0.382882 2 0
341 3959 0.681451 -0.574117 2 0
342 1146 -0.0757015 -0.413983 2 0
343 3980 0.690241 -0.621095 2 0
344 1163 -0.103492 -0.446598 2 0
345 4001 0.699734 -0.670386 2 0
346 4002 0.667257 -0.676956 2 0
347 1179 -0.133477 -0.480849 2 0
348 1180 -0.15632 -0.46038 2 0
349 4023 0.675812 -0.729185 2 0
350 4024 0.641344 -0.735083 2 0
351 1194 -0.189766 -0.49483 2 0
352 4045 0.648727 -0.790404 2 0
353 602 -0.225725 -0.531091 2 0
354 4066 0.656657 -0.848666 2 0
355 4067 0.618128 -0.854043 2 0
356 615 -0.237768 -0.594699 2 0
357 616 -0.264332 -0.569297 2 0
358 4089 0.624522 -0.91579 2 0
359 4090 0.583642 -0.920091 2 0
360 629 -0.248564 -0.663017 2 0
361 630 -0.277745 -0.636816 2 0
362 4113 0.588219 -0.985489 2 0
363 645 -0.257819 -0.736247 2 0
364 646 -0.289798 -0.709325 2 0
365 4135 0.593116 -1.05455 2 0
366 4136 0.547335 -1.05774 2 0
367 663 -0.265209 -0.814596 2 0
368 664 -0.300178 -0.787045 2 0
369 4158 0.549959 -1.13088 2 0
370 4159 0.50144 -1.13249 2 0
371 683 -0.270384 -0.898272 2 0
372 684 -0.308546 -0.870195 2 0
373 1516 0.501445 -1.20989 2 0
374 1517 0.450076 -1.20968 2 0
375 1518 0.398736 -1.2076 2 0
376 1519 0.347502 -1.20366 2 0
377 1520 0.296456 -1.19784 2 0
378 1521 0.245677 -1.19016 2 0
379 1522 0.195243 -1.18063 2 0
380 1523 0.145235 -1.16926 2 0
381 1524 0.0957317 -1.15607 2 0
382 1525 0.0468102 -1.14106 2 0
383 1526 -0.00145171 -1.12427 2 0
384 1527 -0.0489775 -1.10571 2 0
385 1528 -0.0956915 -1.08542 2 0
386 1529 -0.141519 -1.06341 2 0
387 1530 -0.186388 -1.03973 2 0
388 1531 -0.230226 -1.01441 2 0
389 705 -0.272962 -0.987488 2 0
390 706 -0.314528 -0.959001 2 0
