393 297 96
1 5394 1.839980000 0.520743000 0.00000000000000000000 1.00000000000000000000 2 0 8 298 299 300 306 2 6 7 8 
2 5395 1.860470000 0.470882000 0.00000000000000000000 1.00000000000000000000 2 0 8 299 300 301 1 3 7 8 9 
3 5396 1.878870000 0.420325000 0.00000000000000000000 1.00000000000000000000 2 0 8 300 301 302 2 4 8 9 10 
4 5397 1.895180000 0.369147000 0.00000000000000000000 1.00000000000000000000 2 0 8 301 302 303 3 5 9 10 11 
5 5398 1.909350000 0.317424000 0.00000000000000000000 1.00000000000000000000 2 0 8 302 303 304 4 307 10 11 12 
6 5399 1.896170000 0.608330000 0.00000000000000000000 1.00000000000000000000 2 0 8 305 306 1 310 7 13 14 15 
7 5400 1.920070000 0.555933000 0.00000000000000000000 1.00000000000000000000 2 0 8 306 1 2 6 8 14 15 16 
8 5401 1.941790000 0.502711000 0.00000000000000000000 1.00000000000000000000 2 0 8 1 2 3 7 9 15 16 17 
9 5402 1.961320000 0.448743000 0.00000000000000000000 1.00000000000000000000 2 0 8 2 3 4 8 10 16 17 18 
10 5403 1.978610000 0.394110000 0.00000000000000000000 1.00000000000000000000 2 0 8 3 4 5 9 11 17 18 19 
11 5404 1.993650000 0.338893000 0.00000000000000000000 1.00000000000000000000 2 0 8 4 5 307 10 12 18 19 20 
12 5405 2.006410000 0.283174000 0.00000000000000000000 1.00000000000000000000 2 0 8 5 307 308 11 311 19 20 21 
13 5406 1.952510000 0.704045000 0.00000000000000000000 1.00000000000000000000 2 0 8 309 310 6 314 14 22 23 24 
14 5407 1.980130000 0.649111000 0.00000000000000000000 1.00000000000000000000 2 0 8 310 6 7 13 15 23 24 25 
15 5408 2.005490000 0.593211000 0.00000000000000000000 1.00000000000000000000 2 0 8 6 7 8 14 16 24 25 26 
16 5409 2.028540000 0.536427000 0.00000000000000000000 1.00000000000000000000 2 0 8 7 8 9 15 17 25 26 27 
17 5410 2.049250000 0.478846000 0.00000000000000000000 1.00000000000000000000 2 0 8 8 9 10 16 18 26 27 28 
18 5411 2.067600000 0.420553000 0.00000000000000000000 1.00000000000000000000 2 0 8 9 10 11 17 19 27 28 29 
19 5412 2.083550000 0.361635000 0.00000000000000000000 1.00000000000000000000 2 0 8 10 11 12 18 20 28 29 30 
20 5413 2.097090000 0.302180000 0.00000000000000000000 1.00000000000000000000 2 0 8 11 12 311 19 21 29 30 31 
21 5414 2.108200000 0.242276000 0.00000000000000000000 1.00000000000000000000 2 0 8 12 311 312 20 315 30 31 32 
22 5415 2.008670000 0.808365000 0.00000000000000000000 1.00000000000000000000 2 0 8 313 314 13 318 23 33 34 35 
23 5416 2.040340000 0.750908000 0.00000000000000000000 1.00000000000000000000 2 0 8 314 13 14 22 24 34 35 36 
24 5417 2.069650000 0.692329000 0.00000000000000000000 1.00000000000000000000 2 0 8 13 14 15 23 25 35 36 37 
25 5418 2.096560000 0.632716000 0.00000000000000000000 1.00000000000000000000 2 0 8 14 15 16 24 26 36 37 38 
26 5419 2.121020000 0.572159000 0.00000000000000000000 1.00000000000000000000 2 0 8 15 16 17 25 27 37 38 39 
27 5420 2.143000000 0.510748000 0.00000000000000000000 1.00000000000000000000 2 0 8 16 17 18 26 28 38 39 40 
28 5421 2.162480000 0.448576000 0.00000000000000000000 1.00000000000000000000 2 0 8 17 18 19 27 29 39 40 41 
29 5422 2.179410000 0.385735000 0.00000000000000000000 1.00000000000000000000 2 0 8 18 19 20 28 30 40 41 42 
30 5423 2.193780000 0.322320000 0.00000000000000000000 1.00000000000000000000 2 0 8 19 20 21 29 31 41 42 43 
31 5424 2.205560000 0.258426000 0.00000000000000000000 1.00000000000000000000 2 0 8 20 21 315 30 32 42 43 44 
32 5425 2.214750000 0.194146000 0.00000000000000000000 1.00000000000000000000 2 0 8 21 315 316 31 319 43 44 45 
33 5426 2.064250000 0.921788000 0.00000000000000000000 1.00000000000000000000 2 0 8 317 318 22 322 34 326 46 47 
34 5427 2.100330000 0.861834000 0.00000000000000000000 1.00000000000000000000 2 0 8 318 22 23 33 35 46 47 48 
35 5428 2.133950000 0.800589000 0.00000000000000000000 1.00000000000000000000 2 0 8 22 23 24 34 36 47 48 49 
36 5429 2.165060000 0.738145000 0.00000000000000000000 1.00000000000000000000 2 0 8 23 24 25 35 37 48 49 50 
37 5430 2.193620000 0.674596000 0.00000000000000000000 1.00000000000000000000 2 0 8 24 25 26 36 38 49 50 51 
38 5431 2.219590000 0.610038000 0.00000000000000000000 1.00000000000000000000 2 0 8 25 26 27 37 39 50 51 52 
39 5432 2.242920000 0.544567000 0.00000000000000000000 1.00000000000000000000 2 0 8 26 27 28 38 40 51 52 53 
40 5433 2.263590000 0.478283000 0.00000000000000000000 1.00000000000000000000 2 0 8 27 28 29 39 41 52 53 54 
41 5434 2.281570000 0.411285000 0.00000000000000000000 1.00000000000000000000 2 0 8 28 29 30 40 42 53 54 55 
42 5435 2.296820000 0.343672000 0.00000000000000000000 1.00000000000000000000 2 0 8 29 30 31 41 43 54 55 56 
43 5436 2.309330000 0.275546000 0.00000000000000000000 1.00000000000000000000 2 0 8 30 31 32 42 44 55 56 57 
44 5437 2.319080000 0.207009000 0.00000000000000000000 1.00000000000000000000 2 0 8 31 32 319 43 45 56 57 58 
45 5438 2.326060000 0.138163000 0.00000000000000000000 1.00000000000000000000 2 0 8 32 319 320 44 323 57 58 59 
46 5439 2.159690000 0.982419000 0.00000000000000000000 1.00000000000000000000 2 0 8 322 33 34 326 47 329 61 62 
47 5440 2.197990000 0.918536000 0.00000000000000000000 1.00000000000000000000 2 0 8 33 34 35 46 48 61 62 63 
48 5441 2.233680000 0.853274000 0.00000000000000000000 1.00000000000000000000 2 0 8 34 35 36 47 49 62 63 64 
49 5442 2.266710000 0.786731000 0.00000000000000000000 1.00000000000000000000 2 0 8 35 36 37 48 50 63 64 65 
50 5443 2.297040000 0.719007000 0.00000000000000000000 1.00000000000000000000 2 0 8 36 37 38 49 51 64 65 66 
51 5444 2.324610000 0.650206000 0.00000000000000000000 1.00000000000000000000 2 0 8 37 38 39 50 52 65 66 67 
52 5445 2.349380000 0.580431000 0.00000000000000000000 1.00000000000000000000 2 0 8 38 39 40 51 53 66 67 68 
53 5446 2.371330000 0.509786000 0.00000000000000000000 1.00000000000000000000 2 0 8 39 40 41 52 54 67 68 69 
54 5447 2.390420000 0.438378000 0.00000000000000000000 1.00000000000000000000 2 0 8 40 41 42 53 55 68 69 70 
55 5448 2.406610000 0.366314000 0.00000000000000000000 1.00000000000000000000 2 0 8 41 42 43 54 56 69 70 71 
56 5449 2.419900000 0.293702000 0.00000000000000000000 1.00000000000000000000 2 0 8 42 43 44 55 57 70 71 72 
57 5450 2.430250000 0.220650000 0.00000000000000000000 1.00000000000000000000 2 0 8 43 44 45 56 58 71 72 73 
58 5451 2.437650000 0.147268000 0.00000000000000000000 1.00000000000000000000 2 0 8 44 45 323 57 59 72 73 74 
59 5452 2.442100000 0.073666000 0.00000000000000000000 1.00000000000000000000 2 0 8 45 323 321 58 324 73 74 60 
60 5453 2.562820000 -0.000049049 0.00000000000000000000 1.00000000000000000000 2 0 8 59 324 325 74 327 90 75 76 
61 5454 2.261340000 1.046730000 0.00000000000000000000 1.00000000000000000000 2 0 8 326 46 47 329 62 331 77 78 
62 5455 2.302010000 0.978682000 0.00000000000000000000 1.00000000000000000000 2 0 8 46 47 48 61 63 77 78 79 
63 5456 2.339910000 0.909158000 0.00000000000000000000 1.00000000000000000000 2 0 8 47 48 49 62 64 78 79 80 
64 5457 2.374990000 0.838267000 0.00000000000000000000 1.00000000000000000000 2 0 8 48 49 50 63 65 79 80 81 
65 5458 2.407190000 0.766116000 0.00000000000000000000 1.00000000000000000000 2 0 8 49 50 51 64 66 80 81 82 
66 5459 2.436470000 0.692815000 0.00000000000000000000 1.00000000000000000000 2 0 8 50 51 52 65 67 81 82 83 
67 5460 2.462780000 0.618473000 0.00000000000000000000 1.00000000000000000000 2 0 8 51 52 53 66 68 82 83 84 
68 5461 2.486090000 0.543202000 0.00000000000000000000 1.00000000000000000000 2 0 8 52 53 54 67 69 83 84 85 
69 5462 2.506350000 0.467117000 0.00000000000000000000 1.00000000000000000000 2 0 8 53 54 55 68 70 84 85 86 
70 5463 2.523560000 0.390331000 0.00000000000000000000 1.00000000000000000000 2 0 8 54 55 56 69 71 85 86 87 
71 5464 2.537660000 0.312959000 0.00000000000000000000 1.00000000000000000000 2 0 8 55 56 57 70 72 86 87 88 
72 5465 2.548660000 0.235119000 0.00000000000000000000 1.00000000000000000000 2 0 8 56 57 58 71 73 87 88 89 
73 5466 2.556520000 0.156926000 0.00000000000000000000 1.00000000000000000000 2 0 8 57 58 59 72 74 88 89 90 
74 5467 2.561250000 0.078497300 0.00000000000000000000 1.00000000000000000000 2 0 8 58 59 324 73 60 89 90 75 
75 5468 2.689800000 -0.000051598 0.00000000000000000000 1.00000000000000000000 2 0 8 74 60 327 90 76 106 91 92 
76 5469 2.688120000 -0.083726000 0.00000000000000000000 1.00000000000000000000 2 0 8 60 327 328 75 330 91 92 332 
77 5470 2.369580000 1.114970000 0.00000000000000000000 1.00000000000000000000 2 0 8 329 61 62 331 78 333 93 94 
78 5471 2.412780000 1.042500000 0.00000000000000000000 1.00000000000000000000 2 0 8 61 62 63 77 79 93 94 95 
79 5472 2.453030000 0.968451000 0.00000000000000000000 1.00000000000000000000 2 0 8 62 63 64 78 80 94 95 96 
80 5473 2.490290000 0.892948000 0.00000000000000000000 1.00000000000000000000 2 0 8 63 64 65 79 81 95 96 97 
81 5474 2.524490000 0.816099000 0.00000000000000000000 1.00000000000000000000 2 0 8 64 65 66 80 82 96 97 98 
82 5475 2.555580000 0.738022000 0.00000000000000000000 1.00000000000000000000 2 0 8 65 66 67 81 83 97 98 99 
83 5476 2.583530000 0.658835000 0.00000000000000000000 1.00000000000000000000 2 0 8 66 67 68 82 84 98 99 100 
84 5477 2.608290000 0.578657000 0.00000000000000000000 1.00000000000000000000 2 0 8 67 68 69 83 85 99 100 101 
85 5478 2.629820000 0.497609000 0.00000000000000000000 1.00000000000000000000 2 0 8 68 69 70 84 86 100 101 102 
86 5479 2.648090000 0.415813000 0.00000000000000000000 1.00000000000000000000 2 0 8 69 70 71 85 87 101 102 103 
87 5480 2.663070000 0.333392000 0.00000000000000000000 1.00000000000000000000 2 0 8 70 71 72 86 88 102 103 104 
88 5481 2.674750000 0.250470000 0.00000000000000000000 1.00000000000000000000 2 0 8 71 72 73 87 89 103 104 105 
89 5482 2.683100000 0.167173000 0.00000000000000000000 1.00000000000000000000 2 0 8 72 73 74 88 90 104 105 106 
90 5483 2.688120000 0.083623400 0.00000000000000000000 1.00000000000000000000 2 0 8 73 74 60 89 75 105 106 91 
91 5484 2.824980000 -0.000054105 0.00000000000000000000 1.00000000000000000000 2 0 8 90 75 76 106 92 122 107 108 
92 5485 2.823200000 -0.089171200 0.00000000000000000000 1.00000000000000000000 2 0 8 75 76 330 91 332 107 108 334 
93 5486 2.484830000 1.187390000 0.00000000000000000000 1.00000000000000000000 2 0 8 331 77 78 333 94 335 109 110 
94 5487 2.530710000 1.110220000 0.00000000000000000000 1.00000000000000000000 2 0 8 77 78 79 93 95 109 110 111 
95 5488 2.573470000 1.031380000 0.00000000000000000000 1.00000000000000000000 2 0 8 78 79 80 94 96 110 111 112 
96 5489 2.613040000 0.950976000 0.00000000000000000000 1.00000000000000000000 2 0 8 79 80 81 95 97 111 112 113 
97 5490 2.649370000 0.869142000 0.00000000000000000000 1.00000000000000000000 2 0 8 80 81 82 96 98 112 113 114 
98 5491 2.682400000 0.785998000 0.00000000000000000000 1.00000000000000000000 2 0 8 81 82 83 97 99 113 114 115 
99 5492 2.712090000 0.701669000 0.00000000000000000000 1.00000000000000000000 2 0 8 82 83 84 98 100 114 115 116 
100 5493 2.738390000 0.616282000 0.00000000000000000000 1.00000000000000000000 2 0 8 83 84 85 99 101 115 116 117 
101 5494 2.761260000 0.529968000 0.00000000000000000000 1.00000000000000000000 2 0 8 84 85 86 100 102 116 117 118 
102 5495 2.780670000 0.442855000 0.00000000000000000000 1.00000000000000000000 2 0 8 85 86 87 101 103 117 118 119 
103 5496 2.796590000 0.355076000 0.00000000000000000000 1.00000000000000000000 2 0 8 86 87 88 102 104 118 119 120 
104 5497 2.809000000 0.266762000 0.00000000000000000000 1.00000000000000000000 2 0 8 87 88 89 103 105 119 120 121 
105 5498 2.817870000 0.178047000 0.00000000000000000000 1.00000000000000000000 2 0 8 88 89 90 104 106 120 121 122 
106 5499 2.823200000 0.089063500 0.00000000000000000000 1.00000000000000000000 2 0 8 89 90 75 105 91 121 122 107 
107 5500 2.968880000 -0.000056547 0.00000000000000000000 1.00000000000000000000 2 0 8 106 91 92 122 108 138 123 124 
108 5501 2.966990000 -0.094950500 0.00000000000000000000 1.00000000000000000000 2 0 8 91 92 332 107 334 123 124 336 
109 5502 2.607500000 1.264250000 0.00000000000000000000 1.00000000000000000000 2 0 8 333 93 94 335 110 337 125 126 
110 5503 2.656240000 1.182100000 0.00000000000000000000 1.00000000000000000000 2 0 8 93 94 95 109 111 125 126 127 
111 5504 2.701670000 1.098170000 0.00000000000000000000 1.00000000000000000000 2 0 8 94 95 96 110 112 126 127 128 
112 5505 2.743710000 1.012570000 0.00000000000000000000 1.00000000000000000000 2 0 8 95 96 97 111 113 127 128 129 
113 5506 2.782300000 0.925444000 0.00000000000000000000 1.00000000000000000000 2 0 8 96 97 98 112 114 128 129 130 
114 5507 2.817400000 0.836921000 0.00000000000000000000 1.00000000000000000000 2 0 8 97 98 99 113 115 129 130 131 
115 5508 2.848940000 0.747134000 0.00000000000000000000 1.00000000000000000000 2 0 8 98 99 100 114 116 130 131 132 
116 5509 2.876880000 0.656219000 0.00000000000000000000 1.00000000000000000000 2 0 8 99 100 101 115 117 131 132 133 
117 5510 2.901180000 0.564315000 0.00000000000000000000 1.00000000000000000000 2 0 8 100 101 102 116 118 132 133 134 
118 5511 2.921800000 0.471559000 0.00000000000000000000 1.00000000000000000000 2 0 8 101 102 103 117 119 133 134 135 
119 5512 2.938720000 0.378092000 0.00000000000000000000 1.00000000000000000000 2 0 8 102 103 104 118 120 134 135 136 
120 5513 2.951900000 0.284055000 0.00000000000000000000 1.00000000000000000000 2 0 8 103 104 105 119 121 135 136 137 
121 5514 2.961330000 0.189589000 0.00000000000000000000 1.00000000000000000000 2 0 8 104 105 106 120 122 136 137 138 
122 5515 2.966990000 0.094838000 0.00000000000000000000 1.00000000000000000000 2 0 8 105 106 91 121 107 137 138 123 
123 5516 3.122030000 -0.000058901 0.00000000000000000000 1.00000000000000000000 2 0 8 122 107 108 138 124 154 139 140 
124 5517 3.120020000 -0.101086000 0.00000000000000000000 1.00000000000000000000 2 0 8 107 108 334 123 336 139 140 338 
125 5518 2.738060000 1.345850000 0.00000000000000000000 1.00000000000000000000 2 0 8 335 109 110 337 126 339 141 142 
126 5519 2.789850000 1.258420000 0.00000000000000000000 1.00000000000000000000 2 0 8 109 110 111 125 127 141 142 143 
127 5520 2.838110000 1.169070000 0.00000000000000000000 1.00000000000000000000 2 0 8 110 111 112 126 128 142 143 144 
128 5521 2.882780000 1.077960000 0.00000000000000000000 1.00000000000000000000 2 0 8 111 112 113 127 129 143 144 145 
129 5522 2.923790000 0.985215000 0.00000000000000000000 1.00000000000000000000 2 0 8 112 113 114 128 130 144 145 146 
130 5523 2.961070000 0.890982000 0.00000000000000000000 1.00000000000000000000 2 0 8 113 114 115 129 131 145 146 147 
131 5524 2.994590000 0.795401000 0.00000000000000000000 1.00000000000000000000 2 0 8 114 115 116 130 132 146 147 148 
132 5525 3.024280000 0.698617000 0.00000000000000000000 1.00000000000000000000 2 0 8 115 116 117 131 133 147 148 149 
133 5526 3.050100000 0.600778000 0.00000000000000000000 1.00000000000000000000 2 0 8 116 117 118 132 134 148 149 150 
134 5527 3.072010000 0.502031000 0.00000000000000000000 1.00000000000000000000 2 0 8 117 118 119 133 135 149 150 151 
135 5528 3.089980000 0.402526000 0.00000000000000000000 1.00000000000000000000 2 0 8 118 119 120 134 136 150 151 152 
136 5529 3.103990000 0.302413000 0.00000000000000000000 1.00000000000000000000 2 0 8 119 120 121 135 137 151 152 153 
137 5530 3.114010000 0.201843000 0.00000000000000000000 1.00000000000000000000 2 0 8 120 121 122 136 138 152 153 154 
138 5531 3.120020000 0.100969000 0.00000000000000000000 1.00000000000000000000 2 0 8 121 122 107 137 123 153 154 139 
139 5532 3.285010000 -0.000061140 0.00000000000000000000 1.00000000000000000000 2 0 8 138 123 124 154 140 170 155 156 
140 5533 3.282870000 -0.107600000 0.00000000000000000000 1.00000000000000000000 2 0 8 123 124 336 139 338 155 156 340 
141 5534 2.877000000 1.432500000 0.00000000000000000000 1.00000000000000000000 2 0 8 337 125 126 339 142 341 157 158 
142 5535 2.932020000 1.339440000 0.00000000000000000000 1.00000000000000000000 2 0 8 125 126 127 141 143 157 158 159 
143 5536 2.983300000 1.244360000 0.00000000000000000000 1.00000000000000000000 2 0 8 126 127 128 142 144 158 159 160 
144 5537 3.030760000 1.147390000 0.00000000000000000000 1.00000000000000000000 2 0 8 127 128 129 143 145 159 160 161 
145 5538 3.074340000 1.048680000 0.00000000000000000000 1.00000000000000000000 2 0 8 128 129 130 144 146 160 161 162 
146 5539 3.113960000 0.948383000 0.00000000000000000000 1.00000000000000000000 2 0 8 129 130 131 145 147 161 162 163 
147 5540 3.149580000 0.846650000 0.00000000000000000000 1.00000000000000000000 2 0 8 130 131 132 146 148 162 163 164 
148 5541 3.181130000 0.743635000 0.00000000000000000000 1.00000000000000000000 2 0 8 131 132 133 147 149 163 164 165 
149 5542 3.208560000 0.639495000 0.00000000000000000000 1.00000000000000000000 2 0 8 132 133 134 148 150 164 165 166 
150 5543 3.231850000 0.534387000 0.00000000000000000000 1.00000000000000000000 2 0 8 133 134 135 149 151 165 166 167 
151 5544 3.250950000 0.428471000 0.00000000000000000000 1.00000000000000000000 2 0 8 134 135 136 150 152 166 167 168 
152 5545 3.265830000 0.321906000 0.00000000000000000000 1.00000000000000000000 2 0 8 135 136 137 151 153 167 168 169 
153 5546 3.276480000 0.214855000 0.00000000000000000000 1.00000000000000000000 2 0 8 136 137 138 152 154 168 169 170 
154 5547 3.282870000 0.107478000 0.00000000000000000000 1.00000000000000000000 2 0 8 137 138 123 153 139 169 170 155 
155 5548 3.458410000 -0.000063233 0.00000000000000000000 1.00000000000000000000 2 0 8 154 139 140 170 156 186 171 172 
156 5549 3.456140000 -0.114517000 0.00000000000000000000 1.00000000000000000000 2 0 8 139 140 338 155 340 171 172 342 
157 5550 3.024820000 1.524510000 0.00000000000000000000 1.00000000000000000000 2 0 8 339 141 142 341 158 344 173 174 
158 5551 3.083290000 1.425490000 0.00000000000000000000 1.00000000000000000000 2 0 8 141 142 143 157 159 173 174 175 
159 5552 3.137790000 1.324310000 0.00000000000000000000 1.00000000000000000000 2 0 8 142 143 144 158 160 174 175 176 
160 5553 3.188220000 1.221120000 0.00000000000000000000 1.00000000000000000000 2 0 8 143 144 145 159 161 175 176 177 
161 5554 3.234530000 1.116080000 0.00000000000000000000 1.00000000000000000000 2 0 8 144 145 146 160 162 176 177 178 
162 5555 3.276640000 1.009340000 0.00000000000000000000 1.00000000000000000000 2 0 8 145 146 147 161 163 177 178 179 
163 5556 3.314490000 0.901073000 0.00000000000000000000 1.00000000000000000000 2 0 8 146 147 148 162 164 178 179 180 
164 5557 3.348010000 0.791441000 0.00000000000000000000 1.00000000000000000000 2 0 8 147 148 149 163 165 179 180 181 
165 5558 3.377170000 0.680610000 0.00000000000000000000 1.00000000000000000000 2 0 8 148 149 150 164 166 180 181 182 
166 5559 3.401920000 0.568747000 0.00000000000000000000 1.00000000000000000000 2 0 8 149 150 151 165 167 181 182 183 
167 5560 3.422220000 0.456022000 0.00000000000000000000 1.00000000000000000000 2 0 8 150 151 152 166 168 182 183 184 
168 5561 3.438030000 0.342607000 0.00000000000000000000 1.00000000000000000000 2 0 8 151 152 153 167 169 183 184 185 
169 5562 3.449350000 0.228672000 0.00000000000000000000 1.00000000000000000000 2 0 8 152 153 154 168 170 184 185 186 
170 5563 3.456140000 0.114391000 0.00000000000000000000 1.00000000000000000000 2 0 8 153 154 139 169 155 185 186 171 
171 5564 3.642900000 -0.000065148 0.00000000000000000000 1.00000000000000000000 2 0 8 170 155 156 186 172 203 187 188 
172 5565 3.640480000 -0.121863000 0.00000000000000000000 1.00000000000000000000 2 0 8 155 156 340 171 342 187 188 189 
173 5566 3.182090000 1.622230000 0.00000000000000000000 1.00000000000000000000 2 0 8 341 157 158 344 174 347 190 191 
174 5567 3.244230000 1.516880000 0.00000000000000000000 1.00000000000000000000 2 0 8 157 158 159 173 175 190 191 192 
175 5568 3.302140000 1.409220000 0.00000000000000000000 1.00000000000000000000 2 0 8 158 159 160 174 176 191 192 193 
176 5569 3.355740000 1.299430000 0.00000000000000000000 1.00000000000000000000 2 0 8 159 160 161 175 177 192 193 194 
177 5570 3.404960000 1.187650000 0.00000000000000000000 1.00000000000000000000 2 0 8 160 161 162 176 178 193 194 195 
178 5571 3.449710000 1.074080000 0.00000000000000000000 1.00000000000000000000 2 0 8 161 162 163 177 179 194 195 196 
179 5572 3.489930000 0.958875000 0.00000000000000000000 1.00000000000000000000 2 0 8 162 163 164 178 180 195 196 197 
180 5573 3.525560000 0.842215000 0.00000000000000000000 1.00000000000000000000 2 0 8 163 164 165 179 181 196 197 198 
181 5574 3.556550000 0.724276000 0.00000000000000000000 1.00000000000000000000 2 0 8 164 165 166 180 182 197 198 199 
182 5575 3.582850000 0.605239000 0.00000000000000000000 1.00000000000000000000 2 0 8 165 166 167 181 183 198 199 200 
183 5576 3.604430000 0.485284000 0.00000000000000000000 1.00000000000000000000 2 0 8 166 167 168 182 184 199 200 201 
184 5577 3.621240000 0.364592000 0.00000000000000000000 1.00000000000000000000 2 0 8 167 168 169 183 185 200 201 202 
185 5578 3.633260000 0.243347000 0.00000000000000000000 1.00000000000000000000 2 0 8 168 169 170 184 186 201 202 203 
186 5579 3.640490000 0.121734000 0.00000000000000000000 1.00000000000000000000 2 0 8 169 170 155 185 171 202 203 187 
187 5580 3.839150000 -0.000066851 0.00000000000000000000 1.00000000000000000000 2 0 8 186 171 172 203 188 216 204 205 
188 5581 3.836590000 -0.129666000 0.00000000000000000000 1.00000000000000000000 2 0 8 171 172 342 187 189 204 205 206 
189 5582 3.828900000 -0.259068000 0.00000000000000000000 1.00000000000000000000 2 0 8 172 342 343 188 345 205 206 207 
190 5583 3.349390000 1.726030000 0.00000000000000000000 1.00000000000000000000 2 0 8 344 173 174 347 191 350 351 352 
191 5584 3.415430000 1.613950000 0.00000000000000000000 1.00000000000000000000 2 0 8 173 174 175 190 192 351 352 353 
192 5585 3.476980000 1.499420000 0.00000000000000000000 1.00000000000000000000 2 0 8 174 175 176 191 193 352 353 354 
193 5586 3.533950000 1.382600000 0.00000000000000000000 1.00000000000000000000 2 0 8 175 176 177 192 194 353 354 355 
194 5587 3.586250000 1.263680000 0.00000000000000000000 1.00000000000000000000 2 0 8 176 177 178 193 195 354 355 208 
195 5588 3.633820000 1.142850000 0.00000000000000000000 1.00000000000000000000 2 0 8 177 178 179 194 196 355 208 209 
196 5589 3.676570000 1.020270000 0.00000000000000000000 1.00000000000000000000 2 0 8 178 179 180 195 197 208 209 210 
197 5590 3.714440000 0.896146000 0.00000000000000000000 1.00000000000000000000 2 0 8 179 180 181 196 198 209 210 211 
198 5591 3.747380000 0.770659000 0.00000000000000000000 1.00000000000000000000 2 0 8 180 181 182 197 199 210 211 212 
199 5592 3.775330000 0.644001000 0.00000000000000000000 1.00000000000000000000 2 0 8 181 182 183 198 200 211 212 213 
200 5593 3.798260000 0.516365000 0.00000000000000000000 1.00000000000000000000 2 0 8 182 183 184 199 201 212 213 214 
201 5594 3.816130000 0.387945000 0.00000000000000000000 1.00000000000000000000 2 0 8 183 184 185 200 202 213 214 215 
202 5595 3.828910000 0.258936000 0.00000000000000000000 1.00000000000000000000 2 0 8 184 185 186 201 203 214 215 216 
203 5596 3.836590000 0.129533000 0.00000000000000000000 1.00000000000000000000 2 0 8 185 186 171 202 187 215 216 204 
204 5597 4.047910000 -0.000068302 0.00000000000000000000 1.00000000000000000000 2 0 8 203 187 188 216 205 229 217 218 
205 5598 4.045180000 -0.137954000 0.00000000000000000000 1.00000000000000000000 2 0 8 187 188 189 204 206 217 218 219 
206 5599 4.037010000 -0.275631000 0.00000000000000000000 1.00000000000000000000 2 0 8 188 189 345 205 207 218 219 220 
207 5600 4.023420000 -0.412888000 0.00000000000000000000 1.00000000000000000000 2 0 8 189 345 346 206 348 219 220 221 
208 5601 3.829650000 1.215900000 0.00000000000000000000 1.00000000000000000000 2 0 8 194 195 196 355 209 358 359 222 
209 5602 3.875090000 1.085490000 0.00000000000000000000 1.00000000000000000000 2 0 8 195 196 197 208 210 359 222 223 
210 5603 3.915350000 0.953437000 0.00000000000000000000 1.00000000000000000000 2 0 8 196 197 198 209 211 222 223 224 
211 5604 3.950360000 0.819931000 0.00000000000000000000 1.00000000000000000000 2 0 8 197 198 199 210 212 223 224 225 
212 5605 3.980070000 0.685178000 0.00000000000000000000 1.00000000000000000000 2 0 8 198 199 200 211 213 224 225 226 
213 5606 4.004440000 0.549384000 0.00000000000000000000 1.00000000000000000000 2 0 8 199 200 201 212 214 225 226 227 
214 5607 4.023440000 0.412753000 0.00000000000000000000 1.00000000000000000000 2 0 8 200 201 202 213 215 226 227 228 
215 5608 4.037020000 0.275495000 0.00000000000000000000 1.00000000000000000000 2 0 8 201 202 203 214 216 227 228 229 
216 5609 4.045180000 0.137818000 0.00000000000000000000 1.00000000000000000000 2 0 8 202 203 187 215 204 228 229 217 
217 5610 4.269940000 -0.000069460 0.00000000000000000000 1.00000000000000000000 2 0 8 216 204 205 229 218 242 230 231 
218 5611 4.267040000 -0.146760000 0.00000000000000000000 1.00000000000000000000 2 0 8 204 205 206 217 219 230 231 232 
219 5612 4.258370000 -0.293226000 0.00000000000000000000 1.00000000000000000000 2 0 8 205 206 207 218 220 231 232 233 
220 5613 4.243920000 -0.439246000 0.00000000000000000000 1.00000000000000000000 2 0 8 206 207 348 219 221 232 233 234 
221 5614 4.223720000 -0.584598000 0.00000000000000000000 1.00000000000000000000 2 0 8 207 348 349 220 356 233 234 235 
222 5615 4.086240000 1.154780000 0.00000000000000000000 1.00000000000000000000 2 0 8 208 209 210 359 223 362 363 236 
223 5616 4.129030000 1.014300000 0.00000000000000000000 1.00000000000000000000 2 0 8 209 210 211 222 224 363 236 237 
224 5617 4.166250000 0.872278000 0.00000000000000000000 1.00000000000000000000 2 0 8 210 211 212 223 225 236 237 238 
225 5618 4.197830000 0.728925000 0.00000000000000000000 1.00000000000000000000 2 0 8 211 212 213 224 226 237 238 239 
226 5619 4.223740000 0.584462000 0.00000000000000000000 1.00000000000000000000 2 0 8 212 213 214 225 227 238 239 240 
227 5620 4.243930000 0.439110000 0.00000000000000000000 1.00000000000000000000 2 0 8 213 214 215 226 228 239 240 241 
228 5621 4.258370000 0.293089000 0.00000000000000000000 1.00000000000000000000 2 0 8 214 215 216 227 229 240 241 242 
229 5622 4.267050000 0.146621000 0.00000000000000000000 1.00000000000000000000 2 0 8 215 216 204 228 217 241 242 230 
230 5623 4.506090000 -0.000070280 0.00000000000000000000 1.00000000000000000000 2 0 8 229 217 218 242 231 255 243 244 
231 5624 4.503010000 -0.156114000 0.00000000000000000000 1.00000000000000000000 2 0 8 217 218 219 230 232 243 244 245 
232 5625 4.493780000 -0.311921000 0.00000000000000000000 1.00000000000000000000 2 0 8 218 219 220 231 233 244 245 246 
233 5626 4.478420000 -0.467252000 0.00000000000000000000 1.00000000000000000000 2 0 8 219 220 221 232 234 245 246 247 
234 5627 4.456960000 -0.621871000 0.00000000000000000000 1.00000000000000000000 2 0 8 220 221 356 233 235 246 247 248 
235 5628 4.429410000 -0.775542000 0.00000000000000000000 1.00000000000000000000 2 0 8 221 356 357 234 360 247 248 249 
236 5629 4.356300000 1.078970000 0.00000000000000000000 1.00000000000000000000 2 0 8 222 223 224 363 237 365 366 250 
237 5630 4.395860000 0.927896000 0.00000000000000000000 1.00000000000000000000 2 0 8 223 224 225 236 238 366 250 251 
238 5631 4.429440000 0.775406000 0.00000000000000000000 1.00000000000000000000 2 0 8 224 225 226 237 239 250 251 252 
239 5632 4.456980000 0.621733000 0.00000000000000000000 1.00000000000000000000 2 0 8 225 226 227 238 240 251 252 253 
240 5633 4.478440000 0.467113000 0.00000000000000000000 1.00000000000000000000 2 0 8 226 227 228 239 241 252 253 254 
241 5634 4.493790000 0.311782000 0.00000000000000000000 1.00000000000000000000 2 0 8 227 228 229 240 242 253 254 255 
242 5635 4.503010000 0.155975000 0.00000000000000000000 1.00000000000000000000 2 0 8 228 229 217 241 230 254 255 243 
243 5636 4.757230000 -0.000070714 0.00000000000000000000 1.00000000000000000000 2 0 8 242 230 231 255 244 267 256 257 
244 5637 4.753960000 -0.166054000 0.00000000000000000000 1.00000000000000000000 2 0 8 230 231 232 243 245 256 257 258 
245 5638 4.744150000 -0.331785000 0.00000000000000000000 1.00000000000000000000 2 0 8 231 232 233 244 246 257 258 259 
246 5639 4.727820000 -0.497009000 0.00000000000000000000 1.00000000000000000000 2 0 8 232 233 234 245 247 258 259 260 
247 5640 4.705000000 -0.661475000 0.00000000000000000000 1.00000000000000000000 2 0 8 233 234 235 246 248 259 260 261 
248 5641 4.675720000 -0.824931000 0.00000000000000000000 1.00000000000000000000 2 0 8 234 235 360 247 249 260 261 262 
249 5642 4.640020000 -0.987130000 0.00000000000000000000 1.00000000000000000000 2 0 8 235 360 361 248 364 261 262 367 
250 5643 4.640050000 0.986994000 0.00000000000000000000 1.00000000000000000000 2 0 8 236 237 238 366 251 368 369 263 
251 5644 4.675740000 0.824794000 0.00000000000000000000 1.00000000000000000000 2 0 8 237 238 239 250 252 369 263 264 
252 5645 4.705020000 0.661336000 0.00000000000000000000 1.00000000000000000000 2 0 8 238 239 240 251 253 263 264 265 
253 5646 4.727830000 0.496869000 0.00000000000000000000 1.00000000000000000000 2 0 8 239 240 241 252 254 264 265 266 
254 5647 4.744160000 0.331644000 0.00000000000000000000 1.00000000000000000000 2 0 8 240 241 242 253 255 265 266 267 
255 5648 4.753960000 0.165914000 0.00000000000000000000 1.00000000000000000000 2 0 8 241 242 230 254 243 266 267 256 
256 5649 5.024300000 -0.000070709 0.00000000000000000000 1.00000000000000000000 2 0 8 255 243 244 267 257 277 268 269 
257 5650 5.020820000 -0.176616000 0.00000000000000000000 1.00000000000000000000 2 0 8 243 244 245 256 258 268 269 270 
258 5651 5.010390000 -0.352892000 0.00000000000000000000 1.00000000000000000000 2 0 8 244 245 246 257 259 269 270 271 
259 5652 4.993040000 -0.528629000 0.00000000000000000000 1.00000000000000000000 2 0 8 245 246 247 258 260 270 271 272 
260 5653 4.968780000 -0.703559000 0.00000000000000000000 1.00000000000000000000 2 0 8 246 247 248 259 261 271 272 273 
261 5654 4.937650000 -0.877414000 0.00000000000000000000 1.00000000000000000000 2 0 8 247 248 249 260 262 272 273 370 
262 5655 4.899700000 -1.049930000 0.00000000000000000000 1.00000000000000000000 2 0 8 248 249 364 261 367 273 370 371 
263 5656 4.937670000 0.877277000 0.00000000000000000000 1.00000000000000000000 2 0 8 250 251 252 369 264 372 373 274 
264 5657 4.968800000 0.703421000 0.00000000000000000000 1.00000000000000000000 2 0 8 251 252 253 263 265 373 274 275 
265 5658 4.993050000 0.528490000 0.00000000000000000000 1.00000000000000000000 2 0 8 252 253 254 264 266 274 275 276 
266 5659 5.010400000 0.352752000 0.00000000000000000000 1.00000000000000000000 2 0 8 253 254 255 265 267 275 276 277 
267 5660 5.020820000 0.176476000 0.00000000000000000000 1.00000000000000000000 2 0 8 254 255 243 266 256 276 277 268 
268 5661 5.308300000 -0.000070209 0.00000000000000000000 1.00000000000000000000 2 0 8 267 256 257 277 269 285 278 279 
269 5662 5.304600000 -0.187840000 0.00000000000000000000 1.00000000000000000000 2 0 8 256 257 258 268 270 278 279 280 
270 5663 5.293520000 -0.375323000 0.00000000000000000000 1.00000000000000000000 2 0 8 257 258 259 269 271 279 280 281 
271 5664 5.275070000 -0.562232000 0.00000000000000000000 1.00000000000000000000 2 0 8 258 259 260 270 272 280 281 282 
272 5665 5.249280000 -0.748281000 0.00000000000000000000 1.00000000000000000000 2 0 8 259 260 261 271 273 281 282 374 
273 5666 5.216180000 -0.933188000 0.00000000000000000000 1.00000000000000000000 2 0 8 260 261 262 272 370 282 374 375 
274 5667 5.249300000 0.748144000 0.00000000000000000000 1.00000000000000000000 2 0 8 263 264 265 373 275 376 377 283 
275 5668 5.275080000 0.562093000 0.00000000000000000000 1.00000000000000000000 2 0 8 264 265 266 274 276 377 283 284 
276 5669 5.293530000 0.375184000 0.00000000000000000000 1.00000000000000000000 2 0 8 265 266 267 275 277 283 284 285 
277 5670 5.304610000 0.187700000 0.00000000000000000000 1.00000000000000000000 2 0 8 266 267 256 276 268 284 285 278 
278 5671 5.610300000 -0.000069156 0.00000000000000000000 1.00000000000000000000 2 0 8 277 268 269 285 279 291 286 287 
279 5672 5.606370000 -0.199768000 0.00000000000000000000 1.00000000000000000000 2 0 8 268 269 270 278 280 286 287 288 
280 5673 5.594580000 -0.399161000 0.00000000000000000000 1.00000000000000000000 2 0 8 269 270 271 279 281 287 288 289 
281 5674 5.574970000 -0.597943000 0.00000000000000000000 1.00000000000000000000 2 0 8 270 271 272 280 282 288 289 378 
282 5675 5.547550000 -0.795811000 0.00000000000000000000 1.00000000000000000000 2 0 8 271 272 273 281 374 289 378 379 
283 5676 5.574980000 0.597807000 0.00000000000000000000 1.00000000000000000000 2 0 8 274 275 276 377 284 380 381 290 
284 5677 5.594590000 0.399024000 0.00000000000000000000 1.00000000000000000000 2 0 8 275 276 277 283 285 381 290 291 
285 5678 5.606370000 0.199630000 0.00000000000000000000 1.00000000000000000000 2 0 8 276 277 268 284 278 290 291 286 
286 5679 5.931420000 -0.000067485 0.00000000000000000000 1.00000000000000000000 2 0 8 285 278 279 291 287 295 292 293 
287 5680 5.927230000 -0.212444000 0.00000000000000000000 1.00000000000000000000 2 0 8 278 279 280 286 288 292 293 294 
288 5681 5.914710000 -0.424496000 0.00000000000000000000 1.00000000000000000000 2 0 8 279 280 281 287 289 293 294 382 
289 5682 5.893850000 -0.635898000 0.00000000000000000000 1.00000000000000000000 2 0 8 280 281 282 288 378 294 382 383 
290 5683 5.914720000 0.424363000 0.00000000000000000000 1.00000000000000000000 2 0 8 283 284 285 381 291 384 385 295 
291 5684 5.927240000 0.212310000 0.00000000000000000000 1.00000000000000000000 2 0 8 284 285 278 290 286 385 295 292 
292 5685 6.272850000 -0.000065130 0.00000000000000000000 1.00000000000000000000 2 0 8 291 286 287 295 293 389 296 297 
293 5686 6.268410000 -0.225918000 0.00000000000000000000 1.00000000000000000000 2 0 8 286 287 288 292 294 296 297 386 
294 5687 6.255090000 -0.451424000 0.00000000000000000000 1.00000000000000000000 2 0 8 287 288 289 293 382 297 386 387 
295 5688 6.268410000 0.225788000 0.00000000000000000000 1.00000000000000000000 2 0 8 290 291 286 385 292 388 389 296 
296 5689 6.635890000 -0.000062018 0.00000000000000000000 1.00000000000000000000 2 0 8 295 292 293 389 297 393 390 391 
297 5690 6.631170000 -0.240239000 0.00000000000000000000 1.00000000000000000000 2 0 8 292 293 294 296 386 390 391 392 
298 7165 1.74368 0.533477 2 0
299 7166 1.76493 0.48751 2 0
300 7167 1.78425 0.440823 2 0
301 7168 1.80162 0.393487 2 0
302 7169 1.81699 0.345572 2 0
303 7170 1.83036 0.297149 2 0
304 4381 1.84171 0.248289 2 0
305 7180 1.7929 0.61808 2 0
306 7181 1.81745 0.569834 2 0
307 4406 1.92138 0.265233 2 0
308 4407 1.93125 0.21265 2 0
309 7189 1.842 0.710337 2 0
310 7190 1.87014 0.659824 2 0
311 4431 2.01687 0.227036 2 0
312 4432 2.02503 0.170563 2 0
313 7196 1.89063 0.810682 2 0
314 7197 1.92267 0.757929 2 0
315 4454 2.11685 0.182012 2 0
316 4455 2.12304 0.121479 2 0
317 7201 1.93842 0.919568 2 0
318 7202 1.97468 0.864613 2 0
319 4475 2.22131 0.129578 2 0
320 4476 2.22526 0.0648166 2 0
321 4477 2.33164 -4.39029e-05 2 0
322 5138 2.02577 0.980359 2 0
323 4492 2.33024 0.0691114 2 0
324 4493 2.44359 -4.64781e-05 2 0
325 4494 2.4421 -0.0737585 2 0
326 5156 2.11883 1.04482 2 0
327 3023 2.56124 -0.0785949 2 0
328 3024 2.55652 -0.157023 2 0
329 5175 2.21796 1.11321 2 0
330 3043 2.6831 -0.167275 2 0
331 5196 2.32351 1.18576 2 0
332 3063 2.81786 -0.178154 2 0
333 5219 2.43589 1.26276 2 0
334 3084 2.96132 -0.189701 2 0
335 5242 2.55552 1.34449 2 0
336 3106 3.114 -0.20196 2 0
337 5265 2.68284 1.43125 2 0
338 3128 3.27647 -0.214976 2 0
339 5288 2.81832 1.52338 2 0
340 3150 3.44934 -0.228797 2 0
341 5311 2.96247 1.62121 2 0
342 3173 3.63326 -0.243477 2 0
343 3174 3.62123 -0.36472 2 0
344 5334 3.11583 1.72511 2 0
345 3196 3.81612 -0.388077 2 0
346 3197 3.79824 -0.516496 2 0
347 5356 3.27897 1.83548 2 0
348 3218 4.00442 -0.549517 2 0
349 3219 3.98005 -0.685311 2 0
350 5691 3.4525 1.95272 2 0
351 5692 3.52735 1.83629 2 0
352 5693 3.59753 1.71707 2 0
353 5694 3.66295 1.59523 2 0
354 5695 3.7235 1.47096 2 0
355 5696 3.7791 1.34445 2 0
356 3240 4.19781 -0.72906 2 0
357 3241 4.16622 -0.872411 2 0
358 5703 3.98421 1.43026 2 0
359 5704 4.03794 1.29351 2 0
360 3261 4.39583 -0.928031 2 0
361 3262 4.35626 -1.07911 2 0
362 5713 4.25947 1.37596 2 0
363 5714 4.31081 1.2284 2 0
364 3280 4.59796 -1.14782 2 0
365 5725 4.54964 1.30663 2 0
366 5726 4.598 1.14769 2 0
367 2711 4.85499 -1.22084 2 0
368 5739 4.85502 1.22071 2 0
369 5740 4.89973 1.04979 2 0
370 2723 5.17584 -1.11667 2 0
371 2724 5.12831 -1.29844 2 0
372 5754 5.17587 1.11653 2 0
373 5755 5.21621 0.933052 2 0
374 2739 5.51236 -0.992462 2 0
375 2740 5.46947 -1.18759 2 0
376 5770 5.51239 0.992328 2 0
377 5771 5.54756 0.795676 2 0
378 2757 5.8647 -0.846326 2 0
379 2758 5.8273 -1.05546 2 0
380 5787 5.86472 0.846195 2 0
381 5788 5.89387 0.635765 2 0
382 2777 6.23292 -0.676239 2 0
383 2778 6.20193 -0.900018 2 0
384 5805 6.23293 0.676111 2 0
385 5806 6.2551 0.451295 2 0
386 2799 6.61701 -0.480047 2 0
387 2800 6.59343 -0.719119 2 0
388 5824 6.61701 0.479924 2 0
389 5825 6.63117 0.240115 2 0
390 5826 7.02188 -5.80754e-05 2 0
391 5827 7.01686 -0.255461 2 0
392 2822 7.00181 -0.510472 2 0
393 5846 7.01686 0.255346 2 0
