369 300 69
1 3594 0.954072000 -0.006333700 0.13281006750325285992 -0.99114150653162602644 1 1 8 301 2 304 24 25 307 308 48 
2 3595 0.945503000 -0.007476390 0.13146895884956646960 -0.99132028772693392416 1 1 8 1 3 24 25 26 308 48 49 
3 3596 0.936248000 -0.008697520 0.13004657339925981829 -0.99150788637665976388 1 1 8 2 4 25 26 27 48 49 50 
4 3597 0.926320000 -0.009992440 0.12854392066912434522 -0.99170381690251141471 1 1 8 3 5 26 27 28 49 50 51 
5 3598 0.915735000 -0.011356400 0.12696073505246974200 -0.99190774357040711884 1 1 8 4 6 27 28 29 50 51 52 
6 3599 0.904508000 -0.012784300 0.12531194563675995823 -0.99211739037309976119 1 1 8 5 7 28 29 30 51 52 53 
7 3600 0.892658000 -0.014271200 0.12361563743041628638 -0.99233017397571454676 1 1 8 6 8 29 30 31 52 53 54 
8 3601 0.880203000 -0.015812000 0.12184871307927289119 -0.99254868450919075951 1 1 8 7 9 30 31 32 53 54 55 
9 3602 0.867161000 -0.017401300 0.12002653447902668360 -0.99277068400560408712 1 1 8 8 10 31 32 33 54 55 56 
10 3603 0.853553000 -0.019034000 0.11816065709095549541 -0.99299449097959946453 1 1 8 9 11 32 33 34 55 56 57 
11 3604 0.839400000 -0.020704700 0.11624154724163376917 -0.99322097374897955202 1 1 8 10 12 33 34 35 56 57 58 
12 3605 0.824724000 -0.022408000 0.11427346203834422289 -0.99344933231331489232 1 1 8 11 13 34 35 36 57 58 59 
13 3606 0.809547000 -0.024138600 0.11225983361103865354 -0.99367888664176717839 1 1 8 12 14 35 36 37 58 59 60 
14 3607 0.793893000 -0.025891100 0.11019007491550641964 -0.99391053289021702444 1 1 8 13 15 36 37 38 59 60 61 
15 3608 0.777785000 -0.027659900 0.10806336838556147850 -0.99414400788475631998 1 1 8 14 16 37 38 39 60 61 62 
16 3609 0.761249000 -0.029439500 0.10588992387536884376 -0.99437785776920262215 1 1 8 15 17 38 39 40 61 62 63 
17 3610 0.744311000 -0.031224500 0.10364558072098142838 -0.99461429388331767942 1 1 8 16 18 39 40 41 62 63 64 
18 3611 0.726995000 -0.033009000 0.10132820498595720982 -0.99485305189978889828 1 1 8 17 19 40 41 42 63 64 65 
19 3612 0.709330000 -0.034787400 0.09893996602310112243 -0.99509340422060255094 1 1 8 18 20 41 42 43 64 65 66 
20 3613 0.691342000 -0.036553900 0.09646021694760552323 -0.99533684074609685144 1 1 8 19 21 42 43 44 65 66 67 
21 3614 0.673059000 -0.038302500 0.09387689900059185966 -0.99558381256126948777 1 1 8 20 22 43 44 45 66 67 68 
22 3615 0.654508000 -0.040027100 0.09118499013007269616 -0.99583397088820913012 1 1 8 21 23 44 45 46 67 68 69 
23 3616 0.635720000 -0.041721500 0.08837588244464070208 -0.99608719668617906606 1 1 8 22 302 45 46 47 68 69 70 
24 3617 0.955930000 -0.019919400 0.00000000000000000000 1.00000000000000000000 2 0 8 301 1 2 304 25 307 308 48 
25 3618 0.947396000 -0.022148000 0.00000000000000000000 1.00000000000000000000 2 0 8 1 2 3 24 26 308 48 49 
26 3619 0.938170000 -0.024428700 0.00000000000000000000 1.00000000000000000000 2 0 8 2 3 4 25 27 48 49 50 
27 3620 0.928265000 -0.026755900 0.00000000000000000000 1.00000000000000000000 2 0 8 3 4 5 26 28 49 50 51 
28 3621 0.917697000 -0.029123400 0.00000000000000000000 1.00000000000000000000 2 0 8 4 5 6 27 29 50 51 52 
29 3622 0.906483000 -0.031525200 0.00000000000000000000 1.00000000000000000000 2 0 8 5 6 7 28 30 51 52 53 
30 3623 0.894638000 -0.033955100 0.00000000000000000000 1.00000000000000000000 2 0 8 6 7 8 29 31 52 53 54 
31 3624 0.882182000 -0.036406700 0.00000000000000000000 1.00000000000000000000 2 0 8 7 8 9 30 32 53 54 55 
32 3625 0.869132000 -0.038873600 0.00000000000000000000 1.00000000000000000000 2 0 8 8 9 10 31 33 54 55 56 
33 3626 0.855510000 -0.041349300 0.00000000000000000000 1.00000000000000000000 2 0 8 9 10 11 32 34 55 56 57 
34 3627 0.841335000 -0.043827400 0.00000000000000000000 1.00000000000000000000 2 0 8 10 11 12 33 35 56 57 58 
35 3628 0.826630000 -0.046301200 0.00000000000000000000 1.00000000000000000000 2 0 8 11 12 13 34 36 57 58 59 
36 3629 0.811418000 -0.048764300 0.00000000000000000000 1.00000000000000000000 2 0 8 12 13 14 35 37 58 59 60 
37 3630 0.795721000 -0.051210200 0.00000000000000000000 1.00000000000000000000 2 0 8 13 14 15 36 38 59 60 61 
38 3631 0.779563000 -0.053632100 0.00000000000000000000 1.00000000000000000000 2 0 8 14 15 16 37 39 60 61 62 
39 3632 0.762970000 -0.056023700 0.00000000000000000000 1.00000000000000000000 2 0 8 15 16 17 38 40 61 62 63 
40 3633 0.745967000 -0.058378300 0.00000000000000000000 1.00000000000000000000 2 0 8 16 17 18 39 41 62 63 64 
41 3634 0.728580000 -0.060689200 0.00000000000000000000 1.00000000000000000000 2 0 8 17 18 19 40 42 63 64 65 
42 3635 0.710835000 -0.062949900 0.00000000000000000000 1.00000000000000000000 2 0 8 18 19 20 41 43 64 65 66 
43 3636 0.692761000 -0.065153800 0.00000000000000000000 1.00000000000000000000 2 0 8 19 20 21 42 44 65 66 67 
44 3637 0.674384000 -0.067294100 0.00000000000000000000 1.00000000000000000000 2 0 8 20 21 22 43 45 66 67 68 
45 3638 0.655733000 -0.069364100 0.00000000000000000000 1.00000000000000000000 2 0 8 21 22 23 44 46 67 68 69 
46 3639 0.636837000 -0.071357100 0.00000000000000000000 1.00000000000000000000 2 0 8 22 23 302 45 47 68 69 70 
47 3640 0.617725000 -0.073266300 0.00000000000000000000 1.00000000000000000000 2 0 8 23 302 303 46 305 69 70 71 
48 3641 0.951138000 -0.036889400 0.00000000000000000000 1.00000000000000000000 2 0 8 24 25 26 308 49 311 72 73 
49 3642 0.941889000 -0.040240100 0.00000000000000000000 1.00000000000000000000 2 0 8 25 26 27 48 50 72 73 74 
50 3643 0.931955000 -0.043609700 0.00000000000000000000 1.00000000000000000000 2 0 8 26 27 28 49 51 73 74 75 
51 3644 0.921351000 -0.046991000 0.00000000000000000000 1.00000000000000000000 2 0 8 27 28 29 50 52 74 75 76 
52 3645 0.910092000 -0.050376700 0.00000000000000000000 1.00000000000000000000 2 0 8 28 29 30 51 53 75 76 77 
53 3646 0.898196000 -0.053759300 0.00000000000000000000 1.00000000000000000000 2 0 8 29 30 31 52 54 76 77 78 
54 3647 0.885680000 -0.057131300 0.00000000000000000000 1.00000000000000000000 2 0 8 30 31 32 53 55 77 78 79 
55 3648 0.872563000 -0.060485200 0.00000000000000000000 1.00000000000000000000 2 0 8 31 32 33 54 56 78 79 80 
56 3649 0.858865000 -0.063813100 0.00000000000000000000 1.00000000000000000000 2 0 8 32 33 34 55 57 79 80 81 
57 3650 0.844607000 -0.067107500 0.00000000000000000000 1.00000000000000000000 2 0 8 33 34 35 56 58 80 81 82 
58 3651 0.829809000 -0.070360700 0.00000000000000000000 1.00000000000000000000 2 0 8 34 35 36 57 59 81 82 83 
59 3652 0.814496000 -0.073564900 0.00000000000000000000 1.00000000000000000000 2 0 8 35 36 37 58 60 82 83 84 
60 3653 0.798690000 -0.076712500 0.00000000000000000000 1.00000000000000000000 2 0 8 36 37 38 59 61 83 84 85 
61 3654 0.782414000 -0.079795900 0.00000000000000000000 1.00000000000000000000 2 0 8 37 38 39 60 62 84 85 86 
62 3655 0.765695000 -0.082807400 0.00000000000000000000 1.00000000000000000000 2 0 8 38 39 40 61 63 85 86 87 
63 3656 0.748558000 -0.085739500 0.00000000000000000000 1.00000000000000000000 2 0 8 39 40 41 62 64 86 87 88 
64 3657 0.731028000 -0.088584700 0.00000000000000000000 1.00000000000000000000 2 0 8 40 41 42 63 65 87 88 89 
65 3658 0.713133000 -0.091335400 0.00000000000000000000 1.00000000000000000000 2 0 8 41 42 43 64 66 88 89 90 
66 3659 0.694900000 -0.093984200 0.00000000000000000000 1.00000000000000000000 2 0 8 42 43 44 65 67 89 90 91 
67 3660 0.676357000 -0.096523800 0.00000000000000000000 1.00000000000000000000 2 0 8 43 44 45 66 68 90 91 92 
68 3661 0.657532000 -0.098946700 0.00000000000000000000 1.00000000000000000000 2 0 8 44 45 46 67 69 91 92 93 
69 3662 0.638454000 -0.101246000 0.00000000000000000000 1.00000000000000000000 2 0 8 45 46 47 68 70 92 93 94 
70 3663 0.619152000 -0.103413000 0.00000000000000000000 1.00000000000000000000 2 0 8 46 47 305 69 71 93 94 95 
71 3664 0.599657000 -0.105443000 0.00000000000000000000 1.00000000000000000000 2 0 8 47 305 306 70 309 94 95 96 
72 3665 0.956735000 -0.051751800 0.00000000000000000000 1.00000000000000000000 2 0 8 308 48 49 311 73 314 315 97 
73 3666 0.947413000 -0.056187600 0.00000000000000000000 1.00000000000000000000 2 0 8 48 49 50 72 74 315 97 98 
74 3667 0.937399000 -0.060614400 0.00000000000000000000 1.00000000000000000000 2 0 8 49 50 51 73 75 97 98 99 
75 3668 0.926705000 -0.065023800 0.00000000000000000000 1.00000000000000000000 2 0 8 50 51 52 74 76 98 99 100 
76 3669 0.915347000 -0.069407400 0.00000000000000000000 1.00000000000000000000 2 0 8 51 52 53 75 77 99 100 101 
77 3670 0.903343000 -0.073756500 0.00000000000000000000 1.00000000000000000000 2 0 8 52 53 54 76 78 100 101 102 
78 3671 0.890710000 -0.078062400 0.00000000000000000000 1.00000000000000000000 2 0 8 53 54 55 77 79 101 102 103 
79 3672 0.877465000 -0.082316300 0.00000000000000000000 1.00000000000000000000 2 0 8 54 55 56 78 80 102 103 104 
80 3673 0.863630000 -0.086509200 0.00000000000000000000 1.00000000000000000000 2 0 8 55 56 57 79 81 103 104 105 
81 3674 0.849225000 -0.090632400 0.00000000000000000000 1.00000000000000000000 2 0 8 56 57 58 80 82 104 105 106 
82 3675 0.834271000 -0.094676800 0.00000000000000000000 1.00000000000000000000 2 0 8 57 58 59 81 83 105 106 107 
83 3676 0.818792000 -0.098633800 0.00000000000000000000 1.00000000000000000000 2 0 8 58 59 60 82 84 106 107 108 
84 3677 0.802810000 -0.102495000 0.00000000000000000000 1.00000000000000000000 2 0 8 59 60 61 83 85 107 108 109 
85 3678 0.786349000 -0.106250000 0.00000000000000000000 1.00000000000000000000 2 0 8 60 61 62 84 86 108 109 110 
86 3679 0.769435000 -0.109892000 0.00000000000000000000 1.00000000000000000000 2 0 8 61 62 63 85 87 109 110 111 
87 3680 0.752093000 -0.113412000 0.00000000000000000000 1.00000000000000000000 2 0 8 62 63 64 86 88 110 111 112 
88 3681 0.734349000 -0.116802000 0.00000000000000000000 1.00000000000000000000 2 0 8 63 64 65 87 89 111 112 113 
89 3682 0.716232000 -0.120052000 0.00000000000000000000 1.00000000000000000000 2 0 8 64 65 66 88 90 112 113 114 
90 3683 0.697767000 -0.123155000 0.00000000000000000000 1.00000000000000000000 2 0 8 65 66 67 89 91 113 114 115 
91 3684 0.678984000 -0.126103000 0.00000000000000000000 1.00000000000000000000 2 0 8 66 67 68 90 92 114 115 116 
92 3685 0.659911000 -0.128888000 0.00000000000000000000 1.00000000000000000000 2 0 8 67 68 69 91 93 115 116 117 
93 3686 0.640577000 -0.131501000 0.00000000000000000000 1.00000000000000000000 2 0 8 68 69 70 92 94 116 117 118 
94 3687 0.621012000 -0.133936000 0.00000000000000000000 1.00000000000000000000 2 0 8 69 70 71 93 95 117 118 119 
95 3688 0.601246000 -0.136184000 0.00000000000000000000 1.00000000000000000000 2 0 8 70 71 309 94 96 118 119 120 
96 3689 0.581309000 -0.138238000 0.00000000000000000000 1.00000000000000000000 2 0 8 71 309 310 95 312 119 120 121 
97 3690 0.954753000 -0.072329300 0.00000000000000000000 1.00000000000000000000 2 0 8 72 73 74 315 98 317 122 123 
98 3691 0.944608000 -0.077832100 0.00000000000000000000 1.00000000000000000000 2 0 8 73 74 75 97 99 122 123 124 
99 3692 0.933772000 -0.083288100 0.00000000000000000000 1.00000000000000000000 2 0 8 74 75 76 98 100 123 124 125 
100 3693 0.922262000 -0.088687700 0.00000000000000000000 1.00000000000000000000 2 0 8 75 76 77 99 101 124 125 126 
101 3694 0.910094000 -0.094021000 0.00000000000000000000 1.00000000000000000000 2 0 8 76 77 78 100 102 125 126 127 
102 3695 0.897285000 -0.099278000 0.00000000000000000000 1.00000000000000000000 2 0 8 77 78 79 101 103 126 127 128 
103 3696 0.883854000 -0.104449000 0.00000000000000000000 1.00000000000000000000 2 0 8 78 79 80 102 104 127 128 129 
104 3697 0.869821000 -0.109523000 0.00000000000000000000 1.00000000000000000000 2 0 8 79 80 81 103 105 128 129 130 
105 3698 0.855206000 -0.114490000 0.00000000000000000000 1.00000000000000000000 2 0 8 80 81 82 104 106 129 130 131 
106 3699 0.840032000 -0.119341000 0.00000000000000000000 1.00000000000000000000 2 0 8 81 82 83 105 107 130 131 132 
107 3700 0.824320000 -0.124066000 0.00000000000000000000 1.00000000000000000000 2 0 8 82 83 84 106 108 131 132 133 
108 3701 0.808095000 -0.128654000 0.00000000000000000000 1.00000000000000000000 2 0 8 83 84 85 107 109 132 133 134 
109 3702 0.791380000 -0.133096000 0.00000000000000000000 1.00000000000000000000 2 0 8 84 85 86 108 110 133 134 135 
110 3703 0.774201000 -0.137382000 0.00000000000000000000 1.00000000000000000000 2 0 8 85 86 87 109 111 134 135 136 
111 3704 0.756584000 -0.141502000 0.00000000000000000000 1.00000000000000000000 2 0 8 86 87 88 110 112 135 136 137 
112 3705 0.738556000 -0.145448000 0.00000000000000000000 1.00000000000000000000 2 0 8 87 88 89 111 113 136 137 138 
113 3706 0.720143000 -0.149210000 0.00000000000000000000 1.00000000000000000000 2 0 8 88 89 90 112 114 137 138 139 
114 3707 0.701373000 -0.152779000 0.00000000000000000000 1.00000000000000000000 2 0 8 89 90 91 113 115 138 139 140 
115 3708 0.682276000 -0.156145000 0.00000000000000000000 1.00000000000000000000 2 0 8 90 91 92 114 116 139 140 141 
116 3709 0.662880000 -0.159302000 0.00000000000000000000 1.00000000000000000000 2 0 8 91 92 93 115 117 140 141 142 
117 3710 0.643215000 -0.162239000 0.00000000000000000000 1.00000000000000000000 2 0 8 92 93 94 116 118 141 142 143 
118 3711 0.623311000 -0.164949000 0.00000000000000000000 1.00000000000000000000 2 0 8 93 94 95 117 119 142 143 144 
119 3712 0.603198000 -0.167425000 0.00000000000000000000 1.00000000000000000000 2 0 8 94 95 96 118 120 143 144 145 
120 3713 0.582907000 -0.169657000 0.00000000000000000000 1.00000000000000000000 2 0 8 95 96 312 119 121 144 145 146 
121 3714 0.562469000 -0.171639000 0.00000000000000000000 1.00000000000000000000 2 0 8 96 312 313 120 316 145 146 318 
122 3715 0.963926000 -0.088725400 0.00000000000000000000 1.00000000000000000000 2 0 8 315 97 98 317 123 320 321 147 
123 3716 0.953600000 -0.095327200 0.00000000000000000000 1.00000000000000000000 2 0 8 97 98 99 122 124 321 147 148 
124 3717 0.942572000 -0.101852000 0.00000000000000000000 1.00000000000000000000 2 0 8 98 99 100 123 125 147 148 149 
125 3718 0.930855000 -0.108290000 0.00000000000000000000 1.00000000000000000000 2 0 8 99 100 101 124 126 148 149 150 
126 3719 0.918468000 -0.114629000 0.00000000000000000000 1.00000000000000000000 2 0 8 100 101 102 125 127 149 150 151 
127 3720 0.905426000 -0.120858000 0.00000000000000000000 1.00000000000000000000 2 0 8 101 102 103 126 128 150 151 152 
128 3721 0.891749000 -0.126965000 0.00000000000000000000 1.00000000000000000000 2 0 8 102 103 104 127 129 151 152 153 
129 3722 0.877456000 -0.132940000 0.00000000000000000000 1.00000000000000000000 2 0 8 103 104 105 128 130 152 153 154 
130 3723 0.862569000 -0.138771000 0.00000000000000000000 1.00000000000000000000 2 0 8 104 105 106 129 131 153 154 155 
131 3724 0.847110000 -0.144448000 0.00000000000000000000 1.00000000000000000000 2 0 8 105 106 107 130 132 154 155 156 
132 3725 0.831100000 -0.149957000 0.00000000000000000000 1.00000000000000000000 2 0 8 106 107 108 131 133 155 156 157 
133 3726 0.814564000 -0.155290000 0.00000000000000000000 1.00000000000000000000 2 0 8 107 108 109 132 134 156 157 158 
134 3727 0.797526000 -0.160434000 0.00000000000000000000 1.00000000000000000000 2 0 8 108 109 110 133 135 157 158 159 
135 3728 0.780013000 -0.165380000 0.00000000000000000000 1.00000000000000000000 2 0 8 109 110 111 134 136 158 159 160 
136 3729 0.762049000 -0.170116000 0.00000000000000000000 1.00000000000000000000 2 0 8 110 111 112 135 137 159 160 161 
137 3730 0.743662000 -0.174632000 0.00000000000000000000 1.00000000000000000000 2 0 8 111 112 113 136 138 160 161 162 
138 3731 0.724881000 -0.178919000 0.00000000000000000000 1.00000000000000000000 2 0 8 112 113 114 137 139 161 162 163 
139 3732 0.705732000 -0.182966000 0.00000000000000000000 1.00000000000000000000 2 0 8 113 114 115 138 140 162 163 164 
140 3733 0.686246000 -0.186764000 0.00000000000000000000 1.00000000000000000000 2 0 8 114 115 116 139 141 163 164 165 
141 3734 0.666451000 -0.190304000 0.00000000000000000000 1.00000000000000000000 2 0 8 115 116 117 140 142 164 165 166 
142 3735 0.646378000 -0.193576000 0.00000000000000000000 1.00000000000000000000 2 0 8 116 117 118 141 143 165 166 167 
143 3736 0.626058000 -0.196572000 0.00000000000000000000 1.00000000000000000000 2 0 8 117 118 119 142 144 166 167 168 
144 3737 0.605521000 -0.199284000 0.00000000000000000000 1.00000000000000000000 2 0 8 118 119 120 143 145 167 168 169 
145 3738 0.584799000 -0.201703000 0.00000000000000000000 1.00000000000000000000 2 0 8 119 120 121 144 146 168 169 170 
146 3739 0.563924000 -0.203822000 0.00000000000000000000 1.00000000000000000000 2 0 8 120 121 316 145 318 169 170 171 
147 3740 0.964401000 -0.113166000 0.00000000000000000000 1.00000000000000000000 2 0 8 122 123 124 321 148 324 172 173 
148 3741 0.953129000 -0.120787000 0.00000000000000000000 1.00000000000000000000 2 0 8 123 124 125 147 149 172 173 174 
149 3742 0.941153000 -0.128288000 0.00000000000000000000 1.00000000000000000000 2 0 8 124 125 126 148 150 173 174 175 
150 3743 0.928490000 -0.135658000 0.00000000000000000000 1.00000000000000000000 2 0 8 125 126 127 149 151 174 175 176 
151 3744 0.915158000 -0.142883000 0.00000000000000000000 1.00000000000000000000 2 0 8 126 127 128 150 152 175 176 177 
152 3745 0.901176000 -0.149952000 0.00000000000000000000 1.00000000000000000000 2 0 8 127 128 129 151 153 176 177 178 
153 3746 0.886562000 -0.156851000 0.00000000000000000000 1.00000000000000000000 2 0 8 128 129 130 152 154 177 178 179 
154 3747 0.871340000 -0.163568000 0.00000000000000000000 1.00000000000000000000 2 0 8 129 130 131 153 155 178 179 180 
155 3748 0.855529000 -0.170090000 0.00000000000000000000 1.00000000000000000000 2 0 8 130 131 132 154 156 179 180 181 
156 3749 0.839154000 -0.176406000 0.00000000000000000000 1.00000000000000000000 2 0 8 131 132 133 155 157 180 181 182 
157 3750 0.822239000 -0.182503000 0.00000000000000000000 1.00000000000000000000 2 0 8 132 133 134 156 158 181 182 183 
158 3751 0.804809000 -0.188369000 0.00000000000000000000 1.00000000000000000000 2 0 8 133 134 135 157 159 182 183 184 
159 3752 0.786889000 -0.193992000 0.00000000000000000000 1.00000000000000000000 2 0 8 134 135 136 158 160 183 184 185 
160 3753 0.768506000 -0.199361000 0.00000000000000000000 1.00000000000000000000 2 0 8 135 136 137 159 161 184 185 186 
161 3754 0.749688000 -0.204465000 0.00000000000000000000 1.00000000000000000000 2 0 8 136 137 138 160 162 185 186 187 
162 3755 0.730463000 -0.209292000 0.00000000000000000000 1.00000000000000000000 2 0 8 137 138 139 161 163 186 187 188 
163 3756 0.710859000 -0.213832000 0.00000000000000000000 1.00000000000000000000 2 0 8 138 139 140 162 164 187 188 189 
164 3757 0.690907000 -0.218075000 0.00000000000000000000 1.00000000000000000000 2 0 8 139 140 141 163 165 188 189 190 
165 3758 0.670637000 -0.222011000 0.00000000000000000000 1.00000000000000000000 2 0 8 140 141 142 164 166 189 190 191 
166 3759 0.650079000 -0.225630000 0.00000000000000000000 1.00000000000000000000 2 0 8 141 142 143 165 167 190 191 192 
167 3760 0.629265000 -0.228922000 0.00000000000000000000 1.00000000000000000000 2 0 8 142 143 144 166 168 191 192 193 
168 3761 0.608225000 -0.231880000 0.00000000000000000000 1.00000000000000000000 2 0 8 143 144 145 167 169 192 193 194 
169 3762 0.586994000 -0.234495000 0.00000000000000000000 1.00000000000000000000 2 0 8 144 145 146 168 170 193 194 195 
170 3763 0.565602000 -0.236759000 0.00000000000000000000 1.00000000000000000000 2 0 8 145 146 318 169 171 194 195 196 
171 3764 0.544084000 -0.238665000 0.00000000000000000000 1.00000000000000000000 2 0 8 146 318 319 170 322 195 196 197 
172 3765 0.977040000 -0.131417000 0.00000000000000000000 1.00000000000000000000 2 0 8 321 147 148 324 173 327 328 198 
173 3766 0.965474000 -0.140163000 0.00000000000000000000 1.00000000000000000000 2 0 8 147 148 149 172 174 328 198 199 
174 3767 0.953187000 -0.148758000 0.00000000000000000000 1.00000000000000000000 2 0 8 148 149 150 173 175 198 199 200 
175 3768 0.940194000 -0.157188000 0.00000000000000000000 1.00000000000000000000 2 0 8 149 150 151 174 176 199 200 201 
176 3769 0.926514000 -0.165438000 0.00000000000000000000 1.00000000000000000000 2 0 8 150 151 152 175 177 200 201 202 
177 3770 0.912165000 -0.173494000 0.00000000000000000000 1.00000000000000000000 2 0 8 151 152 153 176 178 201 202 203 
178 3771 0.897169000 -0.181344000 0.00000000000000000000 1.00000000000000000000 2 0 8 152 153 154 177 179 202 203 204 
179 3772 0.881546000 -0.188973000 0.00000000000000000000 1.00000000000000000000 2 0 8 153 154 155 178 180 203 204 205 
180 3773 0.865319000 -0.196367000 0.00000000000000000000 1.00000000000000000000 2 0 8 154 155 156 179 181 204 205 206 
181 3774 0.848511000 -0.203512000 0.00000000000000000000 1.00000000000000000000 2 0 8 155 156 157 180 182 205 206 207 
182 3775 0.831148000 -0.210396000 0.00000000000000000000 1.00000000000000000000 2 0 8 156 157 158 181 183 206 207 208 
183 3776 0.813253000 -0.217005000 0.00000000000000000000 1.00000000000000000000 2 0 8 157 158 159 182 184 207 208 209 
184 3777 0.794855000 -0.223327000 0.00000000000000000000 1.00000000000000000000 2 0 8 158 159 160 183 185 208 209 210 
185 3778 0.775979000 -0.229349000 0.00000000000000000000 1.00000000000000000000 2 0 8 159 160 161 184 186 209 210 211 
186 3779 0.756655000 -0.235058000 0.00000000000000000000 1.00000000000000000000 2 0 8 160 161 162 185 187 210 211 212 
187 3780 0.736910000 -0.240444000 0.00000000000000000000 1.00000000000000000000 2 0 8 161 162 163 186 188 211 212 213 
188 3781 0.716775000 -0.245493000 0.00000000000000000000 1.00000000000000000000 2 0 8 162 163 164 187 189 212 213 214 
189 3782 0.696279000 -0.250197000 0.00000000000000000000 1.00000000000000000000 2 0 8 163 164 165 188 190 213 214 215 
190 3783 0.675454000 -0.254543000 0.00000000000000000000 1.00000000000000000000 2 0 8 164 165 166 189 191 214 215 216 
191 3784 0.654331000 -0.258521000 0.00000000000000000000 1.00000000000000000000 2 0 8 165 166 167 190 192 215 216 217 
192 3785 0.632943000 -0.262122000 0.00000000000000000000 1.00000000000000000000 2 0 8 166 167 168 191 193 216 217 218 
193 3786 0.611321000 -0.265338000 0.00000000000000000000 1.00000000000000000000 2 0 8 167 168 169 192 194 217 218 219 
194 3787 0.589500000 -0.268158000 0.00000000000000000000 1.00000000000000000000 2 0 8 168 169 170 193 195 218 219 220 
195 3788 0.567511000 -0.270575000 0.00000000000000000000 1.00000000000000000000 2 0 8 169 170 171 194 196 219 220 221 
196 3789 0.545390000 -0.272581000 0.00000000000000000000 1.00000000000000000000 2 0 8 170 171 322 195 197 220 221 222 
197 3790 0.523169000 -0.274170000 0.00000000000000000000 1.00000000000000000000 2 0 8 171 322 323 196 325 221 222 223 
198 3791 0.979647000 -0.160057000 0.00000000000000000000 1.00000000000000000000 2 0 8 172 173 174 328 199 330 331 224 
199 3792 0.966994000 -0.169778000 0.00000000000000000000 1.00000000000000000000 2 0 8 173 174 175 198 200 331 224 225 
200 3793 0.953615000 -0.179300000 0.00000000000000000000 1.00000000000000000000 2 0 8 174 175 176 199 201 224 225 226 
201 3794 0.939529000 -0.188607000 0.00000000000000000000 1.00000000000000000000 2 0 8 175 176 177 200 202 225 226 227 
202 3795 0.924754000 -0.197683000 0.00000000000000000000 1.00000000000000000000 2 0 8 176 177 178 201 203 226 227 228 
203 3796 0.909312000 -0.206514000 0.00000000000000000000 1.00000000000000000000 2 0 8 177 178 179 202 204 227 228 229 
204 3797 0.893224000 -0.215083000 0.00000000000000000000 1.00000000000000000000 2 0 8 178 179 180 203 205 228 229 230 
205 3798 0.876513000 -0.223376000 0.00000000000000000000 1.00000000000000000000 2 0 8 179 180 181 204 206 229 230 231 
206 3799 0.859204000 -0.231378000 0.00000000000000000000 1.00000000000000000000 2 0 8 180 181 182 205 207 230 231 232 
207 3800 0.841321000 -0.239075000 0.00000000000000000000 1.00000000000000000000 2 0 8 181 182 183 206 208 231 232 233 
208 3801 0.822890000 -0.246453000 0.00000000000000000000 1.00000000000000000000 2 0 8 182 183 184 207 209 232 233 234 
209 3802 0.803939000 -0.253496000 0.00000000000000000000 1.00000000000000000000 2 0 8 183 184 185 208 210 233 234 235 
210 3803 0.784495000 -0.260193000 0.00000000000000000000 1.00000000000000000000 2 0 8 184 185 186 209 211 234 235 236 
211 3804 0.764587000 -0.266529000 0.00000000000000000000 1.00000000000000000000 2 0 8 185 186 187 210 212 235 236 237 
212 3805 0.744245000 -0.272492000 0.00000000000000000000 1.00000000000000000000 2 0 8 186 187 188 211 213 236 237 238 
213 3806 0.723499000 -0.278070000 0.00000000000000000000 1.00000000000000000000 2 0 8 187 188 189 212 214 237 238 239 
214 3807 0.702380000 -0.283250000 0.00000000000000000000 1.00000000000000000000 2 0 8 188 189 190 213 215 238 239 240 
215 3808 0.680921000 -0.288022000 0.00000000000000000000 1.00000000000000000000 2 0 8 189 190 191 214 216 239 240 241 
216 3809 0.659152000 -0.292374000 0.00000000000000000000 1.00000000000000000000 2 0 8 190 191 192 215 217 240 241 242 
217 3810 0.637108000 -0.296297000 0.00000000000000000000 1.00000000000000000000 2 0 8 191 192 193 216 218 241 242 243 
218 3811 0.614821000 -0.299780000 0.00000000000000000000 1.00000000000000000000 2 0 8 192 193 194 217 219 242 243 244 
219 3812 0.592327000 -0.302816000 0.00000000000000000000 1.00000000000000000000 2 0 8 193 194 195 218 220 243 244 245 
220 3813 0.569658000 -0.305394000 0.00000000000000000000 1.00000000000000000000 2 0 8 194 195 196 219 221 244 245 246 
221 3814 0.546851000 -0.307508000 0.00000000000000000000 1.00000000000000000000 2 0 8 195 196 197 220 222 245 246 247 
222 3815 0.523940000 -0.309151000 0.00000000000000000000 1.00000000000000000000 2 0 8 196 197 325 221 223 246 247 332 
223 3816 0.500961000 -0.310316000 0.00000000000000000000 1.00000000000000000000 2 0 8 197 325 326 222 329 247 332 333 
224 3817 0.982621000 -0.191429000 0.00000000000000000000 1.00000000000000000000 2 0 8 198 199 200 331 225 334 335 248 
225 3818 0.968799000 -0.202081000 0.00000000000000000000 1.00000000000000000000 2 0 8 199 200 201 224 226 335 248 249 
226 3819 0.954248000 -0.212480000 0.00000000000000000000 1.00000000000000000000 2 0 8 200 201 202 225 227 248 249 250 
227 3820 0.938985000 -0.222610000 0.00000000000000000000 1.00000000000000000000 2 0 8 201 202 203 226 228 249 250 251 
228 3821 0.923033000 -0.232455000 0.00000000000000000000 1.00000000000000000000 2 0 8 202 203 204 227 229 250 251 252 
229 3822 0.906414000 -0.241997000 0.00000000000000000000 1.00000000000000000000 2 0 8 203 204 205 228 230 251 252 253 
230 3823 0.889151000 -0.251221000 0.00000000000000000000 1.00000000000000000000 2 0 8 204 205 206 229 231 252 253 254 
231 3824 0.871270000 -0.260110000 0.00000000000000000000 1.00000000000000000000 2 0 8 205 206 207 230 232 253 254 255 
232 3825 0.852795000 -0.268649000 0.00000000000000000000 1.00000000000000000000 2 0 8 206 207 208 231 233 254 255 256 
233 3826 0.833754000 -0.276821000 0.00000000000000000000 1.00000000000000000000 2 0 8 207 208 209 232 234 255 256 257 
234 3827 0.814175000 -0.284613000 0.00000000000000000000 1.00000000000000000000 2 0 8 208 209 210 233 235 256 257 258 
235 3828 0.794085000 -0.292009000 0.00000000000000000000 1.00000000000000000000 2 0 8 209 210 211 234 236 257 258 259 
236 3829 0.773516000 -0.298995000 0.00000000000000000000 1.00000000000000000000 2 0 8 210 211 212 235 237 258 259 260 
237 3830 0.752496000 -0.305557000 0.00000000000000000000 1.00000000000000000000 2 0 8 211 212 213 236 238 259 260 261 
238 3831 0.731059000 -0.311683000 0.00000000000000000000 1.00000000000000000000 2 0 8 212 213 214 237 239 260 261 262 
239 3832 0.709235000 -0.317359000 0.00000000000000000000 1.00000000000000000000 2 0 8 213 214 215 238 240 261 262 263 
240 3833 0.687057000 -0.322574000 0.00000000000000000000 1.00000000000000000000 2 0 8 214 215 216 239 241 262 263 264 
241 3834 0.664559000 -0.327315000 0.00000000000000000000 1.00000000000000000000 2 0 8 215 216 217 240 242 263 264 265 
242 3835 0.641774000 -0.331574000 0.00000000000000000000 1.00000000000000000000 2 0 8 216 217 218 241 243 264 265 266 
243 3836 0.618739000 -0.335338000 0.00000000000000000000 1.00000000000000000000 2 0 8 217 218 219 242 244 265 266 267 
244 3837 0.595486000 -0.338599000 0.00000000000000000000 1.00000000000000000000 2 0 8 218 219 220 243 245 266 267 268 
245 3838 0.572053000 -0.341348000 0.00000000000000000000 1.00000000000000000000 2 0 8 219 220 221 244 246 267 268 269 
246 3839 0.548475000 -0.343577000 0.00000000000000000000 1.00000000000000000000 2 0 8 220 221 222 245 247 268 269 336 
247 3840 0.524788000 -0.345279000 0.00000000000000000000 1.00000000000000000000 2 0 8 221 222 223 246 332 269 336 337 
248 3841 0.985798000 -0.225615000 0.00000000000000000000 1.00000000000000000000 2 0 8 224 225 226 335 249 338 339 270 
249 3842 0.970720000 -0.237147000 0.00000000000000000000 1.00000000000000000000 2 0 8 225 226 227 248 250 339 270 271 
250 3843 0.954907000 -0.248370000 0.00000000000000000000 1.00000000000000000000 2 0 8 226 227 228 249 251 270 271 272 
251 3844 0.938380000 -0.259266000 0.00000000000000000000 1.00000000000000000000 2 0 8 227 228 229 250 252 271 272 273 
252 3845 0.921161000 -0.269818000 0.00000000000000000000 1.00000000000000000000 2 0 8 228 229 230 251 253 272 273 274 
253 3846 0.903277000 -0.280007000 0.00000000000000000000 1.00000000000000000000 2 0 8 229 230 231 252 254 273 274 275 
254 3847 0.884751000 -0.289816000 0.00000000000000000000 1.00000000000000000000 2 0 8 230 231 232 253 255 274 275 276 
255 3848 0.865611000 -0.299228000 0.00000000000000000000 1.00000000000000000000 2 0 8 231 232 233 254 256 275 276 277 
256 3849 0.845884000 -0.308226000 0.00000000000000000000 1.00000000000000000000 2 0 8 232 233 234 255 257 276 277 278 
257 3850 0.825598000 -0.316795000 0.00000000000000000000 1.00000000000000000000 2 0 8 233 234 235 256 258 277 278 279 
258 3851 0.804784000 -0.324917000 0.00000000000000000000 1.00000000000000000000 2 0 8 234 235 236 257 259 278 279 280 
259 3852 0.783472000 -0.332578000 0.00000000000000000000 1.00000000000000000000 2 0 8 235 236 237 258 260 279 280 281 
260 3853 0.761693000 -0.339764000 0.00000000000000000000 1.00000000000000000000 2 0 8 236 237 238 259 261 280 281 282 
261 3854 0.739481000 -0.346460000 0.00000000000000000000 1.00000000000000000000 2 0 8 237 238 239 260 262 281 282 283 
262 3855 0.716867000 -0.352652000 0.00000000000000000000 1.00000000000000000000 2 0 8 238 239 240 261 263 282 283 284 
263 3856 0.693886000 -0.358328000 0.00000000000000000000 1.00000000000000000000 2 0 8 239 240 241 262 264 283 284 285 
264 3857 0.670572000 -0.363476000 0.00000000000000000000 1.00000000000000000000 2 0 8 240 241 242 263 265 284 285 286 
265 3858 0.646961000 -0.368085000 0.00000000000000000000 1.00000000000000000000 2 0 8 241 242 243 264 266 285 286 287 
266 3859 0.623088000 -0.372143000 0.00000000000000000000 1.00000000000000000000 2 0 8 242 243 244 265 267 286 287 288 
267 3860 0.598990000 -0.375641000 0.00000000000000000000 1.00000000000000000000 2 0 8 243 244 245 266 268 287 288 289 
268 3861 0.574704000 -0.378570000 0.00000000000000000000 1.00000000000000000000 2 0 8 244 245 246 267 269 288 289 340 
269 3862 0.550266000 -0.380921000 0.00000000000000000000 1.00000000000000000000 2 0 8 245 246 247 268 336 289 340 341 
270 3863 0.989004000 -0.262701000 0.00000000000000000000 1.00000000000000000000 2 0 8 248 249 250 339 271 342 343 344 
271 3864 0.972575000 -0.275059000 0.00000000000000000000 1.00000000000000000000 2 0 8 249 250 251 270 272 343 344 345 
272 3865 0.955406000 -0.287049000 0.00000000000000000000 1.00000000000000000000 2 0 8 250 251 252 271 273 344 345 346 
273 3866 0.937519000 -0.298649000 0.00000000000000000000 1.00000000000000000000 2 0 8 251 252 253 272 274 345 346 347 
274 3867 0.918941000 -0.309842000 0.00000000000000000000 1.00000000000000000000 2 0 8 252 253 254 273 275 346 347 348 
275 3868 0.899697000 -0.320608000 0.00000000000000000000 1.00000000000000000000 2 0 8 253 254 255 274 276 347 348 349 
276 3869 0.879814000 -0.330929000 0.00000000000000000000 1.00000000000000000000 2 0 8 254 255 256 275 277 348 349 350 
277 3870 0.859323000 -0.340786000 0.00000000000000000000 1.00000000000000000000 2 0 8 255 256 257 276 278 349 350 351 
278 3871 0.838251000 -0.350162000 0.00000000000000000000 1.00000000000000000000 2 0 8 256 257 258 277 279 350 351 352 
279 3872 0.816631000 -0.359041000 0.00000000000000000000 1.00000000000000000000 2 0 8 257 258 259 278 280 351 352 353 
280 3873 0.794493000 -0.367406000 0.00000000000000000000 1.00000000000000000000 2 0 8 258 259 260 279 281 352 353 354 
281 3874 0.771870000 -0.375241000 0.00000000000000000000 1.00000000000000000000 2 0 8 259 260 261 280 282 353 354 355 
282 3875 0.748796000 -0.382531000 0.00000000000000000000 1.00000000000000000000 2 0 8 260 261 262 281 283 354 355 290 
283 3876 0.725306000 -0.389261000 0.00000000000000000000 1.00000000000000000000 2 0 8 261 262 263 282 284 355 290 291 
284 3877 0.701433000 -0.395419000 0.00000000000000000000 1.00000000000000000000 2 0 8 262 263 264 283 285 290 291 292 
285 3878 0.677215000 -0.400992000 0.00000000000000000000 1.00000000000000000000 2 0 8 263 264 265 284 286 291 292 293 
286 3879 0.652687000 -0.405966000 0.00000000000000000000 1.00000000000000000000 2 0 8 264 265 266 285 287 292 293 294 
287 3880 0.627887000 -0.410332000 0.00000000000000000000 1.00000000000000000000 2 0 8 265 266 267 286 288 293 294 295 
288 3881 0.602853000 -0.414079000 0.00000000000000000000 1.00000000000000000000 2 0 8 266 267 268 287 289 294 295 356 
289 3882 0.577622000 -0.417198000 0.00000000000000000000 1.00000000000000000000 2 0 8 267 268 269 288 340 295 356 357 
290 3883 0.734583000 -0.427324000 0.00000000000000000000 1.00000000000000000000 2 0 8 282 283 284 355 291 358 359 296 
291 3884 0.709727000 -0.433985000 0.00000000000000000000 1.00000000000000000000 2 0 8 283 284 285 290 292 359 296 297 
292 3885 0.684512000 -0.440002000 0.00000000000000000000 1.00000000000000000000 2 0 8 284 285 286 291 293 296 297 298 
293 3886 0.658974000 -0.445360000 0.00000000000000000000 1.00000000000000000000 2 0 8 285 286 287 292 294 297 298 299 
294 3887 0.633153000 -0.450049000 0.00000000000000000000 1.00000000000000000000 2 0 8 286 287 288 293 295 298 299 360 
295 3888 0.607088000 -0.454058000 0.00000000000000000000 1.00000000000000000000 2 0 8 287 288 289 294 356 299 360 361 
296 3889 0.718799000 -0.474171000 0.00000000000000000000 1.00000000000000000000 2 0 8 290 291 292 359 297 362 363 364 
297 3890 0.692491000 -0.480653000 0.00000000000000000000 1.00000000000000000000 2 0 8 291 292 293 296 298 363 364 300 
298 3891 0.665847000 -0.486414000 0.00000000000000000000 1.00000000000000000000 2 0 8 292 293 294 297 299 364 300 365 
299 3892 0.638907000 -0.491442000 0.00000000000000000000 1.00000000000000000000 2 0 8 293 294 295 298 360 300 365 366 
300 3893 0.673329000 -0.529279000 0.00000000000000000000 1.00000000000000000000 2 0 8 297 298 299 364 365 367 368 369 
301 4511 0.96194 -0.00527388 1 1
302 1 0.616723 -0.0433795 1 1
303 2 0.597545 -0.0449945 1 1
304 4524 0.96376 -0.0177485 2 0
305 32 0.598426 -0.0750848 2 0
306 33 0.578969 -0.0768057 2 0
307 4537 0.967529 -0.0302714 2 0
308 4538 0.959689 -0.0335643 2 0
309 62 0.579998 -0.107326 2 0
310 63 0.560205 -0.109057 2 0
311 4552 0.96535 -0.0473149 2 0
312 91 0.561231 -0.140091 2 0
313 92 0.541045 -0.141736 2 0
314 4565 0.97292 -0.061221 2 0
315 4566 0.964195 -0.0667892 2 0
316 118 0.541916 -0.173364 2 0
317 4579 0.973534 -0.0820578 2 0
318 144 0.542928 -0.205634 2 0
319 145 0.521842 -0.207132 2 0
320 4592 0.984774 -0.0976161 2 0
321 4593 0.974954 -0.105439 2 0
322 170 0.522471 -0.240205 2 0
323 171 0.500798 -0.241374 2 0
324 4607 0.987868 -0.122533 2 0
325 195 0.500884 -0.275335 2 0
326 196 0.47857 -0.27607 2 0
327 4621 1.00271 -0.140075 2 0
328 4622 0.991557 -0.15015 2 0
329 219 0.477949 -0.310997 2 0
330 4637 1.008 -0.169438 2 0
331 4638 0.995692 -0.180543 2 0
332 302 0.501029 -0.346448 2 0
333 303 0.477234 -0.347078 2 0
334 4655 1.01366 -0.201701 2 0
335 4656 1.00012 -0.213794 2 0
336 305 0.525715 -0.382688 2 0
337 306 0.501088 -0.383864 2 0
338 4675 1.01955 -0.236957 2 0
339 4676 1.00467 -0.249994 2 0
340 311 0.552234 -0.41968 2 0
341 312 0.526727 -0.421518 2 0
342 4697 1.02548 -0.275309 2 0
343 3894 1.00916 -0.289241 2 0
344 3895 0.992053 -0.302781 2 0
345 3896 0.974172 -0.315908 2 0
346 3897 0.955546 -0.328601 2 0
347 3898 0.936199 -0.34084 2 0
348 3899 0.91616 -0.352602 2 0
349 3900 0.895457 -0.36387 2 0
350 3901 0.87412 -0.374623 2 0
351 3902 0.85218 -0.384842 2 0
352 3903 0.829669 -0.394509 2 0
353 3904 0.806619 -0.403608 2 0
354 3905 0.783064 -0.41212 2 0
355 3906 0.75904 -0.420031 2 0
356 319 0.580819 -0.457377 2 0
357 320 0.554385 -0.459997 2 0
358 3920 0.770251 -0.459101 2 0
359 3921 0.744732 -0.466982 2 0
360 329 0.611713 -0.495726 2 0
361 330 0.584306 -0.499256 2 0
362 3937 0.755791 -0.508385 2 0
363 3938 0.728682 -0.516126 2 0
364 3939 0.701181 -0.523096 2 0
365 352 0.64517 -0.534664 2 0
366 353 0.616745 -0.539238 2 0
367 3958 0.710615 -0.56749 2 0
368 3959 0.681451 -0.574117 2 0
369 377 0.651965 -0.579877 2 0
