355 296 59
1 9006 -2.170760000 3.656760000 0.00000000000000000000 1.00000000000000000000 2 0 8 297 298 299 306 2 7 8 9 
2 9007 -2.024050000 3.757860000 0.00000000000000000000 1.00000000000000000000 2 0 8 298 299 300 1 3 8 9 10 
3 9008 -1.873480000 3.853140000 0.00000000000000000000 1.00000000000000000000 2 0 8 299 300 301 2 4 9 10 11 
4 9009 -1.719270000 3.942440000 0.00000000000000000000 1.00000000000000000000 2 0 8 300 301 302 3 5 10 11 12 
5 9010 -1.561660000 4.025640000 0.00000000000000000000 1.00000000000000000000 2 0 8 301 302 303 4 6 11 12 13 
6 9011 -1.400910000 4.102600000 0.00000000000000000000 1.00000000000000000000 2 0 8 302 303 304 5 307 12 13 14 
7 9012 -2.488770000 3.773880000 0.00000000000000000000 1.00000000000000000000 2 0 8 305 306 1 309 8 320 15 16 
8 9013 -2.337310000 3.887420000 0.00000000000000000000 1.00000000000000000000 2 0 8 306 1 2 7 9 15 16 17 
9 9014 -2.181490000 3.994940000 0.00000000000000000000 1.00000000000000000000 2 0 8 1 2 3 8 10 16 17 18 
10 9015 -2.021550000 4.096260000 0.00000000000000000000 1.00000000000000000000 2 0 8 2 3 4 9 11 17 18 19 
11 9016 -1.857750000 4.191240000 0.00000000000000000000 1.00000000000000000000 2 0 8 3 4 5 10 12 18 19 20 
12 9017 -1.690340000 4.279730000 0.00000000000000000000 1.00000000000000000000 2 0 8 4 5 6 11 13 19 20 21 
13 9018 -1.519580000 4.361600000 0.00000000000000000000 1.00000000000000000000 2 0 8 5 6 307 12 14 20 21 22 
14 9019 -1.345740000 4.436710000 0.00000000000000000000 1.00000000000000000000 2 0 8 6 307 308 13 310 21 22 23 
15 9020 -2.675270000 4.011790000 0.00000000000000000000 1.00000000000000000000 2 0 8 309 7 8 320 16 324 32 33 
16 9021 -2.514380000 4.132520000 0.00000000000000000000 1.00000000000000000000 2 0 8 7 8 9 15 17 32 33 34 
17 9022 -2.348870000 4.246850000 0.00000000000000000000 1.00000000000000000000 2 0 8 8 9 10 16 18 33 34 35 
18 9023 -2.178980000 4.354610000 0.00000000000000000000 1.00000000000000000000 2 0 8 9 10 11 17 19 34 35 36 
19 9024 -2.004990000 4.455620000 0.00000000000000000000 1.00000000000000000000 2 0 8 10 11 12 18 20 35 36 37 
20 9025 -1.827150000 4.549740000 0.00000000000000000000 1.00000000000000000000 2 0 8 11 12 13 19 21 36 37 38 
21 9026 -1.645760000 4.636810000 0.00000000000000000000 1.00000000000000000000 2 0 8 12 13 14 20 22 37 38 39 
22 9027 -1.461080000 4.716710000 0.00000000000000000000 1.00000000000000000000 2 0 8 13 14 310 21 23 38 39 40 
23 9028 -1.273410000 4.789320000 0.00000000000000000000 1.00000000000000000000 2 0 8 14 310 311 22 24 39 40 41 
24 9029 -1.083040000 4.854520000 0.00000000000000000000 1.00000000000000000000 2 0 8 310 311 312 23 25 40 41 42 
25 9030 -0.890256000 4.912220000 0.00000000000000000000 1.00000000000000000000 2 0 8 311 312 313 24 26 41 42 43 
26 9031 -0.695366000 4.962330000 0.00000000000000000000 1.00000000000000000000 2 0 8 312 313 314 25 27 42 43 44 
27 9032 -0.498668000 5.004770000 0.00000000000000000000 1.00000000000000000000 2 0 8 313 314 315 26 28 43 44 45 
28 9033 -0.300467000 5.039480000 0.00000000000000000000 1.00000000000000000000 2 0 8 314 315 316 27 29 44 45 46 
29 9034 -0.101070000 5.066410000 0.00000000000000000000 1.00000000000000000000 2 0 8 315 316 317 28 30 45 46 47 
30 9035 0.099216400 5.085520000 0.00000000000000000000 1.00000000000000000000 2 0 8 316 317 318 29 31 46 47 48 
31 9036 0.300082000 5.096790000 0.00000000000000000000 1.00000000000000000000 2 0 8 317 318 319 30 321 47 48 49 
32 9037 -2.873540000 4.264600000 0.00000000000000000000 1.00000000000000000000 2 0 8 320 15 16 324 33 50 51 52 
33 9038 -2.702640000 4.392980000 0.00000000000000000000 1.00000000000000000000 2 0 8 15 16 17 32 34 51 52 53 
34 9039 -2.526820000 4.514560000 0.00000000000000000000 1.00000000000000000000 2 0 8 16 17 18 33 35 52 53 54 
35 9040 -2.346360000 4.629140000 0.00000000000000000000 1.00000000000000000000 2 0 8 17 18 19 34 36 53 54 55 
36 9041 -2.161520000 4.736570000 0.00000000000000000000 1.00000000000000000000 2 0 8 18 19 20 35 37 54 55 56 
37 9042 -1.972610000 4.836660000 0.00000000000000000000 1.00000000000000000000 2 0 8 19 20 21 36 38 55 56 57 
38 9043 -1.779910000 4.929270000 0.00000000000000000000 1.00000000000000000000 2 0 8 20 21 22 37 39 56 57 58 
39 9044 -1.583710000 5.014260000 0.00000000000000000000 1.00000000000000000000 2 0 8 21 22 23 38 40 57 58 59 
40 9045 -1.384340000 5.091500000 0.00000000000000000000 1.00000000000000000000 2 0 8 22 23 24 39 41 58 59 60 
41 9046 -1.182090000 5.160870000 0.00000000000000000000 1.00000000000000000000 2 0 8 23 24 25 40 42 59 60 61 
42 9047 -0.977275000 5.222260000 0.00000000000000000000 1.00000000000000000000 2 0 8 24 25 26 41 43 60 61 62 
43 9048 -0.770217000 5.275580000 0.00000000000000000000 1.00000000000000000000 2 0 8 25 26 27 42 44 61 62 63 
44 9049 -0.561235000 5.320760000 0.00000000000000000000 1.00000000000000000000 2 0 8 26 27 28 43 45 62 63 64 
45 9050 -0.350651000 5.357720000 0.00000000000000000000 1.00000000000000000000 2 0 8 27 28 29 44 46 63 64 65 
46 9051 -0.138792000 5.386410000 0.00000000000000000000 1.00000000000000000000 2 0 8 28 29 30 45 47 64 65 66 
47 9052 0.074016000 5.406780000 0.00000000000000000000 1.00000000000000000000 2 0 8 29 30 31 46 48 65 66 67 
48 9053 0.287444000 5.418820000 0.00000000000000000000 1.00000000000000000000 2 0 8 30 31 321 47 49 66 67 68 
49 9054 0.501161000 5.422490000 0.00000000000000000000 1.00000000000000000000 2 0 8 31 321 322 48 325 67 68 69 
50 9055 -3.260350000 4.389740000 0.00000000000000000000 1.00000000000000000000 2 0 8 323 324 32 328 51 70 71 72 
51 9056 -3.084330000 4.533260000 0.00000000000000000000 1.00000000000000000000 2 0 8 324 32 33 50 52 71 72 73 
52 9057 -2.902780000 4.669760000 0.00000000000000000000 1.00000000000000000000 2 0 8 32 33 34 51 53 72 73 74 
53 9058 -2.716010000 4.799040000 0.00000000000000000000 1.00000000000000000000 2 0 8 33 34 35 52 54 73 74 75 
54 9059 -2.524300000 4.920890000 0.00000000000000000000 1.00000000000000000000 2 0 8 34 35 36 53 55 74 75 76 
55 9060 -2.327940000 5.035130000 0.00000000000000000000 1.00000000000000000000 2 0 8 35 36 37 54 56 75 76 77 
56 9061 -2.127250000 5.141580000 0.00000000000000000000 1.00000000000000000000 2 0 8 36 37 38 55 57 76 77 78 
57 9062 -1.922530000 5.240080000 0.00000000000000000000 1.00000000000000000000 2 0 8 37 38 39 56 58 77 78 79 
58 9063 -1.714090000 5.330480000 0.00000000000000000000 1.00000000000000000000 2 0 8 38 39 40 57 59 78 79 80 
59 9064 -1.502270000 5.412640000 0.00000000000000000000 1.00000000000000000000 2 0 8 39 40 41 58 60 79 80 81 
60 9065 -1.287400000 5.486430000 0.00000000000000000000 1.00000000000000000000 2 0 8 40 41 42 59 61 80 81 82 
61 9066 -1.069790000 5.551750000 0.00000000000000000000 1.00000000000000000000 2 0 8 41 42 43 60 62 81 82 83 
62 9067 -0.849799000 5.608500000 0.00000000000000000000 1.00000000000000000000 2 0 8 42 43 44 61 63 82 83 84 
63 9068 -0.627757000 5.656580000 0.00000000000000000000 1.00000000000000000000 2 0 8 43 44 45 62 64 83 84 85 
64 9069 -0.404009000 5.695930000 0.00000000000000000000 1.00000000000000000000 2 0 8 44 45 46 63 65 84 85 86 
65 9070 -0.178901000 5.726490000 0.00000000000000000000 1.00000000000000000000 2 0 8 45 46 47 64 66 85 86 87 
66 9071 0.047219700 5.748210000 0.00000000000000000000 1.00000000000000000000 2 0 8 46 47 48 65 67 86 87 88 
67 9072 0.274003000 5.761060000 0.00000000000000000000 1.00000000000000000000 2 0 8 47 48 49 66 68 87 88 89 
68 9073 0.501100000 5.765030000 0.00000000000000000000 1.00000000000000000000 2 0 8 48 49 325 67 69 88 89 90 
69 9074 0.728159000 5.760100000 0.00000000000000000000 1.00000000000000000000 2 0 8 49 325 326 68 329 89 90 91 
70 9075 -3.676250000 4.506360000 0.00000000000000000000 1.00000000000000000000 2 0 8 327 328 50 332 71 92 93 94 
71 9076 -3.495400000 4.666180000 0.00000000000000000000 1.00000000000000000000 2 0 8 328 50 51 70 72 93 94 95 
72 9077 -3.308400000 4.818780000 0.00000000000000000000 1.00000000000000000000 2 0 8 50 51 52 71 73 94 95 96 
73 9078 -3.115550000 4.963910000 0.00000000000000000000 1.00000000000000000000 2 0 8 51 52 53 72 74 95 96 97 
74 9079 -2.917130000 5.101380000 0.00000000000000000000 1.00000000000000000000 2 0 8 52 53 54 73 75 96 97 98 
75 9080 -2.713470000 5.230950000 0.00000000000000000000 1.00000000000000000000 2 0 8 53 54 55 74 76 97 98 99 
76 9081 -2.504860000 5.352430000 0.00000000000000000000 1.00000000000000000000 2 0 8 54 55 56 75 77 98 99 100 
77 9082 -2.291640000 5.465630000 0.00000000000000000000 1.00000000000000000000 2 0 8 55 56 57 76 78 99 100 101 
78 9083 -2.074150000 5.570390000 0.00000000000000000000 1.00000000000000000000 2 0 8 56 57 58 77 79 100 101 102 
79 9084 -1.852700000 5.666540000 0.00000000000000000000 1.00000000000000000000 2 0 8 57 58 59 78 80 101 102 103 
80 9085 -1.627650000 5.753930000 0.00000000000000000000 1.00000000000000000000 2 0 8 58 59 60 79 81 102 103 104 
81 9086 -1.399350000 5.832430000 0.00000000000000000000 1.00000000000000000000 2 0 8 59 60 61 80 82 103 104 105 
82 9087 -1.168150000 5.901930000 0.00000000000000000000 1.00000000000000000000 2 0 8 60 61 62 81 83 104 105 106 
83 9088 -0.934407000 5.962310000 0.00000000000000000000 1.00000000000000000000 2 0 8 61 62 63 82 84 105 106 107 
84 9089 -0.698481000 6.013480000 0.00000000000000000000 1.00000000000000000000 2 0 8 62 63 64 83 85 106 107 108 
85 9090 -0.460738000 6.055370000 0.00000000000000000000 1.00000000000000000000 2 0 8 63 64 65 84 86 107 108 109 
86 9091 -0.221545000 6.087920000 0.00000000000000000000 1.00000000000000000000 2 0 8 64 65 66 85 87 108 109 110 
87 9092 0.018727500 6.111070000 0.00000000000000000000 1.00000000000000000000 2 0 8 65 66 67 86 88 109 110 111 
88 9093 0.259710000 6.124800000 0.00000000000000000000 1.00000000000000000000 2 0 8 66 67 68 87 89 110 111 112 
89 9094 0.501029000 6.129080000 0.00000000000000000000 1.00000000000000000000 2 0 8 67 68 69 88 90 111 112 113 
90 9095 0.742314000 6.123910000 0.00000000000000000000 1.00000000000000000000 2 0 8 68 69 329 89 91 112 113 114 
91 9096 0.983192000 6.109290000 0.00000000000000000000 1.00000000000000000000 2 0 8 69 329 330 90 333 113 114 115 
92 9097 -4.122670000 4.612730000 0.00000000000000000000 1.00000000000000000000 2 0 8 331 332 70 335 93 338 116 117 
93 9098 -3.937380000 4.790060000 0.00000000000000000000 1.00000000000000000000 2 0 8 332 70 71 92 94 116 117 118 
94 9099 -3.745260000 4.959970000 0.00000000000000000000 1.00000000000000000000 2 0 8 70 71 72 93 95 117 118 119 
95 9100 -3.546610000 5.122210000 0.00000000000000000000 1.00000000000000000000 2 0 8 71 72 73 94 96 118 119 120 
96 9101 -3.341730000 5.276530000 0.00000000000000000000 1.00000000000000000000 2 0 8 72 73 74 95 97 119 120 121 
97 9102 -3.130930000 5.422690000 0.00000000000000000000 1.00000000000000000000 2 0 8 73 74 75 96 98 120 121 122 
98 9103 -2.914560000 5.560470000 0.00000000000000000000 1.00000000000000000000 2 0 8 74 75 76 97 99 121 122 123 
99 9104 -2.692940000 5.689650000 0.00000000000000000000 1.00000000000000000000 2 0 8 75 76 77 98 100 122 123 124 
100 9105 -2.466410000 5.810040000 0.00000000000000000000 1.00000000000000000000 2 0 8 76 77 78 99 101 123 124 125 
101 9106 -2.235330000 5.921450000 0.00000000000000000000 1.00000000000000000000 2 0 8 77 78 79 100 102 124 125 126 
102 9107 -2.000050000 6.023710000 0.00000000000000000000 1.00000000000000000000 2 0 8 78 79 80 101 103 125 126 127 
103 9108 -1.760940000 6.116660000 0.00000000000000000000 1.00000000000000000000 2 0 8 79 80 81 102 104 126 127 128 
104 9109 -1.518380000 6.200170000 0.00000000000000000000 1.00000000000000000000 2 0 8 80 81 82 103 105 127 128 129 
105 9110 -1.272720000 6.274100000 0.00000000000000000000 1.00000000000000000000 2 0 8 81 82 83 104 106 128 129 130 
106 9111 -1.024360000 6.338350000 0.00000000000000000000 1.00000000000000000000 2 0 8 82 83 84 105 107 129 130 131 
107 9112 -0.773671000 6.392810000 0.00000000000000000000 1.00000000000000000000 2 0 8 83 84 85 106 108 130 131 132 
108 9113 -0.521051000 6.437410000 0.00000000000000000000 1.00000000000000000000 2 0 8 84 85 86 107 109 131 132 133 
109 9114 -0.266886000 6.472070000 0.00000000000000000000 1.00000000000000000000 2 0 8 85 86 87 108 110 132 133 134 
110 9115 -0.011567500 6.496750000 0.00000000000000000000 1.00000000000000000000 2 0 8 86 87 88 109 111 133 134 135 
111 9116 0.244509000 6.511400000 0.00000000000000000000 1.00000000000000000000 2 0 8 87 88 89 110 112 134 135 136 
112 9117 0.500949000 6.516010000 0.00000000000000000000 1.00000000000000000000 2 0 8 88 89 90 111 113 135 136 137 
113 9118 0.757357000 6.510580000 0.00000000000000000000 1.00000000000000000000 2 0 8 89 90 91 112 114 136 137 138 
114 9119 1.013340000 6.495100000 0.00000000000000000000 1.00000000000000000000 2 0 8 90 91 333 113 115 137 138 139 
115 9120 1.268500000 6.469620000 0.00000000000000000000 1.00000000000000000000 2 0 8 91 333 334 114 336 138 139 140 
116 9121 -4.411800000 4.903050000 0.00000000000000000000 1.00000000000000000000 2 0 8 335 92 93 338 117 341 141 142 
117 9122 -4.214960000 5.091560000 0.00000000000000000000 1.00000000000000000000 2 0 8 92 93 94 116 118 141 142 143 
118 9123 -4.010860000 5.272210000 0.00000000000000000000 1.00000000000000000000 2 0 8 93 94 95 117 119 142 143 144 
119 9124 -3.799820000 5.444700000 0.00000000000000000000 1.00000000000000000000 2 0 8 94 95 96 118 120 143 144 145 
120 9125 -3.582150000 5.608780000 0.00000000000000000000 1.00000000000000000000 2 0 8 95 96 97 119 121 144 145 146 
121 9126 -3.358210000 5.764190000 0.00000000000000000000 1.00000000000000000000 2 0 8 96 97 98 120 122 145 146 147 
122 9127 -3.128330000 5.910690000 0.00000000000000000000 1.00000000000000000000 2 0 8 97 98 99 121 123 146 147 148 
123 9128 -2.892870000 6.048050000 0.00000000000000000000 1.00000000000000000000 2 0 8 98 99 100 122 124 147 148 149 
124 9129 -2.652190000 6.176080000 0.00000000000000000000 1.00000000000000000000 2 0 8 99 100 101 123 125 148 149 150 
125 9130 -2.406670000 6.294560000 0.00000000000000000000 1.00000000000000000000 2 0 8 100 101 102 124 126 149 150 151 
126 9131 -2.156690000 6.403320000 0.00000000000000000000 1.00000000000000000000 2 0 8 101 102 103 125 127 150 151 152 
127 9132 -1.902640000 6.502190000 0.00000000000000000000 1.00000000000000000000 2 0 8 102 103 104 126 128 151 152 153 
128 9133 -1.644900000 6.591020000 0.00000000000000000000 1.00000000000000000000 2 0 8 103 104 105 127 129 152 153 154 
129 9134 -1.383880000 6.669670000 0.00000000000000000000 1.00000000000000000000 2 0 8 104 105 106 128 130 153 154 155 
130 9135 -1.119980000 6.738030000 0.00000000000000000000 1.00000000000000000000 2 0 8 105 106 107 129 131 154 155 156 
131 9136 -0.853608000 6.795990000 0.00000000000000000000 1.00000000000000000000 2 0 8 106 107 108 130 132 155 156 157 
132 9137 -0.585172000 6.843460000 0.00000000000000000000 1.00000000000000000000 2 0 8 107 108 109 131 133 156 157 158 
133 9138 -0.315090000 6.880370000 0.00000000000000000000 1.00000000000000000000 2 0 8 108 109 110 132 134 157 158 159 
134 9139 -0.043778500 6.906670000 0.00000000000000000000 1.00000000000000000000 2 0 8 109 110 111 133 135 158 159 160 
135 9140 0.228344000 6.922320000 0.00000000000000000000 1.00000000000000000000 2 0 8 110 111 112 134 136 159 160 161 
136 9141 0.500859000 6.927290000 0.00000000000000000000 1.00000000000000000000 2 0 8 111 112 113 135 137 160 161 162 
137 9142 0.773344000 6.921570000 0.00000000000000000000 1.00000000000000000000 2 0 8 112 113 114 136 138 161 162 163 
138 9143 1.045380000 6.905190000 0.00000000000000000000 1.00000000000000000000 2 0 8 113 114 115 137 139 162 163 164 
139 9144 1.316550000 6.878160000 0.00000000000000000000 1.00000000000000000000 2 0 8 114 115 336 138 140 163 164 165 
140 9145 1.586430000 6.840530000 0.00000000000000000000 1.00000000000000000000 2 0 8 115 336 337 139 339 164 165 166 
141 9146 -4.719130000 5.211600000 0.00000000000000000000 1.00000000000000000000 2 0 8 338 116 117 341 142 343 167 168 
142 9147 -4.510020000 5.412010000 0.00000000000000000000 1.00000000000000000000 2 0 8 116 117 118 141 143 167 168 169 
143 9148 -4.293190000 5.604070000 0.00000000000000000000 1.00000000000000000000 2 0 8 117 118 119 142 144 168 169 170 
144 9149 -4.068970000 5.787460000 0.00000000000000000000 1.00000000000000000000 2 0 8 118 119 120 143 145 169 170 171 
145 9150 -3.837720000 5.961910000 0.00000000000000000000 1.00000000000000000000 2 0 8 119 120 121 144 146 170 171 172 
146 9151 -3.599790000 6.127150000 0.00000000000000000000 1.00000000000000000000 2 0 8 120 121 122 145 147 171 172 173 
147 9152 -3.355560000 6.282920000 0.00000000000000000000 1.00000000000000000000 2 0 8 121 122 123 146 148 172 173 174 
148 9153 -3.105390000 6.428990000 0.00000000000000000000 1.00000000000000000000 2 0 8 122 123 124 147 149 173 174 175 
149 9154 -2.849680000 6.565130000 0.00000000000000000000 1.00000000000000000000 2 0 8 123 124 125 148 150 174 175 176 
150 9155 -2.588810000 6.691130000 0.00000000000000000000 1.00000000000000000000 2 0 8 124 125 126 149 151 175 176 177 
151 9156 -2.323210000 6.806800000 0.00000000000000000000 1.00000000000000000000 2 0 8 125 126 127 150 152 176 177 178 
152 9157 -2.053270000 6.911960000 0.00000000000000000000 1.00000000000000000000 2 0 8 126 127 128 151 153 177 178 179 
153 9158 -1.779410000 7.006450000 0.00000000000000000000 1.00000000000000000000 2 0 8 127 128 129 152 154 178 179 180 
154 9159 -1.502060000 7.090120000 0.00000000000000000000 1.00000000000000000000 2 0 8 128 129 130 153 155 179 180 181 
155 9160 -1.221640000 7.162850000 0.00000000000000000000 1.00000000000000000000 2 0 8 129 130 131 154 156 180 181 182 
156 9161 -0.938587000 7.224530000 0.00000000000000000000 1.00000000000000000000 2 0 8 130 131 132 155 157 181 182 183 
157 9162 -0.653341000 7.275060000 0.00000000000000000000 1.00000000000000000000 2 0 8 131 132 133 156 158 182 183 184 
158 9163 -0.366340000 7.314370000 0.00000000000000000000 1.00000000000000000000 2 0 8 132 133 134 157 159 183 184 185 
159 9164 -0.078026200 7.342390000 0.00000000000000000000 1.00000000000000000000 2 0 8 133 134 135 158 160 184 185 186 
160 9165 0.211154000 7.359090000 0.00000000000000000000 1.00000000000000000000 2 0 8 134 135 136 159 161 185 186 187 
161 9166 0.500756000 7.364440000 0.00000000000000000000 1.00000000000000000000 2 0 8 135 136 137 160 162 186 187 188 
162 9167 0.790332000 7.358440000 0.00000000000000000000 1.00000000000000000000 2 0 8 136 137 138 161 163 187 188 189 
163 9168 1.079440000 7.341090000 0.00000000000000000000 1.00000000000000000000 2 0 8 137 138 139 162 164 188 189 190 
164 9169 1.367620000 7.312420000 0.00000000000000000000 1.00000000000000000000 2 0 8 138 139 140 163 165 189 190 191 
165 9170 1.654450000 7.272480000 0.00000000000000000000 1.00000000000000000000 2 0 8 139 140 339 164 166 190 191 192 
166 9171 1.939470000 7.221340000 0.00000000000000000000 1.00000000000000000000 2 0 8 140 339 340 165 342 191 192 344 
167 9172 -5.045800000 5.539540000 0.00000000000000000000 1.00000000000000000000 2 0 8 341 141 142 343 168 345 193 194 
168 9173 -4.823640000 5.752610000 0.00000000000000000000 1.00000000000000000000 2 0 8 141 142 143 167 169 193 194 195 
169 9174 -4.593270000 5.956790000 0.00000000000000000000 1.00000000000000000000 2 0 8 142 143 144 168 170 194 195 196 
170 9175 -4.355060000 6.151760000 0.00000000000000000000 1.00000000000000000000 2 0 8 143 144 145 169 171 195 196 197 
171 9176 -4.109370000 6.337240000 0.00000000000000000000 1.00000000000000000000 2 0 8 144 145 146 170 172 196 197 198 
172 9177 -3.856590000 6.512930000 0.00000000000000000000 1.00000000000000000000 2 0 8 145 146 147 171 173 197 198 199 
173 9178 -3.597090000 6.678560000 0.00000000000000000000 1.00000000000000000000 2 0 8 146 147 148 172 174 198 199 200 
174 9179 -3.331290000 6.833880000 0.00000000000000000000 1.00000000000000000000 2 0 8 147 148 149 173 175 199 200 201 
175 9180 -3.059600000 6.978650000 0.00000000000000000000 1.00000000000000000000 2 0 8 148 149 150 174 176 200 201 202 
176 9181 -2.782430000 7.112650000 0.00000000000000000000 1.00000000000000000000 2 0 8 149 150 151 175 177 201 202 203 
177 9182 -2.500210000 7.235660000 0.00000000000000000000 1.00000000000000000000 2 0 8 150 151 152 176 178 202 203 204 
178 9183 -2.213380000 7.347510000 0.00000000000000000000 1.00000000000000000000 2 0 8 151 152 153 177 179 203 204 205 
179 9184 -1.922390000 7.448020000 0.00000000000000000000 1.00000000000000000000 2 0 8 152 153 154 178 180 204 205 206 
180 9185 -1.627680000 7.537030000 0.00000000000000000000 1.00000000000000000000 2 0 8 153 154 155 179 181 205 206 207 
181 9186 -1.329700000 7.614410000 0.00000000000000000000 1.00000000000000000000 2 0 8 154 155 156 180 182 206 207 208 
182 9187 -1.028930000 7.680050000 0.00000000000000000000 1.00000000000000000000 2 0 8 155 156 157 181 183 207 208 209 
183 9188 -0.725810000 7.733830000 0.00000000000000000000 1.00000000000000000000 2 0 8 156 157 158 182 184 208 209 210 
184 9189 -0.420824000 7.775690000 0.00000000000000000000 1.00000000000000000000 2 0 8 157 158 159 183 185 209 210 211 
185 9190 -0.114439000 7.805550000 0.00000000000000000000 1.00000000000000000000 2 0 8 158 159 160 184 186 210 211 212 
186 9191 0.192874000 7.823370000 0.00000000000000000000 1.00000000000000000000 2 0 8 159 160 161 185 187 211 212 213 
187 9192 0.500640000 7.829130000 0.00000000000000000000 1.00000000000000000000 2 0 8 160 161 162 186 188 212 213 214 
188 9193 0.808384000 7.822820000 0.00000000000000000000 1.00000000000000000000 2 0 8 161 162 163 187 189 213 214 215 
189 9194 1.115630000 7.804450000 0.00000000000000000000 1.00000000000000000000 2 0 8 162 163 164 188 190 214 215 216 
190 9195 1.421910000 7.774040000 0.00000000000000000000 1.00000000000000000000 2 0 8 163 164 165 189 191 215 216 217 
191 9196 1.726750000 7.731650000 0.00000000000000000000 1.00000000000000000000 2 0 8 164 165 166 190 192 216 217 218 
192 9197 2.029670000 7.677350000 0.00000000000000000000 1.00000000000000000000 2 0 8 165 166 342 191 344 217 218 346 
193 9198 -5.393010000 5.888110000 0.00000000000000000000 1.00000000000000000000 2 0 8 343 167 168 345 194 348 219 220 
194 9199 -5.156980000 6.114620000 0.00000000000000000000 1.00000000000000000000 2 0 8 167 168 169 193 195 219 220 221 
195 9200 -4.912230000 6.331690000 0.00000000000000000000 1.00000000000000000000 2 0 8 168 169 170 194 196 220 221 222 
196 9201 -4.659150000 6.538990000 0.00000000000000000000 1.00000000000000000000 2 0 8 169 170 171 195 197 221 222 223 
197 9202 -4.398110000 6.736190000 0.00000000000000000000 1.00000000000000000000 2 0 8 170 171 172 196 198 222 223 224 
198 9203 -4.129530000 6.922990000 0.00000000000000000000 1.00000000000000000000 2 0 8 171 172 173 197 199 223 224 225 
199 9204 -3.853820000 7.099100000 0.00000000000000000000 1.00000000000000000000 2 0 8 172 173 174 198 200 224 225 226 
200 9205 -3.571410000 7.264260000 0.00000000000000000000 1.00000000000000000000 2 0 8 173 174 175 199 201 225 226 227 
201 9206 -3.282730000 7.418200000 0.00000000000000000000 1.00000000000000000000 2 0 8 174 175 176 200 202 226 227 228 
202 9207 -2.988230000 7.560690000 0.00000000000000000000 1.00000000000000000000 2 0 8 175 176 177 201 203 227 228 229 
203 9208 -2.688360000 7.691520000 0.00000000000000000000 1.00000000000000000000 2 0 8 176 177 178 202 204 228 229 230 
204 9209 -2.383580000 7.810480000 0.00000000000000000000 1.00000000000000000000 2 0 8 177 178 179 203 205 229 230 231 
205 9210 -2.074370000 7.917390000 0.00000000000000000000 1.00000000000000000000 2 0 8 178 179 180 204 206 230 231 232 
206 9211 -1.761210000 8.012080000 0.00000000000000000000 1.00000000000000000000 2 0 8 179 180 181 205 207 231 232 233 
207 9212 -1.444580000 8.094410000 0.00000000000000000000 1.00000000000000000000 2 0 8 180 181 182 206 208 232 233 234 
208 9213 -1.124960000 8.164250000 0.00000000000000000000 1.00000000000000000000 2 0 8 181 182 183 207 209 233 234 235 
209 9214 -0.802850000 8.221500000 0.00000000000000000000 1.00000000000000000000 2 0 8 182 183 184 208 210 234 235 236 
210 9215 -0.478747000 8.266070000 0.00000000000000000000 1.00000000000000000000 2 0 8 183 184 185 209 211 235 236 237 
211 9216 -0.153152000 8.297890000 0.00000000000000000000 1.00000000000000000000 2 0 8 184 185 186 210 212 236 237 238 
212 9217 0.173434000 8.316910000 0.00000000000000000000 1.00000000000000000000 2 0 8 185 186 187 211 213 237 238 239 
213 9218 0.500508000 8.323110000 0.00000000000000000000 1.00000000000000000000 2 0 8 186 187 188 212 214 238 239 240 
214 9219 0.827564000 8.316470000 0.00000000000000000000 1.00000000000000000000 2 0 8 187 188 189 213 215 239 240 241 
215 9220 1.154100000 8.297010000 0.00000000000000000000 1.00000000000000000000 2 0 8 188 189 190 214 216 240 241 242 
216 9221 1.479610000 8.264760000 0.00000000000000000000 1.00000000000000000000 2 0 8 189 190 191 215 217 241 242 243 
217 9222 1.803590000 8.219770000 0.00000000000000000000 1.00000000000000000000 2 0 8 190 191 192 216 218 242 243 244 
218 9223 2.125550000 8.162110000 0.00000000000000000000 1.00000000000000000000 2 0 8 191 192 344 217 346 243 244 245 
219 9224 -5.762040000 6.258610000 0.00000000000000000000 1.00000000000000000000 2 0 8 345 193 194 348 220 350 351 246 
220 9225 -5.511270000 6.499420000 0.00000000000000000000 1.00000000000000000000 2 0 8 193 194 195 219 221 351 246 247 
221 9226 -5.251240000 6.730190000 0.00000000000000000000 1.00000000000000000000 2 0 8 194 195 196 220 222 246 247 248 
222 9227 -4.982350000 6.950580000 0.00000000000000000000 1.00000000000000000000 2 0 8 195 196 197 221 223 247 248 249 
223 9228 -4.705010000 7.160240000 0.00000000000000000000 1.00000000000000000000 2 0 8 196 197 198 222 224 248 249 250 
224 9229 -4.419650000 7.358860000 0.00000000000000000000 1.00000000000000000000 2 0 8 197 198 199 223 225 249 250 251 
225 9230 -4.126700000 7.546110000 0.00000000000000000000 1.00000000000000000000 2 0 8 198 199 200 224 226 250 251 252 
226 9231 -3.826630000 7.721730000 0.00000000000000000000 1.00000000000000000000 2 0 8 199 200 201 225 227 251 252 253 
227 9232 -3.519900000 7.885430000 0.00000000000000000000 1.00000000000000000000 2 0 8 200 201 202 226 228 252 253 254 
228 9233 -3.206970000 8.036960000 0.00000000000000000000 1.00000000000000000000 2 0 8 201 202 203 227 229 253 254 255 
229 9234 -2.888340000 8.176090000 0.00000000000000000000 1.00000000000000000000 2 0 8 202 203 204 228 230 254 255 256 
230 9235 -2.564490000 8.302620000 0.00000000000000000000 1.00000000000000000000 2 0 8 203 204 205 229 231 255 256 257 
231 9236 -2.235930000 8.416330000 0.00000000000000000000 1.00000000000000000000 2 0 8 204 205 206 230 232 256 257 258 
232 9237 -1.903160000 8.517060000 0.00000000000000000000 1.00000000000000000000 2 0 8 205 206 207 231 233 257 258 259 
233 9238 -1.566690000 8.604650000 0.00000000000000000000 1.00000000000000000000 2 0 8 206 207 208 232 234 258 259 260 
234 9239 -1.227040000 8.678970000 0.00000000000000000000 1.00000000000000000000 2 0 8 207 208 209 233 235 259 260 261 
235 9240 -0.884746000 8.739910000 0.00000000000000000000 1.00000000000000000000 2 0 8 208 209 210 234 236 260 261 262 
236 9241 -0.540325000 8.787360000 0.00000000000000000000 1.00000000000000000000 2 0 8 209 210 211 235 237 261 262 263 
237 9242 -0.194311000 8.821270000 0.00000000000000000000 1.00000000000000000000 2 0 8 210 211 212 236 238 262 263 264 
238 9243 0.152762000 8.841570000 0.00000000000000000000 1.00000000000000000000 2 0 8 211 212 213 237 239 263 264 265 
239 9244 0.500359000 8.848230000 0.00000000000000000000 1.00000000000000000000 2 0 8 212 213 214 238 240 264 265 266 
240 9245 0.847944000 8.841260000 0.00000000000000000000 1.00000000000000000000 2 0 8 213 214 215 239 241 265 266 267 
241 9246 1.194980000 8.820650000 0.00000000000000000000 1.00000000000000000000 2 0 8 214 215 216 240 242 266 267 268 
242 9247 1.540930000 8.786440000 0.00000000000000000000 1.00000000000000000000 2 0 8 215 216 217 241 243 267 268 269 
243 9248 1.885270000 8.738680000 0.00000000000000000000 1.00000000000000000000 2 0 8 216 217 218 242 244 268 269 270 
244 9249 2.227460000 8.677460000 0.00000000000000000000 1.00000000000000000000 2 0 8 217 218 346 243 245 269 270 271 
245 9250 2.566980000 8.602860000 0.00000000000000000000 1.00000000000000000000 2 0 8 218 346 347 244 349 270 271 352 
246 9251 -5.887820000 6.908440000 0.00000000000000000000 1.00000000000000000000 2 0 8 219 220 221 351 247 353 354 272 
247 9252 -5.611550000 7.153780000 0.00000000000000000000 1.00000000000000000000 2 0 8 220 221 222 246 248 354 272 273 
248 9253 -5.325860000 7.388090000 0.00000000000000000000 1.00000000000000000000 2 0 8 221 222 223 247 249 272 273 274 
249 9254 -5.031190000 7.611000000 0.00000000000000000000 1.00000000000000000000 2 0 8 222 223 224 248 250 273 274 275 
250 9255 -4.727990000 7.822180000 0.00000000000000000000 1.00000000000000000000 2 0 8 223 224 225 249 251 274 275 276 
251 9256 -4.416730000 8.021280000 0.00000000000000000000 1.00000000000000000000 2 0 8 224 225 226 250 252 275 276 277 
252 9257 -4.097900000 8.208020000 0.00000000000000000000 1.00000000000000000000 2 0 8 225 226 227 251 253 276 277 278 
253 9258 -3.771980000 8.382090000 0.00000000000000000000 1.00000000000000000000 2 0 8 226 227 228 252 254 277 278 279 
254 9259 -3.439480000 8.543240000 0.00000000000000000000 1.00000000000000000000 2 0 8 227 228 229 253 255 278 279 280 
255 9260 -3.100910000 8.691200000 0.00000000000000000000 1.00000000000000000000 2 0 8 228 229 230 254 256 279 280 281 
256 9261 -2.756790000 8.825770000 0.00000000000000000000 1.00000000000000000000 2 0 8 229 230 231 255 257 280 281 282 
257 9262 -2.407650000 8.946720000 0.00000000000000000000 1.00000000000000000000 2 0 8 230 231 232 256 258 281 282 283 
258 9263 -2.054030000 9.053870000 0.00000000000000000000 1.00000000000000000000 2 0 8 231 232 233 257 259 282 283 284 
259 9264 -1.696490000 9.147060000 0.00000000000000000000 1.00000000000000000000 2 0 8 232 233 234 258 260 283 284 285 
260 9265 -1.335560000 9.226150000 0.00000000000000000000 1.00000000000000000000 2 0 8 233 234 235 259 261 284 285 286 
261 9266 -0.971803000 9.291010000 0.00000000000000000000 1.00000000000000000000 2 0 8 234 235 236 260 262 285 286 287 
262 9267 -0.605786000 9.341540000 0.00000000000000000000 1.00000000000000000000 2 0 8 235 236 237 261 263 286 287 288 
263 9268 -0.238070000 9.377660000 0.00000000000000000000 1.00000000000000000000 2 0 8 236 237 238 262 264 287 288 289 
264 9269 0.130779000 9.399320000 0.00000000000000000000 1.00000000000000000000 2 0 8 237 238 239 263 265 288 289 290 
265 9270 0.500190000 9.406490000 0.00000000000000000000 1.00000000000000000000 2 0 8 238 239 240 264 266 289 290 291 
266 9271 0.869596000 9.399160000 0.00000000000000000000 1.00000000000000000000 2 0 8 239 240 241 265 267 290 291 292 
267 9272 1.238420000 9.377330000 0.00000000000000000000 1.00000000000000000000 2 0 8 240 241 242 266 268 291 292 293 
268 9273 1.606110000 9.341050000 0.00000000000000000000 1.00000000000000000000 2 0 8 241 242 243 267 269 292 293 294 
269 9274 1.972080000 9.290360000 0.00000000000000000000 1.00000000000000000000 2 0 8 242 243 244 268 270 293 294 295 
270 9275 2.335780000 9.225350000 0.00000000000000000000 1.00000000000000000000 2 0 8 243 244 245 269 271 294 295 296 
271 9276 2.696640000 9.146110000 0.00000000000000000000 1.00000000000000000000 2 0 8 244 245 349 270 352 295 296 355 
272 9277 -5.994480000 7.604060000 -0.64944366315684309843 0.76040971087001563156 3 0 8 246 247 248 354 273 220 221 222 
273 9278 -5.690940000 7.853170000 -0.61909246039025589425 0.78531810464800799743 3 0 8 247 248 249 272 274 221 222 223 
274 9279 -5.377850000 8.090170000 -0.58778618963392137431 0.80901631335569235137 3 0 8 248 249 250 273 275 222 223 224 
275 9280 -5.055700000 8.314700000 -0.55557278151294220425 0.83146790944808723900 3 0 8 249 250 251 274 276 223 224 225 
276 9281 -4.724990000 8.526400000 -0.52249486151581092663 0.85264243366699354887 3 0 8 250 251 252 275 277 224 225 226 
277 9282 -4.386210000 8.724960000 -0.48862780066781752453 0.87249233372822920796 3 0 8 251 252 253 276 278 225 226 227 
278 9283 -4.039910000 8.910070000 -0.45399140999548764919 0.89100606038921470464 3 0 8 252 253 254 277 279 226 227 228 
279 9284 -3.686600000 9.081430000 -0.41865513425978917450 0.90814529595099369175 3 0 8 253 254 255 278 280 227 228 229 
280 9285 -3.326830000 9.238800000 -0.38268023147519480975 0.92388085835679656377 3 0 8 254 255 256 279 281 228 229 230 
281 9286 -2.961170000 9.381910000 -0.34611905021161554208 0.93819060061408054985 3 0 8 255 256 257 280 282 229 230 231 
282 9287 -2.590170000 9.510570000 -0.30901667003776622789 0.95105662167863069811 3 0 8 256 257 258 281 283 230 231 232 
283 9288 -2.214400000 9.624550000 -0.27143445322643250384 0.96245692766048884792 3 0 8 257 258 259 282 284 231 232 233 
284 9289 -1.834450000 9.723700000 -0.23344520423477366222 0.97236995871930587132 3 0 8 258 259 260 283 285 232 233 234 
285 9290 -1.450900000 9.807850000 -0.19508492762544765720 0.98078635339882969113 3 0 8 259 260 261 284 286 233 234 235 
286 9291 -1.064340000 9.876880000 -0.15643291020981753281 0.98768858685482807669 3 0 8 260 261 262 285 287 234 235 236 
287 9292 -0.675374000 9.930680000 -0.11753818129968457429 0.99306836418081634310 3 0 8 261 262 263 286 288 235 236 237 
288 9293 -0.284591000 9.969170000 -0.07846440258575274052 0.99691691606014043447 3 0 8 262 263 264 287 289 236 237 238 
289 9294 0.107402000 9.992290000 -0.03926405738669001139 0.99922886957770318261 3 0 8 263 264 265 288 290 237 238 239 
290 9295 0.500000000 10.000000000 -0.00000000000000000000 1.00000000000000000000 3 0 8 264 265 266 289 291 238 239 240 
291 9296 0.892598000 9.992290000 0.03926410735358380755 0.99922886761428486579 3 0 8 265 266 267 290 292 239 240 241 
292 9297 1.284590000 9.969170000 0.07846480107379300017 0.99691688469623684909 3 0 8 266 267 268 291 293 240 241 242 
293 9298 1.675370000 9.930680000 0.11753803264387427396 0.99306838177549872082 3 0 8 267 268 269 292 294 241 242 243 
294 9299 2.064340000 9.876880000 0.15643212311026291617 0.98768871151755877058 3 0 8 268 269 270 293 295 242 243 244 
295 9300 2.450900000 9.807850000 0.19508492762544765720 0.98078635339882969113 3 0 8 269 270 271 294 296 243 244 245 
296 9301 2.834450000 9.723700000 0.23344520423477357896 0.97236995871930587132 3 0 8 270 271 352 295 355 244 245 349 
297 9562 -2.14839 3.33928 2 0
298 9563 -2.01412 3.43968 2 0
299 9564 -1.87599 3.53475 2 0
300 9565 -1.73422 3.62433 2 0
301 9566 -1.58903 3.70829 2 0
302 9567 -1.44064 3.78651 2 0
303 9568 -1.2893 3.85886 2 0
304 9569 -1.13522 3.92523 2 0
305 8759 -2.45165 3.43772 2 0
306 8760 -2.31336 3.54999 2 0
307 9581 -1.23725 4.17321 2 0
308 9582 -1.07095 4.23736 2 0
309 8779 -2.63564 3.65449 2 0
310 9592 -1.16908 4.50496 2 0
311 9593 -0.989875 4.56625 2 0
312 9594 -0.808411 4.62047 2 0
313 9595 -0.624966 4.66755 2 0
314 9596 -0.439823 4.70742 2 0
315 9597 -0.253269 4.74002 2 0
316 9598 -0.0655929 4.7653 2 0
317 9599 0.122915 4.78322 2 0
318 9600 0.311965 4.79376 2 0
319 4862 0.501263 4.79691 2 0
320 8798 -2.83127 3.88484 2 0
321 4883 0.501216 5.10019 2 0
322 4884 0.702309 5.09573 2 0
323 8816 -3.19952 3.98824 2 0
324 8817 -3.03925 4.12962 2 0
325 4904 0.71484 5.41781 2 0
326 4905 0.92815 5.40477 2 0
327 8835 -3.59479 4.08254 2 0
328 8836 -3.4306 4.23943 2 0
329 4924 0.954831 5.7463 2 0
330 4925 1.18077 5.72364 2 0
331 8854 -4.01838 4.16607 2 0
332 8855 -3.85066 4.33957 2 0
333 4943 1.22329 6.08526 2 0
334 4944 1.46224 6.05186 2 0
335 8873 -4.30083 4.42828 2 0
336 4961 1.52244 6.43417 2 0
337 4962 1.77478 6.3888 2 0
338 8891 -4.60107 4.70695 2 0
339 4978 1.85461 6.79236 2 0
340 4979 2.12067 6.73372 2 0
341 8909 -4.9202 5.00313 2 0
342 4994 2.22225 7.15906 2 0
343 8927 -5.25941 5.31792 2 0
344 5010 2.33022 7.61121 2 0
345 8946 -5.61995 5.65251 2 0
346 5026 2.44499 8.09187 2 0
347 5027 2.76141 8.00915 2 0
348 8965 -6.00315 6.00815 2 0
349 5043 2.9033 8.51499 2 0
350 8984 -6.41041 6.38617 2 0
351 8985 -6.15424 6.65244 2 0
352 5060 3.05411 9.05278 2 0
353 9004 -6.57107 7.07107 3 0
354 9005 -6.28801 7.34323 3 0
355 5077 3.2144 9.62455 3 0
