387 301 86
1 4200 1.233360000 -0.330046000 0.00000000000000000000 1.00000000000000000000 2 0 8 302 303 304 317 318 14 15 16 
2 4201 1.381560000 -0.000015118 0.00000000000000000000 1.00000000000000000000 2 0 8 323 305 306 19 3 38 20 21 
3 4202 1.380890000 -0.028515200 0.00000000000000000000 1.00000000000000000000 2 0 8 305 306 307 2 4 20 21 22 
4 4203 1.378900000 -0.056975800 0.00000000000000000000 1.00000000000000000000 2 0 8 306 307 308 3 5 21 22 23 
5 4204 1.375590000 -0.085357300 0.00000000000000000000 1.00000000000000000000 2 0 8 307 308 309 4 6 22 23 24 
6 4205 1.370950000 -0.113620000 0.00000000000000000000 1.00000000000000000000 2 0 8 308 309 310 5 7 23 24 25 
7 4206 1.365010000 -0.141725000 0.00000000000000000000 1.00000000000000000000 2 0 8 309 310 311 6 8 24 25 26 
8 4207 1.357750000 -0.169633000 0.00000000000000000000 1.00000000000000000000 2 0 8 310 311 312 7 9 25 26 27 
9 4208 1.349200000 -0.197304000 0.00000000000000000000 1.00000000000000000000 2 0 8 311 312 313 8 10 26 27 28 
10 4209 1.339370000 -0.224700000 0.00000000000000000000 1.00000000000000000000 2 0 8 312 313 314 9 11 27 28 29 
11 4210 1.328260000 -0.251782000 0.00000000000000000000 1.00000000000000000000 2 0 8 313 314 315 10 12 28 29 30 
12 4211 1.315900000 -0.278510000 0.00000000000000000000 1.00000000000000000000 2 0 8 314 315 316 11 13 29 30 31 
13 4212 1.302290000 -0.304847000 0.00000000000000000000 1.00000000000000000000 2 0 8 315 316 317 12 14 30 31 32 
14 4213 1.287460000 -0.330755000 0.00000000000000000000 1.00000000000000000000 2 0 8 316 317 1 13 15 31 32 33 
15 4214 1.271430000 -0.356195000 0.00000000000000000000 1.00000000000000000000 2 0 8 317 1 318 14 16 32 33 34 
16 4215 1.254220000 -0.381130000 0.00000000000000000000 1.00000000000000000000 2 0 8 1 318 319 15 324 33 34 35 
17 4216 1.375590000 0.085327500 0.00000000000000000000 1.00000000000000000000 2 0 8 320 321 322 326 18 328 36 37 
18 4217 1.378910000 0.056945900 0.00000000000000000000 1.00000000000000000000 2 0 8 321 322 323 17 19 36 37 38 
19 4218 1.380890000 0.028485200 0.00000000000000000000 1.00000000000000000000 2 0 8 322 323 305 18 2 37 38 20 
20 4219 1.428540000 -0.000016849 0.00000000000000000000 1.00000000000000000000 2 0 8 19 2 3 38 21 57 39 40 
21 4220 1.427840000 -0.030728700 0.00000000000000000000 1.00000000000000000000 2 0 8 2 3 4 20 22 39 40 41 
22 4221 1.425740000 -0.061397400 0.00000000000000000000 1.00000000000000000000 2 0 8 3 4 5 21 23 40 41 42 
23 4222 1.422250000 -0.091979900 0.00000000000000000000 1.00000000000000000000 2 0 8 4 5 6 22 24 41 42 43 
24 4223 1.417360000 -0.122433000 0.00000000000000000000 1.00000000000000000000 2 0 8 5 6 7 23 25 42 43 44 
25 4224 1.411090000 -0.152715000 0.00000000000000000000 1.00000000000000000000 2 0 8 6 7 8 24 26 43 44 45 
26 4225 1.403440000 -0.182781000 0.00000000000000000000 1.00000000000000000000 2 0 8 7 8 9 25 27 44 45 46 
27 4226 1.394420000 -0.212591000 0.00000000000000000000 1.00000000000000000000 2 0 8 8 9 10 26 28 45 46 47 
28 4227 1.384050000 -0.242100000 0.00000000000000000000 1.00000000000000000000 2 0 8 9 10 11 27 29 46 47 48 
29 4228 1.372340000 -0.271267000 0.00000000000000000000 1.00000000000000000000 2 0 8 10 11 12 28 30 47 48 49 
30 4229 1.359300000 -0.300051000 0.00000000000000000000 1.00000000000000000000 2 0 8 11 12 13 29 31 48 49 50 
31 4230 1.344960000 -0.328409000 0.00000000000000000000 1.00000000000000000000 2 0 8 12 13 14 30 32 49 50 51 
32 4231 1.329330000 -0.356300000 0.00000000000000000000 1.00000000000000000000 2 0 8 13 14 15 31 33 50 51 52 
33 4232 1.312430000 -0.383683000 0.00000000000000000000 1.00000000000000000000 2 0 8 14 15 16 32 34 51 52 53 
34 4233 1.294280000 -0.410519000 0.00000000000000000000 1.00000000000000000000 2 0 8 15 16 324 33 35 52 53 54 
35 4234 1.274920000 -0.436766000 0.00000000000000000000 1.00000000000000000000 2 0 8 16 324 325 34 327 53 54 329 
36 4235 1.422250000 0.091946700 0.00000000000000000000 1.00000000000000000000 2 0 8 326 17 18 328 37 330 55 56 
37 4236 1.425750000 0.061364000 0.00000000000000000000 1.00000000000000000000 2 0 8 17 18 19 36 38 55 56 57 
38 4237 1.427840000 0.030695100 0.00000000000000000000 1.00000000000000000000 2 0 8 18 19 2 37 20 56 57 39 
39 4238 1.479060000 -0.000018675 0.00000000000000000000 1.00000000000000000000 2 0 8 38 20 21 57 40 76 58 59 
40 4239 1.478320000 -0.033057800 0.00000000000000000000 1.00000000000000000000 2 0 8 20 21 22 39 41 58 59 60 
41 4240 1.476100000 -0.066050100 0.00000000000000000000 1.00000000000000000000 2 0 8 21 22 23 40 42 59 60 61 
42 4241 1.472410000 -0.098948800 0.00000000000000000000 1.00000000000000000000 2 0 8 22 23 24 41 43 60 61 62 
43 4242 1.467250000 -0.131707000 0.00000000000000000000 1.00000000000000000000 2 0 8 23 24 25 42 44 61 62 63 
44 4243 1.460630000 -0.164279000 0.00000000000000000000 1.00000000000000000000 2 0 8 24 25 26 43 45 62 63 64 
45 4244 1.452550000 -0.196618000 0.00000000000000000000 1.00000000000000000000 2 0 8 25 26 27 44 46 63 64 65 
46 4245 1.443040000 -0.228677000 0.00000000000000000000 1.00000000000000000000 2 0 8 26 27 28 45 47 64 65 66 
47 4246 1.432090000 -0.260411000 0.00000000000000000000 1.00000000000000000000 2 0 8 27 28 29 46 48 65 66 67 
48 4247 1.419730000 -0.291774000 0.00000000000000000000 1.00000000000000000000 2 0 8 28 29 30 47 49 66 67 68 
49 4248 1.405970000 -0.322721000 0.00000000000000000000 1.00000000000000000000 2 0 8 29 30 31 48 50 67 68 69 
50 4249 1.390830000 -0.353207000 0.00000000000000000000 1.00000000000000000000 2 0 8 30 31 32 49 51 68 69 70 
51 4250 1.374330000 -0.383186000 0.00000000000000000000 1.00000000000000000000 2 0 8 31 32 33 50 52 69 70 71 
52 4251 1.356500000 -0.412616000 0.00000000000000000000 1.00000000000000000000 2 0 8 32 33 34 51 53 70 71 72 
53 4252 1.337350000 -0.441452000 0.00000000000000000000 1.00000000000000000000 2 0 8 33 34 35 52 54 71 72 73 
54 4253 1.316920000 -0.469652000 0.00000000000000000000 1.00000000000000000000 2 0 8 34 35 327 53 329 72 73 331 
55 4254 1.472410000 0.098912000 0.00000000000000000000 1.00000000000000000000 2 0 8 328 36 37 330 56 332 74 75 
56 4255 1.476100000 0.066013100 0.00000000000000000000 1.00000000000000000000 2 0 8 36 37 38 55 57 74 75 76 
57 4256 1.478320000 0.033020600 0.00000000000000000000 1.00000000000000000000 2 0 8 37 38 20 56 39 75 76 58 
58 4257 1.533280000 -0.000020592 0.00000000000000000000 1.00000000000000000000 2 0 8 57 39 40 76 59 95 77 78 
59 4258 1.532500000 -0.035511400 0.00000000000000000000 1.00000000000000000000 2 0 8 39 40 41 58 60 77 78 79 
60 4259 1.530150000 -0.070951600 0.00000000000000000000 1.00000000000000000000 2 0 8 40 41 42 59 61 78 79 80 
61 4260 1.526250000 -0.106290000 0.00000000000000000000 1.00000000000000000000 2 0 8 41 42 43 60 62 79 80 81 
62 4261 1.520800000 -0.141477000 0.00000000000000000000 1.00000000000000000000 2 0 8 42 43 44 61 63 80 81 82 
63 4262 1.513810000 -0.176462000 0.00000000000000000000 1.00000000000000000000 2 0 8 43 44 45 62 64 81 82 83 
64 4263 1.505280000 -0.211195000 0.00000000000000000000 1.00000000000000000000 2 0 8 44 45 46 63 65 82 83 84 
65 4264 1.495220000 -0.245625000 0.00000000000000000000 1.00000000000000000000 2 0 8 45 46 47 64 66 83 84 85 
66 4265 1.483660000 -0.279703000 0.00000000000000000000 1.00000000000000000000 2 0 8 46 47 48 65 67 84 85 86 
67 4266 1.470600000 -0.313380000 0.00000000000000000000 1.00000000000000000000 2 0 8 47 48 49 66 68 85 86 87 
68 4267 1.456060000 -0.346606000 0.00000000000000000000 1.00000000000000000000 2 0 8 48 49 50 67 69 86 87 88 
69 4268 1.440070000 -0.379334000 0.00000000000000000000 1.00000000000000000000 2 0 8 49 50 51 68 70 87 88 89 
70 4269 1.422640000 -0.411514000 0.00000000000000000000 1.00000000000000000000 2 0 8 50 51 52 69 71 88 89 90 
71 4270 1.403800000 -0.443101000 0.00000000000000000000 1.00000000000000000000 2 0 8 51 52 53 70 72 89 90 91 
72 4271 1.383580000 -0.474046000 0.00000000000000000000 1.00000000000000000000 2 0 8 52 53 54 71 73 90 91 92 
73 4272 1.362000000 -0.504303000 0.00000000000000000000 1.00000000000000000000 2 0 8 53 54 329 72 331 91 92 333 
74 4273 1.526260000 0.106250000 0.00000000000000000000 1.00000000000000000000 2 0 8 330 55 56 332 75 335 93 94 
75 4274 1.530160000 0.070910800 0.00000000000000000000 1.00000000000000000000 2 0 8 55 56 57 74 76 93 94 95 
76 4275 1.532500000 0.035470500 0.00000000000000000000 1.00000000000000000000 2 0 8 56 57 39 75 58 94 95 77 
77 4276 1.591410000 -0.000022599 0.00000000000000000000 1.00000000000000000000 2 0 8 76 58 59 95 78 115 96 97 
78 4277 1.590590000 -0.038098800 0.00000000000000000000 1.00000000000000000000 2 0 8 58 59 60 77 79 96 97 98 
79 4278 1.588110000 -0.076120300 0.00000000000000000000 1.00000000000000000000 2 0 8 59 60 61 78 80 97 98 99 
80 4279 1.583990000 -0.114032000 0.00000000000000000000 1.00000000000000000000 2 0 8 60 61 62 79 81 98 99 100 
81 4280 1.578220000 -0.151780000 0.00000000000000000000 1.00000000000000000000 2 0 8 61 62 63 80 82 99 100 101 
82 4281 1.570820000 -0.189310000 0.00000000000000000000 1.00000000000000000000 2 0 8 62 63 64 81 83 100 101 102 
83 4282 1.561800000 -0.226567000 0.00000000000000000000 1.00000000000000000000 2 0 8 63 64 65 82 84 101 102 103 
84 4283 1.551170000 -0.263497000 0.00000000000000000000 1.00000000000000000000 2 0 8 64 65 66 83 85 102 103 104 
85 4284 1.538940000 -0.300047000 0.00000000000000000000 1.00000000000000000000 2 0 8 65 66 67 84 86 103 104 105 
86 4285 1.525130000 -0.336164000 0.00000000000000000000 1.00000000000000000000 2 0 8 66 67 68 85 87 104 105 106 
87 4286 1.509770000 -0.371795000 0.00000000000000000000 1.00000000000000000000 2 0 8 67 68 69 86 88 105 106 107 
88 4287 1.492860000 -0.406888000 0.00000000000000000000 1.00000000000000000000 2 0 8 68 69 70 87 89 106 107 108 
89 4288 1.474440000 -0.441391000 0.00000000000000000000 1.00000000000000000000 2 0 8 69 70 71 88 90 107 108 109 
90 4289 1.454520000 -0.475252000 0.00000000000000000000 1.00000000000000000000 2 0 8 70 71 72 89 91 108 109 110 
91 4290 1.433150000 -0.508422000 0.00000000000000000000 1.00000000000000000000 2 0 8 71 72 73 90 92 109 110 111 
92 4291 1.410340000 -0.540851000 0.00000000000000000000 1.00000000000000000000 2 0 8 72 73 331 91 333 110 111 112 
93 4292 1.583990000 0.113988000 0.00000000000000000000 1.00000000000000000000 2 0 8 332 74 75 335 94 339 113 114 
94 4293 1.588110000 0.076075500 0.00000000000000000000 1.00000000000000000000 2 0 8 74 75 76 93 95 113 114 115 
95 4294 1.590590000 0.038053800 0.00000000000000000000 1.00000000000000000000 2 0 8 75 76 58 94 77 114 115 96 
96 4295 1.653670000 -0.000024693 0.00000000000000000000 1.00000000000000000000 2 0 8 95 77 78 115 97 137 116 117 
97 4296 1.652800000 -0.040829600 0.00000000000000000000 1.00000000000000000000 2 0 8 77 78 79 96 98 116 117 118 
98 4297 1.650180000 -0.081575500 0.00000000000000000000 1.00000000000000000000 2 0 8 78 79 80 97 99 117 118 119 
99 4298 1.645810000 -0.122203000 0.00000000000000000000 1.00000000000000000000 2 0 8 79 80 81 98 100 118 119 120 
100 4299 1.639710000 -0.162654000 0.00000000000000000000 1.00000000000000000000 2 0 8 80 81 82 99 101 119 120 121 
101 4300 1.631890000 -0.202870000 0.00000000000000000000 1.00000000000000000000 2 0 8 81 82 83 100 102 120 121 122 
102 4301 1.622340000 -0.242792000 0.00000000000000000000 1.00000000000000000000 2 0 8 82 83 84 101 103 121 122 123 
103 4302 1.611090000 -0.282361000 0.00000000000000000000 1.00000000000000000000 2 0 8 83 84 85 102 104 122 123 124 
104 4303 1.598150000 -0.321521000 0.00000000000000000000 1.00000000000000000000 2 0 8 84 85 86 103 105 123 124 125 
105 4304 1.583540000 -0.360214000 0.00000000000000000000 1.00000000000000000000 2 0 8 85 86 87 104 106 124 125 126 
106 4305 1.567280000 -0.398384000 0.00000000000000000000 1.00000000000000000000 2 0 8 86 87 88 105 107 125 126 127 
107 4306 1.549400000 -0.435973000 0.00000000000000000000 1.00000000000000000000 2 0 8 87 88 89 106 108 126 127 128 
108 4307 1.529910000 -0.472927000 0.00000000000000000000 1.00000000000000000000 2 0 8 88 89 90 107 109 127 128 129 
109 4308 1.508840000 -0.509191000 0.00000000000000000000 1.00000000000000000000 2 0 8 89 90 91 108 110 128 129 130 
110 4309 1.486230000 -0.544710000 0.00000000000000000000 1.00000000000000000000 2 0 8 90 91 92 109 111 129 130 131 
111 4310 1.462100000 -0.579432000 0.00000000000000000000 1.00000000000000000000 2 0 8 91 92 333 110 112 130 131 132 
112 4311 1.436490000 -0.613303000 0.00000000000000000000 1.00000000000000000000 2 0 8 92 333 334 111 336 131 132 133 
113 4312 1.645820000 0.122155000 0.00000000000000000000 1.00000000000000000000 2 0 8 335 93 94 339 114 134 135 136 
114 4313 1.650180000 0.081526600 0.00000000000000000000 1.00000000000000000000 2 0 8 93 94 95 113 115 135 136 137 
115 4314 1.652800000 0.040780500 0.00000000000000000000 1.00000000000000000000 2 0 8 94 95 77 114 96 136 137 116 
116 4315 1.720290000 -0.000026870 0.00000000000000000000 1.00000000000000000000 2 0 8 115 96 97 137 117 161 138 139 
117 4316 1.719370000 -0.043714200 0.00000000000000000000 1.00000000000000000000 2 0 8 96 97 98 116 118 138 139 140 
118 4317 1.716590000 -0.087337900 0.00000000000000000000 1.00000000000000000000 2 0 8 97 98 99 117 119 139 140 141 
119 4318 1.711970000 -0.130835000 0.00000000000000000000 1.00000000000000000000 2 0 8 98 99 100 118 120 140 141 142 
120 4319 1.705510000 -0.174141000 0.00000000000000000000 1.00000000000000000000 2 0 8 99 100 101 119 121 141 142 143 
121 4320 1.697220000 -0.217194000 0.00000000000000000000 1.00000000000000000000 2 0 8 100 101 102 120 122 142 143 144 
122 4321 1.687110000 -0.259930000 0.00000000000000000000 1.00000000000000000000 2 0 8 101 102 103 121 123 143 144 145 
123 4322 1.675200000 -0.302288000 0.00000000000000000000 1.00000000000000000000 2 0 8 102 103 104 122 124 144 145 146 
124 4323 1.661510000 -0.344205000 0.00000000000000000000 1.00000000000000000000 2 0 8 103 104 105 123 125 145 146 147 
125 4324 1.646040000 -0.385620000 0.00000000000000000000 1.00000000000000000000 2 0 8 104 105 106 124 126 146 147 148 
126 4325 1.628830000 -0.426471000 0.00000000000000000000 1.00000000000000000000 2 0 8 105 106 107 125 127 147 148 149 
127 4326 1.609890000 -0.466698000 0.00000000000000000000 1.00000000000000000000 2 0 8 106 107 108 126 128 148 149 150 
128 4327 1.589260000 -0.506242000 0.00000000000000000000 1.00000000000000000000 2 0 8 107 108 109 127 129 149 150 151 
129 4328 1.566960000 -0.545044000 0.00000000000000000000 1.00000000000000000000 2 0 8 108 109 110 128 130 150 151 152 
130 4329 1.543020000 -0.583045000 0.00000000000000000000 1.00000000000000000000 2 0 8 109 110 111 129 131 151 152 153 
131 4330 1.517480000 -0.620190000 0.00000000000000000000 1.00000000000000000000 2 0 8 110 111 112 130 132 152 153 154 
132 4331 1.490380000 -0.656421000 0.00000000000000000000 1.00000000000000000000 2 0 8 111 112 336 131 133 153 154 155 
133 4332 1.461750000 -0.691683000 0.00000000000000000000 1.00000000000000000000 2 0 8 112 336 337 132 340 154 155 156 
134 4333 1.705520000 0.174088000 0.00000000000000000000 1.00000000000000000000 2 0 8 338 339 113 343 135 157 158 159 
135 4334 1.711970000 0.130782000 0.00000000000000000000 1.00000000000000000000 2 0 8 339 113 114 134 136 158 159 160 
136 4335 1.716590000 0.087284700 0.00000000000000000000 1.00000000000000000000 2 0 8 113 114 115 135 137 159 160 161 
137 4336 1.719370000 0.043660700 0.00000000000000000000 1.00000000000000000000 2 0 8 114 115 96 136 116 160 161 138 
138 4337 1.791510000 -0.000029126 0.00000000000000000000 1.00000000000000000000 2 0 8 137 116 117 161 139 186 162 163 
139 4338 1.790530000 -0.046763200 0.00000000000000000000 1.00000000000000000000 2 0 8 116 117 118 138 140 162 163 164 
140 4339 1.787590000 -0.093429000 0.00000000000000000000 1.00000000000000000000 2 0 8 117 118 119 139 141 163 164 165 
141 4340 1.782700000 -0.139958000 0.00000000000000000000 1.00000000000000000000 2 0 8 118 119 120 140 142 164 165 166 
142 4341 1.775850000 -0.186283000 0.00000000000000000000 1.00000000000000000000 2 0 8 119 120 121 141 143 165 166 167 
143 4342 1.767070000 -0.232335000 0.00000000000000000000 1.00000000000000000000 2 0 8 120 121 122 142 144 166 167 168 
144 4343 1.756360000 -0.278047000 0.00000000000000000000 1.00000000000000000000 2 0 8 121 122 123 143 145 167 168 169 
145 4344 1.743750000 -0.323352000 0.00000000000000000000 1.00000000000000000000 2 0 8 122 123 124 144 146 168 169 170 
146 4345 1.729240000 -0.368183000 0.00000000000000000000 1.00000000000000000000 2 0 8 123 124 125 145 147 169 170 171 
147 4346 1.712850000 -0.412475000 0.00000000000000000000 1.00000000000000000000 2 0 8 124 125 126 146 148 170 171 172 
148 4347 1.694620000 -0.456161000 0.00000000000000000000 1.00000000000000000000 2 0 8 125 126 127 147 149 171 172 173 
149 4348 1.674560000 -0.499178000 0.00000000000000000000 1.00000000000000000000 2 0 8 126 127 128 148 150 172 173 174 
150 4349 1.652710000 -0.541460000 0.00000000000000000000 1.00000000000000000000 2 0 8 127 128 129 149 151 173 174 175 
151 4350 1.629090000 -0.582945000 0.00000000000000000000 1.00000000000000000000 2 0 8 128 129 130 150 152 174 175 176 
152 4351 1.603740000 -0.623571000 0.00000000000000000000 1.00000000000000000000 2 0 8 129 130 131 151 153 175 176 177 
153 4352 1.576690000 -0.663277000 0.00000000000000000000 1.00000000000000000000 2 0 8 130 131 132 152 154 176 177 178 
154 4353 1.547990000 -0.702003000 0.00000000000000000000 1.00000000000000000000 2 0 8 131 132 133 153 155 177 178 179 
155 4354 1.517670000 -0.739689000 0.00000000000000000000 1.00000000000000000000 2 0 8 132 133 340 154 156 178 179 180 
156 4355 1.485780000 -0.776280000 0.00000000000000000000 1.00000000000000000000 2 0 8 133 340 341 155 344 179 180 181 
157 4356 1.767080000 0.232278000 0.00000000000000000000 1.00000000000000000000 2 0 8 342 343 134 346 158 348 182 183 
158 4357 1.775860000 0.186226000 0.00000000000000000000 1.00000000000000000000 2 0 8 343 134 135 157 159 182 183 184 
159 4358 1.782700000 0.139901000 0.00000000000000000000 1.00000000000000000000 2 0 8 134 135 136 158 160 183 184 185 
160 4359 1.787590000 0.093371200 0.00000000000000000000 1.00000000000000000000 2 0 8 135 136 137 159 161 184 185 186 
161 4360 1.790530000 0.046705300 0.00000000000000000000 1.00000000000000000000 2 0 8 136 137 116 160 138 185 186 162 
162 4361 1.867600000 -0.000031454 0.00000000000000000000 1.00000000000000000000 2 0 8 161 138 139 186 163 211 187 188 
163 4362 1.866560000 -0.049988100 0.00000000000000000000 1.00000000000000000000 2 0 8 138 139 140 162 164 187 188 189 
164 4363 1.863440000 -0.099871500 0.00000000000000000000 1.00000000000000000000 2 0 8 139 140 141 163 165 188 189 190 
165 4364 1.858260000 -0.149608000 0.00000000000000000000 1.00000000000000000000 2 0 8 140 141 142 164 166 189 190 191 
166 4365 1.851000000 -0.199125000 0.00000000000000000000 1.00000000000000000000 2 0 8 141 142 143 165 167 190 191 192 
167 4366 1.841700000 -0.248350000 0.00000000000000000000 1.00000000000000000000 2 0 8 142 143 144 166 168 191 192 193 
168 4367 1.830350000 -0.297209000 0.00000000000000000000 1.00000000000000000000 2 0 8 143 144 145 167 169 192 193 194 
169 4368 1.816980000 -0.345632000 0.00000000000000000000 1.00000000000000000000 2 0 8 144 145 146 168 170 193 194 195 
170 4369 1.801600000 -0.393546000 0.00000000000000000000 1.00000000000000000000 2 0 8 145 146 147 169 171 194 195 196 
171 4370 1.784230000 -0.440881000 0.00000000000000000000 1.00000000000000000000 2 0 8 146 147 148 170 172 195 196 197 
172 4371 1.764910000 -0.487567000 0.00000000000000000000 1.00000000000000000000 2 0 8 147 148 149 171 173 196 197 198 
173 4372 1.743650000 -0.533533000 0.00000000000000000000 1.00000000000000000000 2 0 8 148 149 150 172 174 197 198 199 
174 4373 1.720500000 -0.578713000 0.00000000000000000000 1.00000000000000000000 2 0 8 149 150 151 173 175 198 199 200 
175 4374 1.695470000 -0.623037000 0.00000000000000000000 1.00000000000000000000 2 0 8 150 151 152 174 176 199 200 201 
176 4375 1.668610000 -0.666439000 0.00000000000000000000 1.00000000000000000000 2 0 8 151 152 153 175 177 200 201 202 
177 4376 1.639950000 -0.708855000 0.00000000000000000000 1.00000000000000000000 2 0 8 152 153 154 176 178 201 202 203 
178 4377 1.609540000 -0.750220000 0.00000000000000000000 1.00000000000000000000 2 0 8 153 154 155 177 179 202 203 204 
179 4378 1.577420000 -0.790471000 0.00000000000000000000 1.00000000000000000000 2 0 8 154 155 156 178 180 203 204 205 
180 4379 1.543630000 -0.829548000 0.00000000000000000000 1.00000000000000000000 2 0 8 155 156 344 179 181 204 205 206 
181 4380 1.508230000 -0.867389000 0.00000000000000000000 1.00000000000000000000 2 0 8 156 344 345 180 347 205 206 349 
182 4381 1.841710000 0.248289000 0.00000000000000000000 1.00000000000000000000 2 0 8 346 157 158 348 183 350 207 208 
183 4382 1.851010000 0.199064000 0.00000000000000000000 1.00000000000000000000 2 0 8 157 158 159 182 184 207 208 209 
184 4383 1.858260000 0.149546000 0.00000000000000000000 1.00000000000000000000 2 0 8 158 159 160 183 185 208 209 210 
185 4384 1.863450000 0.099809100 0.00000000000000000000 1.00000000000000000000 2 0 8 159 160 161 184 186 209 210 211 
186 4385 1.866560000 0.049925600 0.00000000000000000000 1.00000000000000000000 2 0 8 160 161 138 185 162 210 211 187 
187 4386 1.948840000 -0.000033848 0.00000000000000000000 1.00000000000000000000 2 0 8 186 162 163 211 188 235 212 213 
188 4387 1.947740000 -0.053401000 0.00000000000000000000 1.00000000000000000000 2 0 8 162 163 164 187 189 212 213 214 
189 4388 1.944430000 -0.106690000 0.00000000000000000000 1.00000000000000000000 2 0 8 163 164 165 188 190 213 214 215 
190 4389 1.938930000 -0.159821000 0.00000000000000000000 1.00000000000000000000 2 0 8 164 165 166 189 191 214 215 216 
191 4390 1.931240000 -0.212716000 0.00000000000000000000 1.00000000000000000000 2 0 8 165 166 167 190 192 215 216 217 
192 4391 1.921370000 -0.265298000 0.00000000000000000000 1.00000000000000000000 2 0 8 166 167 168 191 193 216 217 218 
193 4392 1.909340000 -0.317489000 0.00000000000000000000 1.00000000000000000000 2 0 8 167 168 169 192 194 217 218 219 
194 4393 1.895160000 -0.369211000 0.00000000000000000000 1.00000000000000000000 2 0 8 168 169 170 193 195 218 219 220 
195 4394 1.878850000 -0.420389000 0.00000000000000000000 1.00000000000000000000 2 0 8 169 170 171 194 196 219 220 221 
196 4395 1.860440000 -0.470945000 0.00000000000000000000 1.00000000000000000000 2 0 8 170 171 172 195 197 220 221 222 
197 4396 1.839960000 -0.520804000 0.00000000000000000000 1.00000000000000000000 2 0 8 171 172 173 196 198 221 222 223 
198 4397 1.817420000 -0.569894000 0.00000000000000000000 1.00000000000000000000 2 0 8 172 173 174 197 199 222 223 224 
199 4398 1.792870000 -0.618139000 0.00000000000000000000 1.00000000000000000000 2 0 8 173 174 175 198 200 223 224 225 
200 4399 1.766340000 -0.665468000 0.00000000000000000000 1.00000000000000000000 2 0 8 174 175 176 199 201 224 225 226 
201 4400 1.737860000 -0.711810000 0.00000000000000000000 1.00000000000000000000 2 0 8 175 176 177 200 202 225 226 227 
202 4401 1.707490000 -0.757095000 0.00000000000000000000 1.00000000000000000000 2 0 8 176 177 178 201 203 226 227 228 
203 4402 1.675250000 -0.801253000 0.00000000000000000000 1.00000000000000000000 2 0 8 177 178 179 202 204 227 228 229 
204 4403 1.641200000 -0.844219000 0.00000000000000000000 1.00000000000000000000 2 0 8 178 179 180 203 205 228 229 230 
205 4404 1.605390000 -0.885927000 0.00000000000000000000 1.00000000000000000000 2 0 8 179 180 181 204 206 229 230 231 
206 4405 1.567870000 -0.926312000 0.00000000000000000000 1.00000000000000000000 2 0 8 180 181 347 205 349 230 231 351 
207 4406 1.921380000 0.265233000 0.00000000000000000000 1.00000000000000000000 2 0 8 348 182 183 350 208 352 353 232 
208 4407 1.931250000 0.212650000 0.00000000000000000000 1.00000000000000000000 2 0 8 182 183 184 207 209 353 232 233 
209 4408 1.938940000 0.159754000 0.00000000000000000000 1.00000000000000000000 2 0 8 183 184 185 208 210 232 233 234 
210 4409 1.944440000 0.106622000 0.00000000000000000000 1.00000000000000000000 2 0 8 184 185 186 209 211 233 234 235 
211 4410 1.947740000 0.053333700 0.00000000000000000000 1.00000000000000000000 2 0 8 185 186 162 210 187 234 235 212 
212 4411 2.035530000 -0.000036300 0.00000000000000000000 1.00000000000000000000 2 0 8 211 187 188 235 213 257 236 237 
213 4412 2.034360000 -0.057014700 0.00000000000000000000 1.00000000000000000000 2 0 8 187 188 189 212 214 236 237 238 
214 4413 2.030850000 -0.113909000 0.00000000000000000000 1.00000000000000000000 2 0 8 188 189 190 213 215 237 238 239 
215 4414 2.025020000 -0.170634000 0.00000000000000000000 1.00000000000000000000 2 0 8 189 190 191 214 216 238 239 240 
216 4415 2.016860000 -0.227107000 0.00000000000000000000 1.00000000000000000000 2 0 8 190 191 192 215 217 239 240 241 
217 4416 2.006390000 -0.283244000 0.00000000000000000000 1.00000000000000000000 2 0 8 191 192 193 216 218 240 241 242 
218 4417 1.993630000 -0.338962000 0.00000000000000000000 1.00000000000000000000 2 0 8 192 193 194 217 219 241 242 243 
219 4418 1.978590000 -0.394178000 0.00000000000000000000 1.00000000000000000000 2 0 8 193 194 195 218 220 242 243 244 
220 4419 1.961300000 -0.448811000 0.00000000000000000000 1.00000000000000000000 2 0 8 194 195 196 219 221 243 244 245 
221 4420 1.941770000 -0.502777000 0.00000000000000000000 1.00000000000000000000 2 0 8 195 196 197 220 222 244 245 246 
222 4421 1.920040000 -0.555999000 0.00000000000000000000 1.00000000000000000000 2 0 8 196 197 198 221 223 245 246 247 
223 4422 1.896140000 -0.608395000 0.00000000000000000000 1.00000000000000000000 2 0 8 197 198 199 222 224 246 247 248 
224 4423 1.870100000 -0.659887000 0.00000000000000000000 1.00000000000000000000 2 0 8 198 199 200 223 225 247 248 249 
225 4424 1.841970000 -0.710398000 0.00000000000000000000 1.00000000000000000000 2 0 8 199 200 201 224 226 248 249 250 
226 4425 1.811770000 -0.759853000 0.00000000000000000000 1.00000000000000000000 2 0 8 200 201 202 225 227 249 250 251 
227 4426 1.779550000 -0.808175000 0.00000000000000000000 1.00000000000000000000 2 0 8 201 202 203 226 228 250 251 252 
228 4427 1.745370000 -0.855293000 0.00000000000000000000 1.00000000000000000000 2 0 8 202 203 204 227 229 251 252 253 
229 4428 1.709270000 -0.901134000 0.00000000000000000000 1.00000000000000000000 2 0 8 203 204 205 228 230 252 253 254 
230 4429 1.671300000 -0.945628000 0.00000000000000000000 1.00000000000000000000 2 0 8 204 205 206 229 231 253 254 354 
231 4430 1.631520000 -0.988708000 0.00000000000000000000 1.00000000000000000000 2 0 8 205 206 349 230 351 254 354 355 
232 4431 2.016870000 0.227036000 0.00000000000000000000 1.00000000000000000000 2 0 8 207 208 209 353 233 356 357 255 
233 4432 2.025030000 0.170563000 0.00000000000000000000 1.00000000000000000000 2 0 8 208 209 210 232 234 357 255 256 
234 4433 2.030860000 0.113837000 0.00000000000000000000 1.00000000000000000000 2 0 8 209 210 211 233 235 255 256 257 
235 4434 2.034360000 0.056942400 0.00000000000000000000 1.00000000000000000000 2 0 8 210 211 187 234 212 256 257 236 
236 4435 2.127990000 -0.000038801 0.00000000000000000000 1.00000000000000000000 2 0 8 235 212 213 257 237 277 258 259 
237 4436 2.126750000 -0.060842500 0.00000000000000000000 1.00000000000000000000 2 0 8 212 213 214 236 238 258 259 260 
238 4437 2.123030000 -0.121556000 0.00000000000000000000 1.00000000000000000000 2 0 8 213 214 215 237 239 259 260 261 
239 4438 2.116840000 -0.182089000 0.00000000000000000000 1.00000000000000000000 2 0 8 214 215 216 238 240 260 261 262 
240 4439 2.108180000 -0.242352000 0.00000000000000000000 1.00000000000000000000 2 0 8 215 216 217 239 241 261 262 263 
241 4440 2.097080000 -0.302255000 0.00000000000000000000 1.00000000000000000000 2 0 8 216 217 218 240 242 262 263 264 
242 4441 2.083540000 -0.361709000 0.00000000000000000000 1.00000000000000000000 2 0 8 217 218 219 241 243 263 264 265 
243 4442 2.067580000 -0.420626000 0.00000000000000000000 1.00000000000000000000 2 0 8 218 219 220 242 244 264 265 266 
244 4443 2.049230000 -0.478919000 0.00000000000000000000 1.00000000000000000000 2 0 8 219 220 221 243 245 265 266 267 
245 4444 2.028510000 -0.536499000 0.00000000000000000000 1.00000000000000000000 2 0 8 220 221 222 244 246 266 267 268 
246 4445 2.005460000 -0.593281000 0.00000000000000000000 1.00000000000000000000 2 0 8 221 222 223 245 247 267 268 269 
247 4446 1.980100000 -0.649180000 0.00000000000000000000 1.00000000000000000000 2 0 8 222 223 224 246 248 268 269 270 
248 4447 1.952480000 -0.704112000 0.00000000000000000000 1.00000000000000000000 2 0 8 223 224 225 247 249 269 270 271 
249 4448 1.922630000 -0.757995000 0.00000000000000000000 1.00000000000000000000 2 0 8 224 225 226 248 250 270 271 272 
250 4449 1.890590000 -0.810747000 0.00000000000000000000 1.00000000000000000000 2 0 8 225 226 227 249 251 271 272 273 
251 4450 1.856420000 -0.862288000 0.00000000000000000000 1.00000000000000000000 2 0 8 226 227 228 250 252 272 273 274 
252 4451 1.820160000 -0.912540000 0.00000000000000000000 1.00000000000000000000 2 0 8 227 228 229 251 253 273 274 275 
253 4452 1.781870000 -0.961427000 0.00000000000000000000 1.00000000000000000000 2 0 8 228 229 230 252 254 274 275 358 
254 4453 1.741600000 -1.008870000 0.00000000000000000000 1.00000000000000000000 2 0 8 229 230 231 253 354 275 358 359 
255 4454 2.116850000 0.182012000 0.00000000000000000000 1.00000000000000000000 2 0 8 232 233 234 357 256 360 361 276 
256 4455 2.123040000 0.121479000 0.00000000000000000000 1.00000000000000000000 2 0 8 233 234 235 255 257 361 276 277 
257 4456 2.126750000 0.060765300 0.00000000000000000000 1.00000000000000000000 2 0 8 234 235 212 256 236 276 277 258 
258 4457 2.226580000 -0.000041339 0.00000000000000000000 1.00000000000000000000 2 0 8 257 236 237 277 259 293 278 279 
259 4458 2.225260000 -0.064898800 0.00000000000000000000 1.00000000000000000000 2 0 8 236 237 238 258 260 278 279 280 
260 4459 2.221310000 -0.129660000 0.00000000000000000000 1.00000000000000000000 2 0 8 237 238 239 259 261 279 280 281 
261 4460 2.214740000 -0.194228000 0.00000000000000000000 1.00000000000000000000 2 0 8 238 239 240 260 262 280 281 282 
262 4461 2.205550000 -0.258507000 0.00000000000000000000 1.00000000000000000000 2 0 8 239 240 241 261 263 281 282 283 
263 4462 2.193760000 -0.322401000 0.00000000000000000000 1.00000000000000000000 2 0 8 240 241 242 262 264 282 283 284 
264 4463 2.179390000 -0.385815000 0.00000000000000000000 1.00000000000000000000 2 0 8 241 242 243 263 265 283 284 285 
265 4464 2.162450000 -0.448654000 0.00000000000000000000 1.00000000000000000000 2 0 8 242 243 244 264 266 284 285 286 
266 4465 2.142980000 -0.510825000 0.00000000000000000000 1.00000000000000000000 2 0 8 243 244 245 265 267 285 286 287 
267 4466 2.120990000 -0.572235000 0.00000000000000000000 1.00000000000000000000 2 0 8 244 245 246 266 268 286 287 288 
268 4467 2.096530000 -0.632791000 0.00000000000000000000 1.00000000000000000000 2 0 8 245 246 247 267 269 287 288 289 
269 4468 2.069620000 -0.692402000 0.00000000000000000000 1.00000000000000000000 2 0 8 246 247 248 268 270 288 289 290 
270 4469 2.040310000 -0.750980000 0.00000000000000000000 1.00000000000000000000 2 0 8 247 248 249 269 271 289 290 291 
271 4470 2.008630000 -0.808436000 0.00000000000000000000 1.00000000000000000000 2 0 8 248 249 250 270 272 290 291 292 
272 4471 1.974640000 -0.864682000 0.00000000000000000000 1.00000000000000000000 2 0 8 249 250 251 271 273 291 292 362 
273 4472 1.938380000 -0.919634000 0.00000000000000000000 1.00000000000000000000 2 0 8 250 251 252 272 274 292 362 363 
274 4473 1.899900000 -0.973209000 0.00000000000000000000 1.00000000000000000000 2 0 8 251 252 253 273 275 362 363 364 
275 4474 1.859270000 -1.025320000 0.00000000000000000000 1.00000000000000000000 2 0 8 252 253 254 274 358 363 364 365 
276 4475 2.221310000 0.129578000 0.00000000000000000000 1.00000000000000000000 2 0 8 255 256 257 361 277 366 367 293 
277 4476 2.225260000 0.064816600 0.00000000000000000000 1.00000000000000000000 2 0 8 256 257 236 276 258 367 293 278 
278 4477 2.331640000 -0.000043903 0.00000000000000000000 1.00000000000000000000 2 0 8 277 258 259 293 279 377 294 295 
279 4478 2.330240000 -0.069198800 0.00000000000000000000 1.00000000000000000000 2 0 8 258 259 260 278 280 294 295 296 
280 4479 2.326050000 -0.138250000 0.00000000000000000000 1.00000000000000000000 2 0 8 259 260 261 279 281 295 296 297 
281 4480 2.319070000 -0.207096000 0.00000000000000000000 1.00000000000000000000 2 0 8 260 261 262 280 282 296 297 298 
282 4481 2.309320000 -0.275632000 0.00000000000000000000 1.00000000000000000000 2 0 8 261 262 263 281 283 297 298 299 
283 4482 2.296810000 -0.343757000 0.00000000000000000000 1.00000000000000000000 2 0 8 262 263 264 282 284 298 299 300 
284 4483 2.281550000 -0.411369000 0.00000000000000000000 1.00000000000000000000 2 0 8 263 264 265 283 285 299 300 301 
285 4484 2.263570000 -0.478366000 0.00000000000000000000 1.00000000000000000000 2 0 8 264 265 266 284 286 300 301 368 
286 4485 2.242900000 -0.544649000 0.00000000000000000000 1.00000000000000000000 2 0 8 265 266 267 285 287 301 368 369 
287 4486 2.219560000 -0.610118000 0.00000000000000000000 1.00000000000000000000 2 0 8 266 267 268 286 288 368 369 370 
288 4487 2.193590000 -0.674675000 0.00000000000000000000 1.00000000000000000000 2 0 8 267 268 269 287 289 369 370 371 
289 4488 2.165030000 -0.738223000 0.00000000000000000000 1.00000000000000000000 2 0 8 268 269 270 288 290 370 371 372 
290 4489 2.133910000 -0.800666000 0.00000000000000000000 1.00000000000000000000 2 0 8 269 270 271 289 291 371 372 373 
291 4490 2.100290000 -0.861909000 0.00000000000000000000 1.00000000000000000000 2 0 8 270 271 272 290 292 372 373 374 
292 4491 2.064210000 -0.921861000 0.00000000000000000000 1.00000000000000000000 2 0 8 271 272 273 291 362 373 374 375 
293 4492 2.330240000 0.069111400 0.00000000000000000000 1.00000000000000000000 2 0 8 276 277 258 367 278 376 377 294 
294 4493 2.443590000 -0.000046478 0.00000000000000000000 1.00000000000000000000 2 0 8 293 278 279 377 295 387 378 379 
295 4494 2.442100000 -0.073758500 0.00000000000000000000 1.00000000000000000000 2 0 8 278 279 280 294 296 378 379 380 
296 4495 2.437650000 -0.147360000 0.00000000000000000000 1.00000000000000000000 2 0 8 279 280 281 295 297 379 380 381 
297 4496 2.430240000 -0.220741000 0.00000000000000000000 1.00000000000000000000 2 0 8 280 281 282 296 298 380 381 382 
298 4497 2.419880000 -0.293792000 0.00000000000000000000 1.00000000000000000000 2 0 8 281 282 283 297 299 381 382 383 
299 4498 2.406600000 -0.366404000 0.00000000000000000000 1.00000000000000000000 2 0 8 282 283 284 298 300 382 383 384 
300 4499 2.390400000 -0.438467000 0.00000000000000000000 1.00000000000000000000 2 0 8 283 284 285 299 301 383 384 385 
301 4500 2.371310000 -0.509874000 0.00000000000000000000 1.00000000000000000000 2 0 8 284 285 286 300 368 384 385 386 
302 4777 1.21256 -0.283306 2 0
303 4778 1.19808 -0.305139 2 0
304 3960 1.18253 -0.326549 2 0
305 4783 1.33793 -1.34814e-05 2 0
306 4784 1.3373 -0.0264092 2 0
307 4785 1.33541 -0.0527687 2 0
308 4786 1.33226 -0.079056 2 0
309 4787 1.32786 -0.105235 2 0
310 4788 1.32221 -0.131269 2 0
311 4789 1.31533 -0.157123 2 0
312 4790 1.30721 -0.182761 2 0
313 4791 1.29787 -0.208146 2 0
314 4792 1.28733 -0.233244 2 0
315 4793 1.27559 -0.258018 2 0
316 4794 1.26267 -0.282433 2 0
317 4795 1.24859 -0.306454 2 0
318 3981 1.21702 -0.353175 2 0
319 3982 1.19957 -0.375806 2 0
320 6963 1.32786 0.105208 2 0
321 4796 1.33226 0.0790294 2 0
322 4797 1.33541 0.052742 2 0
323 4798 1.3373 0.0263824 2 0
324 4003 1.23585 -0.405524 2 0
325 4004 1.21635 -0.429339 2 0
326 6986 1.37096 0.113591 2 0
327 4025 1.25436 -0.462387 2 0
328 7010 1.41737 0.1224 2 0
329 4046 1.29523 -0.497173 2 0
330 7035 1.46725 0.131671 2 0
331 4068 1.3391 -0.533828 2 0
332 7060 1.52081 0.141437 2 0
333 4091 1.38613 -0.57249 2 0
334 4092 1.36055 -0.603292 2 0
335 7085 1.57823 0.151736 2 0
336 4114 1.40944 -0.646274 2 0
337 4115 1.38098 -0.678293 2 0
338 7108 1.6319 0.202822 2 0
339 7109 1.63972 0.162606 2 0
340 4137 1.43163 -0.725924 2 0
341 4138 1.40007 -0.759091 2 0
342 7130 1.68713 0.259879 2 0
343 7131 1.69723 0.217142 2 0
344 4160 1.45237 -0.811718 2 0
345 4161 1.41747 -0.845949 2 0
346 7151 1.75638 0.277991 2 0
347 4181 1.47126 -0.903937 2 0
348 7170 1.83036 0.297149 2 0
349 3301 1.5287 -0.965313 2 0
350 5398 1.90935 0.317424 2 0
351 3319 1.58998 -1.03031 2 0
352 5404 1.99365 0.338893 2 0
353 5405 2.00641 0.283174 2 0
354 3337 1.6994 -1.05481 2 0
355 3338 1.65535 -1.09916 2 0
356 5413 2.09709 0.30218 2 0
357 5414 2.1082 0.242276 2 0
358 3356 1.81654 -1.0759 2 0
359 3357 1.77177 -1.12486 2 0
360 5424 2.20556 0.258426 2 0
361 5425 2.21475 0.194146 2 0
362 3007 2.02572 -0.980429 2 0
363 3008 1.98489 -1.03753 2 0
364 3009 1.94176 -1.09306 2 0
365 3010 1.89641 -1.14696 2 0
366 5437 2.31908 0.207009 2 0
367 5438 2.32606 0.138163 2 0
368 3011 2.34936 -0.580518 2 0
369 3012 2.32458 -0.650292 2 0
370 3013 2.297 -0.719091 2 0
371 3014 2.26667 -0.786813 2 0
372 3015 2.23364 -0.853354 2 0
373 3016 2.19794 -0.918615 2 0
374 3017 2.15964 -0.982496 2 0
375 3018 2.11878 -1.0449 2 0
376 5451 2.43765 0.147268 2 0
377 5452 2.4421 0.073666 2 0
378 5453 2.56282 -4.90491e-05 2 0
379 3023 2.56124 -0.0785949 2 0
380 3024 2.55652 -0.157023 2 0
381 3025 2.54865 -0.235215 2 0
382 3026 2.53765 -0.313055 2 0
383 3027 2.52354 -0.390426 2 0
384 3028 2.50633 -0.467211 2 0
385 3029 2.48606 -0.543295 2 0
386 3030 2.46275 -0.618564 2 0
387 5467 2.56125 0.0784973 2 0
