388 298 90
1 7506 -0.080776300 0.464864000 0.00000000000000000000 1.00000000000000000000 2 0 8 299 300 301 307 2 6 7 8 
2 7507 -0.057193400 0.482352000 0.00000000000000000000 1.00000000000000000000 2 0 8 300 301 302 1 3 7 8 9 
3 7508 -0.032763200 0.499051000 0.00000000000000000000 1.00000000000000000000 2 0 8 301 302 303 2 4 8 9 10 
4 7509 -0.007525930 0.514937000 0.00000000000000000000 1.00000000000000000000 2 0 8 302 303 304 3 5 9 10 11 
5 7510 0.018477000 0.529985000 0.00000000000000000000 1.00000000000000000000 2 0 8 303 304 305 4 308 10 11 12 
6 7511 -0.133456000 0.480867000 0.00000000000000000000 1.00000000000000000000 2 0 8 306 307 1 314 7 16 17 18 
7 7512 -0.109641000 0.500549000 0.00000000000000000000 1.00000000000000000000 2 0 8 307 1 2 6 8 17 18 19 
8 7513 -0.084896000 0.519416000 0.00000000000000000000 1.00000000000000000000 2 0 8 1 2 3 7 9 18 19 20 
9 7514 -0.059260800 0.537437000 0.00000000000000000000 1.00000000000000000000 2 0 8 2 3 4 8 10 19 20 21 
10 7515 -0.032778000 0.554586000 0.00000000000000000000 1.00000000000000000000 2 0 8 3 4 5 9 11 20 21 22 
11 7516 -0.005490900 0.570836000 0.00000000000000000000 1.00000000000000000000 2 0 8 4 5 308 10 12 21 22 23 
12 7517 0.022555800 0.586164000 0.00000000000000000000 1.00000000000000000000 2 0 8 5 308 309 11 13 22 23 24 
13 7518 0.051316400 0.600546000 0.00000000000000000000 1.00000000000000000000 2 0 8 308 309 310 12 14 23 24 25 
14 7519 0.080744000 0.613962000 0.00000000000000000000 1.00000000000000000000 2 0 8 309 310 311 13 15 24 25 26 
15 7520 0.110791000 0.626393000 0.00000000000000000000 1.00000000000000000000 2 0 8 310 311 312 14 315 25 26 27 
16 7521 -0.189744000 0.494851000 0.00000000000000000000 1.00000000000000000000 2 0 8 313 314 6 317 17 323 28 29 
17 7522 -0.165746000 0.516880000 0.00000000000000000000 1.00000000000000000000 2 0 8 314 6 7 16 18 28 29 30 
18 7523 -0.140729000 0.538068000 0.00000000000000000000 1.00000000000000000000 2 0 8 6 7 8 17 19 29 30 31 
19 7524 -0.114733000 0.558383000 0.00000000000000000000 1.00000000000000000000 2 0 8 7 8 9 18 20 30 31 32 
20 7525 -0.087801100 0.577793000 0.00000000000000000000 1.00000000000000000000 2 0 8 8 9 10 19 21 31 32 33 
21 7526 -0.059978000 0.596269000 0.00000000000000000000 1.00000000000000000000 2 0 8 9 10 11 20 22 32 33 34 
22 7527 -0.031309000 0.613782000 0.00000000000000000000 1.00000000000000000000 2 0 8 10 11 12 21 23 33 34 35 
23 7528 -0.001840980 0.630307000 0.00000000000000000000 1.00000000000000000000 2 0 8 11 12 13 22 24 34 35 36 
24 7529 0.028378200 0.645819000 0.00000000000000000000 1.00000000000000000000 2 0 8 12 13 14 23 25 35 36 37 
25 7530 0.059299300 0.660296000 0.00000000000000000000 1.00000000000000000000 2 0 8 13 14 15 24 26 36 37 38 
26 7531 0.090872300 0.673716000 0.00000000000000000000 1.00000000000000000000 2 0 8 14 15 315 25 27 37 38 39 
27 7532 0.123046000 0.686061000 0.00000000000000000000 1.00000000000000000000 2 0 8 15 315 316 26 318 38 39 40 
28 7533 -0.225701000 0.531114000 0.00000000000000000000 1.00000000000000000000 2 0 8 317 16 17 323 29 326 44 45 
29 7534 -0.200465000 0.554786000 0.00000000000000000000 1.00000000000000000000 2 0 8 16 17 18 28 30 44 45 46 
30 7535 -0.174155000 0.577558000 0.00000000000000000000 1.00000000000000000000 2 0 8 17 18 19 29 31 45 46 47 
31 7536 -0.146815000 0.599397000 0.00000000000000000000 1.00000000000000000000 2 0 8 18 19 20 30 32 46 47 48 
32 7537 -0.118491000 0.620268000 0.00000000000000000000 1.00000000000000000000 2 0 8 19 20 21 31 33 47 48 49 
33 7538 -0.089227900 0.640140000 0.00000000000000000000 1.00000000000000000000 2 0 8 20 21 22 32 34 48 49 50 
34 7539 -0.059074000 0.658982000 0.00000000000000000000 1.00000000000000000000 2 0 8 21 22 23 33 35 49 50 51 
35 7540 -0.028078600 0.676766000 0.00000000000000000000 1.00000000000000000000 2 0 8 22 23 24 34 36 50 51 52 
36 7541 0.003707930 0.693466000 0.00000000000000000000 1.00000000000000000000 2 0 8 23 24 25 35 37 51 52 53 
37 7542 0.036234100 0.709057000 0.00000000000000000000 1.00000000000000000000 2 0 8 24 25 26 36 38 52 53 54 
38 7543 0.069447300 0.723517000 0.00000000000000000000 1.00000000000000000000 2 0 8 25 26 27 37 39 53 54 55 
39 7544 0.103294000 0.736826000 0.00000000000000000000 1.00000000000000000000 2 0 8 26 27 318 38 40 54 55 56 
40 7545 0.137720000 0.748964000 0.00000000000000000000 1.00000000000000000000 2 0 8 27 318 319 39 41 55 56 57 
41 7546 0.172669000 0.759915000 0.00000000000000000000 1.00000000000000000000 2 0 8 318 319 320 40 42 56 57 58 
42 7547 0.208087000 0.769664000 0.00000000000000000000 1.00000000000000000000 2 0 8 319 320 321 41 43 57 58 59 
43 7548 0.243916000 0.778199000 0.00000000000000000000 1.00000000000000000000 2 0 8 320 321 322 42 324 58 59 327 
44 7549 -0.264307000 0.569323000 0.00000000000000000000 1.00000000000000000000 2 0 8 323 28 29 326 45 60 61 62 
45 7550 -0.237741000 0.594724000 0.00000000000000000000 1.00000000000000000000 2 0 8 28 29 30 44 46 61 62 63 
46 7551 -0.210045000 0.619166000 0.00000000000000000000 1.00000000000000000000 2 0 8 29 30 31 45 47 62 63 64 
47 7552 -0.181264000 0.642609000 0.00000000000000000000 1.00000000000000000000 2 0 8 30 31 32 46 48 63 64 65 
48 7553 -0.151445000 0.665019000 0.00000000000000000000 1.00000000000000000000 2 0 8 31 32 33 47 49 64 65 66 
49 7554 -0.120637000 0.686360000 0.00000000000000000000 1.00000000000000000000 2 0 8 32 33 34 48 50 65 66 67 
50 7555 -0.088889700 0.706601000 0.00000000000000000000 1.00000000000000000000 2 0 8 33 34 35 49 51 66 67 68 
51 7556 -0.056255200 0.725711000 0.00000000000000000000 1.00000000000000000000 2 0 8 34 35 36 50 52 67 68 69 
52 7557 -0.022786400 0.743662000 0.00000000000000000000 1.00000000000000000000 2 0 8 35 36 37 51 53 68 69 70 
53 7558 0.011462500 0.760427000 0.00000000000000000000 1.00000000000000000000 2 0 8 36 37 38 52 54 69 70 71 
54 7559 0.046436200 0.775982000 0.00000000000000000000 1.00000000000000000000 2 0 8 37 38 39 53 55 70 71 72 
55 7560 0.082078400 0.790304000 0.00000000000000000000 1.00000000000000000000 2 0 8 38 39 40 54 56 71 72 73 
56 7561 0.118332000 0.803374000 0.00000000000000000000 1.00000000000000000000 2 0 8 39 40 41 55 57 72 73 74 
57 7562 0.155139000 0.815174000 0.00000000000000000000 1.00000000000000000000 2 0 8 40 41 42 56 58 73 74 75 
58 7563 0.192440000 0.825686000 0.00000000000000000000 1.00000000000000000000 2 0 8 41 42 43 57 59 74 75 76 
59 7564 0.230176000 0.834899000 0.00000000000000000000 1.00000000000000000000 2 0 8 42 43 324 58 327 75 76 330 
60 7565 -0.332457000 0.581411000 0.00000000000000000000 1.00000000000000000000 2 0 8 325 326 44 329 61 77 78 79 
61 7566 -0.305706000 0.609618000 0.00000000000000000000 1.00000000000000000000 2 0 8 326 44 45 60 62 78 79 80 
62 7567 -0.277716000 0.636843000 0.00000000000000000000 1.00000000000000000000 2 0 8 44 45 46 61 63 79 80 81 
63 7568 -0.248534000 0.663044000 0.00000000000000000000 1.00000000000000000000 2 0 8 45 46 47 62 64 80 81 82 
64 7569 -0.218208000 0.688179000 0.00000000000000000000 1.00000000000000000000 2 0 8 46 47 48 63 65 81 82 83 
65 7570 -0.186787000 0.712211000 0.00000000000000000000 1.00000000000000000000 2 0 8 47 48 49 64 66 82 83 84 
66 7571 -0.154323000 0.735102000 0.00000000000000000000 1.00000000000000000000 2 0 8 48 49 50 65 67 83 84 85 
67 7572 -0.120867000 0.756817000 0.00000000000000000000 1.00000000000000000000 2 0 8 49 50 51 66 68 84 85 86 
68 7573 -0.086475900 0.777325000 0.00000000000000000000 1.00000000000000000000 2 0 8 50 51 52 67 69 85 86 87 
69 7574 -0.051203800 0.796594000 0.00000000000000000000 1.00000000000000000000 2 0 8 51 52 53 68 70 86 87 88 
70 7575 -0.015108100 0.814595000 0.00000000000000000000 1.00000000000000000000 2 0 8 52 53 54 69 71 87 88 89 
71 7576 0.021753000 0.831304000 0.00000000000000000000 1.00000000000000000000 2 0 8 53 54 55 70 72 88 89 90 
72 7577 0.059320300 0.846695000 0.00000000000000000000 1.00000000000000000000 2 0 8 54 55 56 71 73 89 90 91 
73 7578 0.097533600 0.860747000 0.00000000000000000000 1.00000000000000000000 2 0 8 55 56 57 72 74 90 91 92 
74 7579 0.136332000 0.873440000 0.00000000000000000000 1.00000000000000000000 2 0 8 56 57 58 73 75 91 92 93 
75 7580 0.175653000 0.884757000 0.00000000000000000000 1.00000000000000000000 2 0 8 57 58 59 74 76 92 93 94 
76 7581 0.215434000 0.894682000 0.00000000000000000000 1.00000000000000000000 2 0 8 58 59 327 75 330 93 94 332 
77 7582 -0.405115000 0.590753000 0.00000000000000000000 1.00000000000000000000 2 0 8 328 329 60 331 78 334 95 96 
78 7583 -0.378260000 0.621951000 0.00000000000000000000 1.00000000000000000000 2 0 8 329 60 61 77 79 95 96 97 
79 7584 -0.350052000 0.652148000 0.00000000000000000000 1.00000000000000000000 2 0 8 60 61 62 78 80 96 97 98 
80 7585 -0.320538000 0.681297000 0.00000000000000000000 1.00000000000000000000 2 0 8 61 62 63 79 81 97 98 99 
81 7586 -0.289765000 0.709354000 0.00000000000000000000 1.00000000000000000000 2 0 8 62 63 64 80 82 98 99 100 
82 7587 -0.257785000 0.736275000 0.00000000000000000000 1.00000000000000000000 2 0 8 63 64 65 81 83 99 100 101 
83 7588 -0.224648000 0.762018000 0.00000000000000000000 1.00000000000000000000 2 0 8 64 65 66 82 84 100 101 102 
84 7589 -0.190411000 0.786543000 0.00000000000000000000 1.00000000000000000000 2 0 8 65 66 67 83 85 101 102 103 
85 7590 -0.155126000 0.809815000 0.00000000000000000000 1.00000000000000000000 2 0 8 66 67 68 84 86 102 103 104 
86 7591 -0.118853000 0.831797000 0.00000000000000000000 1.00000000000000000000 2 0 8 67 68 69 85 87 103 104 105 
87 7592 -0.081650200 0.852456000 0.00000000000000000000 1.00000000000000000000 2 0 8 68 69 70 86 88 104 105 106 
88 7593 -0.043576700 0.871763000 0.00000000000000000000 1.00000000000000000000 2 0 8 69 70 71 87 89 105 106 107 
89 7594 -0.004694130 0.889688000 0.00000000000000000000 1.00000000000000000000 2 0 8 70 71 72 88 90 106 107 108 
90 7595 0.034935000 0.906206000 0.00000000000000000000 1.00000000000000000000 2 0 8 71 72 73 89 91 107 108 109 
91 7596 0.075247300 0.921293000 0.00000000000000000000 1.00000000000000000000 2 0 8 72 73 74 90 92 108 109 110 
92 7597 0.116178000 0.934929000 0.00000000000000000000 1.00000000000000000000 2 0 8 73 74 75 91 93 109 110 111 
93 7598 0.157663000 0.947093000 0.00000000000000000000 1.00000000000000000000 2 0 8 74 75 76 92 94 110 111 112 
94 7599 0.199636000 0.957771000 0.00000000000000000000 1.00000000000000000000 2 0 8 75 76 330 93 332 111 112 113 
95 7600 -0.455615000 0.631407000 0.00000000000000000000 1.00000000000000000000 2 0 8 331 77 78 334 96 337 114 115 
96 7601 -0.427278000 0.664771000 0.00000000000000000000 1.00000000000000000000 2 0 8 77 78 79 95 97 114 115 116 
97 7602 -0.397512000 0.697070000 0.00000000000000000000 1.00000000000000000000 2 0 8 78 79 80 96 98 115 116 117 
98 7603 -0.366366000 0.728252000 0.00000000000000000000 1.00000000000000000000 2 0 8 79 80 81 97 99 116 117 118 
99 7604 -0.333892000 0.758269000 0.00000000000000000000 1.00000000000000000000 2 0 8 80 81 82 98 100 117 118 119 
100 7605 -0.300142000 0.787075000 0.00000000000000000000 1.00000000000000000000 2 0 8 81 82 83 99 101 118 119 120 
101 7606 -0.265171000 0.814625000 0.00000000000000000000 1.00000000000000000000 2 0 8 82 83 84 100 102 119 120 121 
102 7607 -0.229035000 0.840877000 0.00000000000000000000 1.00000000000000000000 2 0 8 83 84 85 101 103 120 121 122 
103 7608 -0.191795000 0.865791000 0.00000000000000000000 1.00000000000000000000 2 0 8 84 85 86 102 104 121 122 123 
104 7609 -0.153509000 0.889329000 0.00000000000000000000 1.00000000000000000000 2 0 8 85 86 87 103 105 122 123 124 
105 7610 -0.114239000 0.911457000 0.00000000000000000000 1.00000000000000000000 2 0 8 86 87 88 104 106 123 124 125 
106 7611 -0.074049400 0.932141000 0.00000000000000000000 1.00000000000000000000 2 0 8 87 88 89 105 107 124 125 126 
107 7612 -0.033003900 0.951351000 0.00000000000000000000 1.00000000000000000000 2 0 8 88 89 90 106 108 125 126 127 
108 7613 0.008831600 0.969058000 0.00000000000000000000 1.00000000000000000000 2 0 8 89 90 91 107 109 126 127 128 
109 7614 0.051390100 0.985239000 0.00000000000000000000 1.00000000000000000000 2 0 8 90 91 92 108 110 127 128 129 
110 7615 0.094603900 0.999869000 0.00000000000000000000 1.00000000000000000000 2 0 8 91 92 93 109 111 128 129 130 
111 7616 0.138404000 1.012930000 0.00000000000000000000 1.00000000000000000000 2 0 8 92 93 94 110 112 129 130 131 
112 7617 0.182722000 1.024400000 0.00000000000000000000 1.00000000000000000000 2 0 8 93 94 332 111 113 130 131 132 
113 7618 0.227486000 1.034270000 0.00000000000000000000 1.00000000000000000000 2 0 8 94 332 333 112 335 131 132 338 
114 7619 -0.509616000 0.674376000 0.00000000000000000000 1.00000000000000000000 2 0 8 334 95 96 337 115 133 134 135 
115 7620 -0.479694000 0.710031000 0.00000000000000000000 1.00000000000000000000 2 0 8 95 96 97 114 116 134 135 136 
116 7621 -0.448262000 0.744550000 0.00000000000000000000 1.00000000000000000000 2 0 8 96 97 98 115 117 135 136 137 
117 7622 -0.415373000 0.777880000 0.00000000000000000000 1.00000000000000000000 2 0 8 97 98 99 116 118 136 137 138 
118 7623 -0.381080000 0.809969000 0.00000000000000000000 1.00000000000000000000 2 0 8 98 99 100 117 119 137 138 139 
119 7624 -0.345438000 0.840767000 0.00000000000000000000 1.00000000000000000000 2 0 8 99 100 101 118 120 138 139 140 
120 7625 -0.308505000 0.870226000 0.00000000000000000000 1.00000000000000000000 2 0 8 100 101 102 119 121 139 140 141 
121 7626 -0.270341000 0.898302000 0.00000000000000000000 1.00000000000000000000 2 0 8 101 102 103 120 122 140 141 142 
122 7627 -0.231009000 0.924952000 0.00000000000000000000 1.00000000000000000000 2 0 8 102 103 104 121 123 141 142 143 
123 7628 -0.190571000 0.950135000 0.00000000000000000000 1.00000000000000000000 2 0 8 103 104 105 122 124 142 143 144 
124 7629 -0.149092000 0.973814000 0.00000000000000000000 1.00000000000000000000 2 0 8 104 105 106 123 125 143 144 145 
125 7630 -0.106640000 0.995953000 0.00000000000000000000 1.00000000000000000000 2 0 8 105 106 107 124 126 144 145 146 
126 7631 -0.063281600 1.016520000 0.00000000000000000000 1.00000000000000000000 2 0 8 106 107 108 125 127 145 146 147 
127 7632 -0.019087100 1.035480000 0.00000000000000000000 1.00000000000000000000 2 0 8 107 108 109 126 128 146 147 148 
128 7633 0.025873200 1.052820000 0.00000000000000000000 1.00000000000000000000 2 0 8 108 109 110 127 129 147 148 149 
129 7634 0.071527800 1.068500000 0.00000000000000000000 1.00000000000000000000 2 0 8 109 110 111 128 130 148 149 150 
130 7635 0.117804000 1.082510000 0.00000000000000000000 1.00000000000000000000 2 0 8 110 111 112 129 131 149 150 151 
131 7636 0.164629000 1.094810000 0.00000000000000000000 1.00000000000000000000 2 0 8 111 112 113 130 132 150 151 152 
132 7637 0.211928000 1.105410000 0.00000000000000000000 1.00000000000000000000 2 0 8 112 113 335 131 338 151 152 340 
133 7638 -0.597285000 0.680594000 0.00000000000000000000 1.00000000000000000000 2 0 8 336 337 114 339 134 342 153 154 
134 7639 -0.567318000 0.719820000 0.00000000000000000000 1.00000000000000000000 2 0 8 337 114 115 133 135 153 154 155 
135 7640 -0.535703000 0.757897000 0.00000000000000000000 1.00000000000000000000 2 0 8 114 115 116 134 136 154 155 156 
136 7641 -0.502493000 0.794765000 0.00000000000000000000 1.00000000000000000000 2 0 8 115 116 117 135 137 155 156 157 
137 7642 -0.467741000 0.830366000 0.00000000000000000000 1.00000000000000000000 2 0 8 116 117 118 136 138 156 157 158 
138 7643 -0.431504000 0.864645000 0.00000000000000000000 1.00000000000000000000 2 0 8 117 118 119 137 139 157 158 159 
139 7644 -0.393841000 0.897550000 0.00000000000000000000 1.00000000000000000000 2 0 8 118 119 120 138 140 158 159 160 
140 7645 -0.354813000 0.929028000 0.00000000000000000000 1.00000000000000000000 2 0 8 119 120 121 139 141 159 160 161 
141 7646 -0.314483000 0.959033000 0.00000000000000000000 1.00000000000000000000 2 0 8 120 121 122 140 142 160 161 162 
142 7647 -0.272915000 0.987518000 0.00000000000000000000 1.00000000000000000000 2 0 8 121 122 123 141 143 161 162 163 
143 7648 -0.230178000 1.014440000 0.00000000000000000000 1.00000000000000000000 2 0 8 122 123 124 142 144 162 163 164 
144 7649 -0.186339000 1.039760000 0.00000000000000000000 1.00000000000000000000 2 0 8 123 124 125 143 145 163 164 165 
145 7650 -0.141469000 1.063440000 0.00000000000000000000 1.00000000000000000000 2 0 8 124 125 126 144 146 164 165 166 
146 7651 -0.095640200 1.085440000 0.00000000000000000000 1.00000000000000000000 2 0 8 125 126 127 145 147 165 166 167 
147 7652 -0.048925200 1.105730000 0.00000000000000000000 1.00000000000000000000 2 0 8 126 127 128 146 148 166 167 168 
148 7653 -0.001398500 1.124290000 0.00000000000000000000 1.00000000000000000000 2 0 8 127 128 129 147 149 167 168 169 
149 7654 0.046864200 1.141080000 0.00000000000000000000 1.00000000000000000000 2 0 8 128 129 130 148 150 168 169 170 
150 7655 0.095786500 1.156080000 0.00000000000000000000 1.00000000000000000000 2 0 8 129 130 131 149 151 169 170 171 
151 7656 0.145291000 1.169280000 0.00000000000000000000 1.00000000000000000000 2 0 8 130 131 132 150 152 170 171 172 
152 7657 0.195299000 1.180650000 0.00000000000000000000 1.00000000000000000000 2 0 8 131 132 338 151 340 171 172 343 
153 7658 -0.660615000 0.726045000 0.00000000000000000000 1.00000000000000000000 2 0 8 339 133 134 342 154 173 174 175 
154 7659 -0.628936000 0.767908000 0.00000000000000000000 1.00000000000000000000 2 0 8 133 134 135 153 155 174 175 176 
155 7660 -0.595514000 0.808547000 0.00000000000000000000 1.00000000000000000000 2 0 8 134 135 136 154 156 175 176 177 
156 7661 -0.560405000 0.847900000 0.00000000000000000000 1.00000000000000000000 2 0 8 135 136 137 155 157 176 177 178 
157 7662 -0.523665000 0.885904000 0.00000000000000000000 1.00000000000000000000 2 0 8 136 137 138 156 158 177 178 179 
158 7663 -0.485353000 0.922501000 0.00000000000000000000 1.00000000000000000000 2 0 8 137 138 139 157 159 178 179 180 
159 7664 -0.445532000 0.957634000 0.00000000000000000000 1.00000000000000000000 2 0 8 138 139 140 158 160 179 180 181 
160 7665 -0.404267000 0.991249000 0.00000000000000000000 1.00000000000000000000 2 0 8 139 140 141 159 161 180 181 182 
161 7666 -0.361623000 1.023290000 0.00000000000000000000 1.00000000000000000000 2 0 8 140 141 142 160 162 181 182 183 
162 7667 -0.317670000 1.053720000 0.00000000000000000000 1.00000000000000000000 2 0 8 141 142 143 161 163 182 183 184 
163 7668 -0.272477000 1.082480000 0.00000000000000000000 1.00000000000000000000 2 0 8 142 143 144 162 164 183 184 185 
164 7669 -0.226119000 1.109540000 0.00000000000000000000 1.00000000000000000000 2 0 8 143 144 145 163 165 184 185 186 
165 7670 -0.178668000 1.134840000 0.00000000000000000000 1.00000000000000000000 2 0 8 144 145 146 164 166 185 186 187 
166 7671 -0.130200000 1.158360000 0.00000000000000000000 1.00000000000000000000 2 0 8 145 146 147 165 167 186 187 188 
167 7672 -0.080793600 1.180060000 0.00000000000000000000 1.00000000000000000000 2 0 8 146 147 148 166 168 187 188 189 
168 7673 -0.030526500 1.199910000 0.00000000000000000000 1.00000000000000000000 2 0 8 147 148 149 167 169 188 189 190 
169 7674 0.020521300 1.217870000 0.00000000000000000000 1.00000000000000000000 2 0 8 148 149 150 168 170 189 190 191 
170 7675 0.072269100 1.233930000 0.00000000000000000000 1.00000000000000000000 2 0 8 149 150 151 169 171 190 191 192 
171 7676 0.124635000 1.248070000 0.00000000000000000000 1.00000000000000000000 2 0 8 150 151 152 170 172 191 192 193 
172 7677 0.177537000 1.260250000 0.00000000000000000000 1.00000000000000000000 2 0 8 151 152 340 171 343 192 193 345 
173 7678 -0.759815000 0.728277000 0.00000000000000000000 1.00000000000000000000 2 0 8 341 342 153 344 174 346 194 195 
174 7679 -0.728207000 0.774162000 0.00000000000000000000 1.00000000000000000000 2 0 8 342 153 154 173 175 194 195 196 
175 7680 -0.694701000 0.818817000 0.00000000000000000000 1.00000000000000000000 2 0 8 153 154 155 174 176 195 196 197 
176 7681 -0.659351000 0.862169000 0.00000000000000000000 1.00000000000000000000 2 0 8 154 155 156 175 177 196 197 198 
177 7682 -0.622215000 0.904152000 0.00000000000000000000 1.00000000000000000000 2 0 8 155 156 157 176 178 197 198 199 
178 7683 -0.583353000 0.944701000 0.00000000000000000000 1.00000000000000000000 2 0 8 156 157 158 177 179 198 199 200 
179 7684 -0.542828000 0.983751000 0.00000000000000000000 1.00000000000000000000 2 0 8 157 158 159 178 180 199 200 201 
180 7685 -0.500704000 1.021240000 0.00000000000000000000 1.00000000000000000000 2 0 8 158 159 160 179 181 200 201 202 
181 7686 -0.457051000 1.057120000 0.00000000000000000000 1.00000000000000000000 2 0 8 159 160 161 180 182 201 202 203 
182 7687 -0.411939000 1.091330000 0.00000000000000000000 1.00000000000000000000 2 0 8 160 161 162 181 183 202 203 204 
183 7688 -0.365439000 1.123810000 0.00000000000000000000 1.00000000000000000000 2 0 8 161 162 163 182 184 203 204 205 
184 7689 -0.317627000 1.154520000 0.00000000000000000000 1.00000000000000000000 2 0 8 162 163 164 183 185 204 205 206 
185 7690 -0.268579000 1.183410000 0.00000000000000000000 1.00000000000000000000 2 0 8 163 164 165 184 186 205 206 207 
186 7691 -0.218373000 1.210440000 0.00000000000000000000 1.00000000000000000000 2 0 8 164 165 166 185 187 206 207 208 
187 7692 -0.167090000 1.235560000 0.00000000000000000000 1.00000000000000000000 2 0 8 165 166 167 186 188 207 208 209 
188 7693 -0.114811000 1.258750000 0.00000000000000000000 1.00000000000000000000 2 0 8 166 167 168 187 189 208 209 210 
189 7694 -0.061619300 1.279960000 0.00000000000000000000 1.00000000000000000000 2 0 8 167 168 169 188 190 209 210 211 
190 7695 -0.007598970 1.299170000 0.00000000000000000000 1.00000000000000000000 2 0 8 168 169 170 189 191 210 211 212 
191 7696 0.047164500 1.316350000 0.00000000000000000000 1.00000000000000000000 2 0 8 169 170 171 190 192 211 212 213 
192 7697 0.102585000 1.331470000 0.00000000000000000000 1.00000000000000000000 2 0 8 170 171 172 191 193 212 213 347 
193 7698 0.158574000 1.344520000 0.00000000000000000000 1.00000000000000000000 2 0 8 171 172 343 192 345 213 347 348 
194 7699 -0.833756000 0.776205000 0.00000000000000000000 1.00000000000000000000 2 0 8 344 173 174 346 195 349 350 214 
195 7700 -0.800311000 0.825126000 0.00000000000000000000 1.00000000000000000000 2 0 8 173 174 175 194 196 350 214 215 
196 7701 -0.764857000 0.872736000 0.00000000000000000000 1.00000000000000000000 2 0 8 174 175 176 195 197 214 215 216 
197 7702 -0.727450000 0.918962000 0.00000000000000000000 1.00000000000000000000 2 0 8 175 176 177 196 198 215 216 217 
198 7703 -0.688153000 0.963731000 0.00000000000000000000 1.00000000000000000000 2 0 8 176 177 178 197 199 216 217 218 
199 7704 -0.647028000 1.006970000 0.00000000000000000000 1.00000000000000000000 2 0 8 177 178 179 198 200 217 218 219 
200 7705 -0.604141000 1.048620000 0.00000000000000000000 1.00000000000000000000 2 0 8 178 179 180 199 201 218 219 220 
201 7706 -0.559562000 1.088610000 0.00000000000000000000 1.00000000000000000000 2 0 8 179 180 181 200 202 219 220 221 
202 7707 -0.513363000 1.126880000 0.00000000000000000000 1.00000000000000000000 2 0 8 180 181 182 201 203 220 221 222 
203 7708 -0.465617000 1.163380000 0.00000000000000000000 1.00000000000000000000 2 0 8 181 182 183 202 204 221 222 223 
204 7709 -0.416401000 1.198040000 0.00000000000000000000 1.00000000000000000000 2 0 8 182 183 184 203 205 222 223 224 
205 7710 -0.365795000 1.230810000 0.00000000000000000000 1.00000000000000000000 2 0 8 183 184 185 204 206 223 224 225 
206 7711 -0.313878000 1.261640000 0.00000000000000000000 1.00000000000000000000 2 0 8 184 185 186 205 207 224 225 226 
207 7712 -0.260734000 1.290500000 0.00000000000000000000 1.00000000000000000000 2 0 8 185 186 187 206 208 225 226 227 
208 7713 -0.206447000 1.317320000 0.00000000000000000000 1.00000000000000000000 2 0 8 186 187 188 207 209 226 227 228 
209 7714 -0.151104000 1.342090000 0.00000000000000000000 1.00000000000000000000 2 0 8 187 188 189 208 210 227 228 229 
210 7715 -0.094792600 1.364750000 0.00000000000000000000 1.00000000000000000000 2 0 8 188 189 190 209 211 228 229 230 
211 7716 -0.037601300 1.385270000 0.00000000000000000000 1.00000000000000000000 2 0 8 189 190 191 210 212 229 230 231 
212 7717 0.020379200 1.403630000 0.00000000000000000000 1.00000000000000000000 2 0 8 190 191 192 211 213 230 231 351 
213 7718 0.079057500 1.419810000 0.00000000000000000000 1.00000000000000000000 2 0 8 191 192 193 212 347 231 351 352 
214 7719 -0.877196000 0.879123000 0.00000000000000000000 1.00000000000000000000 2 0 8 194 195 196 350 215 353 354 232 
215 7720 -0.839665000 0.929866000 0.00000000000000000000 1.00000000000000000000 2 0 8 195 196 197 214 216 354 232 233 
216 7721 -0.800066000 0.979136000 0.00000000000000000000 1.00000000000000000000 2 0 8 196 197 198 215 217 232 233 234 
217 7722 -0.758465000 1.026860000 0.00000000000000000000 1.00000000000000000000 2 0 8 197 198 199 216 218 233 234 235 
218 7723 -0.714927000 1.072950000 0.00000000000000000000 1.00000000000000000000 2 0 8 198 199 200 217 219 234 235 236 
219 7724 -0.669523000 1.117360000 0.00000000000000000000 1.00000000000000000000 2 0 8 199 200 201 218 220 235 236 237 
220 7725 -0.622325000 1.159990000 0.00000000000000000000 1.00000000000000000000 2 0 8 200 201 202 219 221 236 237 238 
221 7726 -0.573411000 1.200800000 0.00000000000000000000 1.00000000000000000000 2 0 8 201 202 203 220 222 237 238 239 
222 7727 -0.522858000 1.239720000 0.00000000000000000000 1.00000000000000000000 2 0 8 202 203 204 221 223 238 239 240 
223 7728 -0.470746000 1.276680000 0.00000000000000000000 1.00000000000000000000 2 0 8 203 204 205 222 224 239 240 241 
224 7729 -0.417160000 1.311640000 0.00000000000000000000 1.00000000000000000000 2 0 8 204 205 206 223 225 240 241 242 
225 7730 -0.362185000 1.344540000 0.00000000000000000000 1.00000000000000000000 2 0 8 205 206 207 224 226 241 242 243 
226 7731 -0.305908000 1.375320000 0.00000000000000000000 1.00000000000000000000 2 0 8 206 207 208 225 227 242 243 244 
227 7732 -0.248419000 1.403950000 0.00000000000000000000 1.00000000000000000000 2 0 8 207 208 209 226 228 243 244 245 
228 7733 -0.189808000 1.430380000 0.00000000000000000000 1.00000000000000000000 2 0 8 208 209 210 227 229 244 245 246 
229 7734 -0.130170000 1.454580000 0.00000000000000000000 1.00000000000000000000 2 0 8 209 210 211 228 230 245 246 247 
230 7735 -0.069597400 1.476500000 0.00000000000000000000 1.00000000000000000000 2 0 8 210 211 212 229 231 246 247 355 
231 7736 -0.008186440 1.496110000 0.00000000000000000000 1.00000000000000000000 2 0 8 211 212 213 230 351 247 355 356 
232 7737 -0.919404000 0.990418000 0.00000000000000000000 1.00000000000000000000 2 0 8 214 215 216 354 233 357 358 248 
233 7738 -0.877469000 1.042910000 0.00000000000000000000 1.00000000000000000000 2 0 8 215 216 217 232 234 358 248 249 
234 7739 -0.833411000 1.093760000 0.00000000000000000000 1.00000000000000000000 2 0 8 216 217 218 233 235 248 249 250 
235 7740 -0.787302000 1.142890000 0.00000000000000000000 1.00000000000000000000 2 0 8 217 218 219 234 236 249 250 251 
236 7741 -0.739215000 1.190210000 0.00000000000000000000 1.00000000000000000000 2 0 8 218 219 220 235 237 250 251 252 
237 7742 -0.689227000 1.235650000 0.00000000000000000000 1.00000000000000000000 2 0 8 219 220 221 236 238 251 252 253 
238 7743 -0.637419000 1.279150000 0.00000000000000000000 1.00000000000000000000 2 0 8 220 221 222 237 239 252 253 254 
239 7744 -0.583874000 1.320630000 0.00000000000000000000 1.00000000000000000000 2 0 8 221 222 223 238 240 253 254 255 
240 7745 -0.528676000 1.360040000 0.00000000000000000000 1.00000000000000000000 2 0 8 222 223 224 239 241 254 255 256 
241 7746 -0.471914000 1.397310000 0.00000000000000000000 1.00000000000000000000 2 0 8 223 224 225 240 242 255 256 257 
242 7747 -0.413679000 1.432390000 0.00000000000000000000 1.00000000000000000000 2 0 8 224 225 226 241 243 256 257 258 
243 7748 -0.354063000 1.465230000 0.00000000000000000000 1.00000000000000000000 2 0 8 225 226 227 242 244 257 258 259 
244 7749 -0.293160000 1.495770000 0.00000000000000000000 1.00000000000000000000 2 0 8 226 227 228 243 245 258 259 260 
245 7750 -0.231067000 1.523970000 0.00000000000000000000 1.00000000000000000000 2 0 8 227 228 229 244 246 259 260 261 
246 7751 -0.167883000 1.549790000 0.00000000000000000000 1.00000000000000000000 2 0 8 228 229 230 245 247 260 261 359 
247 7752 -0.103706000 1.573190000 0.00000000000000000000 1.00000000000000000000 2 0 8 229 230 231 246 355 261 359 360 
248 7753 -0.959947000 1.110540000 0.00000000000000000000 1.00000000000000000000 2 0 8 232 233 234 358 249 361 362 262 
249 7754 -0.913273000 1.164700000 0.00000000000000000000 1.00000000000000000000 2 0 8 233 234 235 248 250 362 262 263 
250 7755 -0.864424000 1.217030000 0.00000000000000000000 1.00000000000000000000 2 0 8 234 235 236 249 251 262 263 264 
251 7756 -0.813478000 1.267440000 0.00000000000000000000 1.00000000000000000000 2 0 8 235 236 237 250 252 263 264 265 
252 7757 -0.760517000 1.315860000 0.00000000000000000000 1.00000000000000000000 2 0 8 236 237 238 251 253 264 265 266 
253 7758 -0.705626000 1.362210000 0.00000000000000000000 1.00000000000000000000 2 0 8 237 238 239 252 254 265 266 267 
254 7759 -0.648892000 1.406420000 0.00000000000000000000 1.00000000000000000000 2 0 8 238 239 240 253 255 266 267 268 
255 7760 -0.590406000 1.448420000 0.00000000000000000000 1.00000000000000000000 2 0 8 239 240 241 254 256 267 268 269 
256 7761 -0.530261000 1.488150000 0.00000000000000000000 1.00000000000000000000 2 0 8 240 241 242 255 257 268 269 270 
257 7762 -0.468553000 1.525540000 0.00000000000000000000 1.00000000000000000000 2 0 8 241 242 243 256 258 269 270 271 
258 7763 -0.405378000 1.560550000 0.00000000000000000000 1.00000000000000000000 2 0 8 242 243 244 257 259 270 271 272 
259 7764 -0.340838000 1.593120000 0.00000000000000000000 1.00000000000000000000 2 0 8 243 244 245 258 260 271 272 273 
260 7765 -0.275035000 1.623190000 0.00000000000000000000 1.00000000000000000000 2 0 8 244 245 246 259 261 272 273 363 
261 7766 -0.208072000 1.650730000 0.00000000000000000000 1.00000000000000000000 2 0 8 245 246 247 260 359 273 363 364 
262 7767 -0.998345000 1.239930000 0.00000000000000000000 1.00000000000000000000 2 0 8 248 249 250 362 263 365 366 274 
263 7768 -0.946578000 1.295660000 0.00000000000000000000 1.00000000000000000000 2 0 8 249 250 251 262 264 366 274 275 
264 7769 -0.892588000 1.349360000 0.00000000000000000000 1.00000000000000000000 2 0 8 250 251 252 263 265 274 275 276 
265 7770 -0.836460000 1.400930000 0.00000000000000000000 1.00000000000000000000 2 0 8 251 252 253 264 266 275 276 277 
266 7771 -0.778285000 1.450300000 0.00000000000000000000 1.00000000000000000000 2 0 8 252 253 254 265 267 276 277 278 
267 7772 -0.718156000 1.497400000 0.00000000000000000000 1.00000000000000000000 2 0 8 253 254 255 266 268 277 278 279 
268 7773 -0.656167000 1.542150000 0.00000000000000000000 1.00000000000000000000 2 0 8 254 255 256 267 269 278 279 280 
269 7774 -0.592418000 1.584480000 0.00000000000000000000 1.00000000000000000000 2 0 8 255 256 257 268 270 279 280 281 
270 7775 -0.527009000 1.624330000 0.00000000000000000000 1.00000000000000000000 2 0 8 256 257 258 269 271 280 281 282 
271 7776 -0.460045000 1.661640000 0.00000000000000000000 1.00000000000000000000 2 0 8 257 258 259 270 272 281 282 367 
272 7777 -0.391631000 1.696350000 0.00000000000000000000 1.00000000000000000000 2 0 8 258 259 260 271 273 282 367 368 
273 7778 -0.321875000 1.728420000 0.00000000000000000000 1.00000000000000000000 2 0 8 259 260 261 272 363 367 368 369 
274 7779 -1.034070000 1.379080000 0.00000000000000000000 1.00000000000000000000 2 0 8 262 263 264 366 275 370 371 283 
275 7780 -0.976839000 1.436250000 0.00000000000000000000 1.00000000000000000000 2 0 8 263 264 265 274 276 371 283 284 
276 7781 -0.917339000 1.491170000 0.00000000000000000000 1.00000000000000000000 2 0 8 264 265 266 275 277 283 284 285 
277 7782 -0.855667000 1.543750000 0.00000000000000000000 1.00000000000000000000 2 0 8 265 266 267 276 278 284 285 286 
278 7783 -0.791922000 1.593910000 0.00000000000000000000 1.00000000000000000000 2 0 8 266 267 268 277 279 285 286 287 
279 7784 -0.726203000 1.641570000 0.00000000000000000000 1.00000000000000000000 2 0 8 267 268 269 278 280 286 287 288 
280 7785 -0.658616000 1.686670000 0.00000000000000000000 1.00000000000000000000 2 0 8 268 269 270 279 281 287 288 289 
281 7786 -0.589267000 1.729120000 0.00000000000000000000 1.00000000000000000000 2 0 8 269 270 271 280 282 288 289 372 
282 7787 -0.518266000 1.768880000 0.00000000000000000000 1.00000000000000000000 2 0 8 270 271 272 281 367 289 372 373 
283 7788 -1.066540000 1.528450000 0.00000000000000000000 1.00000000000000000000 2 0 8 274 275 276 371 284 374 375 290 
284 7789 -1.003450000 1.586920000 0.00000000000000000000 1.00000000000000000000 2 0 8 275 276 277 283 285 375 290 291 
285 7790 -0.938060000 1.642900000 0.00000000000000000000 1.00000000000000000000 2 0 8 276 277 278 284 286 290 291 292 
286 7791 -0.870464000 1.696310000 0.00000000000000000000 1.00000000000000000000 2 0 8 277 278 279 285 287 291 292 293 
287 7792 -0.800774000 1.747070000 0.00000000000000000000 1.00000000000000000000 2 0 8 278 279 280 286 288 292 293 294 
288 7793 -0.729101000 1.795090000 0.00000000000000000000 1.00000000000000000000 2 0 8 279 280 281 287 289 293 294 376 
289 7794 -0.655557000 1.840310000 0.00000000000000000000 1.00000000000000000000 2 0 8 280 281 282 288 372 294 376 377 
290 7795 -1.095130000 1.688530000 0.00000000000000000000 1.00000000000000000000 2 0 8 283 284 285 375 291 378 379 295 
291 7796 -1.025770000 1.748120000 0.00000000000000000000 1.00000000000000000000 2 0 8 284 285 286 290 292 379 295 296 
292 7797 -0.954076000 1.804980000 0.00000000000000000000 1.00000000000000000000 2 0 8 285 286 287 291 293 295 296 297 
293 7798 -0.880159000 1.859020000 0.00000000000000000000 1.00000000000000000000 2 0 8 286 287 288 292 294 296 297 380 
294 7799 -0.804136000 1.910160000 0.00000000000000000000 1.00000000000000000000 2 0 8 287 288 289 293 376 297 380 381 
295 7800 -1.119120000 1.859810000 0.00000000000000000000 1.00000000000000000000 2 0 8 290 291 292 379 296 382 383 298 
296 7801 -1.043070000 1.920330000 0.00000000000000000000 1.00000000000000000000 2 0 8 291 292 293 295 297 383 298 384 
297 7802 -0.964653000 1.977850000 0.00000000000000000000 1.00000000000000000000 2 0 8 292 293 294 296 380 298 384 385 
298 7803 -1.137770000 2.042780000 0.00000000000000000000 1.00000000000000000000 2 0 8 295 296 297 383 384 386 387 388 
299 7467 -0.0756842 0.413997 2 0
300 7468 -0.0540252 0.430881 2 0
301 7469 -0.031521 0.447055 2 0
302 7470 -0.00820887 0.462495 2 0
303 7471 0.0158728 0.477177 2 0
304 7472 0.0406845 0.491078 2 0
305 7473 0.0661854 0.50418 2 0
306 8181 -0.125246 0.427632 2 0
307 8182 -0.103473 0.446614 2 0
308 7485 0.045203 0.544173 2 0
309 7486 0.0726084 0.55748 2 0
310 7487 0.100649 0.569886 2 0
311 7488 0.129278 0.581375 2 0
312 7489 0.15845 0.59193 2 0
313 8204 -0.178137 0.439177 2 0
314 8205 -0.156301 0.460399 2 0
315 7496 0.141409 0.637822 2 0
316 7497 0.172548 0.648231 2 0
317 8228 -0.212682 0.472015 2 0
318 7502 0.155769 0.697313 2 0
319 7503 0.188989 0.707458 2 0
320 7504 0.222652 0.716482 2 0
321 7505 0.256705 0.724373 2 0
322 6337 0.291093 0.731122 2 0
323 8251 -0.249823 0.506581 2 0
324 6352 0.280099 0.78551 2 0
325 8273 -0.313872 0.515801 2 0
326 8274 -0.289698 0.543001 2 0
327 6368 0.268287 0.8428 2 0
328 8294 -0.382071 0.522228 2 0
329 8295 -0.357926 0.552265 2 0
330 6385 0.255613 0.903205 2 0
331 8314 -0.430573 0.558605 2 0
332 6403 0.242029 0.966948 2 0
333 6404 0.284777 0.974613 2 0
334 8332 -0.482478 0.597029 2 0
335 6421 0.272627 1.04252 2 0
336 8348 -0.564739 0.599885 2 0
337 8349 -0.537979 0.637642 2 0
338 6439 0.259628 1.11428 2 0
339 8364 -0.625556 0.64028 2 0
340 6458 0.245733 1.19017 2 0
341 8377 -0.718544 0.638914 2 0
342 8378 -0.690501 0.683024 2 0
343 6478 0.230891 1.27047 2 0
344 8390 -0.789473 0.681231 2 0
345 6499 0.215045 1.35547 2 0
346 8404 -0.865137 0.726052 2 0
347 9302 0.138341 1.43377 2 0
348 9303 0.198138 1.4455 2 0
349 8412 -0.945818 0.773541 2 0
350 8413 -0.9126 0.826988 2 0
351 9304 0.0539663 1.5134 2 0
352 9305 0.116763 1.52833 2 0
353 8426 -0.99664 0.880813 2 0
354 8427 -0.959149 0.936356 2 0
355 9308 -0.0386388 1.59413 2 0
356 9309 0.0272174 1.61259 2 0
357 8442 -1.04647 0.997036 2 0
358 8443 -1.00437 1.05462 2 0
359 9314 -0.140055 1.6757 2 0
360 9315 -0.0710912 1.69805 2 0
361 8460 -1.09488 1.1227 2 0
362 8461 -1.04781 1.18225 2 0
363 9322 -0.250887 1.75778 2 0
364 9323 -0.178779 1.78441 2 0
365 8480 -1.14137 1.25832 2 0
366 8481 -1.08895 1.31974 2 0
367 9332 -0.445726 1.80587 2 0
368 9333 -0.371761 1.84004 2 0
369 9334 -0.296487 1.87135 2 0
370 8502 -1.18541 1.40441 2 0
371 8503 -1.12723 1.46758 2 0
372 9345 -0.58026 1.88266 2 0
373 9346 -0.503327 1.92207 2 0
374 8526 -1.2264 1.5615 2 0
375 8527 -1.16204 1.62629 2 0
376 9360 -0.726127 1.95831 2 0
377 9361 -0.646255 2.00341 2 0
378 8551 -1.26368 1.73014 2 0
379 8552 -1.1927 1.79638 2 0
380 9377 -0.884 2.03229 2 0
381 9378 -0.801239 2.08355 2 0
382 8576 -1.29653 1.91087 2 0
383 8577 -1.21847 1.97837 2 0
384 9395 -1.05457 2.104 2 0
385 9396 -0.968991 2.16194 2 0
386 8601 -1.32417 2.10425 2 0
387 9414 -1.23854 2.17279 2 0
388 9415 -1.15024 2.23794 2 0
