399 305 94
1 6289 0.501207000 0.463111000 0.00000000000000000000 1.00000000000000000000 2 0 8 306 307 308 312 2 4 5 6 
2 6290 0.527846000 0.461910000 0.00000000000000000000 1.00000000000000000000 2 0 8 307 308 309 1 3 5 6 7 
3 6291 0.554404000 0.459995000 0.00000000000000000000 1.00000000000000000000 2 0 8 308 309 310 2 313 6 7 8 
4 6292 0.473414000 0.505672000 0.00000000000000000000 1.00000000000000000000 2 0 8 311 312 1 316 5 9 10 11 
5 6293 0.501250000 0.505236000 0.00000000000000000000 1.00000000000000000000 2 0 8 312 1 2 4 6 10 11 12 
6 6294 0.529042000 0.504017000 0.00000000000000000000 1.00000000000000000000 2 0 8 1 2 3 5 7 11 12 13 
7 6295 0.556749000 0.502021000 0.00000000000000000000 1.00000000000000000000 2 0 8 2 3 313 6 8 12 13 14 
8 6296 0.584327000 0.499254000 0.00000000000000000000 1.00000000000000000000 2 0 8 3 313 314 7 317 13 14 15 
9 6297 0.443104000 0.549157000 0.00000000000000000000 1.00000000000000000000 2 0 8 315 316 4 320 10 16 17 18 
10 6298 0.472196000 0.549623000 0.00000000000000000000 1.00000000000000000000 2 0 8 316 4 5 9 11 17 18 19 
11 6299 0.501288000 0.549234000 0.00000000000000000000 1.00000000000000000000 2 0 8 4 5 6 10 12 18 19 20 
12 6300 0.530336000 0.547995000 0.00000000000000000000 1.00000000000000000000 2 0 8 5 6 7 11 13 19 20 21 
13 6301 0.559295000 0.545911000 0.00000000000000000000 1.00000000000000000000 2 0 8 6 7 8 12 14 20 21 22 
14 6302 0.588121000 0.542988000 0.00000000000000000000 1.00000000000000000000 2 0 8 7 8 317 13 15 21 22 23 
15 6303 0.616768000 0.539235000 0.00000000000000000000 1.00000000000000000000 2 0 8 8 317 318 14 321 22 23 24 
16 6304 0.410003000 0.593514000 0.00000000000000000000 1.00000000000000000000 2 0 8 319 320 9 324 17 25 26 27 
17 6305 0.440409000 0.595026000 0.00000000000000000000 1.00000000000000000000 2 0 8 320 9 10 16 18 26 27 28 
18 6306 0.470865000 0.595611000 0.00000000000000000000 1.00000000000000000000 2 0 8 9 10 11 17 19 27 28 29 
19 6307 0.501322000 0.595270000 0.00000000000000000000 1.00000000000000000000 2 0 8 10 11 12 18 20 28 29 30 
20 6308 0.531734000 0.594007000 0.00000000000000000000 1.00000000000000000000 2 0 8 11 12 13 19 21 29 30 31 
21 6309 0.562053000 0.591829000 0.00000000000000000000 1.00000000000000000000 2 0 8 12 13 14 20 22 30 31 32 
22 6310 0.592233000 0.588741000 0.00000000000000000000 1.00000000000000000000 2 0 8 13 14 15 21 23 31 32 33 
23 6311 0.622227000 0.584752000 0.00000000000000000000 1.00000000000000000000 2 0 8 14 15 321 22 24 32 33 34 
24 6312 0.651990000 0.579872000 0.00000000000000000000 1.00000000000000000000 2 0 8 15 321 322 23 325 33 34 35 
25 6313 0.373830000 0.638681000 0.00000000000000000000 1.00000000000000000000 2 0 8 323 324 16 328 26 36 37 38 
26 6314 0.405606000 0.641392000 0.00000000000000000000 1.00000000000000000000 2 0 8 324 16 17 25 27 37 38 39 
27 6315 0.437485000 0.643100000 0.00000000000000000000 1.00000000000000000000 2 0 8 16 17 18 26 28 38 39 40 
28 6316 0.469417000 0.643806000 0.00000000000000000000 1.00000000000000000000 2 0 8 17 18 19 27 29 39 40 41 
29 6317 0.501352000 0.643513000 0.00000000000000000000 1.00000000000000000000 2 0 8 18 19 20 28 30 40 41 42 
30 6318 0.533240000 0.642224000 0.00000000000000000000 1.00000000000000000000 2 0 8 19 20 21 29 31 41 42 43 
31 6319 0.565033000 0.639945000 0.00000000000000000000 1.00000000000000000000 2 0 8 20 21 22 30 32 42 43 44 
32 6320 0.596680000 0.636683000 0.00000000000000000000 1.00000000000000000000 2 0 8 21 22 23 31 33 43 44 45 
33 6321 0.628134000 0.632446000 0.00000000000000000000 1.00000000000000000000 2 0 8 22 23 24 32 34 44 45 46 
34 6322 0.659346000 0.627244000 0.00000000000000000000 1.00000000000000000000 2 0 8 23 24 325 33 35 45 46 47 
35 6323 0.690269000 0.621089000 0.00000000000000000000 1.00000000000000000000 2 0 8 24 325 326 34 329 46 47 48 
36 6324 0.334294000 0.684581000 0.00000000000000000000 1.00000000000000000000 2 0 8 327 328 25 332 37 49 50 51 
37 6325 0.367493000 0.688651000 0.00000000000000000000 1.00000000000000000000 2 0 8 328 25 26 36 38 50 51 52 
38 6326 0.400853000 0.691642000 0.00000000000000000000 1.00000000000000000000 2 0 8 25 26 27 37 39 51 52 53 
39 6327 0.434322000 0.693554000 0.00000000000000000000 1.00000000000000000000 2 0 8 26 27 28 38 40 52 53 54 
40 6328 0.467848000 0.694387000 0.00000000000000000000 1.00000000000000000000 2 0 8 27 28 29 39 41 53 54 55 
41 6329 0.501379000 0.694143000 0.00000000000000000000 1.00000000000000000000 2 0 8 28 29 30 40 42 54 55 56 
42 6330 0.534862000 0.692825000 0.00000000000000000000 1.00000000000000000000 2 0 8 29 30 31 41 43 55 56 57 
43 6331 0.568246000 0.690438000 0.00000000000000000000 1.00000000000000000000 2 0 8 30 31 32 42 44 56 57 58 
44 6332 0.601478000 0.686991000 0.00000000000000000000 1.00000000000000000000 2 0 8 31 32 33 43 45 57 58 59 
45 6333 0.634509000 0.682492000 0.00000000000000000000 1.00000000000000000000 2 0 8 32 33 34 44 46 58 59 60 
46 6334 0.667288000 0.676951000 0.00000000000000000000 1.00000000000000000000 2 0 8 33 34 35 45 47 59 60 61 
47 6335 0.699764000 0.670380000 0.00000000000000000000 1.00000000000000000000 2 0 8 34 35 329 46 48 60 61 62 
48 6336 0.731888000 0.662792000 0.00000000000000000000 1.00000000000000000000 2 0 8 35 329 330 47 333 61 62 63 
49 6337 0.291093000 0.731122000 0.00000000000000000000 1.00000000000000000000 2 0 8 331 332 36 335 50 338 64 65 
50 6338 0.325762000 0.736722000 0.00000000000000000000 1.00000000000000000000 2 0 8 332 36 37 49 51 64 65 66 
51 6339 0.360658000 0.741167000 0.00000000000000000000 1.00000000000000000000 2 0 8 36 37 38 50 52 65 66 67 
52 6340 0.395725000 0.744453000 0.00000000000000000000 1.00000000000000000000 2 0 8 37 38 39 51 53 66 67 68 
53 6341 0.430908000 0.746578000 0.00000000000000000000 1.00000000000000000000 2 0 8 38 39 40 52 54 67 68 69 
54 6342 0.466152000 0.747542000 0.00000000000000000000 1.00000000000000000000 2 0 8 39 40 41 53 55 68 69 70 
55 6343 0.501402000 0.747347000 0.00000000000000000000 1.00000000000000000000 2 0 8 40 41 42 54 56 69 70 71 
56 6344 0.536604000 0.745997000 0.00000000000000000000 1.00000000000000000000 2 0 8 41 42 43 55 57 70 71 72 
57 6345 0.571704000 0.743497000 0.00000000000000000000 1.00000000000000000000 2 0 8 42 43 44 56 58 71 72 73 
58 6346 0.606646000 0.739854000 0.00000000000000000000 1.00000000000000000000 2 0 8 43 44 45 57 59 72 73 74 
59 6347 0.641377000 0.735077000 0.00000000000000000000 1.00000000000000000000 2 0 8 44 45 46 58 60 73 74 75 
60 6348 0.675845000 0.729178000 0.00000000000000000000 1.00000000000000000000 2 0 8 45 46 47 59 61 74 75 76 
61 6349 0.709996000 0.722168000 0.00000000000000000000 1.00000000000000000000 2 0 8 46 47 48 60 62 75 76 77 
62 6350 0.743780000 0.714062000 0.00000000000000000000 1.00000000000000000000 2 0 8 47 48 333 61 63 76 77 78 
63 6351 0.777144000 0.704876000 0.00000000000000000000 1.00000000000000000000 2 0 8 48 333 334 62 336 77 78 79 
64 6352 0.280099000 0.785510000 0.00000000000000000000 1.00000000000000000000 2 0 8 335 49 50 338 65 341 80 81 
65 6353 0.316580000 0.791588000 0.00000000000000000000 1.00000000000000000000 2 0 8 49 50 51 64 66 80 81 82 
66 6354 0.353301000 0.796426000 0.00000000000000000000 1.00000000000000000000 2 0 8 50 51 52 65 67 81 82 83 
67 6355 0.390203000 0.800020000 0.00000000000000000000 1.00000000000000000000 2 0 8 51 52 53 66 68 82 83 84 
68 6356 0.427230000 0.802368000 0.00000000000000000000 1.00000000000000000000 2 0 8 52 53 54 67 69 83 84 85 
69 6357 0.464322000 0.803469000 0.00000000000000000000 1.00000000000000000000 2 0 8 53 54 55 68 70 84 85 86 
70 6358 0.501423000 0.803325000 0.00000000000000000000 1.00000000000000000000 2 0 8 54 55 56 69 71 85 86 87 
71 6359 0.538475000 0.801939000 0.00000000000000000000 1.00000000000000000000 2 0 8 55 56 57 70 72 86 87 88 
72 6360 0.575420000 0.799318000 0.00000000000000000000 1.00000000000000000000 2 0 8 56 57 58 71 73 87 88 89 
73 6361 0.612202000 0.795467000 0.00000000000000000000 1.00000000000000000000 2 0 8 57 58 59 72 74 88 89 90 
74 6362 0.648764000 0.790398000 0.00000000000000000000 1.00000000000000000000 2 0 8 58 59 60 73 75 89 90 91 
75 6363 0.685050000 0.784121000 0.00000000000000000000 1.00000000000000000000 2 0 8 59 60 61 74 76 90 91 92 
76 6364 0.721005000 0.776648000 0.00000000000000000000 1.00000000000000000000 2 0 8 60 61 62 75 77 91 92 93 
77 6365 0.756574000 0.767995000 0.00000000000000000000 1.00000000000000000000 2 0 8 61 62 63 76 78 92 93 94 
78 6366 0.791704000 0.758179000 0.00000000000000000000 1.00000000000000000000 2 0 8 62 63 336 77 79 93 94 95 
79 6367 0.826341000 0.747217000 0.00000000000000000000 1.00000000000000000000 2 0 8 63 336 337 78 339 94 95 96 
80 6368 0.268287000 0.842800000 0.00000000000000000000 1.00000000000000000000 2 0 8 338 64 65 341 81 344 97 98 
81 6369 0.306713000 0.849379000 0.00000000000000000000 1.00000000000000000000 2 0 8 64 65 66 80 82 97 98 99 
82 6370 0.345394000 0.854631000 0.00000000000000000000 1.00000000000000000000 2 0 8 65 66 67 81 83 98 99 100 
83 6371 0.384268000 0.858548000 0.00000000000000000000 1.00000000000000000000 2 0 8 66 67 68 82 84 99 100 101 
84 6372 0.423274000 0.861130000 0.00000000000000000000 1.00000000000000000000 2 0 8 67 68 69 83 85 100 101 102 
85 6373 0.462352000 0.862374000 0.00000000000000000000 1.00000000000000000000 2 0 8 68 69 70 84 86 101 102 103 
86 6374 0.501441000 0.862283000 0.00000000000000000000 1.00000000000000000000 2 0 8 69 70 71 85 87 102 103 104 
87 6375 0.540480000 0.860859000 0.00000000000000000000 1.00000000000000000000 2 0 8 70 71 72 86 88 103 104 105 
88 6376 0.579409000 0.858108000 0.00000000000000000000 1.00000000000000000000 2 0 8 71 72 73 87 89 104 105 106 
89 6377 0.618167000 0.854039000 0.00000000000000000000 1.00000000000000000000 2 0 8 72 73 74 88 90 105 106 107 
90 6378 0.656696000 0.848659000 0.00000000000000000000 1.00000000000000000000 2 0 8 73 74 75 89 91 106 107 108 
91 6379 0.694936000 0.841982000 0.00000000000000000000 1.00000000000000000000 2 0 8 74 75 76 90 92 107 108 109 
92 6380 0.732830000 0.834021000 0.00000000000000000000 1.00000000000000000000 2 0 8 75 76 77 91 93 108 109 110 
93 6381 0.770319000 0.824792000 0.00000000000000000000 1.00000000000000000000 2 0 8 76 77 78 92 94 109 110 111 
94 6382 0.807346000 0.814311000 0.00000000000000000000 1.00000000000000000000 2 0 8 77 78 79 93 95 110 111 112 
95 6383 0.843857000 0.802598000 0.00000000000000000000 1.00000000000000000000 2 0 8 78 79 339 94 96 111 112 113 
96 6384 0.879797000 0.789674000 0.00000000000000000000 1.00000000000000000000 2 0 8 79 339 340 95 342 112 113 114 
97 6385 0.255613000 0.903205000 0.00000000000000000000 1.00000000000000000000 2 0 8 341 80 81 344 98 346 115 116 
98 6386 0.296126000 0.910313000 0.00000000000000000000 1.00000000000000000000 2 0 8 80 81 82 97 99 115 116 117 
99 6387 0.336908000 0.915998000 0.00000000000000000000 1.00000000000000000000 2 0 8 81 82 83 98 100 116 117 118 
100 6388 0.377897000 0.920256000 0.00000000000000000000 1.00000000000000000000 2 0 8 82 83 84 99 101 117 118 119 
101 6389 0.419028000 0.923083000 0.00000000000000000000 1.00000000000000000000 2 0 8 83 84 85 100 102 118 119 120 
102 6390 0.460236000 0.924477000 0.00000000000000000000 1.00000000000000000000 2 0 8 84 85 86 101 103 119 120 121 
103 6391 0.501457000 0.924440000 0.00000000000000000000 1.00000000000000000000 2 0 8 85 86 87 102 104 120 121 122 
104 6392 0.542628000 0.922975000 0.00000000000000000000 1.00000000000000000000 2 0 8 86 87 88 103 105 121 122 123 
105 6393 0.583685000 0.920087000 0.00000000000000000000 1.00000000000000000000 2 0 8 87 88 89 104 106 122 123 124 
106 6394 0.624565000 0.915785000 0.00000000000000000000 1.00000000000000000000 2 0 8 88 89 90 105 107 123 124 125 
107 6395 0.665205000 0.910078000 0.00000000000000000000 1.00000000000000000000 2 0 8 89 90 91 106 108 124 125 126 
108 6396 0.705542000 0.902979000 0.00000000000000000000 1.00000000000000000000 2 0 8 90 91 92 107 109 125 126 127 
109 6397 0.745516000 0.894502000 0.00000000000000000000 1.00000000000000000000 2 0 8 91 92 93 108 110 126 127 128 
110 6398 0.785065000 0.884663000 0.00000000000000000000 1.00000000000000000000 2 0 8 92 93 94 109 111 127 128 129 
111 6399 0.824130000 0.873480000 0.00000000000000000000 1.00000000000000000000 2 0 8 93 94 95 110 112 128 129 130 
112 6400 0.862652000 0.860974000 0.00000000000000000000 1.00000000000000000000 2 0 8 94 95 96 111 113 129 130 131 
113 6401 0.900573000 0.847167000 0.00000000000000000000 1.00000000000000000000 2 0 8 95 96 342 112 114 130 131 132 
114 6402 0.937836000 0.832083000 0.00000000000000000000 1.00000000000000000000 2 0 8 96 342 343 113 345 131 132 347 
115 6403 0.242029000 0.966948000 0.00000000000000000000 1.00000000000000000000 2 0 8 344 97 98 346 116 349 350 133 
116 6404 0.284777000 0.974613000 0.00000000000000000000 1.00000000000000000000 2 0 8 97 98 99 115 117 350 133 134 
117 6405 0.327813000 0.980757000 0.00000000000000000000 1.00000000000000000000 2 0 8 98 99 100 116 118 133 134 135 
118 6406 0.371067000 0.985373000 0.00000000000000000000 1.00000000000000000000 2 0 8 99 100 101 117 119 134 135 136 
119 6407 0.414474000 0.988457000 0.00000000000000000000 1.00000000000000000000 2 0 8 100 101 102 118 120 135 136 137 
120 6408 0.457964000 0.990009000 0.00000000000000000000 1.00000000000000000000 2 0 8 101 102 103 119 121 136 137 138 
121 6409 0.501471000 0.990028000 0.00000000000000000000 1.00000000000000000000 2 0 8 102 103 104 120 122 137 138 139 
122 6410 0.544927000 0.988518000 0.00000000000000000000 1.00000000000000000000 2 0 8 103 104 105 121 123 138 139 140 
123 6411 0.588265000 0.985485000 0.00000000000000000000 1.00000000000000000000 2 0 8 104 105 106 122 124 139 140 141 
124 6412 0.631418000 0.980937000 0.00000000000000000000 1.00000000000000000000 2 0 8 105 106 107 123 125 140 141 142 
125 6413 0.674320000 0.974884000 0.00000000000000000000 1.00000000000000000000 2 0 8 106 107 108 124 126 141 142 143 
126 6414 0.716906000 0.967338000 0.00000000000000000000 1.00000000000000000000 2 0 8 107 108 109 125 127 142 143 144 
127 6415 0.759109000 0.958315000 0.00000000000000000000 1.00000000000000000000 2 0 8 108 109 110 126 128 143 144 145 
128 6416 0.800867000 0.947832000 0.00000000000000000000 1.00000000000000000000 2 0 8 109 110 111 127 129 144 145 146 
129 6417 0.842117000 0.935908000 0.00000000000000000000 1.00000000000000000000 2 0 8 110 111 112 128 130 145 146 147 
130 6418 0.882795000 0.922564000 0.00000000000000000000 1.00000000000000000000 2 0 8 111 112 113 129 131 146 147 148 
131 6419 0.922840000 0.907825000 0.00000000000000000000 1.00000000000000000000 2 0 8 112 113 114 130 132 147 148 149 
132 6420 0.962194000 0.891714000 0.00000000000000000000 1.00000000000000000000 2 0 8 113 114 345 131 347 148 149 150 
133 6421 0.272627000 1.042520000 0.00000000000000000000 1.00000000000000000000 2 0 8 115 116 117 350 134 353 151 152 
134 6422 0.318073000 1.049150000 0.00000000000000000000 1.00000000000000000000 2 0 8 116 117 118 133 135 151 152 153 
135 6423 0.363753000 1.054140000 0.00000000000000000000 1.00000000000000000000 2 0 8 117 118 119 134 136 152 153 154 
136 6424 0.409595000 1.057500000 0.00000000000000000000 1.00000000000000000000 2 0 8 118 119 120 135 137 153 154 155 
137 6425 0.455529000 1.059210000 0.00000000000000000000 1.00000000000000000000 2 0 8 119 120 121 136 138 154 155 156 
138 6426 0.501483000 1.059290000 0.00000000000000000000 1.00000000000000000000 2 0 8 120 121 122 137 139 155 156 157 
139 6427 0.547386000 1.057730000 0.00000000000000000000 1.00000000000000000000 2 0 8 121 122 123 138 140 156 157 158 
140 6428 0.593166000 1.054550000 0.00000000000000000000 1.00000000000000000000 2 0 8 122 123 124 139 141 157 158 159 
141 6429 0.638753000 1.049740000 0.00000000000000000000 1.00000000000000000000 2 0 8 123 124 125 140 142 158 159 160 
142 6430 0.684078000 1.043320000 0.00000000000000000000 1.00000000000000000000 2 0 8 124 125 126 141 143 159 160 161 
143 6431 0.729070000 1.035300000 0.00000000000000000000 1.00000000000000000000 2 0 8 125 126 127 142 144 160 161 162 
144 6432 0.773662000 1.025700000 0.00000000000000000000 1.00000000000000000000 2 0 8 126 127 128 143 145 161 162 163 
145 6433 0.817785000 1.014530000 0.00000000000000000000 1.00000000000000000000 2 0 8 127 128 129 144 146 162 163 164 
146 6434 0.861374000 1.001830000 0.00000000000000000000 1.00000000000000000000 2 0 8 128 129 130 145 147 163 164 165 
147 6435 0.904361000 0.987598000 0.00000000000000000000 1.00000000000000000000 2 0 8 129 130 131 146 148 164 165 166 
148 6436 0.946682000 0.971872000 0.00000000000000000000 1.00000000000000000000 2 0 8 130 131 132 147 149 165 166 167 
149 6437 0.988274000 0.954678000 0.00000000000000000000 1.00000000000000000000 2 0 8 131 132 347 148 150 166 167 168 
150 6438 1.029080000 0.936043000 0.00000000000000000000 1.00000000000000000000 2 0 8 132 347 348 149 351 167 168 169 
151 6439 0.259628000 1.114280000 0.00000000000000000000 1.00000000000000000000 2 0 8 350 133 134 353 152 356 170 171 
152 6440 0.307652000 1.121420000 0.00000000000000000000 1.00000000000000000000 2 0 8 133 134 135 151 153 170 171 172 
153 6441 0.355927000 1.126810000 0.00000000000000000000 1.00000000000000000000 2 0 8 134 135 136 152 154 171 172 173 
154 6442 0.404375000 1.130450000 0.00000000000000000000 1.00000000000000000000 2 0 8 135 136 137 153 155 172 173 174 
155 6443 0.452923000 1.132350000 0.00000000000000000000 1.00000000000000000000 2 0 8 136 137 138 154 156 173 174 175 
156 6444 0.501494000 1.132490000 0.00000000000000000000 1.00000000000000000000 2 0 8 137 138 139 155 157 174 175 176 
157 6445 0.550013000 1.130880000 0.00000000000000000000 1.00000000000000000000 2 0 8 138 139 140 156 158 175 176 177 
158 6446 0.598405000 1.127520000 0.00000000000000000000 1.00000000000000000000 2 0 8 139 140 141 157 159 176 177 178 
159 6447 0.646597000 1.122440000 0.00000000000000000000 1.00000000000000000000 2 0 8 140 141 142 158 160 177 178 179 
160 6448 0.694513000 1.115630000 0.00000000000000000000 1.00000000000000000000 2 0 8 141 142 143 159 161 178 179 180 
161 6449 0.742081000 1.107110000 0.00000000000000000000 1.00000000000000000000 2 0 8 142 143 144 160 162 179 180 181 
162 6450 0.789227000 1.096900000 0.00000000000000000000 1.00000000000000000000 2 0 8 143 144 145 161 163 180 181 182 
163 6451 0.835882000 1.085020000 0.00000000000000000000 1.00000000000000000000 2 0 8 144 145 146 162 164 181 182 183 
164 6452 0.881972000 1.071480000 0.00000000000000000000 1.00000000000000000000 2 0 8 145 146 147 163 165 182 183 184 
165 6453 0.927430000 1.056320000 0.00000000000000000000 1.00000000000000000000 2 0 8 146 147 148 164 166 183 184 185 
166 6454 0.972186000 1.039550000 0.00000000000000000000 1.00000000000000000000 2 0 8 147 148 149 165 167 184 185 186 
167 6455 1.016170000 1.021210000 0.00000000000000000000 1.00000000000000000000 2 0 8 148 149 150 166 168 185 186 187 
168 6456 1.059330000 1.001320000 0.00000000000000000000 1.00000000000000000000 2 0 8 149 150 351 167 169 186 187 188 
169 6457 1.101580000 0.979928000 0.00000000000000000000 1.00000000000000000000 2 0 8 150 351 352 168 354 187 188 189 
170 6458 0.245733000 1.190170000 0.00000000000000000000 1.00000000000000000000 2 0 8 353 151 152 356 171 359 190 191 
171 6459 0.296513000 1.197850000 0.00000000000000000000 1.00000000000000000000 2 0 8 151 152 153 170 172 190 191 192 
172 6460 0.347560000 1.203660000 0.00000000000000000000 1.00000000000000000000 2 0 8 152 153 154 171 173 191 192 193 
173 6461 0.398793000 1.207610000 0.00000000000000000000 1.00000000000000000000 2 0 8 153 154 155 172 174 192 193 194 
174 6462 0.450134000 1.209680000 0.00000000000000000000 1.00000000000000000000 2 0 8 154 155 156 173 175 193 194 195 
175 6463 0.501502000 1.209880000 0.00000000000000000000 1.00000000000000000000 2 0 8 155 156 157 174 176 194 195 196 
176 6464 0.552819000 1.208220000 0.00000000000000000000 1.00000000000000000000 2 0 8 156 157 158 175 177 195 196 197 
177 6465 0.604004000 1.204690000 0.00000000000000000000 1.00000000000000000000 2 0 8 157 158 159 176 178 196 197 198 
178 6466 0.654978000 1.199320000 0.00000000000000000000 1.00000000000000000000 2 0 8 158 159 160 177 179 197 198 199 
179 6467 0.705665000 1.192100000 0.00000000000000000000 1.00000000000000000000 2 0 8 159 160 161 178 180 198 199 200 
180 6468 0.755986000 1.183050000 0.00000000000000000000 1.00000000000000000000 2 0 8 160 161 162 179 181 199 200 201 
181 6469 0.805864000 1.172190000 0.00000000000000000000 1.00000000000000000000 2 0 8 161 162 163 180 182 200 201 202 
182 6470 0.855223000 1.159550000 0.00000000000000000000 1.00000000000000000000 2 0 8 162 163 164 181 183 201 202 203 
183 6471 0.903989000 1.145130000 0.00000000000000000000 1.00000000000000000000 2 0 8 163 164 165 182 184 202 203 204 
184 6472 0.952088000 1.128980000 0.00000000000000000000 1.00000000000000000000 2 0 8 164 165 166 183 185 203 204 205 
185 6473 0.999448000 1.111110000 0.00000000000000000000 1.00000000000000000000 2 0 8 165 166 167 184 186 204 205 206 
186 6474 1.046000000 1.091550000 0.00000000000000000000 1.00000000000000000000 2 0 8 166 167 168 185 187 205 206 207 
187 6475 1.091670000 1.070350000 0.00000000000000000000 1.00000000000000000000 2 0 8 167 168 169 186 188 206 207 208 
188 6476 1.136390000 1.047520000 0.00000000000000000000 1.00000000000000000000 2 0 8 168 169 354 187 189 207 208 209 
189 6477 1.180090000 1.023120000 0.00000000000000000000 1.00000000000000000000 2 0 8 169 354 355 188 357 208 209 210 
190 6478 0.230891000 1.270470000 0.00000000000000000000 1.00000000000000000000 2 0 8 356 170 171 359 191 361 211 212 
191 6479 0.284614000 1.278710000 0.00000000000000000000 1.00000000000000000000 2 0 8 170 171 172 190 192 211 212 213 
192 6480 0.338621000 1.284970000 0.00000000000000000000 1.00000000000000000000 2 0 8 171 172 173 191 193 212 213 214 
193 6481 0.392829000 1.289240000 0.00000000000000000000 1.00000000000000000000 2 0 8 172 173 174 192 194 213 214 215 
194 6482 0.447154000 1.291500000 0.00000000000000000000 1.00000000000000000000 2 0 8 173 174 175 193 195 214 215 216 
195 6483 0.501510000 1.291780000 0.00000000000000000000 1.00000000000000000000 2 0 8 174 175 176 194 196 215 216 217 
196 6484 0.555814000 1.290050000 0.00000000000000000000 1.00000000000000000000 2 0 8 175 176 177 195 197 216 217 218 
197 6485 0.609981000 1.286340000 0.00000000000000000000 1.00000000000000000000 2 0 8 176 177 178 196 198 217 218 219 
198 6486 0.663929000 1.280650000 0.00000000000000000000 1.00000000000000000000 2 0 8 177 178 179 197 199 218 219 220 
199 6487 0.717575000 1.273000000 0.00000000000000000000 1.00000000000000000000 2 0 8 178 179 180 198 200 219 220 221 
200 6488 0.770837000 1.263390000 0.00000000000000000000 1.00000000000000000000 2 0 8 179 180 181 199 201 220 221 222 
201 6489 0.823633000 1.251850000 0.00000000000000000000 1.00000000000000000000 2 0 8 180 181 182 200 202 221 222 223 
202 6490 0.875882000 1.238400000 0.00000000000000000000 1.00000000000000000000 2 0 8 181 182 183 201 203 222 223 224 
203 6491 0.927507000 1.223050000 0.00000000000000000000 1.00000000000000000000 2 0 8 182 183 184 202 204 223 224 225 
204 6492 0.978428000 1.205850000 0.00000000000000000000 1.00000000000000000000 2 0 8 183 184 185 203 205 224 225 226 
205 6493 1.028570000 1.186810000 0.00000000000000000000 1.00000000000000000000 2 0 8 184 185 186 204 206 225 226 227 
206 6494 1.077850000 1.165970000 0.00000000000000000000 1.00000000000000000000 2 0 8 185 186 187 205 207 226 227 228 
207 6495 1.126210000 1.143370000 0.00000000000000000000 1.00000000000000000000 2 0 8 186 187 188 206 208 227 228 229 
208 6496 1.173560000 1.119030000 0.00000000000000000000 1.00000000000000000000 2 0 8 187 188 189 207 209 228 229 230 
209 6497 1.219850000 1.093010000 0.00000000000000000000 1.00000000000000000000 2 0 8 188 189 357 208 210 229 230 362 
210 6498 1.264990000 1.065340000 0.00000000000000000000 1.00000000000000000000 2 0 8 189 357 358 209 360 230 362 363 
211 6499 0.215045000 1.355470000 0.00000000000000000000 1.00000000000000000000 2 0 8 359 190 191 361 212 364 365 231 
212 6500 0.271909000 1.364320000 0.00000000000000000000 1.00000000000000000000 2 0 8 190 191 192 211 213 365 231 232 
213 6501 0.329078000 1.371050000 0.00000000000000000000 1.00000000000000000000 2 0 8 191 192 193 212 214 231 232 233 
214 6502 0.386461000 1.375650000 0.00000000000000000000 1.00000000000000000000 2 0 8 192 193 194 213 215 232 233 234 
215 6503 0.443970000 1.378120000 0.00000000000000000000 1.00000000000000000000 2 0 8 193 194 195 214 216 233 234 235 
216 6504 0.501516000 1.378460000 0.00000000000000000000 1.00000000000000000000 2 0 8 194 195 196 215 217 234 235 236 
217 6505 0.559009000 1.376680000 0.00000000000000000000 1.00000000000000000000 2 0 8 195 196 197 216 218 235 236 237 
218 6506 0.616361000 1.372770000 0.00000000000000000000 1.00000000000000000000 2 0 8 196 197 198 217 219 236 237 238 
219 6507 0.673483000 1.366750000 0.00000000000000000000 1.00000000000000000000 2 0 8 197 198 199 218 220 237 238 239 
220 6508 0.730288000 1.358640000 0.00000000000000000000 1.00000000000000000000 2 0 8 198 199 200 219 221 238 239 240 
221 6509 0.786690000 1.348440000 0.00000000000000000000 1.00000000000000000000 2 0 8 199 200 201 220 222 239 240 241 
222 6510 0.842600000 1.336170000 0.00000000000000000000 1.00000000000000000000 2 0 8 200 201 202 221 223 240 241 242 
223 6511 0.897936000 1.321860000 0.00000000000000000000 1.00000000000000000000 2 0 8 201 202 203 222 224 241 242 243 
224 6512 0.952612000 1.305540000 0.00000000000000000000 1.00000000000000000000 2 0 8 202 203 204 223 225 242 243 244 
225 6513 1.006550000 1.287220000 0.00000000000000000000 1.00000000000000000000 2 0 8 203 204 205 224 226 243 244 245 
226 6514 1.059660000 1.266950000 0.00000000000000000000 1.00000000000000000000 2 0 8 204 205 206 225 227 244 245 246 
227 6515 1.111860000 1.244750000 0.00000000000000000000 1.00000000000000000000 2 0 8 205 206 207 226 228 245 246 247 
228 6516 1.163090000 1.220660000 0.00000000000000000000 1.00000000000000000000 2 0 8 206 207 208 227 229 246 247 248 
229 6517 1.213250000 1.194730000 0.00000000000000000000 1.00000000000000000000 2 0 8 207 208 209 228 230 247 248 366 
230 6518 1.262290000 1.166980000 0.00000000000000000000 1.00000000000000000000 2 0 8 208 209 210 229 362 248 366 367 
231 6519 0.258353000 1.454980000 0.00000000000000000000 1.00000000000000000000 2 0 8 211 212 213 365 232 368 369 249 
232 6520 0.318894000 1.462200000 0.00000000000000000000 1.00000000000000000000 2 0 8 212 213 214 231 233 369 249 250 
233 6521 0.379665000 1.467160000 0.00000000000000000000 1.00000000000000000000 2 0 8 213 214 215 232 234 249 250 251 
234 6522 0.440572000 1.469850000 0.00000000000000000000 1.00000000000000000000 2 0 8 214 215 216 233 235 250 251 252 
235 6523 0.501520000 1.470270000 0.00000000000000000000 1.00000000000000000000 2 0 8 215 216 217 234 236 251 252 253 
236 6524 0.562416000 1.468420000 0.00000000000000000000 1.00000000000000000000 2 0 8 216 217 218 235 237 252 253 254 
237 6525 0.623166000 1.464310000 0.00000000000000000000 1.00000000000000000000 2 0 8 217 218 219 236 238 253 254 255 
238 6526 0.683675000 1.457940000 0.00000000000000000000 1.00000000000000000000 2 0 8 218 219 220 237 239 254 255 256 
239 6527 0.743851000 1.449330000 0.00000000000000000000 1.00000000000000000000 2 0 8 219 220 221 238 240 255 256 257 
240 6528 0.803603000 1.438500000 0.00000000000000000000 1.00000000000000000000 2 0 8 220 221 222 239 241 256 257 258 
241 6529 0.862838000 1.425470000 0.00000000000000000000 1.00000000000000000000 2 0 8 221 222 223 240 242 257 258 259 
242 6530 0.921466000 1.410250000 0.00000000000000000000 1.00000000000000000000 2 0 8 222 223 224 241 243 258 259 260 
243 6531 0.979398000 1.392890000 0.00000000000000000000 1.00000000000000000000 2 0 8 223 224 225 242 244 259 260 261 
244 6532 1.036550000 1.373390000 0.00000000000000000000 1.00000000000000000000 2 0 8 224 225 226 243 245 260 261 262 
245 6533 1.092830000 1.351810000 0.00000000000000000000 1.00000000000000000000 2 0 8 225 226 227 244 246 261 262 263 
246 6534 1.148150000 1.328170000 0.00000000000000000000 1.00000000000000000000 2 0 8 226 227 228 245 247 262 263 264 
247 6535 1.202440000 1.302510000 0.00000000000000000000 1.00000000000000000000 2 0 8 227 228 229 246 248 263 264 370 
248 6536 1.255610000 1.274880000 0.00000000000000000000 1.00000000000000000000 2 0 8 228 229 230 247 366 264 370 371 
249 6537 0.308031000 1.558790000 0.00000000000000000000 1.00000000000000000000 2 0 8 231 232 233 369 250 372 373 265 
250 6538 0.372415000 1.564130000 0.00000000000000000000 1.00000000000000000000 2 0 8 232 233 234 249 251 373 265 266 
251 6539 0.436946000 1.567040000 0.00000000000000000000 1.00000000000000000000 2 0 8 233 234 235 250 252 265 266 267 
252 6540 0.501523000 1.567540000 0.00000000000000000000 1.00000000000000000000 2 0 8 234 235 236 251 253 266 267 268 
253 6541 0.566049000 1.565620000 0.00000000000000000000 1.00000000000000000000 2 0 8 235 236 237 252 254 267 268 269 
254 6542 0.630422000 1.561280000 0.00000000000000000000 1.00000000000000000000 2 0 8 236 237 238 253 255 268 269 270 
255 6543 0.694543000 1.554550000 0.00000000000000000000 1.00000000000000000000 2 0 8 237 238 239 254 256 269 270 271 
256 6544 0.758315000 1.545420000 0.00000000000000000000 1.00000000000000000000 2 0 8 238 239 240 255 257 270 271 272 
257 6545 0.821639000 1.533930000 0.00000000000000000000 1.00000000000000000000 2 0 8 239 240 241 256 258 271 272 273 
258 6546 0.884420000 1.520080000 0.00000000000000000000 1.00000000000000000000 2 0 8 240 241 242 257 259 272 273 274 
259 6547 0.946560000 1.503900000 0.00000000000000000000 1.00000000000000000000 2 0 8 241 242 243 258 260 273 274 275 
260 6548 1.007970000 1.485430000 0.00000000000000000000 1.00000000000000000000 2 0 8 242 243 244 259 261 274 275 276 
261 6549 1.068540000 1.464690000 0.00000000000000000000 1.00000000000000000000 2 0 8 243 244 245 260 262 275 276 277 
262 6550 1.128200000 1.441720000 0.00000000000000000000 1.00000000000000000000 2 0 8 244 245 246 261 263 276 277 278 
263 6551 1.186850000 1.416550000 0.00000000000000000000 1.00000000000000000000 2 0 8 245 246 247 262 264 277 278 374 
264 6552 1.244410000 1.389230000 0.00000000000000000000 1.00000000000000000000 2 0 8 246 247 248 263 370 278 374 375 
265 6553 0.364685000 1.666890000 0.00000000000000000000 1.00000000000000000000 2 0 8 249 250 251 373 266 376 377 279 
266 6554 0.433079000 1.670050000 0.00000000000000000000 1.00000000000000000000 2 0 8 250 251 252 265 267 377 279 280 
267 6555 0.501525000 1.670630000 0.00000000000000000000 1.00000000000000000000 2 0 8 251 252 253 266 268 279 280 281 
268 6556 0.569920000 1.668640000 0.00000000000000000000 1.00000000000000000000 2 0 8 252 253 254 267 269 280 281 282 
269 6557 0.638155000 1.664070000 0.00000000000000000000 1.00000000000000000000 2 0 8 253 254 255 268 270 281 282 283 
270 6558 0.706128000 1.656940000 0.00000000000000000000 1.00000000000000000000 2 0 8 254 255 256 269 271 282 283 284 
271 6559 0.773733000 1.647260000 0.00000000000000000000 1.00000000000000000000 2 0 8 255 256 257 270 272 283 284 285 
272 6560 0.840867000 1.635060000 0.00000000000000000000 1.00000000000000000000 2 0 8 256 257 258 271 273 284 285 286 
273 6561 0.907427000 1.620350000 0.00000000000000000000 1.00000000000000000000 2 0 8 257 258 259 272 274 285 286 287 
274 6562 0.973311000 1.603160000 0.00000000000000000000 1.00000000000000000000 2 0 8 258 259 260 273 275 286 287 288 
275 6563 1.038420000 1.583510000 0.00000000000000000000 1.00000000000000000000 2 0 8 259 260 261 274 276 287 288 378 
276 6564 1.102650000 1.561450000 0.00000000000000000000 1.00000000000000000000 2 0 8 260 261 262 275 277 288 378 379 
277 6565 1.165920000 1.537010000 0.00000000000000000000 1.00000000000000000000 2 0 8 261 262 263 276 278 378 379 380 
278 6566 1.228110000 1.510220000 0.00000000000000000000 1.00000000000000000000 2 0 8 262 263 264 277 374 379 380 381 
279 6567 0.428956000 1.779260000 0.00000000000000000000 1.00000000000000000000 2 0 8 265 266 267 377 280 382 383 289 
280 6568 0.501526000 1.779930000 0.00000000000000000000 1.00000000000000000000 2 0 8 266 267 268 279 281 383 289 290 
281 6569 0.574043000 1.777860000 0.00000000000000000000 1.00000000000000000000 2 0 8 267 268 269 280 282 289 290 291 
282 6570 0.646396000 1.773040000 0.00000000000000000000 1.00000000000000000000 2 0 8 268 269 270 281 283 290 291 292 
283 6571 0.718473000 1.765500000 0.00000000000000000000 1.00000000000000000000 2 0 8 269 270 271 282 284 291 292 293 
284 6572 0.790163000 1.755240000 0.00000000000000000000 1.00000000000000000000 2 0 8 270 271 272 283 285 292 293 294 
285 6573 0.861356000 1.742280000 0.00000000000000000000 1.00000000000000000000 2 0 8 271 272 273 284 286 293 294 295 
286 6574 0.931944000 1.726660000 0.00000000000000000000 1.00000000000000000000 2 0 8 272 273 274 285 287 294 295 296 
287 6575 1.001820000 1.708380000 0.00000000000000000000 1.00000000000000000000 2 0 8 273 274 275 286 288 295 296 384 
288 6576 1.070880000 1.687500000 0.00000000000000000000 1.00000000000000000000 2 0 8 274 275 276 287 378 296 384 385 
289 6577 0.501526000 1.895850000 0.00000000000000000000 1.00000000000000000000 2 0 8 279 280 281 383 290 386 387 297 
290 6578 0.578435000 1.893690000 0.00000000000000000000 1.00000000000000000000 2 0 8 280 281 282 289 291 387 297 298 
291 6579 0.655174000 1.888610000 0.00000000000000000000 1.00000000000000000000 2 0 8 281 282 283 290 292 297 298 299 
292 6580 0.731623000 1.880620000 0.00000000000000000000 1.00000000000000000000 2 0 8 282 283 284 291 293 298 299 300 
293 6581 0.807665000 1.869740000 0.00000000000000000000 1.00000000000000000000 2 0 8 283 284 285 292 294 299 300 301 
294 6582 0.883184000 1.855990000 0.00000000000000000000 1.00000000000000000000 2 0 8 284 285 286 293 295 300 301 302 
295 6583 0.958064000 1.839390000 0.00000000000000000000 1.00000000000000000000 2 0 8 285 286 287 294 296 301 302 388 
296 6584 1.032190000 1.819980000 0.00000000000000000000 1.00000000000000000000 2 0 8 286 287 288 295 384 302 388 389 
297 6585 0.583112000 2.016560000 0.00000000000000000000 1.00000000000000000000 2 0 8 289 290 291 387 298 390 391 303 
298 6586 0.664522000 2.011200000 0.00000000000000000000 1.00000000000000000000 2 0 8 290 291 292 297 299 391 303 304 
299 6587 0.745628000 2.002740000 0.00000000000000000000 1.00000000000000000000 2 0 8 291 292 293 298 300 303 304 305 
300 6588 0.826306000 1.991210000 0.00000000000000000000 1.00000000000000000000 2 0 8 292 293 294 299 301 304 305 392 
301 6589 0.906432000 1.976620000 0.00000000000000000000 1.00000000000000000000 2 0 8 293 294 295 300 302 305 392 393 
302 6590 0.985883000 1.958990000 0.00000000000000000000 1.00000000000000000000 2 0 8 294 295 296 301 388 392 393 394 
303 6591 0.674474000 2.141270000 0.00000000000000000000 1.00000000000000000000 2 0 8 297 298 299 391 304 395 396 397 
304 6592 0.760540000 2.132320000 0.00000000000000000000 1.00000000000000000000 2 0 8 298 299 300 303 305 396 397 398 
305 6593 0.846154000 2.120090000 0.00000000000000000000 1.00000000000000000000 2 0 8 299 300 301 304 392 397 398 399 
306 7401 0.475533 0.423235 2 0
307 6190 0.501158 0.422704 2 0
308 6191 0.526744 0.421517 2 0
309 6192 0.55225 0.419678 2 0
310 6193 0.577639 0.417196 2 0
311 7423 0.447845 0.463355 2 0
312 7424 0.474526 0.463595 2 0
313 6209 0.580837 0.457375 2 0
314 6210 0.607107 0.454056 2 0
315 7445 0.417789 0.504179 2 0
316 7446 0.44558 0.50532 2 0
317 6225 0.611734 0.495723 2 0
318 6226 0.638928 0.491438 2 0
319 7465 0.385106 0.545651 2 0
320 7466 0.414059 0.547833 2 0
321 6240 0.645192 0.53466 2 0
322 6241 0.673352 0.529275 2 0
323 7483 0.34953 0.587704 2 0
324 7484 0.379694 0.591073 2 0
325 6253 0.681476 0.574112 2 0
326 6254 0.710639 0.567484 2 0
327 7494 0.310786 0.630258 2 0
328 7495 0.342207 0.634969 2 0
329 6264 0.720855 0.613993 2 0
330 6265 0.751059 0.605971 2 0
331 7500 0.26859 0.673221 2 0
332 7501 0.301309 0.679436 2 0
333 6273 0.763612 0.654203 2 0
334 6274 0.794889 0.644629 2 0
335 7505 0.256705 0.724373 2 0
336 6280 0.810039 0.694626 2 0
337 6281 0.842415 0.683332 2 0
338 7548 0.243916 0.778199 2 0
339 6285 0.860435 0.73513 2 0
340 6286 0.893933 0.721938 2 0
341 7564 0.230176 0.834899 2 0
342 6288 0.915111 0.775561 2 0
343 7011 0.949747 0.760285 2 0
344 7581 0.215434 0.894682 2 0
345 7036 0.974387 0.815748 2 0
346 7599 0.199636 0.957771 2 0
347 7061 1.0008 0.874261 2 0
348 7062 1.03859 0.855494 2 0
349 7617 0.182722 1.0244 2 0
350 7618 0.227486 1.03427 2 0
351 7086 1.06902 0.915998 2 0
352 7087 1.10806 0.894578 2 0
353 7637 0.211928 1.10541 2 0
354 7110 1.14288 0.957059 2 0
355 7111 1.18315 0.932753 2 0
356 7657 0.195299 1.18065 2 0
357 7132 1.22272 0.997179 2 0
358 7133 1.2642 0.969739 2 0
359 7677 0.177537 1.26025 2 0
360 7152 1.30892 1.03606 2 0
361 7698 0.158574 1.34452 2 0
362 5094 1.31011 1.13748 2 0
363 5095 1.35666 1.10626 2 0
364 9302 0.138341 1.43377 2 0
365 9303 0.198138 1.4455 2 0
366 5098 1.30757 1.24532 2 0
367 5099 1.35827 1.21388 2 0
368 9306 0.180106 1.54088 2 0
369 9307 0.243895 1.55104 2 0
370 5104 1.30078 1.3598 2 0
371 5105 1.35588 1.32831 2 0
372 9312 0.22848 1.65284 2 0
373 9313 0.29645 1.66115 2 0
374 5112 1.28915 1.48114 2 0
375 5113 1.34893 1.44981 2 0
376 9320 0.284107 1.76968 2 0
377 9321 0.356446 1.77585 2 0
378 5122 1.13901 1.66404 2 0
379 5123 1.20611 1.63803 2 0
380 5124 1.27209 1.60953 2 0
381 5125 1.33683 1.57858 2 0
382 9330 0.347667 1.8914 2 0
383 9331 0.424563 1.89509 2 0
384 5139 1.10545 1.79778 2 0
385 5140 1.17773 1.77283 2 0
386 9343 0.419883 2.01795 2 0
387 9344 0.501524 2.01881 2 0
388 5157 1.06454 1.93836 2 0
389 5158 1.14228 1.91476 2 0
390 9358 0.50152 2.14928 2 0
391 9359 0.58809 2.14693 2 0
392 5176 0.931186 2.1046 2 0
393 5177 1.0155 2.08588 2 0
394 5178 1.09898 2.06396 2 0
395 9375 0.593389 2.28528 2 0
396 9376 0.685068 2.27931 2 0
397 5197 0.776413 2.26984 2 0
398 5198 0.867283 2.25686 2 0
399 5199 0.957538 2.24042 2 0
