381 309 72
1 898 0.084265200 -0.043700900 -0.19377498132558371169 -0.98104600127224916850 1 1 8 310 2 313 13 14 316 26 27 
2 899 0.073679900 -0.041481900 -0.21710327690304251358 -0.97614863988941802386 1 1 8 1 3 13 14 15 26 27 28 
3 900 0.063752000 -0.039138600 -0.24296869112632485388 -0.97003413091105228361 1 1 8 2 4 14 15 16 27 28 29 
4 901 0.054496700 -0.036677000 -0.27187678892410499509 -0.96233206932135306744 1 1 8 3 5 15 16 17 28 29 30 
5 902 0.045928400 -0.034103100 -0.30447712317726122189 -0.95251964885859385923 1 1 8 4 6 16 17 18 29 30 31 
6 903 0.038060200 -0.031423000 -0.34157127800295350450 -0.93985587301640516333 1 1 8 5 7 17 18 19 30 31 32 
7 904 0.030904300 -0.028642900 -0.38418259129095816418 -0.92325713457788383121 1 1 8 6 8 18 19 20 31 32 33 
8 905 0.024471700 -0.025768600 -0.43354514667512245030 -0.90113184706481586073 1 1 8 7 9 19 20 21 32 33 34 
9 906 0.018772400 -0.022806100 -0.49109968401260284399 -0.87110338098455442069 1 1 8 8 10 20 21 22 33 34 35 
10 907 0.013815000 -0.019760700 -0.55836492774177581833 -0.82959544807569995939 1 1 8 9 11 21 22 23 34 35 36 
11 908 0.009607350 -0.016637500 -0.63641749991800211639 -0.77134477751399865841 1 1 8 10 12 22 23 24 35 36 37 
12 909 0.006155820 -0.013441300 -0.72481203655252612883 -0.68894666823243988496 1 1 8 11 311 23 24 25 36 37 38 
13 910 0.079863000 -0.059842200 0.00000000000000000000 1.00000000000000000000 2 0 8 310 1 2 313 14 316 26 27 
14 911 0.069126500 -0.056642500 0.00000000000000000000 1.00000000000000000000 2 0 8 1 2 3 13 15 26 27 28 
15 912 0.059054500 -0.053297200 0.00000000000000000000 1.00000000000000000000 2 0 8 2 3 4 14 16 27 28 29 
16 913 0.049662700 -0.049813400 0.00000000000000000000 1.00000000000000000000 2 0 8 3 4 5 15 17 28 29 30 
17 914 0.040965800 -0.046198400 0.00000000000000000000 1.00000000000000000000 2 0 8 4 5 6 16 18 29 30 31 
18 915 0.032977400 -0.042459800 0.00000000000000000000 1.00000000000000000000 2 0 8 5 6 7 17 19 30 31 32 
19 916 0.025709800 -0.038605100 0.00000000000000000000 1.00000000000000000000 2 0 8 6 7 8 18 20 31 32 33 
20 917 0.019174600 -0.034642200 0.00000000000000000000 1.00000000000000000000 2 0 8 7 8 9 19 21 32 33 34 
21 918 0.013381900 -0.030578700 0.00000000000000000000 1.00000000000000000000 2 0 8 8 9 10 20 22 33 34 35 
22 919 0.008341030 -0.026422100 0.00000000000000000000 1.00000000000000000000 2 0 8 9 10 11 21 23 34 35 36 
23 920 0.004060040 -0.022180400 0.00000000000000000000 1.00000000000000000000 2 0 8 10 11 12 22 24 35 36 37 
24 921 0.000546003 -0.017861100 0.00000000000000000000 1.00000000000000000000 2 0 8 11 12 311 23 25 36 37 38 
25 922 -0.002194960 -0.013472600 0.00000000000000000000 1.00000000000000000000 2 0 8 12 311 312 24 314 37 38 317 
26 923 0.074019400 -0.076232600 0.00000000000000000000 1.00000000000000000000 2 0 8 313 13 14 316 27 39 40 41 
27 924 0.063098900 -0.072038600 0.00000000000000000000 1.00000000000000000000 2 0 8 13 14 15 26 28 40 41 42 
28 925 0.052852500 -0.067677000 0.00000000000000000000 1.00000000000000000000 2 0 8 14 15 16 27 29 41 42 43 
29 926 0.043296300 -0.063156400 0.00000000000000000000 1.00000000000000000000 2 0 8 15 16 17 28 30 42 43 44 
30 927 0.034445400 -0.058485500 0.00000000000000000000 1.00000000000000000000 2 0 8 16 17 18 29 31 43 44 45 
31 928 0.026314000 -0.053673600 0.00000000000000000000 1.00000000000000000000 2 0 8 17 18 19 30 32 44 45 46 
32 929 0.018914900 -0.048729800 0.00000000000000000000 1.00000000000000000000 2 0 8 18 19 20 31 33 45 46 47 
33 930 0.012260100 -0.043663700 0.00000000000000000000 1.00000000000000000000 2 0 8 19 20 21 32 34 46 47 48 
34 931 0.006360160 -0.038485100 0.00000000000000000000 1.00000000000000000000 2 0 8 20 21 22 33 35 47 48 49 
35 932 0.001224920 -0.033203800 0.00000000000000000000 1.00000000000000000000 2 0 8 21 22 23 34 36 48 49 50 
36 933 -0.003136990 -0.027830200 0.00000000000000000000 1.00000000000000000000 2 0 8 22 23 24 35 37 49 50 51 
37 934 -0.006717960 -0.022375100 0.00000000000000000000 1.00000000000000000000 2 0 8 23 24 25 36 38 50 51 52 
38 935 -0.009511310 -0.016850100 0.00000000000000000000 1.00000000000000000000 2 0 8 24 25 314 37 317 51 52 319 
39 936 0.078513100 -0.097933200 0.00000000000000000000 1.00000000000000000000 2 0 8 315 316 26 318 40 320 53 54 
40 937 0.066706800 -0.092927500 0.00000000000000000000 1.00000000000000000000 2 0 8 316 26 27 39 41 53 54 55 
41 938 0.055568800 -0.087722300 0.00000000000000000000 1.00000000000000000000 2 0 8 26 27 28 40 42 54 55 56 
42 939 0.045116700 -0.082327100 0.00000000000000000000 1.00000000000000000000 2 0 8 27 28 29 41 43 55 56 57 
43 940 0.035367400 -0.076752000 0.00000000000000000000 1.00000000000000000000 2 0 8 28 29 30 42 44 56 57 58 
44 941 0.026336500 -0.071007300 0.00000000000000000000 1.00000000000000000000 2 0 8 29 30 31 43 45 57 58 59 
45 942 0.018038600 -0.065103800 0.00000000000000000000 1.00000000000000000000 2 0 8 30 31 32 44 46 58 59 60 
46 943 0.010487200 -0.059052600 0.00000000000000000000 1.00000000000000000000 2 0 8 31 32 33 45 47 59 60 61 
47 944 0.003694670 -0.052865100 0.00000000000000000000 1.00000000000000000000 2 0 8 32 33 34 46 48 60 61 62 
48 945 -0.002327770 -0.046553000 0.00000000000000000000 1.00000000000000000000 2 0 8 33 34 35 47 49 61 62 63 
49 946 -0.007569930 -0.040128700 0.00000000000000000000 1.00000000000000000000 2 0 8 34 35 36 48 50 62 63 64 
50 947 -0.012022700 -0.033604800 0.00000000000000000000 1.00000000000000000000 2 0 8 35 36 37 49 51 63 64 65 
51 948 -0.015678100 -0.026994700 0.00000000000000000000 1.00000000000000000000 2 0 8 36 37 38 50 52 64 65 66 
52 949 -0.018529200 -0.020312700 0.00000000000000000000 1.00000000000000000000 2 0 8 37 38 317 51 319 65 66 321 
53 950 0.069964800 -0.115996000 0.00000000000000000000 1.00000000000000000000 2 0 8 318 39 40 320 54 323 67 68 
54 951 0.057892500 -0.109984000 0.00000000000000000000 1.00000000000000000000 2 0 8 39 40 41 53 55 67 68 69 
55 952 0.046502200 -0.103747000 0.00000000000000000000 1.00000000000000000000 2 0 8 40 41 42 54 56 68 69 70 
56 953 0.035812200 -0.097297900 0.00000000000000000000 1.00000000000000000000 2 0 8 41 42 43 55 57 69 70 71 
57 954 0.025840100 -0.090647200 0.00000000000000000000 1.00000000000000000000 2 0 8 42 43 44 56 58 70 71 72 
58 955 0.016602000 -0.083807100 0.00000000000000000000 1.00000000000000000000 2 0 8 43 44 45 57 59 71 72 73 
59 956 0.008113130 -0.076790200 0.00000000000000000000 1.00000000000000000000 2 0 8 44 45 46 58 60 72 73 74 
60 957 0.000387454 -0.069609400 0.00000000000000000000 1.00000000000000000000 2 0 8 45 46 47 59 61 73 74 75 
61 958 -0.006562140 -0.062278000 0.00000000000000000000 1.00000000000000000000 2 0 8 46 47 48 60 62 74 75 76 
62 959 -0.012723900 -0.054809900 0.00000000000000000000 1.00000000000000000000 2 0 8 47 48 49 61 63 75 76 77 
63 960 -0.018087200 -0.047219400 0.00000000000000000000 1.00000000000000000000 2 0 8 48 49 50 62 64 76 77 78 
64 961 -0.022642700 -0.039521500 0.00000000000000000000 1.00000000000000000000 2 0 8 49 50 51 63 65 77 78 79 
65 962 -0.026382100 -0.031731800 0.00000000000000000000 1.00000000000000000000 2 0 8 50 51 52 64 66 78 79 80 
66 963 -0.029298200 -0.023866800 0.00000000000000000000 1.00000000000000000000 2 0 8 51 52 319 65 321 79 80 81 
67 964 0.059915200 -0.134502000 0.00000000000000000000 1.00000000000000000000 2 0 8 320 53 54 323 68 325 82 83 
68 965 0.047538400 -0.127460000 0.00000000000000000000 1.00000000000000000000 2 0 8 53 54 55 67 69 82 83 84 
69 966 0.035859800 -0.120169000 0.00000000000000000000 1.00000000000000000000 2 0 8 54 55 56 68 70 83 84 85 
70 967 0.024898600 -0.112641000 0.00000000000000000000 1.00000000000000000000 2 0 8 55 56 57 69 71 84 85 86 
71 968 0.014672700 -0.104890000 0.00000000000000000000 1.00000000000000000000 2 0 8 56 57 58 70 72 85 86 87 
72 969 0.005198980 -0.096929300 0.00000000000000000000 1.00000000000000000000 2 0 8 57 58 59 71 73 86 87 88 
73 970 -0.003506750 -0.088773100 0.00000000000000000000 1.00000000000000000000 2 0 8 58 59 60 72 74 87 88 89 
74 971 -0.011430000 -0.080436400 0.00000000000000000000 1.00000000000000000000 2 0 8 59 60 61 73 75 88 89 90 
75 972 -0.018557300 -0.071934500 0.00000000000000000000 1.00000000000000000000 2 0 8 60 61 62 74 76 89 90 91 
76 973 -0.024876600 -0.063283100 0.00000000000000000000 1.00000000000000000000 2 0 8 61 62 63 75 77 90 91 92 
77 974 -0.030376800 -0.054498700 0.00000000000000000000 1.00000000000000000000 2 0 8 62 63 64 76 78 91 92 93 
78 975 -0.035048200 -0.045598200 0.00000000000000000000 1.00000000000000000000 2 0 8 63 64 65 77 79 92 93 94 
79 976 -0.038882400 -0.036599400 0.00000000000000000000 1.00000000000000000000 2 0 8 64 65 66 78 80 93 94 95 
80 977 -0.041872200 -0.027520600 0.00000000000000000000 1.00000000000000000000 2 0 8 65 66 321 79 81 94 95 96 
81 978 -0.044012000 -0.018380900 0.00000000000000000000 1.00000000000000000000 2 0 8 66 321 322 80 324 95 96 326 
82 979 0.048322200 -0.153514000 0.00000000000000000000 1.00000000000000000000 2 0 8 323 67 68 325 83 329 97 98 
83 980 0.035601000 -0.145417000 0.00000000000000000000 1.00000000000000000000 2 0 8 67 68 69 82 84 97 98 99 
84 981 0.023596800 -0.137044000 0.00000000000000000000 1.00000000000000000000 2 0 8 68 69 70 83 85 98 99 100 
85 982 0.012329300 -0.128410000 0.00000000000000000000 1.00000000000000000000 2 0 8 69 70 71 84 86 99 100 101 
86 983 0.001817330 -0.119530000 0.00000000000000000000 1.00000000000000000000 2 0 8 70 71 72 85 87 100 101 102 
87 984 -0.007921720 -0.110419000 0.00000000000000000000 1.00000000000000000000 2 0 8 71 72 73 86 88 101 102 103 
88 985 -0.016871500 -0.101094000 0.00000000000000000000 1.00000000000000000000 2 0 8 72 73 74 87 89 102 103 104 
89 986 -0.025016800 -0.091570900 0.00000000000000000000 1.00000000000000000000 2 0 8 73 74 75 88 90 103 104 105 
90 987 -0.032343900 -0.081867200 0.00000000000000000000 1.00000000000000000000 2 0 8 74 75 76 89 91 104 105 106 
91 988 -0.038840000 -0.072000800 0.00000000000000000000 1.00000000000000000000 2 0 8 75 76 77 90 92 105 106 107 
92 989 -0.044493900 -0.061990000 0.00000000000000000000 1.00000000000000000000 2 0 8 76 77 78 91 93 106 107 108 
93 990 -0.049295600 -0.051853800 0.00000000000000000000 1.00000000000000000000 2 0 8 77 78 79 92 94 107 108 109 
94 991 -0.053236500 -0.041611800 0.00000000000000000000 1.00000000000000000000 2 0 8 78 79 80 93 95 108 109 110 
95 992 -0.056309300 -0.031284300 0.00000000000000000000 1.00000000000000000000 2 0 8 79 80 81 94 96 109 110 111 
96 993 -0.058508200 -0.020891900 0.00000000000000000000 1.00000000000000000000 2 0 8 80 81 324 95 326 110 111 112 
97 994 0.035138300 -0.173100000 0.00000000000000000000 1.00000000000000000000 2 0 8 325 82 83 329 98 113 114 115 
98 995 0.022031300 -0.163917000 0.00000000000000000000 1.00000000000000000000 2 0 8 82 83 84 97 99 114 115 116 
99 996 0.009662430 -0.154432000 0.00000000000000000000 1.00000000000000000000 2 0 8 83 84 85 98 100 115 116 117 
100 997 -0.001947670 -0.144660000 0.00000000000000000000 1.00000000000000000000 2 0 8 84 85 86 99 101 116 117 118 
101 998 -0.012779600 -0.134618000 0.00000000000000000000 1.00000000000000000000 2 0 8 85 86 87 100 102 117 118 119 
102 999 -0.022815200 -0.124324000 0.00000000000000000000 1.00000000000000000000 2 0 8 86 87 88 101 103 118 119 120 
103 1000 -0.032037500 -0.113795000 0.00000000000000000000 1.00000000000000000000 2 0 8 87 88 89 102 104 119 120 121 
104 1001 -0.040430800 -0.103051000 0.00000000000000000000 1.00000000000000000000 2 0 8 88 89 90 103 105 120 121 122 
105 1002 -0.047980800 -0.092110000 0.00000000000000000000 1.00000000000000000000 2 0 8 89 90 91 104 106 121 122 123 
106 1003 -0.054674400 -0.080992200 0.00000000000000000000 1.00000000000000000000 2 0 8 90 91 92 105 107 122 123 124 
107 1004 -0.060500000 -0.069718000 0.00000000000000000000 1.00000000000000000000 2 0 8 91 92 93 106 108 123 124 125 
108 1005 -0.065447200 -0.058308400 0.00000000000000000000 1.00000000000000000000 2 0 8 92 93 94 107 109 124 125 126 
109 1006 -0.069507300 -0.046784700 0.00000000000000000000 1.00000000000000000000 2 0 8 93 94 95 108 110 125 126 127 
110 1007 -0.072672900 -0.035169100 0.00000000000000000000 1.00000000000000000000 2 0 8 94 95 96 109 111 126 127 128 
111 1008 -0.074938100 -0.023484100 0.00000000000000000000 1.00000000000000000000 2 0 8 95 96 326 110 112 127 128 129 
112 1009 -0.076298900 -0.011752500 0.00000000000000000000 1.00000000000000000000 2 0 8 96 326 327 111 330 128 129 333 
113 1010 0.034586300 -0.203284000 0.00000000000000000000 1.00000000000000000000 2 0 8 328 329 97 332 114 130 131 132 
114 1011 0.020310600 -0.193329000 0.00000000000000000000 1.00000000000000000000 2 0 8 329 97 98 113 115 131 132 133 
115 1012 0.006774350 -0.183026000 0.00000000000000000000 1.00000000000000000000 2 0 8 97 98 99 114 116 132 133 134 
116 1013 -0.005999860 -0.172393000 0.00000000000000000000 1.00000000000000000000 2 0 8 98 99 100 115 117 133 134 135 
117 1014 -0.017990600 -0.161447000 0.00000000000000000000 1.00000000000000000000 2 0 8 99 100 101 116 118 134 135 136 
118 1015 -0.029177900 -0.150207000 0.00000000000000000000 1.00000000000000000000 2 0 8 100 101 102 117 119 135 136 137 
119 1016 -0.039542700 -0.138692000 0.00000000000000000000 1.00000000000000000000 2 0 8 101 102 103 118 120 136 137 138 
120 1017 -0.049067500 -0.126921000 0.00000000000000000000 1.00000000000000000000 2 0 8 102 103 104 119 121 137 138 139 
121 1018 -0.057736000 -0.114916000 0.00000000000000000000 1.00000000000000000000 2 0 8 103 104 105 120 122 138 139 140 
122 1019 -0.065533400 -0.102698000 0.00000000000000000000 1.00000000000000000000 2 0 8 104 105 106 121 123 139 140 141 
123 1020 -0.072446200 -0.090288000 0.00000000000000000000 1.00000000000000000000 2 0 8 105 106 107 122 124 140 141 142 
124 1021 -0.078462300 -0.077708700 0.00000000000000000000 1.00000000000000000000 2 0 8 106 107 108 123 125 141 142 143 
125 1022 -0.083571100 -0.064983200 0.00000000000000000000 1.00000000000000000000 2 0 8 107 108 109 124 126 142 143 144 
126 1023 -0.087763600 -0.052134800 0.00000000000000000000 1.00000000000000000000 2 0 8 108 109 110 125 127 143 144 145 
127 1024 -0.091032300 -0.039187500 0.00000000000000000000 1.00000000000000000000 2 0 8 109 110 111 126 128 144 145 146 
128 1025 -0.093371200 -0.026165600 0.00000000000000000000 1.00000000000000000000 2 0 8 110 111 112 127 129 145 146 147 
129 1026 -0.094776200 -0.013093800 0.00000000000000000000 1.00000000000000000000 2 0 8 111 112 330 128 333 146 147 336 
130 1027 0.034072200 -0.236037000 0.00000000000000000000 1.00000000000000000000 2 0 8 331 332 113 335 131 148 149 150 
131 1028 0.018555900 -0.225353000 0.00000000000000000000 1.00000000000000000000 2 0 8 332 113 114 130 132 149 150 151 
132 1029 0.003780060 -0.214271000 0.00000000000000000000 1.00000000000000000000 2 0 8 113 114 115 131 133 150 151 152 
133 1030 -0.010230600 -0.202811000 0.00000000000000000000 1.00000000000000000000 2 0 8 114 115 116 132 134 151 152 153 
134 1031 -0.023452700 -0.190991000 0.00000000000000000000 1.00000000000000000000 2 0 8 115 116 117 133 135 152 153 154 
135 1032 -0.035864000 -0.178831000 0.00000000000000000000 1.00000000000000000000 2 0 8 116 117 118 134 136 153 154 155 
136 1033 -0.047443500 -0.166352000 0.00000000000000000000 1.00000000000000000000 2 0 8 117 118 119 135 137 154 155 156 
137 1034 -0.058171800 -0.153573000 0.00000000000000000000 1.00000000000000000000 2 0 8 118 119 120 136 138 155 156 157 
138 1035 -0.068030500 -0.140518000 0.00000000000000000000 1.00000000000000000000 2 0 8 119 120 121 137 139 156 157 158 
139 1036 -0.077002800 -0.127208000 0.00000000000000000000 1.00000000000000000000 2 0 8 120 121 122 138 140 157 158 159 
140 1037 -0.085073200 -0.113668000 0.00000000000000000000 1.00000000000000000000 2 0 8 121 122 123 139 141 158 159 160 
141 1038 -0.092227900 -0.099919900 0.00000000000000000000 1.00000000000000000000 2 0 8 122 123 124 140 142 159 160 161 
142 1039 -0.098454300 -0.085989300 0.00000000000000000000 1.00000000000000000000 2 0 8 123 124 125 141 143 160 161 162 
143 1040 -0.103742000 -0.071900900 0.00000000000000000000 1.00000000000000000000 2 0 8 124 125 126 142 144 161 162 163 
144 1041 -0.108080000 -0.057680100 0.00000000000000000000 1.00000000000000000000 2 0 8 125 126 127 143 145 162 163 164 
145 1042 -0.111463000 -0.043352800 0.00000000000000000000 1.00000000000000000000 2 0 8 126 127 128 144 146 163 164 165 
146 1043 -0.113883000 -0.028945300 0.00000000000000000000 1.00000000000000000000 2 0 8 127 128 129 145 147 164 165 166 
147 1044 -0.115337000 -0.014484200 0.00000000000000000000 1.00000000000000000000 2 0 8 128 129 333 146 336 165 166 339 
148 1045 0.033736400 -0.271436000 0.00000000000000000000 1.00000000000000000000 2 0 8 334 335 130 338 149 167 168 169 
149 1046 0.016901500 -0.260068000 0.00000000000000000000 1.00000000000000000000 2 0 8 335 130 131 148 150 168 169 170 
150 1047 0.000807704 -0.248251000 0.00000000000000000000 1.00000000000000000000 2 0 8 130 131 132 149 151 169 170 171 
151 1048 -0.014518200 -0.236002000 0.00000000000000000000 1.00000000000000000000 2 0 8 131 132 133 150 152 170 171 172 
152 1049 -0.029050500 -0.223343000 0.00000000000000000000 1.00000000000000000000 2 0 8 132 133 134 151 153 171 172 173 
153 1050 -0.042765000 -0.210293000 0.00000000000000000000 1.00000000000000000000 2 0 8 133 134 135 152 154 172 173 174 
154 1051 -0.055638400 -0.196874000 0.00000000000000000000 1.00000000000000000000 2 0 8 134 135 136 153 155 173 174 175 
155 1052 -0.067649100 -0.183109000 0.00000000000000000000 1.00000000000000000000 2 0 8 135 136 137 154 156 174 175 176 
156 1053 -0.078776700 -0.169021000 0.00000000000000000000 1.00000000000000000000 2 0 8 136 137 138 155 157 175 176 177 
157 1054 -0.089002200 -0.154633000 0.00000000000000000000 1.00000000000000000000 2 0 8 137 138 139 156 158 176 177 178 
158 1055 -0.098308200 -0.139970000 0.00000000000000000000 1.00000000000000000000 2 0 8 138 139 140 157 159 177 178 179 
159 1056 -0.106679000 -0.125057000 0.00000000000000000000 1.00000000000000000000 2 0 8 139 140 141 158 160 178 179 180 
160 1057 -0.114099000 -0.109921000 0.00000000000000000000 1.00000000000000000000 2 0 8 140 141 142 159 161 179 180 181 
161 1058 -0.120557000 -0.094588300 0.00000000000000000000 1.00000000000000000000 2 0 8 141 142 143 160 162 180 181 182 
162 1059 -0.126040000 -0.079085100 0.00000000000000000000 1.00000000000000000000 2 0 8 142 143 144 161 163 181 182 183 
163 1060 -0.130540000 -0.063439400 0.00000000000000000000 1.00000000000000000000 2 0 8 143 144 145 162 164 182 183 184 
164 1061 -0.134047000 -0.047679100 0.00000000000000000000 1.00000000000000000000 2 0 8 144 145 146 163 165 183 184 185 
165 1062 -0.136557000 -0.031832600 0.00000000000000000000 1.00000000000000000000 2 0 8 145 146 147 164 166 184 185 186 
166 1063 -0.138065000 -0.015928400 0.00000000000000000000 1.00000000000000000000 2 0 8 146 147 336 165 339 185 186 342 
167 1064 0.033733300 -0.309560000 0.00000000000000000000 1.00000000000000000000 2 0 8 337 338 148 341 168 187 188 189 
168 1065 0.015495800 -0.297561000 0.00000000000000000000 1.00000000000000000000 2 0 8 338 148 149 167 169 188 189 190 
169 1066 -0.002000740 -0.285054000 0.00000000000000000000 1.00000000000000000000 2 0 8 148 149 150 168 170 189 190 191 
170 1067 -0.018727100 -0.272060000 0.00000000000000000000 1.00000000000000000000 2 0 8 149 150 151 169 171 190 191 192 
171 1068 -0.034655300 -0.258600000 0.00000000000000000000 1.00000000000000000000 2 0 8 150 151 152 170 172 191 192 193 
172 1069 -0.049758800 -0.244695000 0.00000000000000000000 1.00000000000000000000 2 0 8 151 152 153 171 173 192 193 194 
173 1070 -0.064012200 -0.230367000 0.00000000000000000000 1.00000000000000000000 2 0 8 152 153 154 172 174 193 194 195 
174 1071 -0.077391400 -0.215640000 0.00000000000000000000 1.00000000000000000000 2 0 8 153 154 155 173 175 194 195 196 
175 1072 -0.089873900 -0.200540000 0.00000000000000000000 1.00000000000000000000 2 0 8 154 155 156 174 176 195 196 197 
176 1073 -0.101438000 -0.185089000 0.00000000000000000000 1.00000000000000000000 2 0 8 155 156 157 175 177 196 197 198 
177 1074 -0.112065000 -0.169316000 0.00000000000000000000 1.00000000000000000000 2 0 8 156 157 158 176 178 197 198 199 
178 1075 -0.121736000 -0.153246000 0.00000000000000000000 1.00000000000000000000 2 0 8 157 158 159 177 179 198 199 200 
179 1076 -0.130435000 -0.136908000 0.00000000000000000000 1.00000000000000000000 2 0 8 158 159 160 178 180 199 200 201 
180 1077 -0.138146000 -0.120328000 0.00000000000000000000 1.00000000000000000000 2 0 8 159 160 161 179 181 200 201 202 
181 1078 -0.144856000 -0.103536000 0.00000000000000000000 1.00000000000000000000 2 0 8 160 161 162 180 182 201 202 203 
182 1079 -0.150554000 -0.086560900 0.00000000000000000000 1.00000000000000000000 2 0 8 161 162 163 181 183 202 203 204 
183 1080 -0.155230000 -0.069432700 0.00000000000000000000 1.00000000000000000000 2 0 8 162 163 164 182 184 203 204 205 
184 1081 -0.158875000 -0.052181300 0.00000000000000000000 1.00000000000000000000 2 0 8 163 164 165 183 185 204 205 206 
185 1082 -0.161483000 -0.034837300 0.00000000000000000000 1.00000000000000000000 2 0 8 164 165 166 184 186 205 206 207 
186 1083 -0.163050000 -0.017431400 0.00000000000000000000 1.00000000000000000000 2 0 8 165 166 339 185 342 206 207 208 
187 1084 0.034231900 -0.350496000 0.00000000000000000000 1.00000000000000000000 2 0 8 340 341 167 344 188 346 209 210 
188 1085 0.014501500 -0.337921000 0.00000000000000000000 1.00000000000000000000 2 0 8 341 167 168 187 189 209 210 211 
189 1086 -0.004488700 -0.324777000 0.00000000000000000000 1.00000000000000000000 2 0 8 167 168 169 188 190 210 211 212 
190 1087 -0.022707200 -0.311086000 0.00000000000000000000 1.00000000000000000000 2 0 8 168 169 170 189 191 211 212 213 
191 1088 -0.040123700 -0.296867000 0.00000000000000000000 1.00000000000000000000 2 0 8 169 170 171 190 192 212 213 214 
192 1089 -0.056709100 -0.282145000 0.00000000000000000000 1.00000000000000000000 2 0 8 170 171 172 191 193 213 214 215 
193 1090 -0.072435600 -0.266943000 0.00000000000000000000 1.00000000000000000000 2 0 8 171 172 173 192 194 214 215 216 
194 1091 -0.087276700 -0.251285000 0.00000000000000000000 1.00000000000000000000 2 0 8 172 173 174 193 195 215 216 217 
195 1092 -0.101207000 -0.235197000 0.00000000000000000000 1.00000000000000000000 2 0 8 173 174 175 194 196 216 217 218 
196 1093 -0.114204000 -0.218705000 0.00000000000000000000 1.00000000000000000000 2 0 8 174 175 176 195 197 217 218 219 
197 1094 -0.126245000 -0.201837000 0.00000000000000000000 1.00000000000000000000 2 0 8 175 176 177 196 198 218 219 220 
198 1095 -0.137309000 -0.184620000 0.00000000000000000000 1.00000000000000000000 2 0 8 176 177 178 197 199 219 220 221 
199 1096 -0.147378000 -0.167085000 0.00000000000000000000 1.00000000000000000000 2 0 8 177 178 179 198 200 220 221 222 
200 1097 -0.156435000 -0.149260000 0.00000000000000000000 1.00000000000000000000 2 0 8 178 179 180 199 201 221 222 223 
201 1098 -0.164463000 -0.131176000 0.00000000000000000000 1.00000000000000000000 2 0 8 179 180 181 200 202 222 223 224 
202 1099 -0.171449000 -0.112864000 0.00000000000000000000 1.00000000000000000000 2 0 8 180 181 182 201 203 223 224 225 
203 1100 -0.177381000 -0.094354600 0.00000000000000000000 1.00000000000000000000 2 0 8 181 182 183 202 204 224 225 226 
204 1101 -0.182249000 -0.075681100 0.00000000000000000000 1.00000000000000000000 2 0 8 182 183 184 203 205 225 226 227 
205 1102 -0.186043000 -0.056875300 0.00000000000000000000 1.00000000000000000000 2 0 8 183 184 185 204 206 226 227 228 
206 1103 -0.188758000 -0.037970100 0.00000000000000000000 1.00000000000000000000 2 0 8 184 185 186 205 207 227 228 229 
207 1104 -0.190389000 -0.018998500 0.00000000000000000000 1.00000000000000000000 2 0 8 185 186 342 206 208 228 229 347 
208 1105 -0.190933000 0.000006475 0.00000000000000000000 1.00000000000000000000 2 0 8 186 342 343 207 345 229 347 348 
209 1106 0.014097100 -0.381242000 0.00000000000000000000 1.00000000000000000000 2 0 8 344 187 188 346 210 349 350 230 
210 1107 -0.006484230 -0.367519000 0.00000000000000000000 1.00000000000000000000 2 0 8 187 188 189 209 211 350 230 231 
211 1108 -0.026293300 -0.353183000 0.00000000000000000000 1.00000000000000000000 2 0 8 188 189 190 210 212 230 231 232 
212 1109 -0.045297200 -0.338256000 0.00000000000000000000 1.00000000000000000000 2 0 8 189 190 191 211 213 231 232 233 
213 1110 -0.063464300 -0.322761000 0.00000000000000000000 1.00000000000000000000 2 0 8 190 191 192 212 214 232 233 234 
214 1111 -0.080764100 -0.306724000 0.00000000000000000000 1.00000000000000000000 2 0 8 191 192 193 213 215 233 234 235 
215 1112 -0.097167900 -0.290168000 0.00000000000000000000 1.00000000000000000000 2 0 8 192 193 194 214 216 234 235 236 
216 1113 -0.112648000 -0.273122000 0.00000000000000000000 1.00000000000000000000 2 0 8 193 194 195 215 217 235 236 237 
217 1114 -0.127178000 -0.255614000 0.00000000000000000000 1.00000000000000000000 2 0 8 194 195 196 216 218 236 237 238 
218 1115 -0.140734000 -0.237670000 0.00000000000000000000 1.00000000000000000000 2 0 8 195 196 197 217 219 237 238 239 
219 1116 -0.153292000 -0.219322000 0.00000000000000000000 1.00000000000000000000 2 0 8 196 197 198 218 220 238 239 240 
220 1117 -0.164832000 -0.200600000 0.00000000000000000000 1.00000000000000000000 2 0 8 197 198 199 219 221 239 240 241 
221 1118 -0.175334000 -0.181535000 0.00000000000000000000 1.00000000000000000000 2 0 8 198 199 200 220 222 240 241 242 
222 1119 -0.184779000 -0.162159000 0.00000000000000000000 1.00000000000000000000 2 0 8 199 200 201 221 223 241 242 243 
223 1120 -0.193152000 -0.142504000 0.00000000000000000000 1.00000000000000000000 2 0 8 200 201 202 222 224 242 243 244 
224 1121 -0.200438000 -0.122604000 0.00000000000000000000 1.00000000000000000000 2 0 8 201 202 203 223 225 243 244 245 
225 1122 -0.206624000 -0.102494000 0.00000000000000000000 1.00000000000000000000 2 0 8 202 203 204 224 226 244 245 246 
226 1123 -0.211700000 -0.082206700 0.00000000000000000000 1.00000000000000000000 2 0 8 203 204 205 225 227 245 246 247 
227 1124 -0.215657000 -0.061777700 0.00000000000000000000 1.00000000000000000000 2 0 8 204 205 206 226 228 246 247 248 
228 1125 -0.218489000 -0.041242000 0.00000000000000000000 1.00000000000000000000 2 0 8 205 206 207 227 229 247 248 351 
229 1126 -0.220189000 -0.020635100 0.00000000000000000000 1.00000000000000000000 2 0 8 206 207 208 228 347 248 351 352 
230 1127 -0.029303700 -0.398464000 0.00000000000000000000 1.00000000000000000000 2 0 8 209 210 211 350 231 353 354 249 
231 1128 -0.050001000 -0.382882000 0.00000000000000000000 1.00000000000000000000 2 0 8 210 211 212 230 232 354 249 250 
232 1129 -0.069856600 -0.366665000 0.00000000000000000000 1.00000000000000000000 2 0 8 211 212 213 231 233 249 250 251 
233 1130 -0.088837600 -0.349836000 0.00000000000000000000 1.00000000000000000000 2 0 8 212 213 214 232 234 250 251 252 
234 1131 -0.106912000 -0.332424000 0.00000000000000000000 1.00000000000000000000 2 0 8 213 214 215 233 235 251 252 253 
235 1132 -0.124050000 -0.314455000 0.00000000000000000000 1.00000000000000000000 2 0 8 214 215 216 234 236 252 253 254 
236 1133 -0.140223000 -0.295959000 0.00000000000000000000 1.00000000000000000000 2 0 8 215 216 217 235 237 253 254 255 
237 1134 -0.155403000 -0.276965000 0.00000000000000000000 1.00000000000000000000 2 0 8 216 217 218 236 238 254 255 256 
238 1135 -0.169565000 -0.257505000 0.00000000000000000000 1.00000000000000000000 2 0 8 217 218 219 237 239 255 256 257 
239 1136 -0.182684000 -0.237610000 0.00000000000000000000 1.00000000000000000000 2 0 8 218 219 220 238 240 256 257 258 
240 1137 -0.194740000 -0.217313000 0.00000000000000000000 1.00000000000000000000 2 0 8 219 220 221 239 241 257 258 259 
241 1138 -0.205710000 -0.196648000 0.00000000000000000000 1.00000000000000000000 2 0 8 220 221 222 240 242 258 259 260 
242 1139 -0.215577000 -0.175650000 0.00000000000000000000 1.00000000000000000000 2 0 8 221 222 223 241 243 259 260 261 
243 1140 -0.224323000 -0.154353000 0.00000000000000000000 1.00000000000000000000 2 0 8 222 223 224 242 244 260 261 262 
244 1141 -0.231933000 -0.132794000 0.00000000000000000000 1.00000000000000000000 2 0 8 223 224 225 243 245 261 262 263 
245 1142 -0.238395000 -0.111008000 0.00000000000000000000 1.00000000000000000000 2 0 8 224 225 226 244 246 262 263 264 
246 1143 -0.243698000 -0.089033000 0.00000000000000000000 1.00000000000000000000 2 0 8 225 226 227 245 247 263 264 265 
247 1144 -0.247831000 -0.066906000 0.00000000000000000000 1.00000000000000000000 2 0 8 226 227 228 246 248 264 265 355 
248 1145 -0.250789000 -0.044664800 0.00000000000000000000 1.00000000000000000000 2 0 8 227 228 229 247 351 265 355 356 
249 1146 -0.075701500 -0.413983000 0.00000000000000000000 1.00000000000000000000 2 0 8 230 231 232 354 250 357 266 267 
250 1147 -0.096478600 -0.396415000 0.00000000000000000000 1.00000000000000000000 2 0 8 231 232 233 249 251 266 267 268 
251 1148 -0.116340000 -0.378191000 0.00000000000000000000 1.00000000000000000000 2 0 8 232 233 234 250 252 267 268 269 
252 1149 -0.135253000 -0.359339000 0.00000000000000000000 1.00000000000000000000 2 0 8 233 234 235 251 253 268 269 270 
253 1150 -0.153185000 -0.339891000 0.00000000000000000000 1.00000000000000000000 2 0 8 234 235 236 252 254 269 270 271 
254 1151 -0.170106000 -0.319877000 0.00000000000000000000 1.00000000000000000000 2 0 8 235 236 237 253 255 270 271 272 
255 1152 -0.185989000 -0.299328000 0.00000000000000000000 1.00000000000000000000 2 0 8 236 237 238 254 256 271 272 273 
256 1153 -0.200806000 -0.278280000 0.00000000000000000000 1.00000000000000000000 2 0 8 237 238 239 255 257 272 273 274 
257 1154 -0.214533000 -0.256765000 0.00000000000000000000 1.00000000000000000000 2 0 8 238 239 240 256 258 273 274 275 
258 1155 -0.227145000 -0.234820000 0.00000000000000000000 1.00000000000000000000 2 0 8 239 240 241 257 259 274 275 276 
259 1156 -0.238623000 -0.212480000 0.00000000000000000000 1.00000000000000000000 2 0 8 240 241 242 258 260 275 276 277 
260 1157 -0.248945000 -0.189783000 0.00000000000000000000 1.00000000000000000000 2 0 8 241 242 243 259 261 276 277 278 
261 1158 -0.258095000 -0.166766000 0.00000000000000000000 1.00000000000000000000 2 0 8 242 243 244 260 262 277 278 279 
262 1159 -0.266057000 -0.143468000 0.00000000000000000000 1.00000000000000000000 2 0 8 243 244 245 261 263 278 279 280 
263 1160 -0.272817000 -0.119928000 0.00000000000000000000 1.00000000000000000000 2 0 8 244 245 246 262 264 279 280 281 
264 1161 -0.278364000 -0.096184400 0.00000000000000000000 1.00000000000000000000 2 0 8 245 246 247 263 265 280 281 358 
265 1162 -0.282688000 -0.072278700 0.00000000000000000000 1.00000000000000000000 2 0 8 246 247 248 264 355 281 358 359 
266 1163 -0.103492000 -0.446598000 0.00000000000000000000 1.00000000000000000000 2 0 8 354 249 250 357 267 360 282 283 
267 1164 -0.125264000 -0.427615000 0.00000000000000000000 1.00000000000000000000 2 0 8 249 250 251 266 268 282 283 284 
268 1165 -0.146075000 -0.407928000 0.00000000000000000000 1.00000000000000000000 2 0 8 250 251 252 267 269 283 284 285 
269 1166 -0.165893000 -0.387569000 0.00000000000000000000 1.00000000000000000000 2 0 8 251 252 253 268 270 284 285 286 
270 1167 -0.184682000 -0.366569000 0.00000000000000000000 1.00000000000000000000 2 0 8 252 253 254 269 271 285 286 287 
271 1168 -0.202412000 -0.344963000 0.00000000000000000000 1.00000000000000000000 2 0 8 253 254 255 270 272 286 287 288 
272 1169 -0.219053000 -0.322785000 0.00000000000000000000 1.00000000000000000000 2 0 8 254 255 256 271 273 287 288 289 
273 1170 -0.234578000 -0.300071000 0.00000000000000000000 1.00000000000000000000 2 0 8 255 256 257 272 274 288 289 290 
274 1171 -0.248959000 -0.276858000 0.00000000000000000000 1.00000000000000000000 2 0 8 256 257 258 273 275 289 290 291 
275 1172 -0.262173000 -0.253184000 0.00000000000000000000 1.00000000000000000000 2 0 8 257 258 259 274 276 290 291 292 
276 1173 -0.274197000 -0.229088000 0.00000000000000000000 1.00000000000000000000 2 0 8 258 259 260 275 277 291 292 293 
277 1174 -0.285011000 -0.204609000 0.00000000000000000000 1.00000000000000000000 2 0 8 259 260 261 276 278 292 293 294 
278 1175 -0.294596000 -0.179788000 0.00000000000000000000 1.00000000000000000000 2 0 8 260 261 262 277 279 293 294 295 
279 1176 -0.302937000 -0.154666000 0.00000000000000000000 1.00000000000000000000 2 0 8 261 262 263 278 280 294 295 296 
280 1177 -0.310019000 -0.129285000 0.00000000000000000000 1.00000000000000000000 2 0 8 262 263 264 279 281 295 296 361 
281 1178 -0.315830000 -0.103687000 0.00000000000000000000 1.00000000000000000000 2 0 8 263 264 265 280 358 296 361 362 
282 1179 -0.133477000 -0.480849000 0.00000000000000000000 1.00000000000000000000 2 0 8 357 266 267 360 283 363 364 297 
283 1180 -0.156320000 -0.460380000 0.00000000000000000000 1.00000000000000000000 2 0 8 266 267 268 282 284 364 297 298 
284 1181 -0.178156000 -0.439158000 0.00000000000000000000 1.00000000000000000000 2 0 8 267 268 269 283 285 297 298 299 
285 1182 -0.198948000 -0.417215000 0.00000000000000000000 1.00000000000000000000 2 0 8 268 269 270 284 286 298 299 300 
286 1183 -0.218661000 -0.394587000 0.00000000000000000000 1.00000000000000000000 2 0 8 269 270 271 285 287 299 300 301 
287 1184 -0.237262000 -0.371310000 0.00000000000000000000 1.00000000000000000000 2 0 8 270 271 272 286 288 300 301 302 
288 1185 -0.254720000 -0.347421000 0.00000000000000000000 1.00000000000000000000 2 0 8 271 272 273 287 289 301 302 303 
289 1186 -0.271006000 -0.322959000 0.00000000000000000000 1.00000000000000000000 2 0 8 272 273 274 288 290 302 303 304 
290 1187 -0.286092000 -0.297962000 0.00000000000000000000 1.00000000000000000000 2 0 8 273 274 275 289 291 303 304 305 
291 1188 -0.299954000 -0.272473000 0.00000000000000000000 1.00000000000000000000 2 0 8 274 275 276 290 292 304 305 306 
292 1189 -0.312567000 -0.246532000 0.00000000000000000000 1.00000000000000000000 2 0 8 275 276 277 291 293 305 306 307 
293 1190 -0.323911000 -0.220182000 0.00000000000000000000 1.00000000000000000000 2 0 8 276 277 278 292 294 306 307 308 
294 1191 -0.333966000 -0.193466000 0.00000000000000000000 1.00000000000000000000 2 0 8 277 278 279 293 295 307 308 309 
295 1192 -0.342715000 -0.166428000 0.00000000000000000000 1.00000000000000000000 2 0 8 278 279 280 294 296 308 309 365 
296 1193 -0.350143000 -0.139114000 0.00000000000000000000 1.00000000000000000000 2 0 8 279 280 281 295 361 309 365 366 
297 1194 -0.189766000 -0.494830000 0.00000000000000000000 1.00000000000000000000 2 0 8 282 283 284 364 298 367 368 369 
298 1195 -0.212703000 -0.471994000 0.00000000000000000000 1.00000000000000000000 2 0 8 283 284 285 297 299 368 369 370 
299 1196 -0.234543000 -0.448387000 0.00000000000000000000 1.00000000000000000000 2 0 8 284 285 286 298 300 369 370 371 
300 1197 -0.255249000 -0.424048000 0.00000000000000000000 1.00000000000000000000 2 0 8 285 286 287 299 301 370 371 372 
301 1198 -0.274786000 -0.399014000 0.00000000000000000000 1.00000000000000000000 2 0 8 286 287 288 300 302 371 372 373 
302 1199 -0.293123000 -0.373327000 0.00000000000000000000 1.00000000000000000000 2 0 8 287 288 289 301 303 372 373 374 
303 1200 -0.310228000 -0.347026000 0.00000000000000000000 1.00000000000000000000 2 0 8 288 289 290 302 304 373 374 375 
304 1201 -0.326074000 -0.320155000 0.00000000000000000000 1.00000000000000000000 2 0 8 289 290 291 303 305 374 375 376 
305 1202 -0.340632000 -0.292756000 0.00000000000000000000 1.00000000000000000000 2 0 8 290 291 292 304 306 375 376 377 
306 1203 -0.353879000 -0.264876000 0.00000000000000000000 1.00000000000000000000 2 0 8 291 292 293 305 307 376 377 378 
307 1204 -0.365792000 -0.236558000 0.00000000000000000000 1.00000000000000000000 2 0 8 292 293 294 306 308 377 378 379 
308 1205 -0.376352000 -0.207850000 0.00000000000000000000 1.00000000000000000000 2 0 8 293 294 295 307 309 378 379 380 
309 1206 -0.385540000 -0.178798000 0.00000000000000000000 1.00000000000000000000 2 0 8 294 295 296 308 365 379 380 381 
310 31 0.0954915 -0.0457901 1 1
311 7804 0.00346577 -0.0101762 1 1
312 7805 0.00154133 -0.00684569 1 1
313 61 0.0912473 -0.0628894 2 0
314 7833 -0.00415763 -0.00902421 2 0
315 89 0.0978125 -0.084086 2 0
316 90 0.0855967 -0.080251 2 0
317 7861 -0.0115114 -0.0112684 2 0
318 117 0.0909686 -0.10273 2 0
319 7889 -0.0205702 -0.0135745 2 0
320 143 0.0826996 -0.121774 2 0
321 7916 -0.0313855 -0.0159438 2 0
322 7917 -0.0326396 -0.00798145 2 0
323 169 0.07297 -0.141282 2 0
324 7942 -0.0452975 -0.00920011 2 0
325 194 0.0617393 -0.161323 2 0
326 7966 -0.0598292 -0.0104559 2 0
327 7967 -0.0602697 1.90105e-06 2 0
328 217 0.0634789 -0.190499 2 0
329 218 0.0489618 -0.181966 2 0
330 7989 -0.0767526 2.47037e-06 2 0
331 239 0.0652602 -0.222087 2 0
332 240 0.0495778 -0.212875 2 0
333 8010 -0.0952447 3.11537e-06 2 0
334 258 0.067222 -0.256149 2 0
335 259 0.0503032 -0.246308 2 0
336 8030 -0.115822 3.83724e-06 2 0
337 274 0.0695164 -0.292751 2 0
338 275 0.0512844 -0.282336 2 0
339 8050 -0.138568 4.6371e-06 2 0
340 288 0.0723093 -0.331965 2 0
341 289 0.0526816 -0.321035 2 0
342 8069 -0.163572 5.51608e-06 2 0
343 8070 -0.163049 0.0174424 2 0
344 301 0.0546698 -0.362483 2 0
345 8087 -0.190389 0.0190114 2 0
346 351 0.0354167 -0.39433 2 0
347 8103 -0.220756 7.51545e-06 2 0
348 8104 -0.220189 0.0206501 2 0
349 375 0.014477 -0.427623 2 0
350 376 -0.00779918 -0.413385 2 0
351 8120 -0.252565 -0.0223472 2 0
352 8121 -0.253157 8.63759e-06 2 0
353 401 -0.0315397 -0.447042 2 0
354 402 -0.0540432 -0.430867 2 0
355 8139 -0.285781 -0.0482506 2 0
356 8140 -0.28764 -0.0241408 2 0
357 428 -0.0807961 -0.464849 2 0
358 8160 -0.320359 -0.0779151 2 0
359 8161 -0.3236 -0.0520125 2 0
360 453 -0.109663 -0.500532 2 0
361 8183 -0.356238 -0.111568 2 0
362 8184 -0.360989 -0.0838358 2 0
363 477 -0.140752 -0.538049 2 0
364 478 -0.165769 -0.516859 2 0
365 8206 -0.393341 -0.14945 2 0
366 8207 -0.399741 -0.119856 2 0
367 503 -0.200489 -0.554763 2 0
368 602 -0.225725 -0.531091 2 0
369 603 -0.249845 -0.506557 2 0
370 604 -0.272811 -0.4812 2 0
371 605 -0.294584 -0.455059 2 0
372 606 -0.315127 -0.428177 2 0
373 607 -0.334408 -0.400596 2 0
374 608 -0.352393 -0.372361 2 0
375 609 -0.369053 -0.343516 2 0
376 610 -0.384359 -0.314109 2 0
377 611 -0.398287 -0.284187 2 0
378 612 -0.410812 -0.253798 2 0
379 613 -0.421913 -0.222992 2 0
380 614 -0.431573 -0.19182 2 0
381 8229 -0.439774 -0.160332 2 0
