361 304 57
1 6594 0.809547000 0.024138600 0.11225983361103865354 0.99367888664176717839 1 1 8 305 2 307 22 23 309 43 44 
2 6595 0.824724000 0.022408000 0.11427346203834422289 0.99344933231331489232 1 1 8 1 3 22 23 24 43 44 45 
3 6596 0.839400000 0.020704700 0.11624154724163376917 0.99322097374897955202 1 1 8 2 4 23 24 25 44 45 46 
4 6597 0.853553000 0.019034000 0.11816065709095549541 0.99299449097959946453 1 1 8 3 5 24 25 26 45 46 47 
5 6598 0.867161000 0.017401300 0.12002653447902668360 0.99277068400560408712 1 1 8 4 6 25 26 27 46 47 48 
6 6599 0.880203000 0.015812000 0.12184400527015776250 0.99254926244480468078 1 1 8 5 7 26 27 28 47 48 49 
7 6600 0.892659000 0.014271200 0.12361062933351839310 0.99233079782689992410 1 1 8 6 8 27 28 29 48 49 50 
8 6601 0.904509000 0.012784300 0.12532152258104284348 0.99211618068549278782 1 1 8 7 9 28 29 30 49 50 51 
9 6602 0.915735000 0.011356300 0.12696646216782009331 0.99190701050279284079 1 1 8 8 10 29 30 31 50 51 52 
10 6603 0.926320000 0.009992440 0.12853916603416695730 0.99170443318321466197 1 1 8 9 11 30 31 32 51 52 53 
11 6604 0.936248000 0.008697520 0.13004657339925981829 0.99150788637665976388 1 1 8 10 12 31 32 33 52 53 54 
12 6605 0.945503000 0.007476390 0.13146950540820348530 0.99132021524213986829 1 1 8 11 13 32 33 34 53 54 55 
13 6606 0.954072000 0.006333690 0.13281065986142420732 0.99114142715718078769 1 1 8 12 14 33 34 35 54 55 56 
14 6607 0.961940000 0.005273870 0.13406686263307679430 0.99097228838334505685 1 1 8 13 15 34 35 36 55 56 57 
15 6608 0.969096000 0.004301120 0.13522566085276543912 0.99081482661844177962 1 1 8 14 16 35 36 37 56 57 58 
16 6609 0.975528000 0.003419390 0.13627203577044180727 0.99067145526000666145 1 1 8 15 17 36 37 38 57 58 59 
17 6610 0.981228000 0.002632300 0.13721282869678594341 0.99054158905167954963 1 1 8 16 18 37 38 39 58 59 60 
18 6611 0.986185000 0.001943150 0.13804686302476867898 0.99042569817680958799 1 1 8 17 19 38 39 40 59 60 61 
19 6612 0.990393000 0.001354870 0.13876071044765153628 0.99032593888884035138 1 1 8 18 20 39 40 41 60 61 62 
20 6613 0.993844000 0.000870000 0.13935727524022409329 0.99024216726900726737 1 1 8 19 21 40 41 42 61 62 63 
21 6614 0.996534000 0.000490644 0.13979040149328805787 0.99018111658945773268 1 1 8 20 306 41 42 308 62 63 310 
22 6615 0.811419000 0.048764200 0.00000000000000000000 1.00000000000000000000 2 0 8 305 1 2 307 23 309 43 44 
23 6616 0.826631000 0.046301100 0.00000000000000000000 1.00000000000000000000 2 0 8 1 2 3 22 24 43 44 45 
24 6617 0.841336000 0.043827200 0.00000000000000000000 1.00000000000000000000 2 0 8 2 3 4 23 25 44 45 46 
25 6618 0.855511000 0.041349100 0.00000000000000000000 1.00000000000000000000 2 0 8 3 4 5 24 26 45 46 47 
26 6619 0.869133000 0.038873400 0.00000000000000000000 1.00000000000000000000 2 0 8 4 5 6 25 27 46 47 48 
27 6620 0.882182000 0.036406500 0.00000000000000000000 1.00000000000000000000 2 0 8 5 6 7 26 28 47 48 49 
28 6621 0.894639000 0.033954900 0.00000000000000000000 1.00000000000000000000 2 0 8 6 7 8 27 29 48 49 50 
29 6622 0.906484000 0.031525000 0.00000000000000000000 1.00000000000000000000 2 0 8 7 8 9 28 30 49 50 51 
30 6623 0.917698000 0.029123200 0.00000000000000000000 1.00000000000000000000 2 0 8 8 9 10 29 31 50 51 52 
31 6624 0.928266000 0.026755700 0.00000000000000000000 1.00000000000000000000 2 0 8 9 10 11 30 32 51 52 53 
32 6625 0.938170000 0.024428600 0.00000000000000000000 1.00000000000000000000 2 0 8 10 11 12 31 33 52 53 54 
33 6626 0.947397000 0.022147800 0.00000000000000000000 1.00000000000000000000 2 0 8 11 12 13 32 34 53 54 55 
34 6627 0.955931000 0.019919200 0.00000000000000000000 1.00000000000000000000 2 0 8 12 13 14 33 35 54 55 56 
35 6628 0.963760000 0.017748300 0.00000000000000000000 1.00000000000000000000 2 0 8 13 14 15 34 36 55 56 57 
36 6629 0.970874000 0.015640200 0.00000000000000000000 1.00000000000000000000 2 0 8 14 15 16 35 37 56 57 58 
37 6630 0.977260000 0.013599800 0.00000000000000000000 1.00000000000000000000 2 0 8 15 16 17 36 38 57 58 59 
38 6631 0.982910000 0.011631400 0.00000000000000000000 1.00000000000000000000 2 0 8 16 17 18 37 39 58 59 60 
39 6632 0.987816000 0.009738870 0.00000000000000000000 1.00000000000000000000 2 0 8 17 18 19 38 40 59 60 61 
40 6633 0.991972000 0.007925100 0.00000000000000000000 1.00000000000000000000 2 0 8 18 19 20 39 41 60 61 62 
41 6634 0.995372000 0.006191910 0.00000000000000000000 1.00000000000000000000 2 0 8 19 20 21 40 42 61 62 63 
42 6635 0.998015000 0.004539340 0.00000000000000000000 1.00000000000000000000 2 0 8 20 21 306 41 308 62 63 310 
43 6636 0.814498000 0.073564400 0.00000000000000000000 1.00000000000000000000 2 0 8 307 22 23 309 44 313 64 65 
44 6637 0.829811000 0.070360200 0.00000000000000000000 1.00000000000000000000 2 0 8 22 23 24 43 45 64 65 66 
45 6638 0.844608000 0.067107100 0.00000000000000000000 1.00000000000000000000 2 0 8 23 24 25 44 46 65 66 67 
46 6639 0.858867000 0.063812600 0.00000000000000000000 1.00000000000000000000 2 0 8 24 25 26 45 47 66 67 68 
47 6640 0.872565000 0.060484700 0.00000000000000000000 1.00000000000000000000 2 0 8 25 26 27 46 48 67 68 69 
48 6641 0.885682000 0.057130800 0.00000000000000000000 1.00000000000000000000 2 0 8 26 27 28 47 49 68 69 70 
49 6642 0.898198000 0.053758800 0.00000000000000000000 1.00000000000000000000 2 0 8 27 28 29 48 50 69 70 71 
50 6643 0.910094000 0.050376200 0.00000000000000000000 1.00000000000000000000 2 0 8 28 29 30 49 51 70 71 72 
51 6644 0.921353000 0.046990500 0.00000000000000000000 1.00000000000000000000 2 0 8 29 30 31 50 52 71 72 73 
52 6645 0.931957000 0.043609200 0.00000000000000000000 1.00000000000000000000 2 0 8 30 31 32 51 53 72 73 74 
53 6646 0.941890000 0.040239600 0.00000000000000000000 1.00000000000000000000 2 0 8 31 32 33 52 54 73 74 75 
54 6647 0.951139000 0.036888900 0.00000000000000000000 1.00000000000000000000 2 0 8 32 33 34 53 55 74 75 76 
55 6648 0.959690000 0.033563800 0.00000000000000000000 1.00000000000000000000 2 0 8 33 34 35 54 56 75 76 77 
56 6649 0.967530000 0.030271000 0.00000000000000000000 1.00000000000000000000 2 0 8 34 35 36 55 57 76 77 78 
57 6650 0.974648000 0.027016500 0.00000000000000000000 1.00000000000000000000 2 0 8 35 36 37 56 58 77 78 79 
58 6651 0.981035000 0.023806100 0.00000000000000000000 1.00000000000000000000 2 0 8 36 37 38 57 59 78 79 80 
59 6652 0.986683000 0.020644800 0.00000000000000000000 1.00000000000000000000 2 0 8 37 38 39 58 60 79 80 81 
60 6653 0.991584000 0.017536700 0.00000000000000000000 1.00000000000000000000 2 0 8 38 39 40 59 61 80 81 82 
61 6654 0.995733000 0.014484800 0.00000000000000000000 1.00000000000000000000 2 0 8 39 40 41 60 62 81 82 83 
62 6655 0.999128000 0.011490200 0.00000000000000000000 1.00000000000000000000 2 0 8 40 41 42 61 63 82 83 84 
63 6656 1.001770000 0.008551920 0.00000000000000000000 1.00000000000000000000 2 0 8 41 42 308 62 310 83 84 85 
64 6657 0.818795000 0.098633000 0.00000000000000000000 1.00000000000000000000 2 0 8 309 43 44 313 65 316 86 87 
65 6658 0.834274000 0.094676000 0.00000000000000000000 1.00000000000000000000 2 0 8 43 44 45 64 66 86 87 88 
66 6659 0.849228000 0.090631500 0.00000000000000000000 1.00000000000000000000 2 0 8 44 45 46 65 67 87 88 89 
67 6660 0.863633000 0.086508300 0.00000000000000000000 1.00000000000000000000 2 0 8 45 46 47 66 68 88 89 90 
68 6661 0.877468000 0.082315400 0.00000000000000000000 1.00000000000000000000 2 0 8 46 47 48 67 69 89 90 91 
69 6662 0.890712000 0.078061500 0.00000000000000000000 1.00000000000000000000 2 0 8 47 48 49 68 70 90 91 92 
70 6663 0.903346000 0.073755600 0.00000000000000000000 1.00000000000000000000 2 0 8 48 49 50 69 71 91 92 93 
71 6664 0.915350000 0.069406400 0.00000000000000000000 1.00000000000000000000 2 0 8 49 50 51 70 72 92 93 94 
72 6665 0.926707000 0.065022800 0.00000000000000000000 1.00000000000000000000 2 0 8 50 51 52 71 73 93 94 95 
73 6666 0.937401000 0.060613400 0.00000000000000000000 1.00000000000000000000 2 0 8 51 52 53 72 74 94 95 96 
74 6667 0.947415000 0.056186700 0.00000000000000000000 1.00000000000000000000 2 0 8 52 53 54 73 75 95 96 97 
75 6668 0.956737000 0.051750900 0.00000000000000000000 1.00000000000000000000 2 0 8 53 54 55 74 76 96 97 98 
76 6669 0.965351000 0.047314000 0.00000000000000000000 1.00000000000000000000 2 0 8 54 55 56 75 77 97 98 99 
77 6670 0.973248000 0.042883600 0.00000000000000000000 1.00000000000000000000 2 0 8 55 56 57 76 78 98 99 100 
78 6671 0.980416000 0.038467000 0.00000000000000000000 1.00000000000000000000 2 0 8 56 57 58 77 79 99 100 101 
79 6672 0.986846000 0.034070600 0.00000000000000000000 1.00000000000000000000 2 0 8 57 58 59 78 80 100 101 102 
80 6673 0.992531000 0.029700100 0.00000000000000000000 1.00000000000000000000 2 0 8 58 59 60 79 81 101 102 103 
81 6674 0.997464000 0.025360300 0.00000000000000000000 1.00000000000000000000 2 0 8 59 60 61 80 82 102 103 104 
82 6675 1.001640000 0.021054500 0.00000000000000000000 1.00000000000000000000 2 0 8 60 61 62 81 83 103 104 105 
83 6676 1.005060000 0.016784300 0.00000000000000000000 1.00000000000000000000 2 0 8 61 62 63 82 84 104 105 106 
84 6677 1.007720000 0.012549100 0.00000000000000000000 1.00000000000000000000 2 0 8 62 63 310 83 85 105 106 107 
85 6678 1.009610000 0.008345240 0.00000000000000000000 1.00000000000000000000 2 0 8 63 310 311 84 314 106 107 108 
86 6679 0.824324000 0.124065000 0.00000000000000000000 1.00000000000000000000 2 0 8 313 64 65 316 87 318 109 110 
87 6680 0.840036000 0.119340000 0.00000000000000000000 1.00000000000000000000 2 0 8 64 65 66 86 88 109 110 111 
88 6681 0.855210000 0.114489000 0.00000000000000000000 1.00000000000000000000 2 0 8 65 66 67 87 89 110 111 112 
89 6682 0.869825000 0.109521000 0.00000000000000000000 1.00000000000000000000 2 0 8 66 67 68 88 90 111 112 113 
90 6683 0.883857000 0.104447000 0.00000000000000000000 1.00000000000000000000 2 0 8 67 68 69 89 91 112 113 114 
91 6684 0.897288000 0.099276500 0.00000000000000000000 1.00000000000000000000 2 0 8 68 69 70 90 92 113 114 115 
92 6685 0.910097000 0.094019500 0.00000000000000000000 1.00000000000000000000 2 0 8 69 70 71 91 93 114 115 116 
93 6686 0.922265000 0.088686200 0.00000000000000000000 1.00000000000000000000 2 0 8 70 71 72 92 94 115 116 117 
94 6687 0.933775000 0.083286600 0.00000000000000000000 1.00000000000000000000 2 0 8 71 72 73 93 95 116 117 118 
95 6688 0.944610000 0.077830500 0.00000000000000000000 1.00000000000000000000 2 0 8 72 73 74 94 96 117 118 119 
96 6689 0.954756000 0.072327700 0.00000000000000000000 1.00000000000000000000 2 0 8 73 74 75 95 97 118 119 120 
97 6690 0.964197000 0.066787600 0.00000000000000000000 1.00000000000000000000 2 0 8 74 75 76 96 98 119 120 121 
98 6691 0.972922000 0.061219400 0.00000000000000000000 1.00000000000000000000 2 0 8 75 76 77 97 99 120 121 122 
99 6692 0.980919000 0.055631800 0.00000000000000000000 1.00000000000000000000 2 0 8 76 77 78 98 100 121 122 123 
100 6693 0.988177000 0.050032900 0.00000000000000000000 1.00000000000000000000 2 0 8 77 78 79 99 101 122 123 124 
101 6694 0.994688000 0.044430500 0.00000000000000000000 1.00000000000000000000 2 0 8 78 79 80 100 102 123 124 125 
102 6695 1.000440000 0.038831100 0.00000000000000000000 1.00000000000000000000 2 0 8 79 80 81 101 103 124 125 126 
103 6696 1.005440000 0.033240400 0.00000000000000000000 1.00000000000000000000 2 0 8 80 81 82 102 104 125 126 127 
104 6697 1.009670000 0.027662900 0.00000000000000000000 1.00000000000000000000 2 0 8 81 82 83 103 105 126 127 128 
105 6698 1.013140000 0.022101200 0.00000000000000000000 1.00000000000000000000 2 0 8 82 83 84 104 106 127 128 129 
106 6699 1.015830000 0.016556300 0.00000000000000000000 1.00000000000000000000 2 0 8 83 84 85 105 107 128 129 130 
107 6700 1.017760000 0.011027000 0.00000000000000000000 1.00000000000000000000 2 0 8 84 85 314 106 108 129 130 131 
108 6701 1.018910000 0.005509750 0.00000000000000000000 1.00000000000000000000 2 0 8 85 314 312 107 315 130 131 317 
109 6702 0.831105000 0.149955000 0.00000000000000000000 1.00000000000000000000 2 0 8 316 86 87 318 110 320 132 133 
110 6703 0.847115000 0.144446000 0.00000000000000000000 1.00000000000000000000 2 0 8 86 87 88 109 111 132 133 134 
111 6704 0.862574000 0.138770000 0.00000000000000000000 1.00000000000000000000 2 0 8 87 88 89 110 112 133 134 135 
112 6705 0.877461000 0.132938000 0.00000000000000000000 1.00000000000000000000 2 0 8 88 89 90 111 113 134 135 136 
113 6706 0.891753000 0.126963000 0.00000000000000000000 1.00000000000000000000 2 0 8 89 90 91 112 114 135 136 137 
114 6707 0.905430000 0.120856000 0.00000000000000000000 1.00000000000000000000 2 0 8 90 91 92 113 115 136 137 138 
115 6708 0.918472000 0.114627000 0.00000000000000000000 1.00000000000000000000 2 0 8 91 92 93 114 116 137 138 139 
116 6709 0.930859000 0.108288000 0.00000000000000000000 1.00000000000000000000 2 0 8 92 93 94 115 117 138 139 140 
117 6710 0.942576000 0.101850000 0.00000000000000000000 1.00000000000000000000 2 0 8 93 94 95 116 118 139 140 141 
118 6711 0.953604000 0.095324900 0.00000000000000000000 1.00000000000000000000 2 0 8 94 95 96 117 119 140 141 142 
119 6712 0.963929000 0.088723100 0.00000000000000000000 1.00000000000000000000 2 0 8 95 96 97 118 120 141 142 143 
120 6713 0.973537000 0.082055500 0.00000000000000000000 1.00000000000000000000 2 0 8 96 97 98 119 121 142 143 144 
121 6714 0.982415000 0.075332300 0.00000000000000000000 1.00000000000000000000 2 0 8 97 98 99 120 122 143 144 145 
122 6715 0.990553000 0.068563600 0.00000000000000000000 1.00000000000000000000 2 0 8 98 99 100 121 123 144 145 146 
123 6716 0.997939000 0.061758800 0.00000000000000000000 1.00000000000000000000 2 0 8 99 100 101 122 124 145 146 147 
124 6717 1.004570000 0.054926700 0.00000000000000000000 1.00000000000000000000 2 0 8 100 101 102 123 125 146 147 148 
125 6718 1.010430000 0.048075200 0.00000000000000000000 1.00000000000000000000 2 0 8 101 102 103 124 126 147 148 149 
126 6719 1.015510000 0.041211400 0.00000000000000000000 1.00000000000000000000 2 0 8 102 103 104 125 127 148 149 150 
127 6720 1.019820000 0.034341000 0.00000000000000000000 1.00000000000000000000 2 0 8 103 104 105 126 128 149 150 151 
128 6721 1.023350000 0.027468700 0.00000000000000000000 1.00000000000000000000 2 0 8 104 105 106 127 129 150 151 152 
129 6722 1.026100000 0.020597400 0.00000000000000000000 1.00000000000000000000 2 0 8 105 106 107 128 130 151 152 153 
130 6723 1.028060000 0.013728800 0.00000000000000000000 1.00000000000000000000 2 0 8 106 107 108 129 131 152 153 154 
131 6724 1.029240000 0.006862920 0.00000000000000000000 1.00000000000000000000 2 0 8 107 108 315 130 317 153 154 319 
132 6725 0.839161000 0.176403000 0.00000000000000000000 1.00000000000000000000 2 0 8 318 109 110 320 133 322 155 156 
133 6726 0.855535000 0.170088000 0.00000000000000000000 1.00000000000000000000 2 0 8 109 110 111 132 134 155 156 157 
134 6727 0.871346000 0.163565000 0.00000000000000000000 1.00000000000000000000 2 0 8 110 111 112 133 135 156 157 158 
135 6728 0.886568000 0.156848000 0.00000000000000000000 1.00000000000000000000 2 0 8 111 112 113 134 136 157 158 159 
136 6729 0.901181000 0.149949000 0.00000000000000000000 1.00000000000000000000 2 0 8 112 113 114 135 137 158 159 160 
137 6730 0.915164000 0.142880000 0.00000000000000000000 1.00000000000000000000 2 0 8 113 114 115 136 138 159 160 161 
138 6731 0.928496000 0.135655000 0.00000000000000000000 1.00000000000000000000 2 0 8 114 115 116 137 139 160 161 162 
139 6732 0.941158000 0.128285000 0.00000000000000000000 1.00000000000000000000 2 0 8 115 116 117 138 140 161 162 163 
140 6733 0.953133000 0.120784000 0.00000000000000000000 1.00000000000000000000 2 0 8 116 117 118 139 141 162 163 164 
141 6734 0.964405000 0.113163000 0.00000000000000000000 1.00000000000000000000 2 0 8 117 118 119 140 142 163 164 165 
142 6735 0.974958000 0.105435000 0.00000000000000000000 1.00000000000000000000 2 0 8 118 119 120 141 143 164 165 166 
143 6736 0.984778000 0.097612900 0.00000000000000000000 1.00000000000000000000 2 0 8 119 120 121 142 144 165 166 167 
144 6737 0.993852000 0.089707200 0.00000000000000000000 1.00000000000000000000 2 0 8 120 121 122 143 145 166 167 168 
145 6738 1.002170000 0.081729800 0.00000000000000000000 1.00000000000000000000 2 0 8 121 122 123 144 146 167 168 169 
146 6739 1.009720000 0.073691400 0.00000000000000000000 1.00000000000000000000 2 0 8 122 123 124 145 147 168 169 170 
147 6740 1.016500000 0.065602200 0.00000000000000000000 1.00000000000000000000 2 0 8 123 124 125 146 148 169 170 171 
148 6741 1.022490000 0.057471700 0.00000000000000000000 1.00000000000000000000 2 0 8 124 125 126 147 149 170 171 172 
149 6742 1.027690000 0.049308600 0.00000000000000000000 1.00000000000000000000 2 0 8 125 126 127 148 150 171 172 173 
150 6743 1.032100000 0.041120400 0.00000000000000000000 1.00000000000000000000 2 0 8 126 127 128 149 151 172 173 174 
151 6744 1.035710000 0.032913800 0.00000000000000000000 1.00000000000000000000 2 0 8 127 128 129 150 152 173 174 175 
152 6745 1.038520000 0.024694400 0.00000000000000000000 1.00000000000000000000 2 0 8 128 129 130 151 153 174 175 176 
153 6746 1.040530000 0.016466500 0.00000000000000000000 1.00000000000000000000 2 0 8 129 130 131 152 154 175 176 177 
154 6747 1.041740000 0.008233520 0.00000000000000000000 1.00000000000000000000 2 0 8 130 131 317 153 319 176 177 321 
155 6748 0.848519000 0.203509000 0.00000000000000000000 1.00000000000000000000 2 0 8 320 132 133 322 156 324 178 179 
156 6749 0.865326000 0.196363000 0.00000000000000000000 1.00000000000000000000 2 0 8 132 133 134 155 157 178 179 180 
157 6750 0.881553000 0.188969000 0.00000000000000000000 1.00000000000000000000 2 0 8 133 134 135 156 158 179 180 181 
158 6751 0.897176000 0.181340000 0.00000000000000000000 1.00000000000000000000 2 0 8 134 135 136 157 159 180 181 182 
159 6752 0.912172000 0.173491000 0.00000000000000000000 1.00000000000000000000 2 0 8 135 136 137 158 160 181 182 183 
160 6753 0.926520000 0.165434000 0.00000000000000000000 1.00000000000000000000 2 0 8 136 137 138 159 161 182 183 184 
161 6754 0.940200000 0.157184000 0.00000000000000000000 1.00000000000000000000 2 0 8 137 138 139 160 162 183 184 185 
162 6755 0.953192000 0.148754000 0.00000000000000000000 1.00000000000000000000 2 0 8 138 139 140 161 163 184 185 186 
163 6756 0.965480000 0.140159000 0.00000000000000000000 1.00000000000000000000 2 0 8 139 140 141 162 164 185 186 187 
164 6757 0.977045000 0.131413000 0.00000000000000000000 1.00000000000000000000 2 0 8 140 141 142 163 165 186 187 188 
165 6758 0.987873000 0.122529000 0.00000000000000000000 1.00000000000000000000 2 0 8 141 142 143 164 166 187 188 189 
166 6759 0.997950000 0.113520000 0.00000000000000000000 1.00000000000000000000 2 0 8 142 143 144 165 167 188 189 190 
167 6760 1.007260000 0.104400000 0.00000000000000000000 1.00000000000000000000 2 0 8 143 144 145 166 168 189 190 191 
168 6761 1.015800000 0.095182600 0.00000000000000000000 1.00000000000000000000 2 0 8 144 145 146 167 169 190 191 192 
169 6762 1.023550000 0.085878900 0.00000000000000000000 1.00000000000000000000 2 0 8 145 146 147 168 170 191 192 193 
170 6763 1.030500000 0.076501200 0.00000000000000000000 1.00000000000000000000 2 0 8 146 147 148 169 171 192 193 194 
171 6764 1.036660000 0.067060600 0.00000000000000000000 1.00000000000000000000 2 0 8 147 148 149 170 172 193 194 195 
172 6765 1.042000000 0.057567600 0.00000000000000000000 1.00000000000000000000 2 0 8 148 149 150 171 173 194 195 196 
173 6766 1.046530000 0.048032100 0.00000000000000000000 1.00000000000000000000 2 0 8 149 150 151 172 174 195 196 197 
174 6767 1.050240000 0.038462800 0.00000000000000000000 1.00000000000000000000 2 0 8 150 151 152 173 175 196 197 198 
175 6768 1.053130000 0.028867700 0.00000000000000000000 1.00000000000000000000 2 0 8 151 152 153 174 176 197 198 199 
176 6769 1.055190000 0.019254300 0.00000000000000000000 1.00000000000000000000 2 0 8 152 153 154 175 177 198 199 200 
177 6770 1.056430000 0.009628870 0.00000000000000000000 1.00000000000000000000 2 0 8 153 154 319 176 321 199 200 323 
178 6771 0.859213000 0.231374000 0.00000000000000000000 1.00000000000000000000 2 0 8 322 155 156 324 179 326 201 202 
179 6772 0.876522000 0.223372000 0.00000000000000000000 1.00000000000000000000 2 0 8 155 156 157 178 180 201 202 203 
180 6773 0.893232000 0.215078000 0.00000000000000000000 1.00000000000000000000 2 0 8 156 157 158 179 181 202 203 204 
181 6774 0.909320000 0.206509000 0.00000000000000000000 1.00000000000000000000 2 0 8 157 158 159 180 182 203 204 205 
182 6775 0.924762000 0.197679000 0.00000000000000000000 1.00000000000000000000 2 0 8 158 159 160 181 183 204 205 206 
183 6776 0.939536000 0.188602000 0.00000000000000000000 1.00000000000000000000 2 0 8 159 160 161 182 184 205 206 207 
184 6777 0.953622000 0.179295000 0.00000000000000000000 1.00000000000000000000 2 0 8 160 161 162 183 185 206 207 208 
185 6778 0.967001000 0.169773000 0.00000000000000000000 1.00000000000000000000 2 0 8 161 162 163 184 186 207 208 209 
186 6779 0.979653000 0.160051000 0.00000000000000000000 1.00000000000000000000 2 0 8 162 163 164 185 187 208 209 210 
187 6780 0.991563000 0.150145000 0.00000000000000000000 1.00000000000000000000 2 0 8 163 164 165 186 188 209 210 211 
188 6781 1.002710000 0.140069000 0.00000000000000000000 1.00000000000000000000 2 0 8 164 165 166 187 189 210 211 212 
189 6782 1.013090000 0.129839000 0.00000000000000000000 1.00000000000000000000 2 0 8 165 166 167 188 190 211 212 213 
190 6783 1.022680000 0.119470000 0.00000000000000000000 1.00000000000000000000 2 0 8 166 167 168 189 191 212 213 214 
191 6784 1.031470000 0.108976000 0.00000000000000000000 1.00000000000000000000 2 0 8 167 168 169 190 192 213 214 215 
192 6785 1.039460000 0.098370700 0.00000000000000000000 1.00000000000000000000 2 0 8 168 169 170 191 193 214 215 216 
193 6786 1.046630000 0.087668500 0.00000000000000000000 1.00000000000000000000 2 0 8 169 170 171 192 194 215 216 217 
194 6787 1.052970000 0.076882200 0.00000000000000000000 1.00000000000000000000 2 0 8 170 171 172 193 195 216 217 218 
195 6788 1.058470000 0.066024300 0.00000000000000000000 1.00000000000000000000 2 0 8 171 172 173 194 196 217 218 219 
196 6789 1.063140000 0.055106700 0.00000000000000000000 1.00000000000000000000 2 0 8 172 173 174 195 197 218 219 220 
197 6790 1.066970000 0.044140800 0.00000000000000000000 1.00000000000000000000 2 0 8 173 174 175 196 198 219 220 221 
198 6791 1.069950000 0.033137000 0.00000000000000000000 1.00000000000000000000 2 0 8 174 175 176 197 199 220 221 222 
199 6792 1.072070000 0.022105500 0.00000000000000000000 1.00000000000000000000 2 0 8 175 176 177 198 200 221 222 327 
200 6793 1.073350000 0.011055700 0.00000000000000000000 1.00000000000000000000 2 0 8 176 177 321 199 323 222 327 325 
201 6794 0.871280000 0.260105000 0.00000000000000000000 1.00000000000000000000 2 0 8 324 178 179 326 202 328 329 223 
202 6795 0.889161000 0.251216000 0.00000000000000000000 1.00000000000000000000 2 0 8 178 179 180 201 203 329 223 224 
203 6796 0.906423000 0.241992000 0.00000000000000000000 1.00000000000000000000 2 0 8 179 180 181 202 204 223 224 225 
204 6797 0.923042000 0.232449000 0.00000000000000000000 1.00000000000000000000 2 0 8 180 181 182 203 205 224 225 226 
205 6798 0.938994000 0.222604000 0.00000000000000000000 1.00000000000000000000 2 0 8 181 182 183 204 206 225 226 227 
206 6799 0.954256000 0.212474000 0.00000000000000000000 1.00000000000000000000 2 0 8 182 183 184 205 207 226 227 228 
207 6800 0.968807000 0.202074000 0.00000000000000000000 1.00000000000000000000 2 0 8 183 184 185 206 208 227 228 229 
208 6801 0.982628000 0.191423000 0.00000000000000000000 1.00000000000000000000 2 0 8 184 185 186 207 209 228 229 230 
209 6802 0.995700000 0.180536000 0.00000000000000000000 1.00000000000000000000 2 0 8 185 186 187 208 210 229 230 231 
210 6803 1.008000000 0.169431000 0.00000000000000000000 1.00000000000000000000 2 0 8 186 187 188 209 211 230 231 232 
211 6804 1.019530000 0.158125000 0.00000000000000000000 1.00000000000000000000 2 0 8 187 188 189 210 212 231 232 233 
212 6805 1.030250000 0.146634000 0.00000000000000000000 1.00000000000000000000 2 0 8 188 189 190 211 213 232 233 234 
213 6806 1.040160000 0.134975000 0.00000000000000000000 1.00000000000000000000 2 0 8 189 190 191 212 214 233 234 235 
214 6807 1.049250000 0.123164000 0.00000000000000000000 1.00000000000000000000 2 0 8 190 191 192 213 215 234 235 236 
215 6808 1.057500000 0.111217000 0.00000000000000000000 1.00000000000000000000 2 0 8 191 192 193 214 216 235 236 237 
216 6809 1.064910000 0.099149800 0.00000000000000000000 1.00000000000000000000 2 0 8 192 193 194 215 217 236 237 238 
217 6810 1.071460000 0.086977300 0.00000000000000000000 1.00000000000000000000 2 0 8 193 194 195 216 218 237 238 239 
218 6811 1.077160000 0.074714200 0.00000000000000000000 1.00000000000000000000 2 0 8 194 195 196 217 219 238 239 240 
219 6812 1.081990000 0.062374800 0.00000000000000000000 1.00000000000000000000 2 0 8 195 196 197 218 220 239 240 241 
220 6813 1.085940000 0.049972700 0.00000000000000000000 1.00000000000000000000 2 0 8 196 197 198 219 221 240 241 242 
221 6814 1.089020000 0.037521200 0.00000000000000000000 1.00000000000000000000 2 0 8 197 198 199 220 222 241 242 330 
222 6815 1.091230000 0.025033000 0.00000000000000000000 1.00000000000000000000 2 0 8 198 199 200 221 327 242 330 331 
223 6816 0.903288000 0.280000000 0.00000000000000000000 1.00000000000000000000 2 0 8 201 202 203 329 224 332 333 243 
224 6817 0.921172000 0.269811000 0.00000000000000000000 1.00000000000000000000 2 0 8 202 203 204 223 225 333 243 244 
225 6818 0.938390000 0.259259000 0.00000000000000000000 1.00000000000000000000 2 0 8 203 204 205 224 226 243 244 245 
226 6819 0.954917000 0.248362000 0.00000000000000000000 1.00000000000000000000 2 0 8 204 205 206 225 227 244 245 246 
227 6820 0.970730000 0.237139000 0.00000000000000000000 1.00000000000000000000 2 0 8 205 206 207 226 228 245 246 247 
228 6821 0.985807000 0.225608000 0.00000000000000000000 1.00000000000000000000 2 0 8 206 207 208 227 229 246 247 248 
229 6822 1.000130000 0.213786000 0.00000000000000000000 1.00000000000000000000 2 0 8 207 208 209 228 230 247 248 249 
230 6823 1.013670000 0.201693000 0.00000000000000000000 1.00000000000000000000 2 0 8 208 209 210 229 231 248 249 250 
231 6824 1.026420000 0.189347000 0.00000000000000000000 1.00000000000000000000 2 0 8 209 210 211 230 232 249 250 251 
232 6825 1.038360000 0.176767000 0.00000000000000000000 1.00000000000000000000 2 0 8 210 211 212 231 233 250 251 252 
233 6826 1.049480000 0.163970000 0.00000000000000000000 1.00000000000000000000 2 0 8 211 212 213 232 234 251 252 253 
234 6827 1.059750000 0.150977000 0.00000000000000000000 1.00000000000000000000 2 0 8 212 213 214 233 235 252 253 254 
235 6828 1.069170000 0.137804000 0.00000000000000000000 1.00000000000000000000 2 0 8 213 214 215 234 236 253 254 255 
236 6829 1.077730000 0.124470000 0.00000000000000000000 1.00000000000000000000 2 0 8 214 215 216 235 237 254 255 256 
237 6830 1.085410000 0.110992000 0.00000000000000000000 1.00000000000000000000 2 0 8 215 216 217 236 238 255 256 257 
238 6831 1.092210000 0.097387200 0.00000000000000000000 1.00000000000000000000 2 0 8 216 217 218 237 239 256 257 258 
239 6832 1.098110000 0.083673400 0.00000000000000000000 1.00000000000000000000 2 0 8 217 218 219 238 240 257 258 259 
240 6833 1.103120000 0.069866700 0.00000000000000000000 1.00000000000000000000 2 0 8 218 219 220 239 241 258 259 260 
241 6834 1.107220000 0.055983300 0.00000000000000000000 1.00000000000000000000 2 0 8 219 220 221 240 242 259 260 334 
242 6835 1.110420000 0.042039100 0.00000000000000000000 1.00000000000000000000 2 0 8 220 221 222 241 330 260 334 335 
243 6836 0.937532000 0.298641000 0.00000000000000000000 1.00000000000000000000 2 0 8 223 224 225 333 244 336 261 262 
244 6837 0.955418000 0.287040000 0.00000000000000000000 1.00000000000000000000 2 0 8 224 225 226 243 245 261 262 263 
245 6838 0.972587000 0.275051000 0.00000000000000000000 1.00000000000000000000 2 0 8 225 226 227 244 246 262 263 264 
246 6839 0.989015000 0.262692000 0.00000000000000000000 1.00000000000000000000 2 0 8 226 227 228 245 247 263 264 265 
247 6840 1.004680000 0.249985000 0.00000000000000000000 1.00000000000000000000 2 0 8 227 228 229 246 248 264 265 266 
248 6841 1.019560000 0.236948000 0.00000000000000000000 1.00000000000000000000 2 0 8 228 229 230 247 249 265 266 267 
249 6842 1.033630000 0.223602000 0.00000000000000000000 1.00000000000000000000 2 0 8 229 230 231 248 250 266 267 268 
250 6843 1.046880000 0.209968000 0.00000000000000000000 1.00000000000000000000 2 0 8 230 231 232 249 251 267 268 269 
251 6844 1.059290000 0.196065000 0.00000000000000000000 1.00000000000000000000 2 0 8 231 232 233 250 252 268 269 270 
252 6845 1.070840000 0.181915000 0.00000000000000000000 1.00000000000000000000 2 0 8 232 233 234 251 253 269 270 271 
253 6846 1.081520000 0.167538000 0.00000000000000000000 1.00000000000000000000 2 0 8 233 234 235 252 254 270 271 272 
254 6847 1.091310000 0.152953000 0.00000000000000000000 1.00000000000000000000 2 0 8 234 235 236 253 255 271 272 273 
255 6848 1.100210000 0.138181000 0.00000000000000000000 1.00000000000000000000 2 0 8 235 236 237 254 256 272 273 274 
256 6849 1.108190000 0.123241000 0.00000000000000000000 1.00000000000000000000 2 0 8 236 237 238 255 257 273 274 275 
257 6850 1.115260000 0.108154000 0.00000000000000000000 1.00000000000000000000 2 0 8 237 238 239 256 258 274 275 276 
258 6851 1.121400000 0.092938300 0.00000000000000000000 1.00000000000000000000 2 0 8 238 239 240 257 259 275 276 277 
259 6852 1.126610000 0.077613200 0.00000000000000000000 1.00000000000000000000 2 0 8 239 240 241 258 260 276 277 337 
260 6853 1.130880000 0.062197400 0.00000000000000000000 1.00000000000000000000 2 0 8 240 241 242 259 334 277 337 338 
261 6854 0.955559000 0.328592000 0.00000000000000000000 1.00000000000000000000 2 0 8 333 243 244 336 262 339 340 278 
262 6855 0.974186000 0.315899000 0.00000000000000000000 1.00000000000000000000 2 0 8 243 244 245 261 263 340 278 279 
263 6856 0.992066000 0.302771000 0.00000000000000000000 1.00000000000000000000 2 0 8 244 245 246 262 264 278 279 280 
264 6857 1.009180000 0.289230000 0.00000000000000000000 1.00000000000000000000 2 0 8 245 246 247 263 265 279 280 281 
265 6858 1.025490000 0.275298000 0.00000000000000000000 1.00000000000000000000 2 0 8 246 247 248 264 266 280 281 282 
266 6859 1.040990000 0.260997000 0.00000000000000000000 1.00000000000000000000 2 0 8 247 248 249 265 267 281 282 283 
267 6860 1.055650000 0.246348000 0.00000000000000000000 1.00000000000000000000 2 0 8 248 249 250 266 268 282 283 284 
268 6861 1.069450000 0.231373000 0.00000000000000000000 1.00000000000000000000 2 0 8 249 250 251 267 269 283 284 285 
269 6862 1.082380000 0.216096000 0.00000000000000000000 1.00000000000000000000 2 0 8 250 251 252 268 270 284 285 286 
270 6863 1.094410000 0.200538000 0.00000000000000000000 1.00000000000000000000 2 0 8 251 252 253 269 271 285 286 287 
271 6864 1.105540000 0.184722000 0.00000000000000000000 1.00000000000000000000 2 0 8 252 253 254 270 272 286 287 288 
272 6865 1.115750000 0.168670000 0.00000000000000000000 1.00000000000000000000 2 0 8 253 254 255 271 273 287 288 289 
273 6866 1.125020000 0.152404000 0.00000000000000000000 1.00000000000000000000 2 0 8 254 255 256 272 274 288 289 290 
274 6867 1.133340000 0.135947000 0.00000000000000000000 1.00000000000000000000 2 0 8 255 256 257 273 275 289 290 291 
275 6868 1.140710000 0.119320000 0.00000000000000000000 1.00000000000000000000 2 0 8 256 257 258 274 276 290 291 292 
276 6869 1.147110000 0.102546000 0.00000000000000000000 1.00000000000000000000 2 0 8 257 258 259 275 277 291 292 341 
277 6870 1.152540000 0.085645400 0.00000000000000000000 1.00000000000000000000 2 0 8 258 259 260 276 337 292 341 342 
278 6871 0.994761000 0.345942000 0.00000000000000000000 1.00000000000000000000 2 0 8 261 262 263 340 279 343 344 345 
279 6872 1.013420000 0.331627000 0.00000000000000000000 1.00000000000000000000 2 0 8 262 263 264 278 280 344 345 346 
280 6873 1.031280000 0.316854000 0.00000000000000000000 1.00000000000000000000 2 0 8 263 264 265 279 281 345 346 293 
281 6874 1.048310000 0.301645000 0.00000000000000000000 1.00000000000000000000 2 0 8 264 265 266 280 282 346 293 294 
282 6875 1.064490000 0.286025000 0.00000000000000000000 1.00000000000000000000 2 0 8 265 266 267 281 283 293 294 295 
283 6876 1.079800000 0.270017000 0.00000000000000000000 1.00000000000000000000 2 0 8 266 267 268 282 284 294 295 296 
284 6877 1.094210000 0.253645000 0.00000000000000000000 1.00000000000000000000 2 0 8 267 268 269 283 285 295 296 297 
285 6878 1.107710000 0.236935000 0.00000000000000000000 1.00000000000000000000 2 0 8 268 269 270 284 286 296 297 298 
286 6879 1.120280000 0.219911000 0.00000000000000000000 1.00000000000000000000 2 0 8 269 270 271 285 287 297 298 299 
287 6880 1.131900000 0.202596000 0.00000000000000000000 1.00000000000000000000 2 0 8 270 271 272 286 288 298 299 300 
288 6881 1.142560000 0.185016000 0.00000000000000000000 1.00000000000000000000 2 0 8 271 272 273 287 289 299 300 301 
289 6882 1.152240000 0.167196000 0.00000000000000000000 1.00000000000000000000 2 0 8 272 273 274 288 290 300 301 302 
290 6883 1.160940000 0.149159000 0.00000000000000000000 1.00000000000000000000 2 0 8 273 274 275 289 291 301 302 303 
291 6884 1.168630000 0.130930000 0.00000000000000000000 1.00000000000000000000 2 0 8 274 275 276 290 292 302 303 304 
292 6885 1.175320000 0.112534000 0.00000000000000000000 1.00000000000000000000 2 0 8 275 276 277 291 341 303 304 347 
293 6886 1.073230000 0.329124000 0.00000000000000000000 1.00000000000000000000 2 0 8 280 281 282 346 294 348 349 350 
294 6887 1.090160000 0.312126000 0.00000000000000000000 1.00000000000000000000 2 0 8 281 282 283 293 295 349 350 351 
295 6888 1.106170000 0.294699000 0.00000000000000000000 1.00000000000000000000 2 0 8 282 283 284 294 296 350 351 352 
296 6889 1.121250000 0.276869000 0.00000000000000000000 1.00000000000000000000 2 0 8 283 284 285 295 297 351 352 353 
297 6890 1.135370000 0.258663000 0.00000000000000000000 1.00000000000000000000 2 0 8 284 285 286 296 298 352 353 354 
298 6891 1.148520000 0.240107000 0.00000000000000000000 1.00000000000000000000 2 0 8 285 286 287 297 299 353 354 355 
299 6892 1.160680000 0.221229000 0.00000000000000000000 1.00000000000000000000 2 0 8 286 287 288 298 300 354 355 356 
300 6893 1.171840000 0.202055000 0.00000000000000000000 1.00000000000000000000 2 0 8 287 288 289 299 301 355 356 357 
301 6894 1.181970000 0.182612000 0.00000000000000000000 1.00000000000000000000 2 0 8 288 289 290 300 302 356 357 358 
302 6895 1.191070000 0.162928000 0.00000000000000000000 1.00000000000000000000 2 0 8 289 290 291 301 303 357 358 359 
303 6896 1.199130000 0.143029000 0.00000000000000000000 1.00000000000000000000 2 0 8 290 291 292 302 304 358 359 360 
304 6897 1.206130000 0.122943000 0.00000000000000000000 1.00000000000000000000 2 0 8 291 292 341 303 347 359 360 361 
305 6009 0.793893 0.0258911 1 1
306 4512 0.998459 0.00021847 1 1
307 6028 0.795722 0.05121 2 0
308 4525 0.999899 0.00296431 2 0
309 6047 0.798692 0.076712 2 0
310 4539 1.00365 0.00566518 2 0
311 4540 1.00477 0.00282012 2 0
312 4541 1.01113 -4.52853e-07 2 0
313 6066 0.802813 0.102494 2 0
314 4553 1.01075 0.00416564 2 0
315 4554 1.0193 -7.87697e-07 2 0
316 6085 0.808099 0.128653 2 0
317 4567 1.02963 -1.21285e-06 2 0
318 6103 0.814569 0.155288 2 0
319 4580 1.04214 -1.72809e-06 2 0
320 6120 0.822246 0.1825 2 0
321 4594 1.05685 -2.33354e-06 2 0
322 6137 0.831156 0.210393 2 0
323 4608 1.07378 -3.02957e-06 2 0
324 6154 0.84133 0.239071 2 0
325 4623 1.09299 -3.81676e-06 2 0
326 6171 0.852805 0.268644 2 0
327 4639 1.09255 0.0125206 2 0
328 6188 0.865623 0.299222 2 0
329 6189 0.884763 0.28981 2 0
330 4657 1.11271 0.0280495 2 0
331 4658 1.11408 0.0140299 2 0
332 6207 0.89971 0.320601 2 0
333 6208 0.918953 0.309834 2 0
334 4677 1.13421 0.0467094 2 0
335 4678 1.13658 0.0311676 2 0
336 6224 0.936213 0.340831 2 0
337 4698 1.15699 0.0686401 2 0
338 4699 1.16046 0.0515513 2 0
339 6239 0.95513 0.373106 2 0
340 6898 0.97532 0.359776 2 0
341 4719 1.181 0.0939953 2 0
342 4720 1.18565 0.0753371 2 0
343 6900 0.996886 0.392311 2 0
344 6901 1.01722 0.377285 2 0
345 6902 1.03674 0.361729 2 0
346 6903 1.05542 0.345667 2 0
347 4740 1.21207 0.102696 2 0
348 6909 1.08166 0.375779 2 0
349 6910 1.10033 0.35784 2 0
350 6911 1.11807 0.339401 2 0
351 6912 1.13485 0.320489 2 0
352 6913 1.15066 0.301133 2 0
353 6914 1.16546 0.281362 2 0
354 6915 1.17925 0.261206 2 0
355 6916 1.192 0.240692 2 0
356 6917 1.20369 0.219852 2 0
357 6918 1.21432 0.198714 2 0
358 6919 1.22386 0.177308 2 0
359 6920 1.23231 0.155663 2 0
360 6921 1.23966 0.133811 2 0
361 4760 1.24589 0.11178 2 0
