385 296 89
1 1820 -1.293960000 -1.271490000 0.00000000000000000000 1.00000000000000000000 2 0 8 297 298 299 311 2 314 13 14 
2 1821 -1.344100000 -1.202010000 0.00000000000000000000 1.00000000000000000000 2 0 8 298 299 300 1 3 13 14 15 
3 1822 -1.391380000 -1.130640000 0.00000000000000000000 1.00000000000000000000 2 0 8 299 300 301 2 4 14 15 16 
4 1823 -1.435750000 -1.057500000 0.00000000000000000000 1.00000000000000000000 2 0 8 300 301 302 3 5 15 16 17 
5 1824 -1.477110000 -0.982685000 0.00000000000000000000 1.00000000000000000000 2 0 8 301 302 303 4 6 16 17 18 
6 1825 -1.515420000 -0.906328000 0.00000000000000000000 1.00000000000000000000 2 0 8 302 303 304 5 7 17 18 19 
7 1826 -1.550610000 -0.828543000 0.00000000000000000000 1.00000000000000000000 2 0 8 303 304 305 6 8 18 19 20 
8 1827 -1.582620000 -0.749453000 0.00000000000000000000 1.00000000000000000000 2 0 8 304 305 306 7 9 19 20 21 
9 1828 -1.611390000 -0.669182000 0.00000000000000000000 1.00000000000000000000 2 0 8 305 306 307 8 10 20 21 22 
10 1829 -1.636900000 -0.587856000 0.00000000000000000000 1.00000000000000000000 2 0 8 306 307 308 9 11 21 22 23 
11 1830 -1.659080000 -0.505603000 0.00000000000000000000 1.00000000000000000000 2 0 8 307 308 309 10 12 22 23 24 
12 1831 -1.677910000 -0.422553000 0.00000000000000000000 1.00000000000000000000 2 0 8 308 309 310 11 312 23 24 25 
13 1832 -1.403220000 -1.352810000 0.00000000000000000000 1.00000000000000000000 2 0 8 311 1 2 314 14 316 26 27 
14 1833 -1.456380000 -1.278870000 0.00000000000000000000 1.00000000000000000000 2 0 8 1 2 3 13 15 26 27 28 
15 1834 -1.506530000 -1.202930000 0.00000000000000000000 1.00000000000000000000 2 0 8 2 3 4 14 16 27 28 29 
16 1835 -1.553570000 -1.125090000 0.00000000000000000000 1.00000000000000000000 2 0 8 3 4 5 15 17 28 29 30 
17 1836 -1.597440000 -1.045490000 0.00000000000000000000 1.00000000000000000000 2 0 8 4 5 6 16 18 29 30 31 
18 1837 -1.638060000 -0.964244000 0.00000000000000000000 1.00000000000000000000 2 0 8 5 6 7 17 19 30 31 32 
19 1838 -1.675370000 -0.881482000 0.00000000000000000000 1.00000000000000000000 2 0 8 6 7 8 18 20 31 32 33 
20 1839 -1.709310000 -0.797333000 0.00000000000000000000 1.00000000000000000000 2 0 8 7 8 9 19 21 32 33 34 
21 1840 -1.739820000 -0.711929000 0.00000000000000000000 1.00000000000000000000 2 0 8 8 9 10 20 22 33 34 35 
22 1841 -1.766860000 -0.625404000 0.00000000000000000000 1.00000000000000000000 2 0 8 9 10 11 21 23 34 35 36 
23 1842 -1.790390000 -0.537895000 0.00000000000000000000 1.00000000000000000000 2 0 8 10 11 12 22 24 35 36 37 
24 1843 -1.810350000 -0.449538000 0.00000000000000000000 1.00000000000000000000 2 0 8 11 12 312 23 25 36 37 38 
25 1844 -1.826730000 -0.360474000 0.00000000000000000000 1.00000000000000000000 2 0 8 12 312 313 24 315 37 38 317 
26 1845 -1.519500000 -1.439120000 0.00000000000000000000 1.00000000000000000000 2 0 8 314 13 14 316 27 319 320 39 
27 1846 -1.575890000 -1.360450000 0.00000000000000000000 1.00000000000000000000 2 0 8 13 14 15 26 28 320 39 40 
28 1847 -1.629070000 -1.279650000 0.00000000000000000000 1.00000000000000000000 2 0 8 14 15 16 27 29 39 40 41 
29 1848 -1.678970000 -1.196840000 0.00000000000000000000 1.00000000000000000000 2 0 8 15 16 17 28 30 40 41 42 
30 1849 -1.725500000 -1.112150000 0.00000000000000000000 1.00000000000000000000 2 0 8 16 17 18 29 31 41 42 43 
31 1850 -1.768580000 -1.025720000 0.00000000000000000000 1.00000000000000000000 2 0 8 17 18 19 30 32 42 43 44 
32 1851 -1.808150000 -0.937672000 0.00000000000000000000 1.00000000000000000000 2 0 8 18 19 20 31 33 43 44 45 
33 1852 -1.844150000 -0.848153000 0.00000000000000000000 1.00000000000000000000 2 0 8 19 20 21 32 34 44 45 46 
34 1853 -1.876510000 -0.757301000 0.00000000000000000000 1.00000000000000000000 2 0 8 20 21 22 33 35 45 46 47 
35 1854 -1.905190000 -0.665258000 0.00000000000000000000 1.00000000000000000000 2 0 8 21 22 23 34 36 46 47 48 
36 1855 -1.930130000 -0.572170000 0.00000000000000000000 1.00000000000000000000 2 0 8 22 23 24 35 37 47 48 49 
37 1856 -1.951310000 -0.478181000 0.00000000000000000000 1.00000000000000000000 2 0 8 23 24 25 36 38 48 49 50 
38 1857 -1.968680000 -0.383441000 0.00000000000000000000 1.00000000000000000000 2 0 8 24 25 315 37 317 49 50 51 
39 1858 -1.703060000 -1.447060000 0.00000000000000000000 1.00000000000000000000 2 0 8 26 27 28 320 40 323 324 52 
40 1859 -1.759480000 -1.361100000 0.00000000000000000000 1.00000000000000000000 2 0 8 27 28 29 39 41 324 52 53 
41 1860 -1.812410000 -1.273010000 0.00000000000000000000 1.00000000000000000000 2 0 8 28 29 30 40 42 52 53 54 
42 1861 -1.861770000 -1.182920000 0.00000000000000000000 1.00000000000000000000 2 0 8 29 30 31 41 43 53 54 55 
43 1862 -1.907470000 -1.090980000 0.00000000000000000000 1.00000000000000000000 2 0 8 30 31 32 42 44 54 55 56 
44 1863 -1.949450000 -0.997323000 0.00000000000000000000 1.00000000000000000000 2 0 8 31 32 33 43 45 55 56 57 
45 1864 -1.987630000 -0.902103000 0.00000000000000000000 1.00000000000000000000 2 0 8 32 33 34 44 46 56 57 58 
46 1865 -2.021960000 -0.805467000 0.00000000000000000000 1.00000000000000000000 2 0 8 33 34 35 45 47 57 58 59 
47 1866 -2.052380000 -0.707567000 0.00000000000000000000 1.00000000000000000000 2 0 8 34 35 36 46 48 58 59 60 
48 1867 -2.078840000 -0.608556000 0.00000000000000000000 1.00000000000000000000 2 0 8 35 36 37 47 49 59 60 61 
49 1868 -2.101300000 -0.508588000 0.00000000000000000000 1.00000000000000000000 2 0 8 36 37 38 48 50 60 61 62 
50 1869 -2.119730000 -0.407822000 0.00000000000000000000 1.00000000000000000000 2 0 8 37 38 317 49 51 61 62 63 
51 1870 -2.134090000 -0.306416000 0.00000000000000000000 1.00000000000000000000 2 0 8 38 317 318 50 321 62 63 64 
52 1871 -1.898240000 -1.447580000 0.00000000000000000000 1.00000000000000000000 2 0 8 39 40 41 324 53 327 328 65 
53 1872 -1.954400000 -1.353880000 0.00000000000000000000 1.00000000000000000000 2 0 8 40 41 42 52 54 328 65 66 
54 1873 -2.006760000 -1.258060000 0.00000000000000000000 1.00000000000000000000 2 0 8 41 42 43 53 55 65 66 67 
55 1874 -2.055250000 -1.160270000 0.00000000000000000000 1.00000000000000000000 2 0 8 42 43 44 54 56 66 67 68 
56 1875 -2.099790000 -1.060660000 0.00000000000000000000 1.00000000000000000000 2 0 8 43 44 45 55 57 67 68 69 
57 1876 -2.140300000 -0.959384000 0.00000000000000000000 1.00000000000000000000 2 0 8 44 45 46 56 58 68 69 70 
58 1877 -2.176720000 -0.856607000 0.00000000000000000000 1.00000000000000000000 2 0 8 45 46 47 57 59 69 70 71 
59 1878 -2.208990000 -0.752487000 0.00000000000000000000 1.00000000000000000000 2 0 8 46 47 48 58 60 70 71 72 
60 1879 -2.237070000 -0.647188000 0.00000000000000000000 1.00000000000000000000 2 0 8 47 48 49 59 61 71 72 73 
61 1880 -2.260900000 -0.540873000 0.00000000000000000000 1.00000000000000000000 2 0 8 48 49 50 60 62 72 73 74 
62 1881 -2.280450000 -0.433709000 0.00000000000000000000 1.00000000000000000000 2 0 8 49 50 51 61 63 73 74 75 
63 1882 -2.295680000 -0.325865000 0.00000000000000000000 1.00000000000000000000 2 0 8 50 51 321 62 64 74 75 76 
64 1883 -2.306580000 -0.217510000 0.00000000000000000000 1.00000000000000000000 2 0 8 51 321 322 63 325 75 76 77 
65 1884 -2.105450000 -1.439750000 0.00000000000000000000 1.00000000000000000000 2 0 8 52 53 54 328 66 331 332 78 
66 1885 -2.161020000 -1.337840000 0.00000000000000000000 1.00000000000000000000 2 0 8 53 54 55 65 67 332 78 79 
67 1886 -2.212470000 -1.233840000 0.00000000000000000000 1.00000000000000000000 2 0 8 54 55 56 66 68 78 79 80 
68 1887 -2.259730000 -1.127910000 0.00000000000000000000 1.00000000000000000000 2 0 8 55 56 57 67 69 79 80 81 
69 1888 -2.302710000 -1.020210000 0.00000000000000000000 1.00000000000000000000 2 0 8 56 57 58 68 70 80 81 82 
70 1889 -2.341360000 -0.910911000 0.00000000000000000000 1.00000000000000000000 2 0 8 57 58 59 69 71 81 82 83 
71 1890 -2.375600000 -0.800187000 0.00000000000000000000 1.00000000000000000000 2 0 8 58 59 60 70 72 82 83 84 
72 1891 -2.405390000 -0.688209000 0.00000000000000000000 1.00000000000000000000 2 0 8 59 60 61 71 73 83 84 85 
73 1892 -2.430680000 -0.575154000 0.00000000000000000000 1.00000000000000000000 2 0 8 60 61 62 72 74 84 85 86 
74 1893 -2.451420000 -0.461197000 0.00000000000000000000 1.00000000000000000000 2 0 8 61 62 63 73 75 85 86 87 
75 1894 -2.467590000 -0.346518000 0.00000000000000000000 1.00000000000000000000 2 0 8 62 63 64 74 76 86 87 88 
76 1895 -2.479160000 -0.231295000 0.00000000000000000000 1.00000000000000000000 2 0 8 63 64 325 75 77 87 88 89 
77 1896 -2.486100000 -0.115710000 0.00000000000000000000 1.00000000000000000000 2 0 8 64 325 326 76 329 88 89 90 
78 1897 -2.325110000 -1.422570000 0.00000000000000000000 1.00000000000000000000 2 0 8 65 66 67 332 79 335 336 91 
79 1898 -2.379710000 -1.311980000 0.00000000000000000000 1.00000000000000000000 2 0 8 66 67 68 78 80 336 91 92 
80 1899 -2.429860000 -1.199330000 0.00000000000000000000 1.00000000000000000000 2 0 8 67 68 69 79 81 91 92 93 
81 1900 -2.475480000 -1.084800000 0.00000000000000000000 1.00000000000000000000 2 0 8 68 69 70 80 82 92 93 94 
82 1901 -2.516490000 -0.968580000 0.00000000000000000000 1.00000000000000000000 2 0 8 69 70 71 81 83 93 94 95 
83 1902 -2.552830000 -0.850843000 0.00000000000000000000 1.00000000000000000000 2 0 8 70 71 72 82 84 94 95 96 
84 1903 -2.584450000 -0.731774000 0.00000000000000000000 1.00000000000000000000 2 0 8 71 72 73 83 85 95 96 97 
85 1904 -2.611280000 -0.611560000 0.00000000000000000000 1.00000000000000000000 2 0 8 72 73 74 84 86 96 97 98 
86 1905 -2.633300000 -0.490389000 0.00000000000000000000 1.00000000000000000000 2 0 8 73 74 75 85 87 97 98 99 
87 1906 -2.650450000 -0.368451000 0.00000000000000000000 1.00000000000000000000 2 0 8 74 75 76 86 88 98 99 100 
88 1907 -2.662730000 -0.245935000 0.00000000000000000000 1.00000000000000000000 2 0 8 75 76 77 87 89 99 100 101 
89 1908 -2.670100000 -0.123035000 0.00000000000000000000 1.00000000000000000000 2 0 8 76 77 329 88 90 100 101 102 
90 1909 -2.672560000 0.000057961 0.00000000000000000000 1.00000000000000000000 2 0 8 77 329 330 89 333 101 102 103 
91 1910 -2.557590000 -1.394960000 0.00000000000000000000 1.00000000000000000000 2 0 8 78 79 80 336 92 339 104 105 
92 1911 -2.610820000 -1.275180000 0.00000000000000000000 1.00000000000000000000 2 0 8 79 80 81 91 93 104 105 106 
93 1912 -2.659240000 -1.153410000 0.00000000000000000000 1.00000000000000000000 2 0 8 80 81 82 92 94 105 106 107 
94 1913 -2.702770000 -1.029830000 0.00000000000000000000 1.00000000000000000000 2 0 8 81 82 83 93 95 106 107 108 
95 1914 -2.741340000 -0.904643000 0.00000000000000000000 1.00000000000000000000 2 0 8 82 83 84 94 96 107 108 109 
96 1915 -2.774900000 -0.778043000 0.00000000000000000000 1.00000000000000000000 2 0 8 83 84 85 95 97 108 109 110 
97 1916 -2.803380000 -0.650227000 0.00000000000000000000 1.00000000000000000000 2 0 8 84 85 86 96 98 109 110 111 
98 1917 -2.826740000 -0.521394000 0.00000000000000000000 1.00000000000000000000 2 0 8 85 86 87 97 99 110 111 112 
99 1918 -2.844950000 -0.391746000 0.00000000000000000000 1.00000000000000000000 2 0 8 86 87 88 98 100 111 112 113 
100 1919 -2.857980000 -0.261485000 0.00000000000000000000 1.00000000000000000000 2 0 8 87 88 89 99 101 112 113 114 
101 1920 -2.865800000 -0.130815000 0.00000000000000000000 1.00000000000000000000 2 0 8 88 89 90 100 102 113 114 115 
102 1921 -2.868410000 0.000059438 0.00000000000000000000 1.00000000000000000000 2 0 8 89 90 333 101 103 114 115 116 
103 1922 -2.865800000 0.130934000 0.00000000000000000000 1.00000000000000000000 2 0 8 90 333 334 102 337 115 116 117 
104 1923 -2.746780000 -1.483110000 0.00000000000000000000 1.00000000000000000000 2 0 8 336 91 92 339 105 342 118 119 
105 1924 -2.803280000 -1.355750000 0.00000000000000000000 1.00000000000000000000 2 0 8 91 92 93 104 106 118 119 120 
106 1925 -2.854680000 -1.226280000 0.00000000000000000000 1.00000000000000000000 2 0 8 92 93 94 105 107 119 120 121 
107 1926 -2.900890000 -1.094890000 0.00000000000000000000 1.00000000000000000000 2 0 8 93 94 95 106 108 120 121 122 
108 1927 -2.941830000 -0.961789000 0.00000000000000000000 1.00000000000000000000 2 0 8 94 95 96 107 109 121 122 123 
109 1928 -2.977450000 -0.827190000 0.00000000000000000000 1.00000000000000000000 2 0 8 95 96 97 108 110 122 123 124 
110 1929 -3.007680000 -0.691298000 0.00000000000000000000 1.00000000000000000000 2 0 8 96 97 98 109 111 123 124 125 
111 1930 -3.032480000 -0.554326000 0.00000000000000000000 1.00000000000000000000 2 0 8 97 98 99 110 112 124 125 126 
112 1931 -3.051810000 -0.416489000 0.00000000000000000000 1.00000000000000000000 2 0 8 98 99 100 111 113 125 126 127 
113 1932 -3.065630000 -0.278001000 0.00000000000000000000 1.00000000000000000000 2 0 8 99 100 101 112 114 126 127 128 
114 1933 -3.073940000 -0.139079000 0.00000000000000000000 1.00000000000000000000 2 0 8 100 101 102 113 115 127 128 129 
115 1934 -3.076710000 0.000060692 0.00000000000000000000 1.00000000000000000000 2 0 8 101 102 103 114 116 128 129 130 
116 1935 -3.073930000 0.139200000 0.00000000000000000000 1.00000000000000000000 2 0 8 102 103 337 115 117 129 130 131 
117 1936 -3.065620000 0.278122000 0.00000000000000000000 1.00000000000000000000 2 0 8 103 337 338 116 340 130 131 132 
118 1937 -2.947970000 -1.576740000 0.00000000000000000000 1.00000000000000000000 2 0 8 339 104 105 342 119 344 345 133 
119 1938 -3.007960000 -1.441340000 0.00000000000000000000 1.00000000000000000000 2 0 8 104 105 106 118 120 345 133 134 
120 1939 -3.062520000 -1.303680000 0.00000000000000000000 1.00000000000000000000 2 0 8 105 106 107 119 121 133 134 135 
121 1940 -3.111570000 -1.164000000 0.00000000000000000000 1.00000000000000000000 2 0 8 106 107 108 120 122 134 135 136 
122 1941 -3.155040000 -1.022490000 0.00000000000000000000 1.00000000000000000000 2 0 8 107 108 109 121 123 135 136 137 
123 1942 -3.192850000 -0.879396000 0.00000000000000000000 1.00000000000000000000 2 0 8 108 109 110 122 124 136 137 138 
124 1943 -3.224940000 -0.734926000 0.00000000000000000000 1.00000000000000000000 2 0 8 109 110 111 123 125 137 138 139 
125 1944 -3.251270000 -0.589309000 0.00000000000000000000 1.00000000000000000000 2 0 8 110 111 112 124 126 138 139 140 
126 1945 -3.271790000 -0.442773000 0.00000000000000000000 1.00000000000000000000 2 0 8 111 112 113 125 127 139 140 141 
127 1946 -3.286470000 -0.295546000 0.00000000000000000000 1.00000000000000000000 2 0 8 112 113 114 126 128 140 141 142 
128 1947 -3.295280000 -0.147857000 0.00000000000000000000 1.00000000000000000000 2 0 8 113 114 115 127 129 141 142 143 
129 1948 -3.298220000 0.000061685 0.00000000000000000000 1.00000000000000000000 2 0 8 114 115 116 128 130 142 143 144 
130 1949 -3.295280000 0.147981000 0.00000000000000000000 1.00000000000000000000 2 0 8 115 116 117 129 131 143 144 145 
131 1950 -3.286460000 0.295669000 0.00000000000000000000 1.00000000000000000000 2 0 8 116 117 340 130 132 144 145 146 
132 1951 -3.271770000 0.442896000 0.00000000000000000000 1.00000000000000000000 2 0 8 117 340 341 131 343 145 146 346 
133 1952 -3.225600000 -1.532260000 0.00000000000000000000 1.00000000000000000000 2 0 8 118 119 120 345 134 347 348 147 
134 1953 -3.283530000 -1.385920000 0.00000000000000000000 1.00000000000000000000 2 0 8 119 120 121 133 135 348 147 148 
135 1954 -3.335610000 -1.237410000 0.00000000000000000000 1.00000000000000000000 2 0 8 120 121 122 134 136 147 148 149 
136 1955 -3.381760000 -1.086980000 0.00000000000000000000 1.00000000000000000000 2 0 8 121 122 123 135 137 148 149 150 
137 1956 -3.421900000 -0.934856000 0.00000000000000000000 1.00000000000000000000 2 0 8 122 123 124 136 138 149 150 151 
138 1957 -3.455970000 -0.781274000 0.00000000000000000000 1.00000000000000000000 2 0 8 123 124 125 137 139 150 151 152 
139 1958 -3.483920000 -0.626473000 0.00000000000000000000 1.00000000000000000000 2 0 8 124 125 126 138 140 151 152 153 
140 1959 -3.505710000 -0.470696000 0.00000000000000000000 1.00000000000000000000 2 0 8 125 126 127 139 141 152 153 154 
141 1960 -3.521290000 -0.314185000 0.00000000000000000000 1.00000000000000000000 2 0 8 126 127 128 140 142 153 154 155 
142 1961 -3.530650000 -0.157184000 0.00000000000000000000 1.00000000000000000000 2 0 8 127 128 129 141 143 154 155 156 
143 1962 -3.533770000 0.000062379 0.00000000000000000000 1.00000000000000000000 2 0 8 128 129 130 142 144 155 156 157 
144 1963 -3.530650000 0.157308000 0.00000000000000000000 1.00000000000000000000 2 0 8 129 130 131 143 145 156 157 158 
145 1964 -3.521280000 0.314309000 0.00000000000000000000 1.00000000000000000000 2 0 8 130 131 132 144 146 157 158 159 
146 1965 -3.505690000 0.470820000 0.00000000000000000000 1.00000000000000000000 2 0 8 131 132 343 145 346 158 159 349 
147 1966 -3.518540000 -1.473280000 0.00000000000000000000 1.00000000000000000000 2 0 8 133 134 135 348 148 350 351 160 
148 1967 -3.573840000 -1.315410000 0.00000000000000000000 1.00000000000000000000 2 0 8 134 135 136 147 149 351 160 161 
149 1968 -3.622830000 -1.155490000 0.00000000000000000000 1.00000000000000000000 2 0 8 135 136 137 148 150 160 161 162 
150 1969 -3.665450000 -0.993778000 0.00000000000000000000 1.00000000000000000000 2 0 8 136 137 138 149 151 161 162 163 
151 1970 -3.701630000 -0.830514000 0.00000000000000000000 1.00000000000000000000 2 0 8 137 138 139 150 152 162 163 164 
152 1971 -3.731310000 -0.665956000 0.00000000000000000000 1.00000000000000000000 2 0 8 138 139 140 151 153 163 164 165 
153 1972 -3.754440000 -0.500361000 0.00000000000000000000 1.00000000000000000000 2 0 8 139 140 141 152 154 164 165 166 
154 1973 -3.770990000 -0.333987000 0.00000000000000000000 1.00000000000000000000 2 0 8 140 141 142 153 155 165 166 167 
155 1974 -3.780930000 -0.167092000 0.00000000000000000000 1.00000000000000000000 2 0 8 141 142 143 154 156 166 167 168 
156 1975 -3.784240000 0.000062731 0.00000000000000000000 1.00000000000000000000 2 0 8 142 143 144 155 157 167 168 169 
157 1976 -3.780920000 0.167218000 0.00000000000000000000 1.00000000000000000000 2 0 8 143 144 145 156 158 168 169 170 
158 1977 -3.770980000 0.334112000 0.00000000000000000000 1.00000000000000000000 2 0 8 144 145 146 157 159 169 170 171 
159 1978 -3.754430000 0.500486000 0.00000000000000000000 1.00000000000000000000 2 0 8 145 146 346 158 349 170 171 352 
160 1979 -3.827130000 -1.398280000 0.00000000000000000000 1.00000000000000000000 2 0 8 147 148 149 351 161 353 172 173 
161 1980 -3.879160000 -1.228290000 0.00000000000000000000 1.00000000000000000000 2 0 8 148 149 150 160 162 172 173 174 
162 1981 -3.924410000 -1.056380000 0.00000000000000000000 1.00000000000000000000 2 0 8 149 150 151 161 163 173 174 175 
163 1982 -3.962830000 -0.882830000 0.00000000000000000000 1.00000000000000000000 2 0 8 150 151 152 162 164 174 175 176 
164 1983 -3.994340000 -0.707906000 0.00000000000000000000 1.00000000000000000000 2 0 8 151 152 153 163 165 175 176 177 
165 1984 -4.018900000 -0.531880000 0.00000000000000000000 1.00000000000000000000 2 0 8 152 153 154 164 166 176 177 178 
166 1985 -4.036470000 -0.355026000 0.00000000000000000000 1.00000000000000000000 2 0 8 153 154 155 165 167 177 178 179 
167 1986 -4.047030000 -0.177620000 0.00000000000000000000 1.00000000000000000000 2 0 8 154 155 156 166 168 178 179 180 
168 1987 -4.050540000 0.000062694 0.00000000000000000000 1.00000000000000000000 2 0 8 155 156 157 167 169 179 180 181 
169 1988 -4.047020000 0.177745000 0.00000000000000000000 1.00000000000000000000 2 0 8 156 157 158 168 170 180 181 182 
170 1989 -4.036460000 0.355151000 0.00000000000000000000 1.00000000000000000000 2 0 8 157 158 159 169 171 181 182 183 
171 1990 -4.018890000 0.532004000 0.00000000000000000000 1.00000000000000000000 2 0 8 158 159 349 170 352 182 183 354 
172 1991 -4.096430000 -1.486330000 0.00000000000000000000 1.00000000000000000000 2 0 8 351 160 161 353 173 355 184 185 
173 1992 -4.151680000 -1.305630000 0.00000000000000000000 1.00000000000000000000 2 0 8 160 161 162 172 174 184 185 186 
174 1993 -4.199740000 -1.122900000 0.00000000000000000000 1.00000000000000000000 2 0 8 161 162 163 173 175 185 186 187 
175 1994 -4.240530000 -0.938417000 0.00000000000000000000 1.00000000000000000000 2 0 8 162 163 164 174 176 186 187 188 
176 1995 -4.274000000 -0.752478000 0.00000000000000000000 1.00000000000000000000 2 0 8 163 164 165 175 177 187 188 189 
177 1996 -4.300080000 -0.565369000 0.00000000000000000000 1.00000000000000000000 2 0 8 164 165 166 176 178 188 189 190 
178 1997 -4.318740000 -0.377381000 0.00000000000000000000 1.00000000000000000000 2 0 8 165 166 167 177 179 189 190 191 
179 1998 -4.329940000 -0.188806000 0.00000000000000000000 1.00000000000000000000 2 0 8 166 167 168 178 180 190 191 192 
180 1999 -4.333680000 0.000062219 0.00000000000000000000 1.00000000000000000000 2 0 8 167 168 169 179 181 191 192 193 
181 2000 -4.329940000 0.188931000 0.00000000000000000000 1.00000000000000000000 2 0 8 168 169 170 180 182 192 193 194 
182 2001 -4.318730000 0.377505000 0.00000000000000000000 1.00000000000000000000 2 0 8 169 170 171 181 183 193 194 195 
183 2002 -4.300060000 0.565493000 0.00000000000000000000 1.00000000000000000000 2 0 8 170 171 352 182 354 194 195 356 
184 2003 -4.382730000 -1.579900000 0.00000000000000000000 1.00000000000000000000 2 0 8 353 172 173 355 185 357 196 197 
185 2004 -4.441410000 -1.387810000 0.00000000000000000000 1.00000000000000000000 2 0 8 172 173 174 184 186 196 197 198 
186 2005 -4.492450000 -1.193570000 0.00000000000000000000 1.00000000000000000000 2 0 8 173 174 175 185 187 197 198 199 
187 2006 -4.535770000 -0.997482000 0.00000000000000000000 1.00000000000000000000 2 0 8 174 175 176 186 188 198 199 200 
188 2007 -4.571310000 -0.799839000 0.00000000000000000000 1.00000000000000000000 2 0 8 175 176 177 187 189 199 200 201 
189 2008 -4.599010000 -0.600954000 0.00000000000000000000 1.00000000000000000000 2 0 8 176 177 178 188 190 200 201 202 
190 2009 -4.618820000 -0.401135000 0.00000000000000000000 1.00000000000000000000 2 0 8 177 178 179 189 191 201 202 203 
191 2010 -4.630720000 -0.200693000 0.00000000000000000000 1.00000000000000000000 2 0 8 178 179 180 190 192 202 203 204 
192 2011 -4.634690000 0.000061256 0.00000000000000000000 1.00000000000000000000 2 0 8 179 180 181 191 193 203 204 205 
193 2012 -4.630720000 0.200815000 0.00000000000000000000 1.00000000000000000000 2 0 8 180 181 182 192 194 204 205 206 
194 2013 -4.618810000 0.401257000 0.00000000000000000000 1.00000000000000000000 2 0 8 181 182 183 193 195 205 206 207 
195 2014 -4.598990000 0.601076000 0.00000000000000000000 1.00000000000000000000 2 0 8 182 183 354 194 356 206 207 358 
196 2015 -4.687100000 -1.679310000 0.00000000000000000000 1.00000000000000000000 2 0 8 355 184 185 357 197 359 208 209 
197 2016 -4.749420000 -1.475140000 0.00000000000000000000 1.00000000000000000000 2 0 8 184 185 186 196 198 208 209 210 
198 2017 -4.803620000 -1.268680000 0.00000000000000000000 1.00000000000000000000 2 0 8 185 186 187 197 199 209 210 211 
199 2018 -4.849630000 -1.060240000 0.00000000000000000000 1.00000000000000000000 2 0 8 186 187 188 198 200 210 211 212 
200 2019 -4.887380000 -0.850166000 0.00000000000000000000 1.00000000000000000000 2 0 8 187 188 189 199 201 211 212 213 
201 2020 -4.916790000 -0.638767000 0.00000000000000000000 1.00000000000000000000 2 0 8 188 189 190 200 202 212 213 214 
202 2021 -4.937840000 -0.426376000 0.00000000000000000000 1.00000000000000000000 2 0 8 189 190 191 201 203 213 214 215 
203 2022 -4.950480000 -0.213324000 0.00000000000000000000 1.00000000000000000000 2 0 8 190 191 192 202 204 214 215 216 
204 2023 -4.954690000 0.000059747 0.00000000000000000000 1.00000000000000000000 2 0 8 191 192 193 203 205 215 216 217 
205 2024 -4.950470000 0.213443000 0.00000000000000000000 1.00000000000000000000 2 0 8 192 193 194 204 206 216 217 218 
206 2025 -4.937830000 0.426496000 0.00000000000000000000 1.00000000000000000000 2 0 8 193 194 195 205 207 217 218 360 
207 2026 -4.916780000 0.638886000 0.00000000000000000000 1.00000000000000000000 2 0 8 194 195 356 206 358 218 360 361 
208 2027 -5.010660000 -1.784960000 0.00000000000000000000 1.00000000000000000000 2 0 8 357 196 197 359 209 362 219 220 
209 2028 -5.076850000 -1.567940000 0.00000000000000000000 1.00000000000000000000 2 0 8 196 197 198 208 210 219 220 221 
210 2029 -5.134420000 -1.348490000 0.00000000000000000000 1.00000000000000000000 2 0 8 197 198 199 209 211 220 221 222 
211 2030 -5.183290000 -1.126940000 0.00000000000000000000 1.00000000000000000000 2 0 8 198 199 200 210 212 221 222 223 
212 2031 -5.223380000 -0.903646000 0.00000000000000000000 1.00000000000000000000 2 0 8 199 200 201 211 213 222 223 224 
213 2032 -5.254620000 -0.678949000 0.00000000000000000000 1.00000000000000000000 2 0 8 200 201 202 212 214 223 224 225 
214 2033 -5.276970000 -0.453200000 0.00000000000000000000 1.00000000000000000000 2 0 8 201 202 203 213 215 224 225 226 
215 2034 -5.290390000 -0.226747000 0.00000000000000000000 1.00000000000000000000 2 0 8 202 203 204 214 216 225 226 227 
216 2035 -5.294870000 0.000057634 0.00000000000000000000 1.00000000000000000000 2 0 8 203 204 205 215 217 226 227 228 
217 2036 -5.290390000 0.226862000 0.00000000000000000000 1.00000000000000000000 2 0 8 204 205 206 216 218 227 228 363 
218 2037 -5.276960000 0.453315000 0.00000000000000000000 1.00000000000000000000 2 0 8 205 206 207 217 360 228 363 364 
219 2038 -5.354610000 -1.897230000 0.00000000000000000000 1.00000000000000000000 2 0 8 359 208 209 362 220 365 229 230 
220 2039 -5.424910000 -1.666560000 0.00000000000000000000 1.00000000000000000000 2 0 8 208 209 210 219 221 229 230 231 
221 2040 -5.486060000 -1.433300000 0.00000000000000000000 1.00000000000000000000 2 0 8 209 210 211 220 222 230 231 232 
222 2041 -5.537970000 -1.197820000 0.00000000000000000000 1.00000000000000000000 2 0 8 210 211 212 221 223 231 232 233 
223 2042 -5.580540000 -0.960478000 0.00000000000000000000 1.00000000000000000000 2 0 8 211 212 213 222 224 232 233 234 
224 2043 -5.613730000 -0.721651000 0.00000000000000000000 1.00000000000000000000 2 0 8 212 213 214 223 225 233 234 235 
225 2044 -5.637470000 -0.481705000 0.00000000000000000000 1.00000000000000000000 2 0 8 213 214 215 224 226 234 235 236 
226 2045 -5.651730000 -0.241012000 0.00000000000000000000 1.00000000000000000000 2 0 8 214 215 216 225 227 235 236 237 
227 2046 -5.656480000 0.000054854 0.00000000000000000000 1.00000000000000000000 2 0 8 215 216 217 226 228 236 237 238 
228 2047 -5.651720000 0.241121000 0.00000000000000000000 1.00000000000000000000 2 0 8 216 217 218 227 363 237 238 366 
229 2048 -5.720220000 -2.016550000 0.00000000000000000000 1.00000000000000000000 2 0 8 362 219 220 365 230 367 239 240 
230 2049 -5.794900000 -1.771360000 0.00000000000000000000 1.00000000000000000000 2 0 8 219 220 221 229 231 239 240 241 
231 2050 -5.859850000 -1.523430000 0.00000000000000000000 1.00000000000000000000 2 0 8 220 221 222 230 232 240 241 242 
232 2051 -5.914980000 -1.273140000 0.00000000000000000000 1.00000000000000000000 2 0 8 221 222 223 231 233 241 242 243 
233 2052 -5.960200000 -1.020880000 0.00000000000000000000 1.00000000000000000000 2 0 8 222 223 224 232 234 242 243 244 
234 2053 -5.995450000 -0.767031000 0.00000000000000000000 1.00000000000000000000 2 0 8 223 224 225 233 235 243 244 245 
235 2054 -6.020670000 -0.511998000 0.00000000000000000000 1.00000000000000000000 2 0 8 224 225 226 234 236 244 245 246 
236 2055 -6.035810000 -0.256172000 0.00000000000000000000 1.00000000000000000000 2 0 8 225 226 227 235 237 245 246 247 
237 2056 -6.040860000 0.000051342 0.00000000000000000000 1.00000000000000000000 2 0 8 226 227 228 236 238 246 247 248 
238 2057 -6.035810000 0.256274000 0.00000000000000000000 1.00000000000000000000 2 0 8 227 228 363 237 366 247 248 368 
239 2058 -6.108840000 -2.143350000 0.00000000000000000000 1.00000000000000000000 2 0 8 365 229 230 367 240 369 249 250 
240 2059 -6.188160000 -1.882740000 0.00000000000000000000 1.00000000000000000000 2 0 8 229 230 231 239 241 249 250 251 
241 2060 -6.257160000 -1.619220000 0.00000000000000000000 1.00000000000000000000 2 0 8 230 231 232 240 242 250 251 252 
242 2061 -6.315720000 -1.353190000 0.00000000000000000000 1.00000000000000000000 2 0 8 231 232 233 241 243 251 252 253 
243 2062 -6.363750000 -1.085060000 0.00000000000000000000 1.00000000000000000000 2 0 8 232 233 234 242 244 252 253 254 
244 2063 -6.401190000 -0.815259000 0.00000000000000000000 1.00000000000000000000 2 0 8 233 234 235 243 245 253 254 255 
245 2064 -6.427980000 -0.544192000 0.00000000000000000000 1.00000000000000000000 2 0 8 234 235 236 244 246 254 255 256 
246 2065 -6.444070000 -0.272284000 0.00000000000000000000 1.00000000000000000000 2 0 8 235 236 237 245 247 255 256 257 
247 2066 -6.449430000 0.000047028 0.00000000000000000000 1.00000000000000000000 2 0 8 236 237 238 246 248 256 257 258 
248 2067 -6.444060000 0.272377000 0.00000000000000000000 1.00000000000000000000 2 0 8 237 238 366 247 368 257 258 370 
249 2068 -6.521910000 -2.278120000 0.00000000000000000000 1.00000000000000000000 2 0 8 367 239 240 369 250 371 372 259 
250 2069 -6.606160000 -2.001120000 0.00000000000000000000 1.00000000000000000000 2 0 8 239 240 241 249 251 372 259 260 
251 2070 -6.679450000 -1.721020000 0.00000000000000000000 1.00000000000000000000 2 0 8 240 241 242 250 252 259 260 261 
252 2071 -6.741660000 -1.438260000 0.00000000000000000000 1.00000000000000000000 2 0 8 241 242 243 251 253 260 261 262 
253 2072 -6.792690000 -1.153280000 0.00000000000000000000 1.00000000000000000000 2 0 8 242 243 244 252 254 261 262 263 
254 2073 -6.832460000 -0.866516000 0.00000000000000000000 1.00000000000000000000 2 0 8 243 244 245 253 255 262 263 264 
255 2074 -6.860910000 -0.578409000 0.00000000000000000000 1.00000000000000000000 2 0 8 244 245 246 254 256 263 264 265 
256 2075 -6.878000000 -0.289407000 0.00000000000000000000 1.00000000000000000000 2 0 8 245 246 247 255 257 264 265 266 
257 2076 -6.883690000 0.000041839 0.00000000000000000000 1.00000000000000000000 2 0 8 246 247 248 256 258 265 266 267 
258 2077 -6.877990000 0.289491000 0.00000000000000000000 1.00000000000000000000 2 0 8 247 248 368 257 370 266 267 373 
259 2078 -7.050440000 -2.126930000 0.00000000000000000000 1.00000000000000000000 2 0 8 249 250 251 372 260 374 375 268 
260 2079 -7.128290000 -1.829220000 0.00000000000000000000 1.00000000000000000000 2 0 8 250 251 252 259 261 375 268 269 
261 2080 -7.194370000 -1.528680000 0.00000000000000000000 1.00000000000000000000 2 0 8 251 252 253 260 262 268 269 270 
262 2081 -7.248580000 -1.225790000 0.00000000000000000000 1.00000000000000000000 2 0 8 252 253 254 261 263 269 270 271 
263 2082 -7.290830000 -0.920992000 0.00000000000000000000 1.00000000000000000000 2 0 8 253 254 255 262 264 270 271 272 
264 2083 -7.321050000 -0.614775000 0.00000000000000000000 1.00000000000000000000 2 0 8 254 255 256 263 265 271 272 273 
265 2084 -7.339200000 -0.307607000 0.00000000000000000000 1.00000000000000000000 2 0 8 255 256 257 264 266 272 273 274 
266 2085 -7.345250000 0.000035699 0.00000000000000000000 1.00000000000000000000 2 0 8 256 257 258 265 267 273 274 376 
267 2086 -7.339200000 0.307679000 0.00000000000000000000 1.00000000000000000000 2 0 8 257 258 370 266 373 274 376 377 
268 2087 -7.605330000 -1.944220000 0.00000000000000000000 1.00000000000000000000 2 0 8 259 260 261 375 269 378 275 276 
269 2088 -7.675530000 -1.624790000 0.00000000000000000000 1.00000000000000000000 2 0 8 260 261 262 268 270 275 276 277 
270 2089 -7.733110000 -1.302850000 0.00000000000000000000 1.00000000000000000000 2 0 8 261 262 263 269 271 276 277 278 
271 2090 -7.777990000 -0.978892000 0.00000000000000000000 1.00000000000000000000 2 0 8 262 263 264 270 272 277 278 279 
272 2091 -7.810090000 -0.653427000 0.00000000000000000000 1.00000000000000000000 2 0 8 263 264 265 271 273 278 279 280 
273 2092 -7.829370000 -0.326952000 0.00000000000000000000 1.00000000000000000000 2 0 8 264 265 266 272 274 279 280 281 
274 2093 -7.835800000 0.000028530 0.00000000000000000000 1.00000000000000000000 2 0 8 265 266 267 273 376 280 281 379 
275 2094 -8.112320000 -2.066440000 0.00000000000000000000 1.00000000000000000000 2 0 8 375 268 269 378 276 381 282 283 
276 2095 -8.186890000 -1.726930000 0.00000000000000000000 1.00000000000000000000 2 0 8 268 269 270 275 277 282 283 284 
277 2096 -8.248060000 -1.384750000 0.00000000000000000000 1.00000000000000000000 2 0 8 269 270 271 276 278 283 284 285 
278 2097 -8.295730000 -1.040430000 0.00000000000000000000 1.00000000000000000000 2 0 8 270 271 272 277 279 284 285 286 
279 2098 -8.329840000 -0.694509000 0.00000000000000000000 1.00000000000000000000 2 0 8 271 272 273 278 280 285 286 287 
280 2099 -8.350320000 -0.347513000 0.00000000000000000000 1.00000000000000000000 2 0 8 272 273 274 279 281 286 287 288 
281 2100 -8.357150000 0.000020247 0.00000000000000000000 1.00000000000000000000 2 0 8 273 274 376 280 379 287 288 382 
282 2101 -8.651120000 -2.196360000 0.00000000000000000000 1.00000000000000000000 2 0 8 378 275 276 381 283 384 289 290 
283 2102 -8.730330000 -1.835500000 0.00000000000000000000 1.00000000000000000000 2 0 8 275 276 277 282 284 289 290 291 
284 2103 -8.795320000 -1.471810000 0.00000000000000000000 1.00000000000000000000 2 0 8 276 277 278 283 285 290 291 292 
285 2104 -8.845960000 -1.105850000 0.00000000000000000000 1.00000000000000000000 2 0 8 277 278 279 284 286 291 292 293 
286 2105 -8.882190000 -0.738176000 0.00000000000000000000 1.00000000000000000000 2 0 8 278 279 280 285 287 292 293 294 
287 2106 -8.903950000 -0.369368000 0.00000000000000000000 1.00000000000000000000 2 0 8 279 280 281 286 288 293 294 295 
288 2107 -8.911210000 0.000010767 0.00000000000000000000 1.00000000000000000000 2 0 8 280 281 379 287 382 294 295 296 
289 2108 -9.223700000 -2.334450000 -0.97236995871930587132 -0.23344520423477366222 3 0 8 381 282 283 384 290 378 275 276 
290 2109 -9.307850000 -1.950900000 -0.98078635339882969113 -0.19508492762544765720 3 0 8 282 283 284 289 291 275 276 277 
291 2110 -9.376880000 -1.564340000 -0.98768871151755888160 -0.15643212311026288841 3 0 8 283 284 285 290 292 276 277 278 
292 2111 -9.430680000 -1.175370000 -0.99306836418081634310 -0.11753818129968457429 3 0 8 284 285 286 291 293 277 278 279 
293 2112 -9.469170000 -0.784591000 -0.99691688469623684909 -0.07846480107379300017 3 0 8 285 286 287 292 294 278 279 280 
294 2113 -9.492290000 -0.392598000 -0.99922886957770329364 -0.03926405738668995588 3 0 8 286 287 288 293 295 279 280 281 
295 2114 -9.500000000 0.000000000 -1.00000000000000000000 0.00000000000000000000 3 0 8 287 288 382 294 296 280 281 379 
296 2115 -9.492290000 0.392598000 -0.99922886957770318261 0.03926405738669006690 3 0 8 288 382 383 295 385 281 379 380 
297 1704 -1.14143 -1.25825 2 0
298 881 -1.19133 -1.19486 2 0
299 882 -1.23861 -1.12958 2 0
300 883 -1.28322 -1.06253 2 0
301 884 -1.32506 -0.993798 2 0
302 885 -1.36408 -0.923504 2 0
303 886 -1.40022 -0.851753 2 0
304 887 -1.43341 -0.778659 2 0
305 888 -1.4636 -0.704337 2 0
306 889 -1.49075 -0.628902 2 0
307 890 -1.51481 -0.552475 2 0
308 891 -1.53573 -0.475175 2 0
309 892 -1.5535 -0.397125 2 0
310 893 -1.56807 -0.318447 2 0
311 1726 -1.24106 -1.33896 2 0
312 896 -1.69336 -0.338836 2 0
313 897 -1.70541 -0.254584 2 0
314 1748 -1.34711 -1.42462 2 0
315 8504 -1.8395 -0.270841 2 0
316 2119 -1.45999 -1.51553 2 0
317 8528 -1.98222 -0.288097 2 0
318 8529 -1.99191 -0.1923 2 0
319 2124 -1.58011 -1.61205 2 0
320 2125 -1.64324 -1.53075 2 0
321 8553 -2.14437 -0.204527 2 0
322 8554 -2.15054 -0.102318 2 0
323 2132 -1.7749 -1.62804 2 0
324 2133 -1.83838 -1.53902 2 0
325 8578 -2.31313 -0.108813 2 0
326 8579 -2.31531 5.44678e-05 2 0
327 2142 -1.98233 -1.63666 2 0
328 2143 -2.04586 -1.53941 2 0
329 8602 -2.48842 5.62934e-05 2 0
330 8603 -2.4861 0.115823 2 0
331 2154 -2.20288 -1.63693 2 0
332 2155 -2.26613 -1.53095 2 0
333 8625 -2.67009 0.123151 2 0
334 8626 -2.66272 0.246051 2 0
335 2166 -2.43704 -1.62781 2 0
336 2167 -2.49963 -1.51257 2 0
337 8647 -2.85797 0.261603 2 0
338 8648 -2.84494 0.391864 2 0
339 2179 -2.68525 -1.60815 2 0
340 8668 -3.05179 0.41661 2 0
341 8669 -3.03246 0.554446 2 0
342 2191 -2.88265 -1.70969 2 0
343 8687 -3.25125 0.589431 2 0
344 2202 -3.09256 -1.81756 2 0
345 2203 -3.16191 -1.67622 2 0
346 8704 -3.4839 0.626596 2 0
347 2215 -3.3894 -1.7819 2 0
348 2216 -3.45703 -1.62886 2 0
349 8722 -3.73129 0.66608 2 0
350 2229 -3.70309 -1.73149 2 0
351 2230 -3.76841 -1.5661 2 0
352 8741 -3.99432 0.70803 2 0
353 2244 -4.03407 -1.66473 2 0
354 8761 -4.27398 0.752601 2 0
355 2258 -4.31651 -1.76952 2 0
356 8780 -4.57129 0.79996 2 0
357 2272 -4.61677 -1.88088 2 0
358 8799 -4.88736 0.850284 2 0
359 2286 -4.93596 -1.99922 2 0
360 8818 -5.2546 0.679064 2 0
361 8819 -5.22336 0.903759 2 0
362 2300 -5.27527 -2.12497 2 0
363 8837 -5.63746 0.481814 2 0
364 8838 -5.61372 0.72176 2 0
365 2314 -5.63595 -2.25861 2 0
366 8856 -6.02066 0.5121 2 0
367 2328 -6.01932 -2.40064 2 0
368 8874 -6.42797 0.544286 2 0
369 2342 -6.42682 -2.55159 2 0
370 8892 -6.8609 0.578492 2 0
371 2356 -6.85992 -2.71202 2 0
372 2357 -6.96094 -2.42135 2 0
373 8910 -7.32104 0.614846 2 0
374 2372 -7.42755 -2.57358 2 0
375 2373 -7.52263 -2.26064 2 0
376 8928 -7.82937 0.327009 2 0
377 8929 -7.81009 0.653484 2 0
378 2389 -8.02447 -2.40277 2 0
379 8947 -8.35032 0.347553 2 0
380 8948 -8.32983 0.694549 2 0
381 2404 -8.55779 -2.55383 2 0
382 8966 -8.90395 0.369389 2 0
383 8967 -8.88219 0.738197 2 0
384 2419 -9.12455 -2.7144 3 0
385 8986 -9.46917 0.784591 3 0
