357 291 66
1 2420 0.501298000 -3.528340000 0.00000000000000000000 1.00000000000000000000 2 0 8 292 293 294 311 2 17 18 19 
2 2421 0.361410000 -3.526240000 0.00000000000000000000 1.00000000000000000000 2 0 8 293 294 295 1 3 18 19 20 
3 2422 0.221690000 -3.518700000 0.00000000000000000000 1.00000000000000000000 2 0 8 294 295 296 2 312 19 20 315 
4 2423 2.474310000 -3.192340000 0.00000000000000000000 1.00000000000000000000 2 0 8 297 298 299 314 5 21 22 23 
5 2424 2.346640000 -3.267150000 0.00000000000000000000 1.00000000000000000000 2 0 8 298 299 300 4 6 22 23 24 
6 2425 2.216100000 -3.336950000 0.00000000000000000000 1.00000000000000000000 2 0 8 299 300 301 5 7 23 24 25 
7 2426 2.082880000 -3.401640000 0.00000000000000000000 1.00000000000000000000 2 0 8 300 301 302 6 8 24 25 26 
8 2427 1.947180000 -3.461100000 0.00000000000000000000 1.00000000000000000000 2 0 8 301 302 303 7 9 25 26 27 
9 2428 1.809220000 -3.515260000 0.00000000000000000000 1.00000000000000000000 2 0 8 302 303 304 8 10 26 27 28 
10 2429 1.669200000 -3.564020000 0.00000000000000000000 1.00000000000000000000 2 0 8 303 304 305 9 11 27 28 29 
11 2430 1.527340000 -3.607300000 0.00000000000000000000 1.00000000000000000000 2 0 8 304 305 306 10 12 28 29 30 
12 2431 1.383850000 -3.645040000 0.00000000000000000000 1.00000000000000000000 2 0 8 305 306 307 11 13 29 30 31 
13 2432 1.238960000 -3.677180000 0.00000000000000000000 1.00000000000000000000 2 0 8 306 307 308 12 14 30 31 32 
14 2433 1.092890000 -3.703660000 0.00000000000000000000 1.00000000000000000000 2 0 8 307 308 309 13 15 31 32 33 
15 2434 0.945853000 -3.724430000 0.00000000000000000000 1.00000000000000000000 2 0 8 308 309 310 14 16 32 33 34 
16 2435 0.798089000 -3.739480000 0.00000000000000000000 1.00000000000000000000 2 0 8 309 310 311 15 17 33 34 35 
17 2436 0.649819000 -3.748760000 0.00000000000000000000 1.00000000000000000000 2 0 8 310 311 1 16 18 34 35 36 
18 2437 0.501273000 -3.752260000 0.00000000000000000000 1.00000000000000000000 2 0 8 311 1 2 17 19 35 36 37 
19 2438 0.352679000 -3.749980000 0.00000000000000000000 1.00000000000000000000 2 0 8 1 2 3 18 20 36 37 38 
20 2439 0.204267000 -3.741910000 0.00000000000000000000 1.00000000000000000000 2 0 8 2 3 312 19 315 37 38 318 
21 2440 2.730000000 -3.310610000 0.00000000000000000000 1.00000000000000000000 2 0 8 313 314 4 317 22 39 40 41 
22 2441 2.597600000 -3.395340000 0.00000000000000000000 1.00000000000000000000 2 0 8 314 4 5 21 23 40 41 42 
23 2442 2.461930000 -3.474870000 0.00000000000000000000 1.00000000000000000000 2 0 8 4 5 6 22 24 41 42 43 
24 2443 2.323210000 -3.549060000 0.00000000000000000000 1.00000000000000000000 2 0 8 5 6 7 23 25 42 43 44 
25 2444 2.181640000 -3.617820000 0.00000000000000000000 1.00000000000000000000 2 0 8 6 7 8 24 26 43 44 45 
26 2445 2.037450000 -3.681020000 0.00000000000000000000 1.00000000000000000000 2 0 8 7 8 9 25 27 44 45 46 
27 2446 1.890860000 -3.738570000 0.00000000000000000000 1.00000000000000000000 2 0 8 8 9 10 26 28 45 46 47 
28 2447 1.742080000 -3.790380000 0.00000000000000000000 1.00000000000000000000 2 0 8 9 10 11 27 29 46 47 48 
29 2448 1.591350000 -3.836360000 0.00000000000000000000 1.00000000000000000000 2 0 8 10 11 12 28 30 47 48 49 
30 2449 1.438900000 -3.876450000 0.00000000000000000000 1.00000000000000000000 2 0 8 11 12 13 29 31 48 49 50 
31 2450 1.284950000 -3.910570000 0.00000000000000000000 1.00000000000000000000 2 0 8 12 13 14 30 32 49 50 51 
32 2451 1.129760000 -3.938680000 0.00000000000000000000 1.00000000000000000000 2 0 8 13 14 15 31 33 50 51 52 
33 2452 0.973549000 -3.960730000 0.00000000000000000000 1.00000000000000000000 2 0 8 14 15 16 32 34 51 52 53 
34 2453 0.816565000 -3.976670000 0.00000000000000000000 1.00000000000000000000 2 0 8 15 16 17 33 35 52 53 54 
35 2454 0.659049000 -3.986490000 0.00000000000000000000 1.00000000000000000000 2 0 8 16 17 18 34 36 53 54 55 
36 2455 0.501244000 -3.990170000 0.00000000000000000000 1.00000000000000000000 2 0 8 17 18 19 35 37 54 55 56 
37 2456 0.343391000 -3.987690000 0.00000000000000000000 1.00000000000000000000 2 0 8 18 19 20 36 38 55 56 321 
38 2457 0.185736000 -3.979060000 0.00000000000000000000 1.00000000000000000000 2 0 8 19 20 315 37 318 56 321 322 
39 2458 3.006460000 -3.425490000 0.00000000000000000000 1.00000000000000000000 2 0 8 316 317 21 320 40 57 58 59 
40 2459 2.869420000 -3.520960000 0.00000000000000000000 1.00000000000000000000 2 0 8 317 21 22 39 41 58 59 60 
41 2460 2.728700000 -3.611040000 0.00000000000000000000 1.00000000000000000000 2 0 8 21 22 23 40 42 59 60 61 
42 2461 2.584530000 -3.695570000 0.00000000000000000000 1.00000000000000000000 2 0 8 22 23 24 41 43 60 61 62 
43 2462 2.437110000 -3.774440000 0.00000000000000000000 1.00000000000000000000 2 0 8 23 24 25 42 44 61 62 63 
44 2463 2.286670000 -3.847520000 0.00000000000000000000 1.00000000000000000000 2 0 8 24 25 26 43 45 62 63 64 
45 2464 2.133450000 -3.914680000 0.00000000000000000000 1.00000000000000000000 2 0 8 25 26 27 44 46 63 64 65 
46 2465 1.977670000 -3.975840000 0.00000000000000000000 1.00000000000000000000 2 0 8 26 27 28 45 47 64 65 66 
47 2466 1.819580000 -4.030890000 0.00000000000000000000 1.00000000000000000000 2 0 8 27 28 29 46 48 65 66 67 
48 2467 1.659420000 -4.079740000 0.00000000000000000000 1.00000000000000000000 2 0 8 28 29 30 47 49 66 67 68 
49 2468 1.497430000 -4.122320000 0.00000000000000000000 1.00000000000000000000 2 0 8 29 30 31 48 50 67 68 69 
50 2469 1.333860000 -4.158560000 0.00000000000000000000 1.00000000000000000000 2 0 8 30 31 32 49 51 68 69 70 
51 2470 1.168970000 -4.188400000 0.00000000000000000000 1.00000000000000000000 2 0 8 31 32 33 50 52 69 70 71 
52 2471 1.003000000 -4.211790000 0.00000000000000000000 1.00000000000000000000 2 0 8 32 33 34 51 53 70 71 72 
53 2472 0.836212000 -4.228690000 0.00000000000000000000 1.00000000000000000000 2 0 8 33 34 35 52 54 71 72 73 
54 2473 0.668863000 -4.239080000 0.00000000000000000000 1.00000000000000000000 2 0 8 34 35 36 53 55 72 73 74 
55 2474 0.501211000 -4.242930000 0.00000000000000000000 1.00000000000000000000 2 0 8 35 36 37 54 56 73 74 75 
56 2475 0.333514000 -4.240240000 0.00000000000000000000 1.00000000000000000000 2 0 8 36 37 38 55 321 74 75 325 
57 2476 3.304830000 -3.535910000 0.00000000000000000000 1.00000000000000000000 2 0 8 319 320 39 324 58 76 77 78 
58 2477 3.163320000 -3.642990000 0.00000000000000000000 1.00000000000000000000 2 0 8 320 39 40 57 59 77 78 79 
59 2478 3.017670000 -3.744480000 0.00000000000000000000 1.00000000000000000000 2 0 8 39 40 41 58 60 78 79 80 
60 2479 2.868120000 -3.840240000 0.00000000000000000000 1.00000000000000000000 2 0 8 40 41 42 59 61 79 80 81 
61 2480 2.714890000 -3.930100000 0.00000000000000000000 1.00000000000000000000 2 0 8 41 42 43 60 62 80 81 82 
62 2481 2.558230000 -4.013920000 0.00000000000000000000 1.00000000000000000000 2 0 8 42 43 44 61 63 81 82 83 
63 2482 2.398350000 -4.091590000 0.00000000000000000000 1.00000000000000000000 2 0 8 43 44 45 62 64 82 83 84 
64 2483 2.235530000 -4.162970000 0.00000000000000000000 1.00000000000000000000 2 0 8 44 45 46 63 65 83 84 85 
65 2484 2.069990000 -4.227960000 0.00000000000000000000 1.00000000000000000000 2 0 8 45 46 47 64 66 84 85 86 
66 2485 1.901990000 -4.286450000 0.00000000000000000000 1.00000000000000000000 2 0 8 46 47 48 65 67 85 86 87 
67 2486 1.731800000 -4.338350000 0.00000000000000000000 1.00000000000000000000 2 0 8 47 48 49 66 68 86 87 88 
68 2487 1.559670000 -4.383580000 0.00000000000000000000 1.00000000000000000000 2 0 8 48 49 50 67 69 87 88 89 
69 2488 1.385870000 -4.422060000 0.00000000000000000000 1.00000000000000000000 2 0 8 49 50 51 68 70 88 89 90 
70 2489 1.210660000 -4.453740000 0.00000000000000000000 1.00000000000000000000 2 0 8 50 51 52 69 71 89 90 91 
71 2490 1.034310000 -4.478560000 0.00000000000000000000 1.00000000000000000000 2 0 8 51 52 53 70 72 90 91 92 
72 2491 0.857101000 -4.496480000 0.00000000000000000000 1.00000000000000000000 2 0 8 52 53 54 71 73 91 92 93 
73 2492 0.679298000 -4.507470000 0.00000000000000000000 1.00000000000000000000 2 0 8 53 54 55 72 74 92 93 94 
74 2493 0.501175000 -4.511510000 0.00000000000000000000 1.00000000000000000000 2 0 8 54 55 56 73 75 93 94 95 
75 2494 0.323008000 -4.508600000 0.00000000000000000000 1.00000000000000000000 2 0 8 55 56 321 74 325 94 95 327 
76 2495 3.626330000 -3.640670000 0.00000000000000000000 1.00000000000000000000 2 0 8 323 324 57 326 77 328 329 96 
77 2496 3.480530000 -3.760280000 0.00000000000000000000 1.00000000000000000000 2 0 8 324 57 58 76 78 329 96 97 
78 2497 3.330110000 -3.874110000 0.00000000000000000000 1.00000000000000000000 2 0 8 57 58 59 77 79 96 97 98 
79 2498 3.175310000 -3.982010000 0.00000000000000000000 1.00000000000000000000 2 0 8 58 59 60 78 80 97 98 99 
80 2499 3.016370000 -4.083800000 0.00000000000000000000 1.00000000000000000000 2 0 8 59 60 61 79 81 98 99 100 
81 2500 2.853520000 -4.179310000 0.00000000000000000000 1.00000000000000000000 2 0 8 60 61 62 80 82 99 100 101 
82 2501 2.687020000 -4.268410000 0.00000000000000000000 1.00000000000000000000 2 0 8 61 62 63 81 83 100 101 102 
83 2502 2.517110000 -4.350960000 0.00000000000000000000 1.00000000000000000000 2 0 8 62 63 64 82 84 101 102 103 
84 2503 2.344070000 -4.426820000 0.00000000000000000000 1.00000000000000000000 2 0 8 63 64 65 83 85 102 103 104 
85 2504 2.168150000 -4.495880000 0.00000000000000000000 1.00000000000000000000 2 0 8 64 65 66 84 86 103 104 105 
86 2505 1.989620000 -4.558020000 0.00000000000000000000 1.00000000000000000000 2 0 8 65 66 67 85 87 104 105 106 
87 2506 1.808760000 -4.613160000 0.00000000000000000000 1.00000000000000000000 2 0 8 66 67 68 86 88 105 106 107 
88 2507 1.625850000 -4.661200000 0.00000000000000000000 1.00000000000000000000 2 0 8 67 68 69 87 89 106 107 108 
89 2508 1.441160000 -4.702070000 0.00000000000000000000 1.00000000000000000000 2 0 8 68 69 70 88 90 107 108 109 
90 2509 1.254990000 -4.735690000 0.00000000000000000000 1.00000000000000000000 2 0 8 69 70 71 89 91 108 109 110 
91 2510 1.067610000 -4.762030000 0.00000000000000000000 1.00000000000000000000 2 0 8 70 71 72 90 92 109 110 111 
92 2511 0.879311000 -4.781030000 0.00000000000000000000 1.00000000000000000000 2 0 8 71 72 73 91 93 110 111 112 
93 2512 0.690390000 -4.792660000 0.00000000000000000000 1.00000000000000000000 2 0 8 72 73 74 92 94 111 112 113 
94 2513 0.501134000 -4.796910000 0.00000000000000000000 1.00000000000000000000 2 0 8 73 74 75 93 95 112 113 114 
95 2514 0.311836000 -4.793760000 0.00000000000000000000 1.00000000000000000000 2 0 8 74 75 325 94 327 113 114 330 
96 2515 3.667340000 -3.998720000 0.00000000000000000000 1.00000000000000000000 2 0 8 76 77 78 329 97 331 332 115 
97 2516 3.507470000 -4.119740000 0.00000000000000000000 1.00000000000000000000 2 0 8 77 78 79 96 98 332 115 116 
98 2517 3.342930000 -4.234440000 0.00000000000000000000 1.00000000000000000000 2 0 8 78 79 80 97 99 115 116 117 
99 2518 3.174000000 -4.342630000 0.00000000000000000000 1.00000000000000000000 2 0 8 79 80 81 98 100 116 117 118 
100 2519 3.000920000 -4.444160000 0.00000000000000000000 1.00000000000000000000 2 0 8 80 81 82 99 101 117 118 119 
101 2520 2.823960000 -4.538860000 0.00000000000000000000 1.00000000000000000000 2 0 8 81 82 83 100 102 118 119 120 
102 2521 2.643380000 -4.626590000 0.00000000000000000000 1.00000000000000000000 2 0 8 82 83 84 101 103 119 120 121 
103 2522 2.459480000 -4.707210000 0.00000000000000000000 1.00000000000000000000 2 0 8 83 84 85 102 104 120 121 122 
104 2523 2.272520000 -4.780590000 0.00000000000000000000 1.00000000000000000000 2 0 8 84 85 86 103 105 121 122 123 
105 2524 2.082790000 -4.846620000 0.00000000000000000000 1.00000000000000000000 2 0 8 85 86 87 104 106 122 123 124 
106 2525 1.890590000 -4.905200000 0.00000000000000000000 1.00000000000000000000 2 0 8 86 87 88 105 107 123 124 125 
107 2526 1.696220000 -4.956230000 0.00000000000000000000 1.00000000000000000000 2 0 8 87 88 89 106 108 124 125 126 
108 2527 1.499960000 -4.999630000 0.00000000000000000000 1.00000000000000000000 2 0 8 88 89 90 107 109 125 126 127 
109 2528 1.302120000 -5.035330000 0.00000000000000000000 1.00000000000000000000 2 0 8 89 90 91 108 110 126 127 128 
110 2529 1.103010000 -5.063270000 0.00000000000000000000 1.00000000000000000000 2 0 8 90 91 92 109 111 127 128 129 
111 2530 0.902924000 -5.083420000 0.00000000000000000000 1.00000000000000000000 2 0 8 91 92 93 110 112 128 129 130 
112 2531 0.702182000 -5.095730000 0.00000000000000000000 1.00000000000000000000 2 0 8 92 93 94 111 113 129 130 131 
113 2532 0.501089000 -5.100190000 0.00000000000000000000 1.00000000000000000000 2 0 8 93 94 95 112 114 130 131 132 
114 2533 0.299955000 -5.096780000 0.00000000000000000000 1.00000000000000000000 2 0 8 94 95 327 113 330 131 132 333 
115 2534 3.696040000 -4.380790000 0.00000000000000000000 1.00000000000000000000 2 0 8 96 97 98 332 116 334 335 133 
116 2535 3.521160000 -4.502710000 0.00000000000000000000 1.00000000000000000000 2 0 8 97 98 99 115 117 335 133 134 
117 2536 3.341600000 -4.617720000 0.00000000000000000000 1.00000000000000000000 2 0 8 98 99 100 116 118 133 134 135 
118 2537 3.157640000 -4.725640000 0.00000000000000000000 1.00000000000000000000 2 0 8 99 100 101 117 119 134 135 136 
119 2538 2.969560000 -4.826290000 0.00000000000000000000 1.00000000000000000000 2 0 8 100 101 102 118 120 135 136 137 
120 2539 2.777640000 -4.919530000 0.00000000000000000000 1.00000000000000000000 2 0 8 101 102 103 119 121 136 137 138 
121 2540 2.582180000 -5.005200000 0.00000000000000000000 1.00000000000000000000 2 0 8 102 103 104 120 122 137 138 139 
122 2541 2.383490000 -5.083180000 0.00000000000000000000 1.00000000000000000000 2 0 8 103 104 105 121 123 138 139 140 
123 2542 2.181850000 -5.153330000 0.00000000000000000000 1.00000000000000000000 2 0 8 104 105 106 122 124 139 140 141 
124 2543 1.977600000 -5.215560000 0.00000000000000000000 1.00000000000000000000 2 0 8 105 106 107 123 125 140 141 142 
125 2544 1.771030000 -5.269770000 0.00000000000000000000 1.00000000000000000000 2 0 8 106 107 108 124 126 141 142 143 
126 2545 1.562460000 -5.315850000 0.00000000000000000000 1.00000000000000000000 2 0 8 107 108 109 125 127 142 143 144 
127 2546 1.352230000 -5.353760000 0.00000000000000000000 1.00000000000000000000 2 0 8 108 109 110 126 128 143 144 145 
128 2547 1.140640000 -5.383420000 0.00000000000000000000 1.00000000000000000000 2 0 8 109 110 111 127 129 144 145 146 
129 2548 0.928026000 -5.404780000 0.00000000000000000000 1.00000000000000000000 2 0 8 110 111 112 128 130 145 146 147 
130 2549 0.714716000 -5.417810000 0.00000000000000000000 1.00000000000000000000 2 0 8 111 112 113 129 131 146 147 148 
131 2550 0.501038000 -5.422490000 0.00000000000000000000 1.00000000000000000000 2 0 8 112 113 114 130 132 147 148 149 
132 2551 0.287320000 -5.418810000 0.00000000000000000000 1.00000000000000000000 2 0 8 113 114 330 131 333 148 149 336 
133 2552 3.710650000 -4.787840000 0.00000000000000000000 1.00000000000000000000 2 0 8 115 116 117 335 134 337 150 151 
134 2553 3.519800000 -4.910090000 0.00000000000000000000 1.00000000000000000000 2 0 8 116 117 118 133 135 150 151 152 
135 2554 3.324270000 -5.024800000 0.00000000000000000000 1.00000000000000000000 2 0 8 117 118 119 134 136 151 152 153 
136 2555 3.124360000 -5.131780000 0.00000000000000000000 1.00000000000000000000 2 0 8 118 119 120 135 137 152 153 154 
137 2556 2.920380000 -5.230860000 0.00000000000000000000 1.00000000000000000000 2 0 8 119 120 121 136 138 153 154 155 
138 2557 2.712640000 -5.321910000 0.00000000000000000000 1.00000000000000000000 2 0 8 120 121 122 137 139 154 155 156 
139 2558 2.501470000 -5.404770000 0.00000000000000000000 1.00000000000000000000 2 0 8 121 122 123 138 140 155 156 157 
140 2559 2.287180000 -5.479310000 0.00000000000000000000 1.00000000000000000000 2 0 8 122 123 124 139 141 156 157 158 
141 2560 2.070100000 -5.545420000 0.00000000000000000000 1.00000000000000000000 2 0 8 123 124 125 140 142 157 158 159 
142 2561 1.850570000 -5.602990000 0.00000000000000000000 1.00000000000000000000 2 0 8 124 125 126 141 143 158 159 160 
143 2562 1.628920000 -5.651940000 0.00000000000000000000 1.00000000000000000000 2 0 8 125 126 127 142 144 159 160 161 
144 2563 1.405500000 -5.692180000 0.00000000000000000000 1.00000000000000000000 2 0 8 126 127 128 143 145 160 161 162 
145 2564 1.180650000 -5.723660000 0.00000000000000000000 1.00000000000000000000 2 0 8 127 128 129 144 146 161 162 163 
146 2565 0.954711000 -5.746310000 0.00000000000000000000 1.00000000000000000000 2 0 8 128 129 130 145 147 162 163 164 
147 2566 0.728039000 -5.760110000 0.00000000000000000000 1.00000000000000000000 2 0 8 129 130 131 146 148 163 164 165 
148 2567 0.500980000 -5.765030000 0.00000000000000000000 1.00000000000000000000 2 0 8 130 131 132 147 149 164 165 166 
149 2568 0.273884000 -5.761060000 0.00000000000000000000 1.00000000000000000000 2 0 8 131 132 333 148 336 165 166 338 
150 2569 3.912120000 -5.090910000 0.00000000000000000000 1.00000000000000000000 2 0 8 335 133 134 337 151 339 167 168 
151 2570 3.709260000 -5.220850000 0.00000000000000000000 1.00000000000000000000 2 0 8 133 134 135 150 152 167 168 169 
152 2571 3.501430000 -5.342770000 0.00000000000000000000 1.00000000000000000000 2 0 8 134 135 136 151 153 168 169 170 
153 2572 3.288940000 -5.456470000 0.00000000000000000000 1.00000000000000000000 2 0 8 135 136 137 152 154 169 170 171 
154 2573 3.072140000 -5.561780000 0.00000000000000000000 1.00000000000000000000 2 0 8 136 137 138 153 155 170 171 172 
155 2574 2.851350000 -5.658530000 0.00000000000000000000 1.00000000000000000000 2 0 8 137 138 139 154 156 171 172 173 
156 2575 2.626900000 -5.746570000 0.00000000000000000000 1.00000000000000000000 2 0 8 138 139 140 155 157 172 173 174 
157 2576 2.399150000 -5.825780000 0.00000000000000000000 1.00000000000000000000 2 0 8 139 140 141 156 158 173 174 175 
158 2577 2.168440000 -5.896010000 0.00000000000000000000 1.00000000000000000000 2 0 8 140 141 142 157 159 174 175 176 
159 2578 1.935120000 -5.957170000 0.00000000000000000000 1.00000000000000000000 2 0 8 141 142 143 158 160 175 176 177 
160 2579 1.699570000 -6.009150000 0.00000000000000000000 1.00000000000000000000 2 0 8 142 143 144 159 161 176 177 178 
161 2580 1.462130000 -6.051870000 0.00000000000000000000 1.00000000000000000000 2 0 8 143 144 145 160 162 177 178 179 
162 2581 1.223180000 -6.085280000 0.00000000000000000000 1.00000000000000000000 2 0 8 144 145 146 161 163 178 179 180 
163 2582 0.983078000 -6.109300000 0.00000000000000000000 1.00000000000000000000 2 0 8 145 146 147 162 164 179 180 181 
164 2583 0.742200000 -6.123910000 0.00000000000000000000 1.00000000000000000000 2 0 8 146 147 148 163 165 180 181 182 
165 2584 0.500916000 -6.129080000 0.00000000000000000000 1.00000000000000000000 2 0 8 147 148 149 164 166 181 182 183 
166 2585 0.259596000 -6.124790000 0.00000000000000000000 1.00000000000000000000 2 0 8 148 149 336 165 338 182 183 340 
167 2586 4.126320000 -5.413040000 0.00000000000000000000 1.00000000000000000000 2 0 8 337 150 151 339 168 341 184 185 
168 2587 3.910680000 -5.551160000 0.00000000000000000000 1.00000000000000000000 2 0 8 150 151 152 167 169 184 185 186 
169 2588 3.689770000 -5.680750000 0.00000000000000000000 1.00000000000000000000 2 0 8 151 152 153 168 170 185 186 187 
170 2589 3.463920000 -5.801590000 0.00000000000000000000 1.00000000000000000000 2 0 8 152 153 154 169 171 186 187 188 
171 2590 3.233480000 -5.913510000 0.00000000000000000000 1.00000000000000000000 2 0 8 153 154 155 170 172 187 188 189 
172 2591 2.998800000 -6.016320000 0.00000000000000000000 1.00000000000000000000 2 0 8 154 155 156 171 173 188 189 190 
173 2592 2.760250000 -6.109880000 0.00000000000000000000 1.00000000000000000000 2 0 8 155 156 157 172 174 189 190 191 
174 2593 2.518180000 -6.194030000 0.00000000000000000000 1.00000000000000000000 2 0 8 156 157 158 173 175 190 191 192 
175 2594 2.272980000 -6.268650000 0.00000000000000000000 1.00000000000000000000 2 0 8 157 158 159 174 176 191 192 193 
176 2595 2.025020000 -6.333610000 0.00000000000000000000 1.00000000000000000000 2 0 8 158 159 160 175 177 192 193 194 
177 2596 1.774670000 -6.388820000 0.00000000000000000000 1.00000000000000000000 2 0 8 159 160 161 176 178 193 194 195 
178 2597 1.522330000 -6.434180000 0.00000000000000000000 1.00000000000000000000 2 0 8 160 161 162 177 179 194 195 196 
179 2598 1.268390000 -6.469630000 0.00000000000000000000 1.00000000000000000000 2 0 8 161 162 163 178 180 195 196 197 
180 2599 1.013230000 -6.495110000 0.00000000000000000000 1.00000000000000000000 2 0 8 162 163 164 179 181 196 197 198 
181 2600 0.757251000 -6.510580000 0.00000000000000000000 1.00000000000000000000 2 0 8 163 164 165 180 182 197 198 199 
182 2601 0.500843000 -6.516010000 0.00000000000000000000 1.00000000000000000000 2 0 8 164 165 166 181 183 198 199 200 
183 2602 0.244403000 -6.511400000 0.00000000000000000000 1.00000000000000000000 2 0 8 165 166 338 182 340 199 200 342 
184 2603 4.354030000 -5.755470000 0.00000000000000000000 1.00000000000000000000 2 0 8 339 167 168 341 185 343 344 201 
185 2604 4.124820000 -5.902280000 0.00000000000000000000 1.00000000000000000000 2 0 8 167 168 169 184 186 344 201 202 
186 2605 3.890000000 -6.040010000 0.00000000000000000000 1.00000000000000000000 2 0 8 168 169 170 185 187 201 202 203 
187 2606 3.649940000 -6.168440000 0.00000000000000000000 1.00000000000000000000 2 0 8 169 170 171 186 188 202 203 204 
188 2607 3.405000000 -6.287380000 0.00000000000000000000 1.00000000000000000000 2 0 8 170 171 172 187 189 203 204 205 
189 2608 3.155570000 -6.396650000 0.00000000000000000000 1.00000000000000000000 2 0 8 171 172 173 188 190 204 205 206 
190 2609 2.902010000 -6.496060000 0.00000000000000000000 1.00000000000000000000 2 0 8 172 173 174 189 191 205 206 207 
191 2610 2.644730000 -6.585470000 0.00000000000000000000 1.00000000000000000000 2 0 8 173 174 175 190 192 206 207 208 
192 2611 2.384120000 -6.664740000 0.00000000000000000000 1.00000000000000000000 2 0 8 174 175 176 191 193 207 208 209 
193 2612 2.120580000 -6.733750000 0.00000000000000000000 1.00000000000000000000 2 0 8 175 176 177 192 194 208 209 210 
194 2613 1.854510000 -6.792380000 0.00000000000000000000 1.00000000000000000000 2 0 8 176 177 178 193 195 209 210 211 
195 2614 1.586330000 -6.840550000 0.00000000000000000000 1.00000000000000000000 2 0 8 177 178 179 194 196 210 211 212 
196 2615 1.316450000 -6.878170000 0.00000000000000000000 1.00000000000000000000 2 0 8 178 179 180 195 197 211 212 213 
197 2616 1.045280000 -6.905200000 0.00000000000000000000 1.00000000000000000000 2 0 8 179 180 181 196 198 212 213 214 
198 2617 0.773247000 -6.921580000 0.00000000000000000000 1.00000000000000000000 2 0 8 180 181 182 197 199 213 214 215 
199 2618 0.500761000 -6.927290000 0.00000000000000000000 1.00000000000000000000 2 0 8 181 182 183 198 200 214 215 216 
200 2619 0.228247000 -6.922310000 0.00000000000000000000 1.00000000000000000000 2 0 8 182 183 340 199 342 215 216 345 
201 2620 4.352470000 -6.275520000 0.00000000000000000000 1.00000000000000000000 2 0 8 184 185 186 344 202 346 217 218 
202 2621 4.102870000 -6.421910000 0.00000000000000000000 1.00000000000000000000 2 0 8 185 186 187 201 203 217 218 219 
203 2622 3.847700000 -6.558410000 0.00000000000000000000 1.00000000000000000000 2 0 8 186 187 188 202 204 218 219 220 
204 2623 3.587340000 -6.684820000 0.00000000000000000000 1.00000000000000000000 2 0 8 187 188 189 203 205 219 220 221 
205 2624 3.322210000 -6.800930000 0.00000000000000000000 1.00000000000000000000 2 0 8 188 189 190 204 206 220 221 222 
206 2625 3.052710000 -6.906570000 0.00000000000000000000 1.00000000000000000000 2 0 8 189 190 191 205 207 221 222 223 
207 2626 2.779260000 -7.001570000 0.00000000000000000000 1.00000000000000000000 2 0 8 190 191 192 206 208 222 223 224 
208 2627 2.502260000 -7.085780000 0.00000000000000000000 1.00000000000000000000 2 0 8 191 192 193 207 209 223 224 225 
209 2628 2.222160000 -7.159090000 0.00000000000000000000 1.00000000000000000000 2 0 8 192 193 194 208 210 224 225 226 
210 2629 1.939380000 -7.221360000 0.00000000000000000000 1.00000000000000000000 2 0 8 193 194 195 209 211 225 226 227 
211 2630 1.654360000 -7.272500000 0.00000000000000000000 1.00000000000000000000 2 0 8 194 195 196 210 212 226 227 228 
212 2631 1.367540000 -7.312430000 0.00000000000000000000 1.00000000000000000000 2 0 8 195 196 197 211 213 227 228 229 
213 2632 1.079350000 -7.341100000 0.00000000000000000000 1.00000000000000000000 2 0 8 196 197 198 212 214 228 229 230 
214 2633 0.790246000 -7.358440000 0.00000000000000000000 1.00000000000000000000 2 0 8 197 198 199 213 215 229 230 231 
215 2634 0.500669000 -7.364440000 0.00000000000000000000 1.00000000000000000000 2 0 8 198 199 200 214 216 230 231 232 
216 2635 0.211068000 -7.359090000 0.00000000000000000000 1.00000000000000000000 2 0 8 199 200 342 215 345 231 232 347 
217 2636 4.594480000 -6.672310000 0.00000000000000000000 1.00000000000000000000 2 0 8 344 201 202 346 218 348 233 234 
218 2637 4.329160000 -6.827900000 0.00000000000000000000 1.00000000000000000000 2 0 8 201 202 203 217 219 233 234 235 
219 2638 4.057920000 -6.972970000 0.00000000000000000000 1.00000000000000000000 2 0 8 202 203 204 218 220 234 235 236 
220 2639 3.781180000 -7.107310000 0.00000000000000000000 1.00000000000000000000 2 0 8 203 204 205 219 221 235 236 237 
221 2640 3.499370000 -7.230700000 0.00000000000000000000 1.00000000000000000000 2 0 8 204 205 206 220 222 236 237 238 
222 2641 3.212920000 -7.342950000 0.00000000000000000000 1.00000000000000000000 2 0 8 205 206 207 221 223 237 238 239 
223 2642 2.922260000 -7.443890000 0.00000000000000000000 1.00000000000000000000 2 0 8 206 207 208 222 224 238 239 240 
224 2643 2.627850000 -7.533360000 0.00000000000000000000 1.00000000000000000000 2 0 8 207 208 209 223 225 239 240 241 
225 2644 2.330150000 -7.611230000 0.00000000000000000000 1.00000000000000000000 2 0 8 208 209 210 224 226 240 241 242 
226 2645 2.029600000 -7.677360000 0.00000000000000000000 1.00000000000000000000 2 0 8 209 210 211 225 227 241 242 243 
227 2646 1.726670000 -7.731660000 0.00000000000000000000 1.00000000000000000000 2 0 8 210 211 212 226 228 242 243 244 
228 2647 1.421840000 -7.774050000 0.00000000000000000000 1.00000000000000000000 2 0 8 211 212 213 227 229 243 244 245 
229 2648 1.115560000 -7.804450000 0.00000000000000000000 1.00000000000000000000 2 0 8 212 213 214 228 230 244 245 246 
230 2649 0.808310000 -7.822820000 0.00000000000000000000 1.00000000000000000000 2 0 8 213 214 215 229 231 245 246 247 
231 2650 0.500566000 -7.829130000 0.00000000000000000000 1.00000000000000000000 2 0 8 214 215 216 230 232 246 247 248 
232 2651 0.192800000 -7.823370000 0.00000000000000000000 1.00000000000000000000 2 0 8 215 216 345 231 347 247 248 349 
233 2652 4.851750000 -7.094140000 0.00000000000000000000 1.00000000000000000000 2 0 8 346 217 218 348 234 350 351 249 
234 2653 4.569720000 -7.259510000 0.00000000000000000000 1.00000000000000000000 2 0 8 217 218 219 233 235 351 249 250 
235 2654 4.281400000 -7.413690000 0.00000000000000000000 1.00000000000000000000 2 0 8 218 219 220 234 236 249 250 251 
236 2655 3.987240000 -7.556460000 0.00000000000000000000 1.00000000000000000000 2 0 8 219 220 221 235 237 250 251 252 
237 2656 3.687690000 -7.687580000 0.00000000000000000000 1.00000000000000000000 2 0 8 220 221 222 236 238 251 252 253 
238 2657 3.383210000 -7.806860000 0.00000000000000000000 1.00000000000000000000 2 0 8 221 222 223 237 239 252 253 254 
239 2658 3.074270000 -7.914110000 0.00000000000000000000 1.00000000000000000000 2 0 8 222 223 224 238 240 253 254 255 
240 2659 2.761350000 -8.009170000 0.00000000000000000000 1.00000000000000000000 2 0 8 223 224 225 239 241 254 255 256 
241 2660 2.444930000 -8.091880000 0.00000000000000000000 1.00000000000000000000 2 0 8 224 225 226 240 242 255 256 257 
242 2661 2.125490000 -8.162120000 0.00000000000000000000 1.00000000000000000000 2 0 8 225 226 227 241 243 256 257 258 
243 2662 1.803530000 -8.219780000 0.00000000000000000000 1.00000000000000000000 2 0 8 226 227 228 242 244 257 258 259 
244 2663 1.479550000 -8.264770000 0.00000000000000000000 1.00000000000000000000 2 0 8 227 228 229 243 245 258 259 260 
245 2664 1.154040000 -8.297020000 0.00000000000000000000 1.00000000000000000000 2 0 8 228 229 230 244 246 259 260 261 
246 2665 0.827505000 -8.316470000 0.00000000000000000000 1.00000000000000000000 2 0 8 229 230 231 245 247 260 261 262 
247 2666 0.500449000 -8.323110000 0.00000000000000000000 1.00000000000000000000 2 0 8 230 231 232 246 248 261 262 263 
248 2667 0.173375000 -8.316910000 0.00000000000000000000 1.00000000000000000000 2 0 8 231 232 347 247 349 262 263 352 
249 2668 4.825440000 -7.718370000 0.00000000000000000000 1.00000000000000000000 2 0 8 233 234 235 351 250 353 354 264 
250 2669 4.518960000 -7.882240000 0.00000000000000000000 1.00000000000000000000 2 0 8 234 235 236 249 251 354 264 265 
251 2670 4.206280000 -8.033970000 0.00000000000000000000 1.00000000000000000000 2 0 8 235 236 237 250 252 264 265 266 
252 2671 3.887870000 -8.173310000 0.00000000000000000000 1.00000000000000000000 2 0 8 236 237 238 251 253 265 266 267 
253 2672 3.564230000 -8.300060000 0.00000000000000000000 1.00000000000000000000 2 0 8 237 238 239 252 254 266 267 268 
254 2673 3.235860000 -8.414020000 0.00000000000000000000 1.00000000000000000000 2 0 8 238 239 240 253 255 267 268 269 
255 2674 2.903260000 -8.515000000 0.00000000000000000000 1.00000000000000000000 2 0 8 239 240 241 254 256 268 269 270 
256 2675 2.566940000 -8.602870000 0.00000000000000000000 1.00000000000000000000 2 0 8 240 241 242 255 257 269 270 271 
257 2676 2.227420000 -8.677470000 0.00000000000000000000 1.00000000000000000000 2 0 8 241 242 243 256 258 270 271 272 
258 2677 1.885230000 -8.738690000 0.00000000000000000000 1.00000000000000000000 2 0 8 242 243 244 257 259 271 272 273 
259 2678 1.540890000 -8.786440000 0.00000000000000000000 1.00000000000000000000 2 0 8 243 244 245 258 260 272 273 274 
260 2679 1.194940000 -8.820650000 0.00000000000000000000 1.00000000000000000000 2 0 8 244 245 246 259 261 273 274 275 
261 2680 0.847902000 -8.841260000 0.00000000000000000000 1.00000000000000000000 2 0 8 245 246 247 260 262 274 275 276 
262 2681 0.500317000 -8.848230000 0.00000000000000000000 1.00000000000000000000 2 0 8 246 247 248 261 263 275 276 277 
263 2682 0.152720000 -8.841560000 0.00000000000000000000 1.00000000000000000000 2 0 8 247 248 349 262 352 276 277 355 
264 2683 4.771480000 -8.380400000 0.00000000000000000000 1.00000000000000000000 2 0 8 249 250 251 354 265 356 278 279 
265 2684 4.439110000 -8.541650000 0.00000000000000000000 1.00000000000000000000 2 0 8 250 251 252 264 266 278 279 280 
266 2685 4.100660000 -8.689730000 0.00000000000000000000 1.00000000000000000000 2 0 8 251 252 253 265 267 279 280 281 
267 2686 3.756650000 -8.824410000 0.00000000000000000000 1.00000000000000000000 2 0 8 252 253 254 266 268 280 281 282 
268 2687 3.407610000 -8.945490000 0.00000000000000000000 1.00000000000000000000 2 0 8 253 254 255 267 269 281 282 283 
269 2688 3.054090000 -9.052780000 0.00000000000000000000 1.00000000000000000000 2 0 8 254 255 256 268 270 282 283 284 
270 2689 2.696620000 -9.146120000 0.00000000000000000000 1.00000000000000000000 2 0 8 255 256 257 269 271 283 284 285 
271 2690 2.335760000 -9.225350000 0.00000000000000000000 1.00000000000000000000 2 0 8 256 257 258 270 272 284 285 286 
272 2691 1.972060000 -9.290360000 0.00000000000000000000 1.00000000000000000000 2 0 8 257 258 259 271 273 285 286 287 
273 2692 1.606090000 -9.341050000 0.00000000000000000000 1.00000000000000000000 2 0 8 258 259 260 272 274 286 287 288 
274 2693 1.238400000 -9.377330000 0.00000000000000000000 1.00000000000000000000 2 0 8 259 260 261 273 275 287 288 289 
275 2694 0.869573000 -9.399160000 0.00000000000000000000 1.00000000000000000000 2 0 8 260 261 262 274 276 288 289 290 
276 2695 0.500168000 -9.406490000 0.00000000000000000000 1.00000000000000000000 2 0 8 261 262 263 275 277 289 290 291 
277 2696 0.130757000 -9.399320000 0.00000000000000000000 1.00000000000000000000 2 0 8 262 263 352 276 355 290 291 357 
278 2697 5.039910000 -8.910070000 0.45399140999548787123 -0.89100606038921459362 3 0 8 354 264 265 356 279 249 250 251 
279 2698 4.686600000 -9.081430000 0.41865513425978917450 -0.90814529595099369175 3 0 8 264 265 266 278 280 250 251 252 
280 2699 4.326830000 -9.238800000 0.38268023147519464322 -0.92388085835679678581 3 0 8 265 266 267 279 281 251 252 253 
281 2700 3.961170000 -9.381910000 0.34611905021161554208 -0.93819060061408054985 3 0 8 266 267 268 280 282 252 253 254 
282 2701 3.590170000 -9.510570000 0.30901667003776622789 -0.95105662167863069811 3 0 8 267 268 269 281 283 253 254 255 
283 2702 3.214400000 -9.624550000 0.27143445322643250384 -0.96245692766048884792 3 0 8 268 269 270 282 284 254 255 256 
284 2703 2.834450000 -9.723700000 0.23344520423477357896 -0.97236995871930587132 3 0 8 269 270 271 283 285 255 256 257 
285 2704 2.450900000 -9.807850000 0.19508492762544765720 -0.98078635339882969113 3 0 8 270 271 272 284 286 256 257 258 
286 2705 2.064340000 -9.876880000 0.15643212311026291617 -0.98768871151755877058 3 0 8 271 272 273 285 287 257 258 259 
287 2706 1.675370000 -9.930680000 0.11753803264387427396 -0.99306838177549872082 3 0 8 272 273 274 286 288 258 259 260 
288 2707 1.284590000 -9.969170000 0.07846480107379300017 -0.99691688469623684909 3 0 8 273 274 275 287 289 259 260 261 
289 2708 0.892598000 -9.992290000 0.03926410735358380755 -0.99922886761428486579 3 0 8 274 275 276 288 290 260 261 262 
290 2709 0.500000000 -10.000000000 -0.00000000000000000000 -1.00000000000000000000 3 0 8 275 276 277 289 291 261 262 263 
291 2710 0.107402000 -9.992290000 -0.03926405738669001139 -0.99922886957770318261 3 0 8 276 277 355 290 357 262 263 352 
292 3577 0.632974 -3.31436 2 0
293 3578 0.501321 -3.31755 2 0
294 3579 0.369619 -3.31563 2 0
295 1818 0.238071 -3.30859 2 0
296 1819 0.10688 -3.29644 2 0
297 3239 2.47564 -2.92631 2 0
298 3580 2.35839 -3.00127 2 0
299 3581 2.23824 -3.07164 2 0
300 3582 2.11539 -3.1373 2 0
301 3583 1.99001 -3.19816 2 0
302 3584 1.8623 -3.25411 2 0
303 3585 1.73246 -3.30507 2 0
304 3586 1.60067 -3.35096 2 0
305 3587 1.46715 -3.3917 2 0
306 3588 1.33209 -3.42723 2 0
307 3589 1.19571 -3.45749 2 0
308 3590 1.05821 -3.48244 2 0
309 3591 0.91981 -3.50202 2 0
310 3592 0.780714 -3.51622 2 0
311 3593 0.641138 -3.52499 2 0
312 1231 0.0823524 -3.50573 2 0
313 3259 2.72024 -3.02818 2 0
314 3260 2.59891 -3.11264 2 0
315 1245 0.0562654 -3.72807 2 0
316 3278 2.98423 -3.12608 2 0
317 3279 2.85895 -3.22081 2 0
318 1259 0.0285214 -3.96428 2 0
319 3295 3.26867 -3.21896 2 0
320 3296 3.13961 -3.32478 2 0
321 1274 0.166029 -4.23101 2 0
322 1275 -0.000982964 -4.21525 2 0
323 3299 3.57464 -3.30567 2 0
324 3300 3.44201 -3.42341 2 0
325 1290 0.145073 -4.49873 2 0
326 2738 3.7673 -3.51549 2 0
327 1306 0.122787 -4.78321 2 0
328 2755 3.97215 -3.73847 2 0
329 2756 3.82232 -3.87156 2 0
330 1322 0.0990902 -5.08551 2 0
331 2775 4.0307 -4.11696 2 0
332 2776 3.86597 -4.25213 2 0
333 1338 0.0738929 -5.40677 2 0
334 2797 4.07717 -4.52147 2 0
335 2798 3.89654 -4.65824 2 0
336 1354 0.0471011 -5.7482 2 0
337 2821 4.10971 -4.95314 2 0
338 1370 0.0186146 -6.11107 2 0
339 2844 4.33634 -5.2666 2 0
340 1386 -0.0116731 -6.49674 2 0
341 2866 4.57729 -5.5998 2 0
342 1402 -0.0438753 -6.90666 2 0
343 2888 4.83344 -5.95401 2 0
344 2889 4.59612 -6.11948 2 0
345 1418 -0.0781123 -7.34239 2 0
346 2912 4.85348 -6.50645 2 0
347 1434 -0.114512 -7.80555 2 0
348 2935 5.12707 -6.91784 2 0
349 1450 -0.153211 -8.29788 2 0
350 2957 5.41791 -7.35522 2 0
351 2958 5.12524 -7.54261 2 0
352 1466 -0.194353 -8.82126 2 0
353 2981 5.41596 -8.01942 2 0
354 2982 5.09727 -8.20624 2 0
355 1482 -0.238092 -9.37766 2 0
356 3006 5.38621 -8.72496 3 0
357 1499 -0.284591 -9.96917 3 0
