391 299 92
1 9302 0.138341000 1.433770000 0.00000000000000000000 1.00000000000000000000 2 0 8 300 301 302 305 2 3 4 5 
2 9303 0.198138000 1.445500000 0.00000000000000000000 1.00000000000000000000 2 0 8 301 302 303 1 306 4 5 6 
3 9304 0.053966300 1.513400000 0.00000000000000000000 1.00000000000000000000 2 0 8 304 305 1 309 4 7 8 9 
4 9305 0.116763000 1.528330000 0.00000000000000000000 1.00000000000000000000 2 0 8 305 1 2 3 5 8 9 10 
5 9306 0.180106000 1.540880000 0.00000000000000000000 1.00000000000000000000 2 0 8 1 2 306 4 6 9 10 11 
6 9307 0.243895000 1.551040000 0.00000000000000000000 1.00000000000000000000 2 0 8 2 306 307 5 310 10 11 12 
7 9308 -0.038638800 1.594130000 0.00000000000000000000 1.00000000000000000000 2 0 8 308 309 3 313 8 13 14 15 
8 9309 0.027217400 1.612590000 0.00000000000000000000 1.00000000000000000000 2 0 8 309 3 4 7 9 14 15 16 
9 9310 0.093758900 1.628550000 0.00000000000000000000 1.00000000000000000000 2 0 8 3 4 5 8 10 15 16 17 
10 9311 0.160882000 1.641970000 0.00000000000000000000 1.00000000000000000000 2 0 8 4 5 6 9 11 16 17 18 
11 9312 0.228480000 1.652840000 0.00000000000000000000 1.00000000000000000000 2 0 8 5 6 310 10 12 17 18 19 
12 9313 0.296450000 1.661150000 0.00000000000000000000 1.00000000000000000000 2 0 8 6 310 311 11 314 18 19 20 
13 9314 -0.140055000 1.675700000 0.00000000000000000000 1.00000000000000000000 2 0 8 312 313 7 317 14 21 22 23 
14 9315 -0.071091200 1.698050000 0.00000000000000000000 1.00000000000000000000 2 0 8 313 7 8 13 15 22 23 24 
15 9316 -0.001288640 1.717760000 0.00000000000000000000 1.00000000000000000000 2 0 8 7 8 9 14 16 23 24 25 
16 9317 0.069243200 1.734800000 0.00000000000000000000 1.00000000000000000000 2 0 8 8 9 10 15 17 24 25 26 
17 9318 0.140394000 1.749150000 0.00000000000000000000 1.00000000000000000000 2 0 8 9 10 11 16 18 25 26 27 
18 9319 0.212052000 1.760780000 0.00000000000000000000 1.00000000000000000000 2 0 8 10 11 12 17 19 26 27 28 
19 9320 0.284107000 1.769680000 0.00000000000000000000 1.00000000000000000000 2 0 8 11 12 314 18 20 27 28 29 
20 9321 0.356446000 1.775850000 0.00000000000000000000 1.00000000000000000000 2 0 8 12 314 315 19 318 28 29 30 
21 9322 -0.250887000 1.757780000 0.00000000000000000000 1.00000000000000000000 2 0 8 316 317 13 322 22 32 33 34 
22 9323 -0.178779000 1.784410000 0.00000000000000000000 1.00000000000000000000 2 0 8 317 13 14 21 23 33 34 35 
23 9324 -0.105665000 1.808260000 0.00000000000000000000 1.00000000000000000000 2 0 8 13 14 15 22 24 34 35 36 
24 9325 -0.031658000 1.829300000 0.00000000000000000000 1.00000000000000000000 2 0 8 14 15 16 23 25 35 36 37 
25 9326 0.043124600 1.847490000 0.00000000000000000000 1.00000000000000000000 2 0 8 15 16 17 24 26 36 37 38 
26 9327 0.118566000 1.862820000 0.00000000000000000000 1.00000000000000000000 2 0 8 16 17 18 25 27 37 38 39 
27 9328 0.194550000 1.875250000 0.00000000000000000000 1.00000000000000000000 2 0 8 17 18 19 26 28 38 39 40 
28 9329 0.270956000 1.884780000 0.00000000000000000000 1.00000000000000000000 2 0 8 18 19 20 27 29 39 40 41 
29 9330 0.347667000 1.891400000 0.00000000000000000000 1.00000000000000000000 2 0 8 19 20 318 28 30 40 41 42 
30 9331 0.424563000 1.895090000 0.00000000000000000000 1.00000000000000000000 2 0 8 20 318 319 29 323 41 42 43 
31 9332 -0.445726000 1.805870000 0.00000000000000000000 1.00000000000000000000 2 0 8 320 321 322 326 32 44 45 46 
32 9333 -0.371761000 1.840040000 0.00000000000000000000 1.00000000000000000000 2 0 8 321 322 21 31 33 45 46 47 
33 9334 -0.296487000 1.871350000 0.00000000000000000000 1.00000000000000000000 2 0 8 322 21 22 32 34 46 47 48 
34 9335 -0.220022000 1.899740000 0.00000000000000000000 1.00000000000000000000 2 0 8 21 22 23 33 35 47 48 49 
35 9336 -0.142487000 1.925170000 0.00000000000000000000 1.00000000000000000000 2 0 8 22 23 24 34 36 48 49 50 
36 9337 -0.064003800 1.947610000 0.00000000000000000000 1.00000000000000000000 2 0 8 23 24 25 35 37 49 50 51 
37 9338 0.015305900 1.967030000 0.00000000000000000000 1.00000000000000000000 2 0 8 24 25 26 36 38 50 51 52 
38 9339 0.095317800 1.983390000 0.00000000000000000000 1.00000000000000000000 2 0 8 25 26 27 37 39 51 52 53 
39 9340 0.175907000 1.996680000 0.00000000000000000000 1.00000000000000000000 2 0 8 26 27 28 38 40 52 53 54 
40 9341 0.256948000 2.006880000 0.00000000000000000000 1.00000000000000000000 2 0 8 27 28 29 39 41 53 54 55 
41 9342 0.338316000 2.013970000 0.00000000000000000000 1.00000000000000000000 2 0 8 28 29 30 40 42 54 55 56 
42 9343 0.419883000 2.017950000 0.00000000000000000000 1.00000000000000000000 2 0 8 29 30 323 41 43 55 56 57 
43 9344 0.501524000 2.018810000 0.00000000000000000000 1.00000000000000000000 2 0 8 30 323 324 42 327 56 57 58 
44 9345 -0.580260000 1.882660000 0.00000000000000000000 1.00000000000000000000 2 0 8 325 326 31 330 45 59 60 61 
45 9346 -0.503327000 1.922070000 0.00000000000000000000 1.00000000000000000000 2 0 8 326 31 32 44 46 60 61 62 
46 9347 -0.424880000 1.958480000 0.00000000000000000000 1.00000000000000000000 2 0 8 31 32 33 45 47 61 62 63 
47 9348 -0.345042000 1.991840000 0.00000000000000000000 1.00000000000000000000 2 0 8 32 33 34 46 48 62 63 64 
48 9349 -0.263939000 2.022100000 0.00000000000000000000 1.00000000000000000000 2 0 8 33 34 35 47 49 63 64 65 
49 9350 -0.181697000 2.049220000 0.00000000000000000000 1.00000000000000000000 2 0 8 34 35 36 48 50 64 65 66 
50 9351 -0.098446500 2.073150000 0.00000000000000000000 1.00000000000000000000 2 0 8 35 36 37 49 51 65 66 67 
51 9352 -0.014316500 2.093860000 0.00000000000000000000 1.00000000000000000000 2 0 8 36 37 38 50 52 66 67 68 
52 9353 0.070561400 2.111330000 0.00000000000000000000 1.00000000000000000000 2 0 8 37 38 39 51 53 67 68 69 
53 9354 0.156055000 2.125520000 0.00000000000000000000 1.00000000000000000000 2 0 8 38 39 40 52 54 68 69 70 
54 9355 0.242031000 2.136420000 0.00000000000000000000 1.00000000000000000000 2 0 8 39 40 41 53 55 69 70 71 
55 9356 0.328357000 2.144020000 0.00000000000000000000 1.00000000000000000000 2 0 8 40 41 42 54 56 70 71 72 
56 9357 0.414898000 2.148310000 0.00000000000000000000 1.00000000000000000000 2 0 8 41 42 43 55 57 71 72 73 
57 9358 0.501520000 2.149280000 0.00000000000000000000 1.00000000000000000000 2 0 8 42 43 327 56 58 72 73 74 
58 9359 0.588090000 2.146930000 0.00000000000000000000 1.00000000000000000000 2 0 8 43 327 328 57 331 73 74 75 
59 9360 -0.726127000 1.958310000 0.00000000000000000000 1.00000000000000000000 2 0 8 329 330 44 334 60 76 77 78 
60 9361 -0.646255000 2.003410000 0.00000000000000000000 1.00000000000000000000 2 0 8 330 44 45 59 61 77 78 79 
61 9362 -0.564646000 2.045380000 0.00000000000000000000 1.00000000000000000000 2 0 8 44 45 46 60 62 78 79 80 
62 9363 -0.481428000 2.084170000 0.00000000000000000000 1.00000000000000000000 2 0 8 45 46 47 61 63 79 80 81 
63 9364 -0.396732000 2.119710000 0.00000000000000000000 1.00000000000000000000 2 0 8 46 47 48 62 64 80 81 82 
64 9365 -0.310691000 2.151960000 0.00000000000000000000 1.00000000000000000000 2 0 8 47 48 49 63 65 81 82 83 
65 9366 -0.223440000 2.180860000 0.00000000000000000000 1.00000000000000000000 2 0 8 48 49 50 64 66 82 83 84 
66 9367 -0.135114000 2.206370000 0.00000000000000000000 1.00000000000000000000 2 0 8 49 50 51 65 67 83 84 85 
67 9368 -0.045853000 2.228460000 0.00000000000000000000 1.00000000000000000000 2 0 8 50 51 52 66 68 84 85 86 
68 9369 0.044205000 2.247100000 0.00000000000000000000 1.00000000000000000000 2 0 8 51 52 53 67 69 85 86 87 
69 9370 0.134920000 2.262250000 0.00000000000000000000 1.00000000000000000000 2 0 8 52 53 54 68 70 86 87 88 
70 9371 0.226150000 2.273910000 0.00000000000000000000 1.00000000000000000000 2 0 8 53 54 55 69 71 87 88 89 
71 9372 0.317754000 2.282040000 0.00000000000000000000 1.00000000000000000000 2 0 8 54 55 56 70 72 88 89 90 
72 9373 0.409589000 2.286650000 0.00000000000000000000 1.00000000000000000000 2 0 8 55 56 57 71 73 89 90 91 
73 9374 0.501515000 2.287730000 0.00000000000000000000 1.00000000000000000000 2 0 8 56 57 58 72 74 90 91 92 
74 9375 0.593389000 2.285280000 0.00000000000000000000 1.00000000000000000000 2 0 8 57 58 331 73 75 91 92 93 
75 9376 0.685068000 2.279310000 0.00000000000000000000 1.00000000000000000000 2 0 8 58 331 332 74 335 92 93 338 
76 9377 -0.884000000 2.032290000 0.00000000000000000000 1.00000000000000000000 2 0 8 333 334 59 337 77 94 95 96 
77 9378 -0.801239000 2.083550000 0.00000000000000000000 1.00000000000000000000 2 0 8 334 59 60 76 78 95 96 97 
78 9379 -0.716499000 2.131570000 0.00000000000000000000 1.00000000000000000000 2 0 8 59 60 61 77 79 96 97 98 
79 9380 -0.629913000 2.176270000 0.00000000000000000000 1.00000000000000000000 2 0 8 60 61 62 78 80 97 98 99 
80 9381 -0.541617000 2.217580000 0.00000000000000000000 1.00000000000000000000 2 0 8 61 62 63 79 81 98 99 100 
81 9382 -0.451751000 2.255440000 0.00000000000000000000 1.00000000000000000000 2 0 8 62 63 64 80 82 99 100 101 
82 9383 -0.360454000 2.289790000 0.00000000000000000000 1.00000000000000000000 2 0 8 63 64 65 81 83 100 101 102 
83 9384 -0.267870000 2.320590000 0.00000000000000000000 1.00000000000000000000 2 0 8 64 65 66 82 84 101 102 103 
84 9385 -0.174144000 2.347780000 0.00000000000000000000 1.00000000000000000000 2 0 8 65 66 67 83 85 102 103 104 
85 9386 -0.079421000 2.371330000 0.00000000000000000000 1.00000000000000000000 2 0 8 66 67 68 84 86 103 104 105 
86 9387 0.016150500 2.391210000 0.00000000000000000000 1.00000000000000000000 2 0 8 67 68 69 85 87 104 105 106 
87 9388 0.112422000 2.407390000 0.00000000000000000000 1.00000000000000000000 2 0 8 68 69 70 86 88 105 106 107 
88 9389 0.209244000 2.419830000 0.00000000000000000000 1.00000000000000000000 2 0 8 69 70 71 87 89 106 107 108 
89 9390 0.306466000 2.428540000 0.00000000000000000000 1.00000000000000000000 2 0 8 70 71 72 88 90 107 108 109 
90 9391 0.403938000 2.433500000 0.00000000000000000000 1.00000000000000000000 2 0 8 71 72 73 89 91 108 109 110 
91 9392 0.501509000 2.434700000 0.00000000000000000000 1.00000000000000000000 2 0 8 72 73 74 90 92 109 110 111 
92 9393 0.599027000 2.432140000 0.00000000000000000000 1.00000000000000000000 2 0 8 73 74 75 91 93 110 111 112 
93 9394 0.696344000 2.425840000 0.00000000000000000000 1.00000000000000000000 2 0 8 74 75 335 92 338 111 112 341 
94 9395 -1.054570000 2.104000000 0.00000000000000000000 1.00000000000000000000 2 0 8 336 337 76 340 95 113 114 115 
95 9396 -0.968991000 2.161940000 0.00000000000000000000 1.00000000000000000000 2 0 8 337 76 77 94 96 114 115 116 
96 9397 -0.881172000 2.216520000 0.00000000000000000000 1.00000000000000000000 2 0 8 76 77 78 95 97 115 116 117 
97 9398 -0.791252000 2.267630000 0.00000000000000000000 1.00000000000000000000 2 0 8 77 78 79 96 98 116 117 118 
98 9399 -0.699370000 2.315220000 0.00000000000000000000 1.00000000000000000000 2 0 8 78 79 80 97 99 117 118 119 
99 9400 -0.605671000 2.359210000 0.00000000000000000000 1.00000000000000000000 2 0 8 79 80 81 98 100 118 119 120 
100 9401 -0.510303000 2.399530000 0.00000000000000000000 1.00000000000000000000 2 0 8 80 81 82 99 101 119 120 121 
101 9402 -0.413413000 2.436120000 0.00000000000000000000 1.00000000000000000000 2 0 8 81 82 83 100 102 120 121 122 
102 9403 -0.315155000 2.468930000 0.00000000000000000000 1.00000000000000000000 2 0 8 82 83 84 101 103 121 122 123 
103 9404 -0.215681000 2.497900000 0.00000000000000000000 1.00000000000000000000 2 0 8 83 84 85 102 104 122 123 124 
104 9405 -0.115146000 2.523010000 0.00000000000000000000 1.00000000000000000000 2 0 8 84 85 86 103 105 123 124 125 
105 9406 -0.013706700 2.544200000 0.00000000000000000000 1.00000000000000000000 2 0 8 85 86 87 104 106 124 125 126 
106 9407 0.088478600 2.561460000 0.00000000000000000000 1.00000000000000000000 2 0 8 86 87 88 105 107 125 126 127 
107 9408 0.191251000 2.574750000 0.00000000000000000000 1.00000000000000000000 2 0 8 87 88 89 106 108 126 127 128 
108 9409 0.294453000 2.584070000 0.00000000000000000000 1.00000000000000000000 2 0 8 88 89 90 107 109 127 128 129 
109 9410 0.397922000 2.589390000 0.00000000000000000000 1.00000000000000000000 2 0 8 89 90 91 108 110 128 129 130 
110 9411 0.501500000 2.590720000 0.00000000000000000000 1.00000000000000000000 2 0 8 90 91 92 109 111 129 130 131 
111 9412 0.605027000 2.588050000 0.00000000000000000000 1.00000000000000000000 2 0 8 91 92 93 110 112 130 131 132 
112 9413 0.708342000 2.581390000 0.00000000000000000000 1.00000000000000000000 2 0 8 92 93 338 111 341 131 132 343 
113 9414 -1.238540000 2.172790000 0.00000000000000000000 1.00000000000000000000 2 0 8 339 340 94 342 114 344 133 134 
114 9415 -1.150240000 2.237940000 0.00000000000000000000 1.00000000000000000000 2 0 8 340 94 95 113 115 133 134 135 
115 9416 -1.059420000 2.299600000 0.00000000000000000000 1.00000000000000000000 2 0 8 94 95 96 114 116 134 135 136 
116 9417 -0.966225000 2.357690000 0.00000000000000000000 1.00000000000000000000 2 0 8 95 96 97 115 117 135 136 137 
117 9418 -0.870792000 2.412100000 0.00000000000000000000 1.00000000000000000000 2 0 8 96 97 98 116 118 136 137 138 
118 9419 -0.773276000 2.462750000 0.00000000000000000000 1.00000000000000000000 2 0 8 97 98 99 117 119 137 138 139 
119 9420 -0.673828000 2.509580000 0.00000000000000000000 1.00000000000000000000 2 0 8 98 99 100 118 120 138 139 140 
120 9421 -0.572605000 2.552510000 0.00000000000000000000 1.00000000000000000000 2 0 8 99 100 101 119 121 139 140 141 
121 9422 -0.469765000 2.591480000 0.00000000000000000000 1.00000000000000000000 2 0 8 100 101 102 120 122 140 141 142 
122 9423 -0.365469000 2.626420000 0.00000000000000000000 1.00000000000000000000 2 0 8 101 102 103 121 123 141 142 143 
123 9424 -0.259879000 2.657300000 0.00000000000000000000 1.00000000000000000000 2 0 8 102 103 104 122 124 142 143 144 
124 9425 -0.153160000 2.684050000 0.00000000000000000000 1.00000000000000000000 2 0 8 103 104 105 123 125 143 144 145 
125 9426 -0.045477900 2.706640000 0.00000000000000000000 1.00000000000000000000 2 0 8 104 105 106 124 126 144 145 146 
126 9427 0.062999800 2.725050000 0.00000000000000000000 1.00000000000000000000 2 0 8 105 106 107 125 127 145 146 147 
127 9428 0.172105000 2.739240000 0.00000000000000000000 1.00000000000000000000 2 0 8 106 107 108 126 128 146 147 148 
128 9429 0.281668000 2.749200000 0.00000000000000000000 1.00000000000000000000 2 0 8 107 108 109 127 129 147 148 149 
129 9430 0.391520000 2.754910000 0.00000000000000000000 1.00000000000000000000 2 0 8 108 109 110 128 130 148 149 150 
130 9431 0.501490000 2.756380000 0.00000000000000000000 1.00000000000000000000 2 0 8 109 110 111 129 131 149 150 151 
131 9432 0.611409000 2.753590000 0.00000000000000000000 1.00000000000000000000 2 0 8 110 111 112 130 132 150 151 152 
132 9433 0.721108000 2.746550000 0.00000000000000000000 1.00000000000000000000 2 0 8 111 112 341 131 343 151 152 345 
133 9434 -1.345740000 2.310850000 0.00000000000000000000 1.00000000000000000000 2 0 8 342 113 114 344 134 346 153 154 
134 9435 -1.252030000 2.380170000 0.00000000000000000000 1.00000000000000000000 2 0 8 113 114 115 133 135 153 154 155 
135 9436 -1.155640000 2.445780000 0.00000000000000000000 1.00000000000000000000 2 0 8 114 115 116 134 136 154 155 156 
136 9437 -1.056710000 2.507590000 0.00000000000000000000 1.00000000000000000000 2 0 8 115 116 117 135 137 155 156 157 
137 9438 -0.955416000 2.565500000 0.00000000000000000000 1.00000000000000000000 2 0 8 116 117 118 136 138 156 157 158 
138 9439 -0.851905000 2.619420000 0.00000000000000000000 1.00000000000000000000 2 0 8 117 118 119 137 139 157 158 159 
139 9440 -0.746342000 2.669270000 0.00000000000000000000 1.00000000000000000000 2 0 8 118 119 120 138 140 158 159 160 
140 9441 -0.638891000 2.714970000 0.00000000000000000000 1.00000000000000000000 2 0 8 119 120 121 139 141 159 160 161 
141 9442 -0.529720000 2.756460000 0.00000000000000000000 1.00000000000000000000 2 0 8 120 121 122 140 142 160 161 162 
142 9443 -0.419000000 2.793670000 0.00000000000000000000 1.00000000000000000000 2 0 8 121 122 123 141 143 161 162 163 
143 9444 -0.306904000 2.826550000 0.00000000000000000000 1.00000000000000000000 2 0 8 122 123 124 142 144 162 163 164 
144 9445 -0.193606000 2.855060000 0.00000000000000000000 1.00000000000000000000 2 0 8 123 124 125 143 145 163 164 165 
145 9446 -0.079281600 2.879140000 0.00000000000000000000 1.00000000000000000000 2 0 8 124 125 126 144 146 164 165 166 
146 9447 0.035890700 2.898770000 0.00000000000000000000 1.00000000000000000000 2 0 8 125 126 127 145 147 165 166 167 
147 9448 0.151732000 2.913910000 0.00000000000000000000 1.00000000000000000000 2 0 8 126 127 128 146 148 166 167 168 
148 9449 0.268064000 2.924560000 0.00000000000000000000 1.00000000000000000000 2 0 8 127 128 129 147 149 167 168 169 
149 9450 0.384706000 2.930680000 0.00000000000000000000 1.00000000000000000000 2 0 8 128 129 130 148 150 168 169 170 
150 9451 0.501477000 2.932290000 0.00000000000000000000 1.00000000000000000000 2 0 8 129 130 131 149 151 169 170 171 
151 9452 0.618198000 2.929370000 0.00000000000000000000 1.00000000000000000000 2 0 8 130 131 132 150 152 170 171 172 
152 9453 0.734688000 2.921940000 0.00000000000000000000 1.00000000000000000000 2 0 8 131 132 343 151 345 171 172 347 
153 9454 -1.459790000 2.457460000 0.00000000000000000000 1.00000000000000000000 2 0 8 344 133 134 346 154 350 173 174 
154 9455 -1.360310000 2.531210000 0.00000000000000000000 1.00000000000000000000 2 0 8 133 134 135 153 155 173 174 175 
155 9456 -1.257980000 2.601030000 0.00000000000000000000 1.00000000000000000000 2 0 8 134 135 136 154 156 174 175 176 
156 9457 -1.152970000 2.666790000 0.00000000000000000000 1.00000000000000000000 2 0 8 135 136 137 155 157 175 176 177 
157 9458 -1.045440000 2.728410000 0.00000000000000000000 1.00000000000000000000 2 0 8 136 137 138 156 158 176 177 178 
158 9459 -0.935552000 2.785790000 0.00000000000000000000 1.00000000000000000000 2 0 8 137 138 139 157 159 177 178 179 
159 9460 -0.823482000 2.838850000 0.00000000000000000000 1.00000000000000000000 2 0 8 138 139 140 158 160 178 179 180 
160 9461 -0.709406000 2.887500000 0.00000000000000000000 1.00000000000000000000 2 0 8 139 140 141 159 161 179 180 181 
161 9462 -0.593501000 2.931670000 0.00000000000000000000 1.00000000000000000000 2 0 8 140 141 142 160 162 180 181 182 
162 9463 -0.475948000 2.971290000 0.00000000000000000000 1.00000000000000000000 2 0 8 141 142 143 161 163 181 182 183 
163 9464 -0.356931000 3.006310000 0.00000000000000000000 1.00000000000000000000 2 0 8 142 143 144 162 164 182 183 184 
164 9465 -0.236633000 3.036670000 0.00000000000000000000 1.00000000000000000000 2 0 8 143 144 145 163 165 183 184 185 
165 9466 -0.115244000 3.062340000 0.00000000000000000000 1.00000000000000000000 2 0 8 144 145 146 164 166 184 185 186 
166 9467 0.007050210 3.083260000 0.00000000000000000000 1.00000000000000000000 2 0 8 145 146 147 165 167 185 186 187 
167 9468 0.130059000 3.099420000 0.00000000000000000000 1.00000000000000000000 2 0 8 146 147 148 166 168 186 187 188 
168 9469 0.253591000 3.110790000 0.00000000000000000000 1.00000000000000000000 2 0 8 147 148 149 167 169 187 188 189 
169 9470 0.377456000 3.117360000 0.00000000000000000000 1.00000000000000000000 2 0 8 148 149 150 168 170 188 189 190 
170 9471 0.501463000 3.119110000 0.00000000000000000000 1.00000000000000000000 2 0 8 149 150 151 169 171 189 190 191 
171 9472 0.625419000 3.116060000 0.00000000000000000000 1.00000000000000000000 2 0 8 150 151 152 170 172 190 191 192 
172 9473 0.749134000 3.108200000 0.00000000000000000000 1.00000000000000000000 2 0 8 151 152 345 171 347 191 192 193 
173 9474 -1.581090000 2.613180000 0.00000000000000000000 1.00000000000000000000 2 0 8 346 153 154 350 174 194 195 196 
174 9475 -1.475480000 2.691640000 0.00000000000000000000 1.00000000000000000000 2 0 8 153 154 155 173 175 195 196 197 
175 9476 -1.366850000 2.765910000 0.00000000000000000000 1.00000000000000000000 2 0 8 154 155 156 174 176 196 197 198 
176 9477 -1.255360000 2.835880000 0.00000000000000000000 1.00000000000000000000 2 0 8 155 156 157 175 177 197 198 199 
177 9478 -1.141200000 2.901450000 0.00000000000000000000 1.00000000000000000000 2 0 8 156 157 158 176 178 198 199 200 
178 9479 -1.024530000 2.962510000 0.00000000000000000000 1.00000000000000000000 2 0 8 157 158 159 177 179 199 200 201 
179 9480 -0.905536000 3.018970000 0.00000000000000000000 1.00000000000000000000 2 0 8 158 159 160 178 180 200 201 202 
180 9481 -0.784413000 3.070740000 0.00000000000000000000 1.00000000000000000000 2 0 8 159 160 161 179 181 201 202 203 
181 9482 -0.661345000 3.117760000 0.00000000000000000000 1.00000000000000000000 2 0 8 160 161 162 180 182 202 203 204 
182 9483 -0.536525000 3.159940000 0.00000000000000000000 1.00000000000000000000 2 0 8 161 162 163 181 183 203 204 205 
183 9484 -0.410145000 3.197230000 0.00000000000000000000 1.00000000000000000000 2 0 8 162 163 164 182 184 204 205 206 
184 9485 -0.282404000 3.229570000 0.00000000000000000000 1.00000000000000000000 2 0 8 163 164 165 183 185 205 206 207 
185 9486 -0.153498000 3.256910000 0.00000000000000000000 1.00000000000000000000 2 0 8 164 165 166 184 186 206 207 208 
186 9487 -0.023629200 3.279220000 0.00000000000000000000 1.00000000000000000000 2 0 8 165 166 167 185 187 207 208 209 
187 9488 0.107002000 3.296450000 0.00000000000000000000 1.00000000000000000000 2 0 8 166 167 168 186 188 208 209 210 
188 9489 0.238194000 3.308600000 0.00000000000000000000 1.00000000000000000000 2 0 8 167 168 169 187 189 209 210 211 
189 9490 0.369742000 3.315630000 0.00000000000000000000 1.00000000000000000000 2 0 8 168 169 170 188 190 210 211 212 
190 9491 0.501445000 3.317550000 0.00000000000000000000 1.00000000000000000000 2 0 8 169 170 171 189 191 211 212 213 
191 9492 0.633098000 3.314350000 0.00000000000000000000 1.00000000000000000000 2 0 8 170 171 172 190 192 212 213 214 
192 9493 0.764499000 3.306050000 0.00000000000000000000 1.00000000000000000000 2 0 8 171 172 347 191 193 213 214 215 
193 9494 0.895445000 3.292650000 0.00000000000000000000 1.00000000000000000000 2 0 8 172 347 348 192 351 214 215 216 
194 9495 -1.818850000 2.690820000 0.00000000000000000000 1.00000000000000000000 2 0 8 349 350 173 354 195 217 218 219 
195 9496 -1.710110000 2.778590000 0.00000000000000000000 1.00000000000000000000 2 0 8 350 173 174 194 196 218 219 220 
196 9497 -1.597980000 2.862040000 0.00000000000000000000 1.00000000000000000000 2 0 8 173 174 175 195 197 219 220 221 
197 9498 -1.482640000 2.941050000 0.00000000000000000000 1.00000000000000000000 2 0 8 174 175 176 196 198 220 221 222 
198 9499 -1.364270000 3.015490000 0.00000000000000000000 1.00000000000000000000 2 0 8 175 176 177 197 199 221 222 223 
199 9500 -1.243040000 3.085240000 0.00000000000000000000 1.00000000000000000000 2 0 8 176 177 178 198 200 222 223 224 
200 9501 -1.119160000 3.150210000 0.00000000000000000000 1.00000000000000000000 2 0 8 177 178 179 199 201 223 224 225 
201 9502 -0.992810000 3.210290000 0.00000000000000000000 1.00000000000000000000 2 0 8 178 179 180 200 202 224 225 226 
202 9503 -0.864192000 3.265390000 0.00000000000000000000 1.00000000000000000000 2 0 8 179 180 181 201 203 225 226 227 
203 9504 -0.733506000 3.315430000 0.00000000000000000000 1.00000000000000000000 2 0 8 180 181 182 202 204 226 227 228 
204 9505 -0.600956000 3.360330000 0.00000000000000000000 1.00000000000000000000 2 0 8 181 182 183 203 205 227 228 229 
205 9506 -0.466746000 3.400030000 0.00000000000000000000 1.00000000000000000000 2 0 8 182 183 184 204 206 228 229 230 
206 9507 -0.331087000 3.434470000 0.00000000000000000000 1.00000000000000000000 2 0 8 183 184 185 205 207 229 230 231 
207 9508 -0.194188000 3.463600000 0.00000000000000000000 1.00000000000000000000 2 0 8 184 185 186 206 208 230 231 232 
208 9509 -0.056262000 3.487370000 0.00000000000000000000 1.00000000000000000000 2 0 8 185 186 187 207 209 231 232 233 
209 9510 0.082477300 3.505750000 0.00000000000000000000 1.00000000000000000000 2 0 8 186 187 188 208 210 232 233 234 
210 9511 0.221815000 3.518710000 0.00000000000000000000 1.00000000000000000000 2 0 8 187 188 189 209 211 233 234 235 
211 9512 0.361536000 3.526250000 0.00000000000000000000 1.00000000000000000000 2 0 8 188 189 190 210 212 234 235 236 
212 9513 0.501424000 3.528340000 0.00000000000000000000 1.00000000000000000000 2 0 8 189 190 191 211 213 235 236 237 
213 9514 0.641264000 3.524990000 0.00000000000000000000 1.00000000000000000000 2 0 8 190 191 192 212 214 236 237 238 
214 9515 0.780840000 3.516210000 0.00000000000000000000 1.00000000000000000000 2 0 8 191 192 193 213 215 237 238 239 
215 9516 0.919936000 3.502010000 0.00000000000000000000 1.00000000000000000000 2 0 8 192 193 351 214 216 238 239 357 
216 9517 1.058340000 3.482420000 0.00000000000000000000 1.00000000000000000000 2 0 8 193 351 352 215 355 239 357 358 
217 9518 -2.074450000 2.763140000 0.00000000000000000000 1.00000000000000000000 2 0 8 353 354 194 356 218 359 360 240 
218 9519 -1.962780000 2.860940000 0.00000000000000000000 1.00000000000000000000 2 0 8 354 194 195 217 219 360 240 241 
219 9520 -1.847320000 2.954300000 0.00000000000000000000 1.00000000000000000000 2 0 8 194 195 196 218 220 240 241 242 
220 9521 -1.728260000 3.043060000 0.00000000000000000000 1.00000000000000000000 2 0 8 195 196 197 219 221 241 242 243 
221 9522 -1.605780000 3.127100000 0.00000000000000000000 1.00000000000000000000 2 0 8 196 197 198 220 222 242 243 244 
222 9523 -1.480080000 3.206280000 0.00000000000000000000 1.00000000000000000000 2 0 8 197 198 199 221 223 243 244 245 
223 9524 -1.351360000 3.280490000 0.00000000000000000000 1.00000000000000000000 2 0 8 198 199 200 222 224 244 245 246 
224 9525 -1.219800000 3.349610000 0.00000000000000000000 1.00000000000000000000 2 0 8 199 200 201 223 225 245 246 247 
225 9526 -1.085630000 3.413530000 0.00000000000000000000 1.00000000000000000000 2 0 8 200 201 202 224 226 246 247 248 
226 9527 -0.949039000 3.472160000 0.00000000000000000000 1.00000000000000000000 2 0 8 201 202 203 225 227 247 248 249 
227 9528 -0.810252000 3.525420000 0.00000000000000000000 1.00000000000000000000 2 0 8 202 203 204 226 228 248 249 250 
228 9529 -0.669481000 3.573210000 0.00000000000000000000 1.00000000000000000000 2 0 8 203 204 205 227 229 249 250 251 
229 9530 -0.526944000 3.615470000 0.00000000000000000000 1.00000000000000000000 2 0 8 204 205 206 228 230 250 251 252 
230 9531 -0.382864000 3.652140000 0.00000000000000000000 1.00000000000000000000 2 0 8 205 206 207 229 231 251 252 253 
231 9532 -0.237464000 3.683160000 0.00000000000000000000 1.00000000000000000000 2 0 8 206 207 208 230 232 252 253 254 
232 9533 -0.090970000 3.708490000 0.00000000000000000000 1.00000000000000000000 2 0 8 207 208 209 231 233 253 254 255 
233 9534 0.056392200 3.728080000 0.00000000000000000000 1.00000000000000000000 2 0 8 208 209 210 232 234 254 255 256 
234 9535 0.204394000 3.741920000 0.00000000000000000000 1.00000000000000000000 2 0 8 209 210 211 233 235 255 256 257 
235 9536 0.352807000 3.749990000 0.00000000000000000000 1.00000000000000000000 2 0 8 210 211 212 234 236 256 257 258 
236 9537 0.501401000 3.752260000 0.00000000000000000000 1.00000000000000000000 2 0 8 211 212 213 235 237 257 258 259 
237 9538 0.649947000 3.748750000 0.00000000000000000000 1.00000000000000000000 2 0 8 212 213 214 236 238 258 259 260 
238 9539 0.798217000 3.739470000 0.00000000000000000000 1.00000000000000000000 2 0 8 213 214 215 237 239 259 260 361 
239 9540 0.945981000 3.724420000 0.00000000000000000000 1.00000000000000000000 2 0 8 214 215 216 238 357 260 361 362 
240 9541 -2.115840000 3.041680000 0.00000000000000000000 1.00000000000000000000 2 0 8 217 218 219 360 241 363 364 261 
241 9542 -1.993230000 3.140960000 0.00000000000000000000 1.00000000000000000000 2 0 8 218 219 220 240 242 364 261 262 
242 9543 -1.866800000 3.235370000 0.00000000000000000000 1.00000000000000000000 2 0 8 219 220 221 241 243 261 262 263 
243 9544 -1.736740000 3.324750000 0.00000000000000000000 1.00000000000000000000 2 0 8 220 221 222 242 244 262 263 264 
244 9545 -1.603250000 3.408980000 0.00000000000000000000 1.00000000000000000000 2 0 8 221 222 223 243 245 263 264 265 
245 9546 -1.466540000 3.487910000 0.00000000000000000000 1.00000000000000000000 2 0 8 222 223 224 244 246 264 265 266 
246 9547 -1.326830000 3.561440000 0.00000000000000000000 1.00000000000000000000 2 0 8 223 224 225 245 247 265 266 267 
247 9548 -1.184330000 3.629450000 0.00000000000000000000 1.00000000000000000000 2 0 8 224 225 226 246 248 266 267 268 
248 9549 -1.039270000 3.691840000 0.00000000000000000000 1.00000000000000000000 2 0 8 225 226 227 247 249 267 268 269 
249 9550 -0.891868000 3.748510000 0.00000000000000000000 1.00000000000000000000 2 0 8 226 227 228 248 250 268 269 270 
250 9551 -0.742355000 3.799370000 0.00000000000000000000 1.00000000000000000000 2 0 8 227 228 229 249 251 269 270 271 
251 9552 -0.590964000 3.844350000 0.00000000000000000000 1.00000000000000000000 2 0 8 228 229 230 250 252 270 271 272 
252 9553 -0.437929000 3.883390000 0.00000000000000000000 1.00000000000000000000 2 0 8 229 230 231 251 253 271 272 273 
253 9554 -0.283489000 3.916430000 0.00000000000000000000 1.00000000000000000000 2 0 8 230 231 232 252 254 272 273 274 
254 9555 -0.127883000 3.943410000 0.00000000000000000000 1.00000000000000000000 2 0 8 231 232 233 253 255 273 274 275 
255 9556 0.028649500 3.964300000 0.00000000000000000000 1.00000000000000000000 2 0 8 232 233 234 254 256 274 275 276 
256 9557 0.185865000 3.979070000 0.00000000000000000000 1.00000000000000000000 2 0 8 233 234 235 255 257 275 276 277 
257 9558 0.343521000 3.987690000 0.00000000000000000000 1.00000000000000000000 2 0 8 234 235 236 256 258 276 277 278 
258 9559 0.501373000 3.990170000 0.00000000000000000000 1.00000000000000000000 2 0 8 235 236 237 257 259 277 278 279 
259 9560 0.659179000 3.986490000 0.00000000000000000000 1.00000000000000000000 2 0 8 236 237 238 258 260 278 279 365 
260 9561 0.816695000 3.976660000 0.00000000000000000000 1.00000000000000000000 2 0 8 237 238 239 259 361 279 365 366 
261 9562 -2.148390000 3.339280000 0.00000000000000000000 1.00000000000000000000 2 0 8 240 241 242 364 262 367 368 369 
262 9563 -2.014120000 3.439680000 0.00000000000000000000 1.00000000000000000000 2 0 8 241 242 243 261 263 368 369 370 
263 9564 -1.875990000 3.534750000 0.00000000000000000000 1.00000000000000000000 2 0 8 242 243 244 262 264 369 370 371 
264 9565 -1.734220000 3.624330000 0.00000000000000000000 1.00000000000000000000 2 0 8 243 244 245 263 265 370 371 372 
265 9566 -1.589030000 3.708290000 0.00000000000000000000 1.00000000000000000000 2 0 8 244 245 246 264 266 371 372 373 
266 9567 -1.440640000 3.786510000 0.00000000000000000000 1.00000000000000000000 2 0 8 245 246 247 265 267 372 373 374 
267 9568 -1.289300000 3.858860000 0.00000000000000000000 1.00000000000000000000 2 0 8 246 247 248 266 268 373 374 280 
268 9569 -1.135220000 3.925230000 0.00000000000000000000 1.00000000000000000000 2 0 8 247 248 249 267 269 374 280 281 
269 9570 -0.978659000 3.985530000 0.00000000000000000000 1.00000000000000000000 2 0 8 248 249 250 268 270 280 281 282 
270 9571 -0.819850000 4.039650000 0.00000000000000000000 1.00000000000000000000 2 0 8 249 250 251 269 271 281 282 283 
271 9572 -0.659043000 4.087530000 0.00000000000000000000 1.00000000000000000000 2 0 8 250 251 252 270 272 282 283 284 
272 9573 -0.496487000 4.129090000 0.00000000000000000000 1.00000000000000000000 2 0 8 251 252 253 271 273 283 284 285 
273 9574 -0.332433000 4.164260000 0.00000000000000000000 1.00000000000000000000 2 0 8 252 253 254 272 274 284 285 286 
274 9575 -0.167137000 4.193000000 0.00000000000000000000 1.00000000000000000000 2 0 8 253 254 255 273 275 285 286 287 
275 9576 -0.000854222 4.215270000 0.00000000000000000000 1.00000000000000000000 2 0 8 254 255 256 274 276 286 287 288 
276 9577 0.166159000 4.231020000 0.00000000000000000000 1.00000000000000000000 2 0 8 255 256 257 275 277 287 288 289 
277 9578 0.333644000 4.240250000 0.00000000000000000000 1.00000000000000000000 2 0 8 256 257 258 276 278 288 289 290 
278 9579 0.501341000 4.242930000 0.00000000000000000000 1.00000000000000000000 2 0 8 257 258 259 277 279 289 290 375 
279 9580 0.668994000 4.239070000 0.00000000000000000000 1.00000000000000000000 2 0 8 258 259 260 278 365 290 375 376 
280 9581 -1.237250000 4.173210000 0.00000000000000000000 1.00000000000000000000 2 0 8 267 268 269 374 281 377 378 291 
281 9582 -1.070950000 4.237360000 0.00000000000000000000 1.00000000000000000000 2 0 8 268 269 270 280 282 378 291 292 
282 9583 -0.902254000 4.294960000 0.00000000000000000000 1.00000000000000000000 2 0 8 269 270 271 281 283 291 292 293 
283 9584 -0.731435000 4.345910000 0.00000000000000000000 1.00000000000000000000 2 0 8 270 271 272 282 284 292 293 294 
284 9585 -0.558755000 4.390150000 0.00000000000000000000 1.00000000000000000000 2 0 8 271 272 273 283 285 293 294 295 
285 9586 -0.384480000 4.427600000 0.00000000000000000000 1.00000000000000000000 2 0 8 272 273 274 284 286 294 295 296 
286 9587 -0.208881000 4.458210000 0.00000000000000000000 1.00000000000000000000 2 0 8 273 274 275 285 287 295 296 297 
287 9588 -0.032229300 4.481930000 0.00000000000000000000 1.00000000000000000000 2 0 8 274 275 276 286 288 296 297 298 
288 9589 0.145202000 4.498740000 0.00000000000000000000 1.00000000000000000000 2 0 8 275 276 277 287 289 297 298 299 
289 9590 0.323138000 4.508600000 0.00000000000000000000 1.00000000000000000000 2 0 8 276 277 278 288 290 298 299 379 
290 9591 0.501305000 4.511510000 0.00000000000000000000 1.00000000000000000000 2 0 8 277 278 279 289 375 299 379 380 
291 9592 -1.169080000 4.504960000 0.00000000000000000000 1.00000000000000000000 2 0 8 280 281 282 378 292 381 382 383 
292 9593 -0.989875000 4.566250000 0.00000000000000000000 1.00000000000000000000 2 0 8 281 282 283 291 293 382 383 384 
293 9594 -0.808411000 4.620470000 0.00000000000000000000 1.00000000000000000000 2 0 8 282 283 284 292 294 383 384 385 
294 9595 -0.624966000 4.667550000 0.00000000000000000000 1.00000000000000000000 2 0 8 283 284 285 293 295 384 385 386 
295 9596 -0.439823000 4.707420000 0.00000000000000000000 1.00000000000000000000 2 0 8 284 285 286 294 296 385 386 387 
296 9597 -0.253269000 4.740020000 0.00000000000000000000 1.00000000000000000000 2 0 8 285 286 287 295 297 386 387 388 
297 9598 -0.065592900 4.765300000 0.00000000000000000000 1.00000000000000000000 2 0 8 286 287 288 296 298 387 388 389 
298 9599 0.122915000 4.783220000 0.00000000000000000000 1.00000000000000000000 2 0 8 287 288 289 297 299 388 389 390 
299 9600 0.311965000 4.793760000 0.00000000000000000000 1.00000000000000000000 2 0 8 288 289 290 298 379 389 390 391 
300 7697 0.102585 1.33147 2 0
301 7698 0.158574 1.34452 2 0
302 6499 0.215045 1.35547 2 0
303 6500 0.271909 1.36432 2 0
304 7717 0.0203792 1.40363 2 0
305 7718 0.0790575 1.41981 2 0
306 6519 0.258353 1.45498 2 0
307 6520 0.318894 1.4622 2 0
308 7735 -0.0695974 1.4765 2 0
309 7736 -0.00818644 1.49611 2 0
310 6537 0.308031 1.55879 2 0
311 6538 0.372415 1.56413 2 0
312 7751 -0.167883 1.54979 2 0
313 7752 -0.103706 1.57319 2 0
314 6553 0.364685 1.66689 2 0
315 6554 0.433079 1.67005 2 0
316 7765 -0.275035 1.62319 2 0
317 7766 -0.208072 1.65073 2 0
318 6567 0.428956 1.77926 2 0
319 6568 0.501526 1.77993 2 0
320 7776 -0.460045 1.66164 2 0
321 7777 -0.391631 1.69635 2 0
322 7778 -0.321875 1.72842 2 0
323 6577 0.501526 1.89585 2 0
324 6578 0.578435 1.89369 2 0
325 7786 -0.589267 1.72912 2 0
326 7787 -0.518266 1.76888 2 0
327 6585 0.583112 2.01656 2 0
328 6586 0.664522 2.0112 2 0
329 7793 -0.729101 1.79509 2 0
330 7794 -0.655557 1.84031 2 0
331 6591 0.674474 2.14127 2 0
332 6592 0.76054 2.13232 2 0
333 7798 -0.880159 1.85902 2 0
334 7799 -0.804136 1.91016 2 0
335 5197 0.776413 2.26984 2 0
336 7801 -1.04307 1.92033 2 0
337 7802 -0.964653 1.97785 2 0
338 5220 0.793308 2.4158 2 0
339 8577 -1.21847 1.97837 2 0
340 7803 -1.13777 2.04278 2 0
341 5243 0.811287 2.57076 2 0
342 8601 -1.32417 2.10425 2 0
343 5266 0.830417 2.73529 2 0
344 8624 -1.43663 2.23793 2 0
345 5289 0.850769 2.91 2 0
346 8646 -1.55626 2.37989 2 0
347 5312 0.872418 3.09556 2 0
348 5313 0.99508 3.07815 2 0
349 8666 -1.78258 2.4442 2 0
350 8667 -1.68351 2.53066 2 0
351 5335 1.02574 3.27418 2 0
352 5336 1.15517 3.25068 2 0
353 8685 -2.02548 2.50285 2 0
354 8686 -1.92402 2.59886 2 0
355 5357 1.19584 3.45747 2 0
356 8703 -2.18217 2.66104 2 0
357 4799 1.09301 3.70363 2 0
358 4800 1.23909 3.67715 2 0
359 8720 -2.3488 2.8291 2 0
360 8721 -2.23442 2.93767 2 0
361 4811 0.973678 3.96071 2 0
362 4812 1.12989 3.93866 2 0
363 8739 -2.40452 3.1231 2 0
364 8740 -2.27859 3.2337 2 0
365 4826 0.836342 4.22868 2 0
366 4827 1.00313 4.21177 2 0
367 8759 -2.45165 3.43772 2 0
368 8760 -2.31336 3.54999 2 0
369 9006 -2.17076 3.65676 2 0
370 9007 -2.02405 3.75786 2 0
371 9008 -1.87348 3.85314 2 0
372 9009 -1.71927 3.94244 2 0
373 9010 -1.56166 4.02564 2 0
374 9011 -1.40091 4.1026 2 0
375 4843 0.679428 4.50746 2 0
376 4844 0.857231 4.49647 2 0
377 9018 -1.51958 4.3616 2 0
378 9019 -1.34574 4.43671 2 0
379 4862 0.501263 4.79691 2 0
380 4863 0.690519 4.79266 2 0
381 9027 -1.46108 4.71671 2 0
382 9028 -1.27341 4.78932 2 0
383 9029 -1.08304 4.85452 2 0
384 9030 -0.890256 4.91222 2 0
385 9031 -0.695366 4.96233 2 0
386 9032 -0.498668 5.00477 2 0
387 9033 -0.300467 5.03948 2 0
388 9034 -0.10107 5.06641 2 0
389 9035 0.0992164 5.08552 2 0
390 9036 0.300082 5.09679 2 0
391 4883 0.501216 5.10019 2 0
