361 301 60
1 1 0.616723000 -0.043379500 0.08542334908383872327 -0.99634474527208727324 1 1 8 302 2 304 305 32 307 308 309 
2 2 0.597545000 -0.044994500 0.08231462556632487826 -0.99660639292444630488 1 1 8 1 3 305 32 33 308 309 62 
3 3 0.578217000 -0.046559900 0.07904067192834113298 -0.99687139199653851396 1 1 8 2 4 32 33 34 309 62 63 
4 4 0.558769000 -0.048069000 0.07558280287099569672 -0.99713952880736012041 1 1 8 3 5 33 34 35 62 63 64 
5 5 0.539230000 -0.049515100 0.07191784000836067003 -0.99741055954332646927 1 1 8 4 6 34 35 36 63 64 65 
6 6 0.519630000 -0.050891100 0.06803217270332914679 -0.99768312779021406378 1 1 8 5 7 35 36 37 64 65 66 
7 7 0.500000000 -0.052190200 0.06390882134454034524 -0.99795574178134349719 1 1 8 6 8 36 37 38 65 66 67 
8 8 0.480370000 -0.053405300 0.05952211491958976641 -0.99822698713043178653 1 1 8 7 9 37 38 39 66 67 68 
9 9 0.460770000 -0.054529400 0.05485990010981084408 -0.99849406175497190663 1 1 8 8 10 38 39 40 67 68 69 
10 10 0.441231000 -0.055555700 0.04990056399133810383 -0.99875419083643723894 1 1 8 9 11 39 40 41 68 69 70 
11 11 0.421783000 -0.056477300 0.04461974166234173450 -0.99900404336218062706 1 1 8 10 12 40 41 42 69 70 71 
12 12 0.402455000 -0.057287600 0.03900317735249399231 -0.99923908658359128498 1 1 8 11 13 41 42 43 70 71 72 
13 13 0.383277000 -0.057980300 0.03302454375919538360 -0.99945454099198371978 1 1 8 12 14 42 43 44 71 72 73 
14 14 0.364280000 -0.058549000 0.02666441624749607900 -0.99964444124207507691 1 1 8 13 15 43 44 45 72 73 74 
15 15 0.345491000 -0.058988200 0.01990285669254817508 -0.99980191852960353938 1 1 8 14 16 44 45 46 73 74 75 
16 16 0.326941000 -0.059292300 0.01271311471719345325 -0.99991918509156896278 1 1 8 15 17 45 46 47 74 75 76 
17 17 0.308658000 -0.059456500 0.00507285799859532021 -0.99998713297308283732 1 1 8 16 18 46 47 48 75 76 77 
18 18 0.290670000 -0.059476300 -0.00304320807739406679 -0.99999536943157796287 1 1 8 17 19 47 48 49 76 77 78 
19 19 0.273005000 -0.059348000 -0.01166268120857801363 -0.99993198862073962019 1 1 8 18 20 48 49 50 77 78 79 
20 20 0.255689000 -0.059068300 -0.02081933190970869721 -0.99978325422005009937 1 1 8 19 21 49 50 51 78 79 80 
21 21 0.238751000 -0.058634700 -0.03054378757292246921 -0.99953342967641667371 1 1 8 20 22 50 51 52 79 80 81 
22 22 0.222215000 -0.058045400 -0.04087684655611406592 -0.99916419242065912520 1 1 8 21 23 51 52 53 80 81 82 
23 23 0.206107000 -0.057299200 -0.05186637158812959503 -0.99865403393681939637 1 1 8 22 24 52 53 54 81 82 83 
24 24 0.190453000 -0.056395800 -0.06356681202896688476 -0.99797758512327017222 1 1 8 23 25 53 54 55 82 83 84 
25 25 0.175276000 -0.055335400 -0.07603623282026070185 -0.99710505529683435277 1 1 8 24 26 54 55 56 83 84 85 
26 26 0.160600000 -0.054119300 -0.08934604967822146193 -0.99600064428036227948 1 1 8 25 27 55 56 57 84 85 86 
27 27 0.146447000 -0.052749300 -0.10359294066850163740 -0.99461977792704903134 1 1 8 26 28 56 57 58 85 86 87 
28 28 0.132839000 -0.051227900 -0.11889179065823295145 -0.99290721727363773219 1 1 8 27 29 57 58 59 86 87 88 
29 29 0.119797000 -0.049558200 -0.13537400638470598047 -0.99079456921975184169 1 1 8 28 30 58 59 60 87 88 89 
30 30 0.107342000 -0.047744200 -0.15320063262743277566 -0.98819510531197951586 1 1 8 29 31 59 60 61 88 89 90 
31 31 0.095491500 -0.045790100 -0.17258160514598719359 -0.98499522311797771401 1 1 8 30 303 60 61 306 89 90 310 
32 32 0.598426000 -0.075084800 0.00000000000000000000 1.00000000000000000000 2 0 8 1 2 3 305 33 308 309 62 
33 33 0.578969000 -0.076805700 0.00000000000000000000 1.00000000000000000000 2 0 8 2 3 4 32 34 309 62 63 
34 34 0.559386000 -0.078422300 0.00000000000000000000 1.00000000000000000000 2 0 8 3 4 5 33 35 62 63 64 
35 35 0.539705000 -0.079927600 0.00000000000000000000 1.00000000000000000000 2 0 8 4 5 6 34 36 63 64 65 
36 36 0.519958000 -0.081314900 0.00000000000000000000 1.00000000000000000000 2 0 8 5 6 7 35 37 64 65 66 
37 37 0.500175000 -0.082577300 0.00000000000000000000 1.00000000000000000000 2 0 8 6 7 8 36 38 65 66 67 
38 38 0.480386000 -0.083708100 0.00000000000000000000 1.00000000000000000000 2 0 8 7 8 9 37 39 66 67 68 
39 39 0.460621000 -0.084700900 0.00000000000000000000 1.00000000000000000000 2 0 8 8 9 10 38 40 67 68 69 
40 40 0.440912000 -0.085549100 0.00000000000000000000 1.00000000000000000000 2 0 8 9 10 11 39 41 68 69 70 
41 41 0.421289000 -0.086246600 0.00000000000000000000 1.00000000000000000000 2 0 8 10 11 12 40 42 69 70 71 
42 42 0.401782000 -0.086787500 0.00000000000000000000 1.00000000000000000000 2 0 8 11 12 13 41 43 70 71 72 
43 43 0.382422000 -0.087166200 0.00000000000000000000 1.00000000000000000000 2 0 8 12 13 14 42 44 71 72 73 
44 44 0.363238000 -0.087377300 0.00000000000000000000 1.00000000000000000000 2 0 8 13 14 15 43 45 72 73 74 
45 45 0.344260000 -0.087416000 0.00000000000000000000 1.00000000000000000000 2 0 8 14 15 16 44 46 73 74 75 
46 46 0.325518000 -0.087278000 0.00000000000000000000 1.00000000000000000000 2 0 8 15 16 17 45 47 74 75 76 
47 47 0.307040000 -0.086959300 0.00000000000000000000 1.00000000000000000000 2 0 8 16 17 18 46 48 75 76 77 
48 48 0.288856000 -0.086456700 0.00000000000000000000 1.00000000000000000000 2 0 8 17 18 19 47 49 76 77 78 
49 49 0.270994000 -0.085767300 0.00000000000000000000 1.00000000000000000000 2 0 8 18 19 20 48 50 77 78 79 
50 50 0.253481000 -0.084889300 0.00000000000000000000 1.00000000000000000000 2 0 8 19 20 21 49 51 78 79 80 
51 51 0.236345000 -0.083821100 0.00000000000000000000 1.00000000000000000000 2 0 8 20 21 22 50 52 79 80 81 
52 52 0.219612000 -0.082562000 0.00000000000000000000 1.00000000000000000000 2 0 8 21 22 23 51 53 80 81 82 
53 53 0.203309000 -0.081112200 0.00000000000000000000 1.00000000000000000000 2 0 8 22 23 24 52 54 81 82 83 
54 54 0.187462000 -0.079472300 0.00000000000000000000 1.00000000000000000000 2 0 8 23 24 25 53 55 82 83 84 
55 55 0.172094000 -0.077644000 0.00000000000000000000 1.00000000000000000000 2 0 8 24 25 26 54 56 83 84 85 
56 56 0.157229000 -0.075629400 0.00000000000000000000 1.00000000000000000000 2 0 8 25 26 27 55 57 84 85 86 
57 57 0.142892000 -0.073431400 0.00000000000000000000 1.00000000000000000000 2 0 8 26 27 28 56 58 85 86 87 
58 58 0.129104000 -0.071053900 0.00000000000000000000 1.00000000000000000000 2 0 8 27 28 29 57 59 86 87 88 
59 59 0.115887000 -0.068501000 0.00000000000000000000 1.00000000000000000000 2 0 8 28 29 30 58 60 87 88 89 
60 60 0.103262000 -0.065777600 0.00000000000000000000 1.00000000000000000000 2 0 8 29 30 31 59 61 88 89 90 
61 61 0.091247300 -0.062889400 0.00000000000000000000 1.00000000000000000000 2 0 8 30 31 303 60 306 89 90 310 
62 62 0.579998000 -0.107326000 0.00000000000000000000 1.00000000000000000000 2 0 8 32 33 34 309 63 311 312 91 
63 63 0.560205000 -0.109057000 0.00000000000000000000 1.00000000000000000000 2 0 8 33 34 35 62 64 312 91 92 
64 64 0.540309000 -0.110629000 0.00000000000000000000 1.00000000000000000000 2 0 8 34 35 36 63 65 91 92 93 
65 65 0.520341000 -0.112034000 0.00000000000000000000 1.00000000000000000000 2 0 8 35 36 37 64 66 92 93 94 
66 66 0.500330000 -0.113267000 0.00000000000000000000 1.00000000000000000000 2 0 8 36 37 38 65 67 93 94 95 
67 67 0.480309000 -0.114320000 0.00000000000000000000 1.00000000000000000000 2 0 8 37 38 39 66 68 94 95 96 
68 68 0.460308000 -0.115188000 0.00000000000000000000 1.00000000000000000000 2 0 8 38 39 40 67 69 95 96 97 
69 69 0.440358000 -0.115864000 0.00000000000000000000 1.00000000000000000000 2 0 8 39 40 41 68 70 96 97 98 
70 70 0.420489000 -0.116343000 0.00000000000000000000 1.00000000000000000000 2 0 8 40 41 42 69 71 97 98 99 
71 71 0.400734000 -0.116619000 0.00000000000000000000 1.00000000000000000000 2 0 8 41 42 43 70 72 98 99 100 
72 72 0.381122000 -0.116688000 0.00000000000000000000 1.00000000000000000000 2 0 8 42 43 44 71 73 99 100 101 
73 73 0.361684000 -0.116546000 0.00000000000000000000 1.00000000000000000000 2 0 8 43 44 45 72 74 100 101 102 
74 74 0.342451000 -0.116187000 0.00000000000000000000 1.00000000000000000000 2 0 8 44 45 46 73 75 101 102 103 
75 75 0.323452000 -0.115609000 0.00000000000000000000 1.00000000000000000000 2 0 8 45 46 47 74 76 102 103 104 
76 76 0.304717000 -0.114810000 0.00000000000000000000 1.00000000000000000000 2 0 8 46 47 48 75 77 103 104 105 
77 77 0.286275000 -0.113785000 0.00000000000000000000 1.00000000000000000000 2 0 8 47 48 49 76 78 104 105 106 
78 78 0.268156000 -0.112534000 0.00000000000000000000 1.00000000000000000000 2 0 8 48 49 50 77 79 105 106 107 
79 79 0.250387000 -0.111057000 0.00000000000000000000 1.00000000000000000000 2 0 8 49 50 51 78 80 106 107 108 
80 80 0.232997000 -0.109352000 0.00000000000000000000 1.00000000000000000000 2 0 8 50 51 52 79 81 107 108 109 
81 81 0.216013000 -0.107419000 0.00000000000000000000 1.00000000000000000000 2 0 8 51 52 53 80 82 108 109 110 
82 82 0.199461000 -0.105261000 0.00000000000000000000 1.00000000000000000000 2 0 8 52 53 54 81 83 109 110 111 
83 83 0.183369000 -0.102880000 0.00000000000000000000 1.00000000000000000000 2 0 8 53 54 55 82 84 110 111 112 
84 84 0.167760000 -0.100276000 0.00000000000000000000 1.00000000000000000000 2 0 8 54 55 56 83 85 111 112 113 
85 85 0.152660000 -0.097455500 0.00000000000000000000 1.00000000000000000000 2 0 8 55 56 57 84 86 112 113 114 
86 86 0.138093000 -0.094420900 0.00000000000000000000 1.00000000000000000000 2 0 8 56 57 58 85 87 113 114 115 
87 87 0.124081000 -0.091177300 0.00000000000000000000 1.00000000000000000000 2 0 8 57 58 59 86 88 114 115 116 
88 88 0.110647000 -0.087730300 0.00000000000000000000 1.00000000000000000000 2 0 8 58 59 60 87 89 115 116 117 
89 89 0.097812500 -0.084086000 0.00000000000000000000 1.00000000000000000000 2 0 8 59 60 61 88 90 116 117 313 
90 90 0.085596700 -0.080251000 0.00000000000000000000 1.00000000000000000000 2 0 8 60 61 306 89 310 117 313 314 
91 91 0.561231000 -0.140091000 0.00000000000000000000 1.00000000000000000000 2 0 8 62 63 64 312 92 315 316 118 
92 92 0.541045000 -0.141736000 0.00000000000000000000 1.00000000000000000000 2 0 8 63 64 65 91 93 316 118 119 
93 93 0.520780000 -0.143166000 0.00000000000000000000 1.00000000000000000000 2 0 8 64 65 66 92 94 118 119 120 
94 94 0.500469000 -0.144374000 0.00000000000000000000 1.00000000000000000000 2 0 8 65 66 67 93 95 119 120 121 
95 95 0.480141000 -0.145355000 0.00000000000000000000 1.00000000000000000000 2 0 8 66 67 68 94 96 120 121 122 
96 96 0.459830000 -0.146103000 0.00000000000000000000 1.00000000000000000000 2 0 8 67 68 69 95 97 121 122 123 
97 97 0.439566000 -0.146611000 0.00000000000000000000 1.00000000000000000000 2 0 8 68 69 70 96 98 122 123 124 
98 98 0.419382000 -0.146876000 0.00000000000000000000 1.00000000000000000000 2 0 8 69 70 71 97 99 123 124 125 
99 99 0.399307000 -0.146891000 0.00000000000000000000 1.00000000000000000000 2 0 8 70 71 72 98 100 124 125 126 
100 100 0.379374000 -0.146654000 0.00000000000000000000 1.00000000000000000000 2 0 8 71 72 73 99 101 125 126 127 
101 101 0.359614000 -0.146159000 0.00000000000000000000 1.00000000000000000000 2 0 8 72 73 74 100 102 126 127 128 
102 102 0.340058000 -0.145404000 0.00000000000000000000 1.00000000000000000000 2 0 8 73 74 75 101 103 127 128 129 
103 103 0.320736000 -0.144387000 0.00000000000000000000 1.00000000000000000000 2 0 8 74 75 76 102 104 128 129 130 
104 104 0.301679000 -0.143105000 0.00000000000000000000 1.00000000000000000000 2 0 8 75 76 77 103 105 129 130 131 
105 105 0.282917000 -0.141557000 0.00000000000000000000 1.00000000000000000000 2 0 8 76 77 78 104 106 130 131 132 
106 106 0.264479000 -0.139742000 0.00000000000000000000 1.00000000000000000000 2 0 8 77 78 79 105 107 131 132 133 
107 107 0.246395000 -0.137661000 0.00000000000000000000 1.00000000000000000000 2 0 8 78 79 80 106 108 132 133 134 
108 108 0.228692000 -0.135314000 0.00000000000000000000 1.00000000000000000000 2 0 8 79 80 81 107 109 133 134 135 
109 109 0.211400000 -0.132702000 0.00000000000000000000 1.00000000000000000000 2 0 8 80 81 82 108 110 134 135 136 
110 110 0.194546000 -0.129829000 0.00000000000000000000 1.00000000000000000000 2 0 8 81 82 83 109 111 135 136 137 
111 111 0.178155000 -0.126696000 0.00000000000000000000 1.00000000000000000000 2 0 8 82 83 84 110 112 136 137 138 
112 112 0.162255000 -0.123309000 0.00000000000000000000 1.00000000000000000000 2 0 8 83 84 85 111 113 137 138 139 
113 113 0.146871000 -0.119671000 0.00000000000000000000 1.00000000000000000000 2 0 8 84 85 86 112 114 138 139 140 
114 114 0.132027000 -0.115788000 0.00000000000000000000 1.00000000000000000000 2 0 8 85 86 87 113 115 139 140 141 
115 115 0.117747000 -0.111665000 0.00000000000000000000 1.00000000000000000000 2 0 8 86 87 88 114 116 140 141 142 
116 116 0.104054000 -0.107310000 0.00000000000000000000 1.00000000000000000000 2 0 8 87 88 89 115 117 141 142 143 
117 117 0.090968600 -0.102730000 0.00000000000000000000 1.00000000000000000000 2 0 8 88 89 90 116 313 142 143 317 
118 118 0.541916000 -0.173364000 0.00000000000000000000 1.00000000000000000000 2 0 8 91 92 93 316 119 318 144 145 
119 119 0.521280000 -0.174825000 0.00000000000000000000 1.00000000000000000000 2 0 8 92 93 94 118 120 144 145 146 
120 120 0.500592000 -0.176016000 0.00000000000000000000 1.00000000000000000000 2 0 8 93 94 95 119 121 145 146 147 
121 121 0.479884000 -0.176929000 0.00000000000000000000 1.00000000000000000000 2 0 8 94 95 96 120 122 146 147 148 
122 122 0.459188000 -0.177561000 0.00000000000000000000 1.00000000000000000000 2 0 8 95 96 97 121 123 147 148 149 
123 123 0.438537000 -0.177906000 0.00000000000000000000 1.00000000000000000000 2 0 8 96 97 98 122 124 148 149 150 
124 124 0.417963000 -0.177958000 0.00000000000000000000 1.00000000000000000000 2 0 8 97 98 99 123 125 149 150 151 
125 125 0.397498000 -0.177714000 0.00000000000000000000 1.00000000000000000000 2 0 8 98 99 100 124 126 150 151 152 
126 126 0.377173000 -0.177171000 0.00000000000000000000 1.00000000000000000000 2 0 8 99 100 101 125 127 151 152 153 
127 127 0.357021000 -0.176324000 0.00000000000000000000 1.00000000000000000000 2 0 8 100 101 102 126 128 152 153 154 
128 128 0.337073000 -0.175172000 0.00000000000000000000 1.00000000000000000000 2 0 8 101 102 103 127 129 153 154 155 
129 129 0.317361000 -0.173713000 0.00000000000000000000 1.00000000000000000000 2 0 8 102 103 104 128 130 154 155 156 
130 130 0.297916000 -0.171946000 0.00000000000000000000 1.00000000000000000000 2 0 8 103 104 105 129 131 155 156 157 
131 131 0.278769000 -0.169870000 0.00000000000000000000 1.00000000000000000000 2 0 8 104 105 106 130 132 156 157 158 
132 132 0.259950000 -0.167485000 0.00000000000000000000 1.00000000000000000000 2 0 8 105 106 107 131 133 157 158 159 
133 133 0.241488000 -0.164794000 0.00000000000000000000 1.00000000000000000000 2 0 8 106 107 108 132 134 158 159 160 
134 134 0.223414000 -0.161797000 0.00000000000000000000 1.00000000000000000000 2 0 8 107 108 109 133 135 159 160 161 
135 135 0.205756000 -0.158497000 0.00000000000000000000 1.00000000000000000000 2 0 8 108 109 110 134 136 160 161 162 
136 136 0.188542000 -0.154898000 0.00000000000000000000 1.00000000000000000000 2 0 8 109 110 111 135 137 161 162 163 
137 137 0.171799000 -0.151003000 0.00000000000000000000 1.00000000000000000000 2 0 8 110 111 112 136 138 162 163 164 
138 138 0.155556000 -0.146819000 0.00000000000000000000 1.00000000000000000000 2 0 8 111 112 113 137 139 163 164 165 
139 139 0.139837000 -0.142350000 0.00000000000000000000 1.00000000000000000000 2 0 8 112 113 114 138 140 164 165 166 
140 140 0.124668000 -0.137604000 0.00000000000000000000 1.00000000000000000000 2 0 8 113 114 115 139 141 165 166 167 
141 141 0.110073000 -0.132587000 0.00000000000000000000 1.00000000000000000000 2 0 8 114 115 116 140 142 166 167 168 
142 142 0.096076200 -0.127307000 0.00000000000000000000 1.00000000000000000000 2 0 8 115 116 117 141 143 167 168 169 
143 143 0.082699600 -0.121774000 0.00000000000000000000 1.00000000000000000000 2 0 8 116 117 313 142 317 168 169 319 
144 144 0.542928000 -0.205634000 0.00000000000000000000 1.00000000000000000000 2 0 8 316 118 119 318 145 320 321 170 
145 145 0.521842000 -0.207132000 0.00000000000000000000 1.00000000000000000000 2 0 8 118 119 120 144 146 321 170 171 
146 146 0.500701000 -0.208309000 0.00000000000000000000 1.00000000000000000000 2 0 8 119 120 121 145 147 170 171 172 
147 147 0.479536000 -0.209160000 0.00000000000000000000 1.00000000000000000000 2 0 8 120 121 122 146 148 171 172 173 
148 148 0.458381000 -0.209679000 0.00000000000000000000 1.00000000000000000000 2 0 8 121 122 123 147 149 172 173 174 
149 149 0.437267000 -0.209862000 0.00000000000000000000 1.00000000000000000000 2 0 8 122 123 124 148 150 173 174 175 
150 150 0.416229000 -0.209703000 0.00000000000000000000 1.00000000000000000000 2 0 8 123 124 125 149 151 174 175 176 
151 151 0.395299000 -0.209201000 0.00000000000000000000 1.00000000000000000000 2 0 8 124 125 126 150 152 175 176 177 
152 152 0.374510000 -0.208350000 0.00000000000000000000 1.00000000000000000000 2 0 8 125 126 127 151 153 176 177 178 
153 153 0.353895000 -0.207150000 0.00000000000000000000 1.00000000000000000000 2 0 8 126 127 128 152 154 177 178 179 
154 154 0.333485000 -0.205597000 0.00000000000000000000 1.00000000000000000000 2 0 8 127 128 129 153 155 178 179 180 
155 155 0.313314000 -0.203692000 0.00000000000000000000 1.00000000000000000000 2 0 8 128 129 130 154 156 179 180 181 
156 156 0.293414000 -0.201434000 0.00000000000000000000 1.00000000000000000000 2 0 8 129 130 131 155 157 180 181 182 
157 157 0.273815000 -0.198823000 0.00000000000000000000 1.00000000000000000000 2 0 8 130 131 132 156 158 181 182 183 
158 158 0.254549000 -0.195862000 0.00000000000000000000 1.00000000000000000000 2 0 8 131 132 133 157 159 182 183 184 
159 159 0.235648000 -0.192550000 0.00000000000000000000 1.00000000000000000000 2 0 8 132 133 134 158 160 183 184 185 
160 160 0.217140000 -0.188893000 0.00000000000000000000 1.00000000000000000000 2 0 8 133 134 135 159 161 184 185 186 
161 161 0.199056000 -0.184893000 0.00000000000000000000 1.00000000000000000000 2 0 8 134 135 136 160 162 185 186 187 
162 162 0.181425000 -0.180556000 0.00000000000000000000 1.00000000000000000000 2 0 8 135 136 137 161 163 186 187 188 
163 163 0.164275000 -0.175885000 0.00000000000000000000 1.00000000000000000000 2 0 8 136 137 138 162 164 187 188 189 
164 164 0.147634000 -0.170888000 0.00000000000000000000 1.00000000000000000000 2 0 8 137 138 139 163 165 188 189 190 
165 165 0.131528000 -0.165572000 0.00000000000000000000 1.00000000000000000000 2 0 8 138 139 140 164 166 189 190 191 
166 166 0.115984000 -0.159945000 0.00000000000000000000 1.00000000000000000000 2 0 8 139 140 141 165 167 190 191 192 
167 167 0.101027000 -0.154014000 0.00000000000000000000 1.00000000000000000000 2 0 8 140 141 142 166 168 191 192 193 
168 168 0.086681500 -0.147790000 0.00000000000000000000 1.00000000000000000000 2 0 8 141 142 143 167 169 192 193 194 
169 169 0.072970000 -0.141282000 0.00000000000000000000 1.00000000000000000000 2 0 8 142 143 317 168 319 193 194 322 
170 170 0.522471000 -0.240205000 0.00000000000000000000 1.00000000000000000000 2 0 8 144 145 146 321 171 323 324 195 
171 171 0.500798000 -0.241374000 0.00000000000000000000 1.00000000000000000000 2 0 8 145 146 147 170 172 324 195 196 
172 172 0.479098000 -0.242166000 0.00000000000000000000 1.00000000000000000000 2 0 8 146 147 148 171 173 195 196 197 
173 173 0.457405000 -0.242575000 0.00000000000000000000 1.00000000000000000000 2 0 8 147 148 149 172 174 196 197 198 
174 174 0.435753000 -0.242597000 0.00000000000000000000 1.00000000000000000000 2 0 8 148 149 150 173 175 197 198 199 
175 175 0.414175000 -0.242228000 0.00000000000000000000 1.00000000000000000000 2 0 8 149 150 151 174 176 198 199 200 
176 176 0.392705000 -0.241465000 0.00000000000000000000 1.00000000000000000000 2 0 8 150 151 152 175 177 199 200 201 
177 177 0.371377000 -0.240306000 0.00000000000000000000 1.00000000000000000000 2 0 8 151 152 153 176 178 200 201 202 
178 178 0.350225000 -0.238748000 0.00000000000000000000 1.00000000000000000000 2 0 8 152 153 154 177 179 201 202 203 
179 179 0.329282000 -0.236790000 0.00000000000000000000 1.00000000000000000000 2 0 8 153 154 155 178 180 202 203 204 
180 180 0.308580000 -0.234433000 0.00000000000000000000 1.00000000000000000000 2 0 8 154 155 156 179 181 203 204 205 
181 181 0.288155000 -0.231676000 0.00000000000000000000 1.00000000000000000000 2 0 8 155 156 157 180 182 204 205 206 
182 182 0.268036000 -0.228522000 0.00000000000000000000 1.00000000000000000000 2 0 8 156 157 158 181 183 205 206 207 
183 183 0.248258000 -0.224972000 0.00000000000000000000 1.00000000000000000000 2 0 8 157 158 159 182 184 206 207 208 
184 184 0.228851000 -0.221030000 0.00000000000000000000 1.00000000000000000000 2 0 8 158 159 160 183 185 207 208 209 
185 185 0.209846000 -0.216699000 0.00000000000000000000 1.00000000000000000000 2 0 8 159 160 161 184 186 208 209 210 
186 186 0.191275000 -0.211984000 0.00000000000000000000 1.00000000000000000000 2 0 8 160 161 162 185 187 209 210 211 
187 187 0.173167000 -0.206892000 0.00000000000000000000 1.00000000000000000000 2 0 8 161 162 163 186 188 210 211 212 
188 188 0.155552000 -0.201428000 0.00000000000000000000 1.00000000000000000000 2 0 8 162 163 164 187 189 211 212 213 
189 189 0.138457000 -0.195601000 0.00000000000000000000 1.00000000000000000000 2 0 8 163 164 165 188 190 212 213 214 
190 190 0.121911000 -0.189417000 0.00000000000000000000 1.00000000000000000000 2 0 8 164 165 166 189 191 213 214 215 
191 191 0.105941000 -0.182888000 0.00000000000000000000 1.00000000000000000000 2 0 8 165 166 167 190 192 214 215 216 
192 192 0.090572200 -0.176021000 0.00000000000000000000 1.00000000000000000000 2 0 8 166 167 168 191 193 215 216 217 
193 193 0.075830400 -0.168829000 0.00000000000000000000 1.00000000000000000000 2 0 8 167 168 169 192 194 216 217 218 
194 194 0.061739300 -0.161323000 0.00000000000000000000 1.00000000000000000000 2 0 8 168 169 319 193 322 217 218 325 
195 195 0.500884000 -0.275335000 0.00000000000000000000 1.00000000000000000000 2 0 8 170 171 172 324 196 326 327 219 
196 196 0.478570000 -0.276070000 0.00000000000000000000 1.00000000000000000000 2 0 8 171 172 173 195 197 327 219 220 
197 197 0.456259000 -0.276371000 0.00000000000000000000 1.00000000000000000000 2 0 8 172 173 174 196 198 219 220 221 
198 198 0.433989000 -0.276233000 0.00000000000000000000 1.00000000000000000000 2 0 8 173 174 175 197 199 220 221 222 
199 199 0.411793000 -0.275652000 0.00000000000000000000 1.00000000000000000000 2 0 8 174 175 176 198 200 221 222 223 
200 200 0.389705000 -0.274626000 0.00000000000000000000 1.00000000000000000000 2 0 8 175 176 177 199 201 222 223 224 
201 201 0.367762000 -0.273154000 0.00000000000000000000 1.00000000000000000000 2 0 8 176 177 178 200 202 223 224 225 
202 202 0.345998000 -0.271233000 0.00000000000000000000 1.00000000000000000000 2 0 8 177 178 179 201 203 224 225 226 
203 203 0.324446000 -0.268863000 0.00000000000000000000 1.00000000000000000000 2 0 8 178 179 180 202 204 225 226 227 
204 204 0.303142000 -0.266045000 0.00000000000000000000 1.00000000000000000000 2 0 8 179 180 181 203 205 226 227 228 
205 205 0.282119000 -0.262780000 0.00000000000000000000 1.00000000000000000000 2 0 8 180 181 182 204 206 227 228 229 
206 206 0.261411000 -0.259071000 0.00000000000000000000 1.00000000000000000000 2 0 8 181 182 183 205 207 228 229 230 
207 207 0.241051000 -0.254920000 0.00000000000000000000 1.00000000000000000000 2 0 8 182 183 184 206 208 229 230 231 
208 208 0.221071000 -0.250332000 0.00000000000000000000 1.00000000000000000000 2 0 8 183 184 185 207 209 230 231 232 
209 209 0.201505000 -0.245312000 0.00000000000000000000 1.00000000000000000000 2 0 8 184 185 186 208 210 231 232 233 
210 210 0.182382000 -0.239866000 0.00000000000000000000 1.00000000000000000000 2 0 8 185 186 187 209 211 232 233 234 
211 211 0.163736000 -0.234000000 0.00000000000000000000 1.00000000000000000000 2 0 8 186 187 188 210 212 233 234 235 
212 212 0.145595000 -0.227723000 0.00000000000000000000 1.00000000000000000000 2 0 8 187 188 189 211 213 234 235 236 
213 213 0.127989000 -0.221043000 0.00000000000000000000 1.00000000000000000000 2 0 8 188 189 190 212 214 235 236 237 
214 214 0.110947000 -0.213969000 0.00000000000000000000 1.00000000000000000000 2 0 8 189 190 191 213 215 236 237 238 
215 215 0.094497100 -0.206513000 0.00000000000000000000 1.00000000000000000000 2 0 8 190 191 192 214 216 237 238 239 
216 216 0.078665700 -0.198685000 0.00000000000000000000 1.00000000000000000000 2 0 8 191 192 193 215 217 238 239 240 
217 217 0.063478900 -0.190499000 0.00000000000000000000 1.00000000000000000000 2 0 8 192 193 194 216 218 239 240 328 
218 218 0.048961800 -0.181966000 0.00000000000000000000 1.00000000000000000000 2 0 8 193 194 322 217 325 240 328 329 
219 219 0.477949000 -0.310997000 0.00000000000000000000 1.00000000000000000000 2 0 8 195 196 197 327 220 330 331 332 
220 220 0.454940000 -0.311191000 0.00000000000000000000 1.00000000000000000000 2 0 8 196 197 198 219 221 331 332 241 
221 221 0.431970000 -0.310892000 0.00000000000000000000 1.00000000000000000000 2 0 8 197 198 199 220 222 332 241 242 
222 222 0.409075000 -0.310098000 0.00000000000000000000 1.00000000000000000000 2 0 8 198 199 200 221 223 241 242 243 
223 223 0.386290000 -0.308805000 0.00000000000000000000 1.00000000000000000000 2 0 8 199 200 201 222 224 242 243 244 
224 224 0.363653000 -0.307014000 0.00000000000000000000 1.00000000000000000000 2 0 8 200 201 202 223 225 243 244 245 
225 225 0.341198000 -0.304723000 0.00000000000000000000 1.00000000000000000000 2 0 8 201 202 203 224 226 244 245 246 
226 226 0.318962000 -0.301932000 0.00000000000000000000 1.00000000000000000000 2 0 8 202 203 204 225 227 245 246 247 
227 227 0.296979000 -0.298643000 0.00000000000000000000 1.00000000000000000000 2 0 8 203 204 205 226 228 246 247 248 
228 228 0.275284000 -0.294858000 0.00000000000000000000 1.00000000000000000000 2 0 8 204 205 206 227 229 247 248 249 
229 229 0.253914000 -0.290580000 0.00000000000000000000 1.00000000000000000000 2 0 8 205 206 207 228 230 248 249 250 
230 230 0.232900000 -0.285814000 0.00000000000000000000 1.00000000000000000000 2 0 8 206 207 208 229 231 249 250 251 
231 231 0.212279000 -0.280563000 0.00000000000000000000 1.00000000000000000000 2 0 8 207 208 209 230 232 250 251 252 
232 232 0.192082000 -0.274835000 0.00000000000000000000 1.00000000000000000000 2 0 8 208 209 210 231 233 251 252 253 
233 233 0.172343000 -0.268637000 0.00000000000000000000 1.00000000000000000000 2 0 8 209 210 211 232 234 252 253 254 
234 234 0.153094000 -0.261976000 0.00000000000000000000 1.00000000000000000000 2 0 8 210 211 212 233 235 253 254 255 
235 235 0.134366000 -0.254862000 0.00000000000000000000 1.00000000000000000000 2 0 8 211 212 213 234 236 254 255 256 
236 236 0.116189000 -0.247305000 0.00000000000000000000 1.00000000000000000000 2 0 8 212 213 214 235 237 255 256 257 
237 237 0.098593100 -0.239315000 0.00000000000000000000 1.00000000000000000000 2 0 8 213 214 215 236 238 256 257 258 
238 238 0.081607600 -0.230904000 0.00000000000000000000 1.00000000000000000000 2 0 8 214 215 216 237 239 257 258 259 
239 239 0.065260200 -0.222087000 0.00000000000000000000 1.00000000000000000000 2 0 8 215 216 217 238 240 258 259 333 
240 240 0.049577800 -0.212875000 0.00000000000000000000 1.00000000000000000000 2 0 8 216 217 218 239 328 259 333 334 
241 241 0.429688000 -0.346703000 0.00000000000000000000 1.00000000000000000000 2 0 8 220 221 222 332 242 335 336 337 
242 242 0.406011000 -0.345691000 0.00000000000000000000 1.00000000000000000000 2 0 8 221 222 223 241 243 336 337 260 
243 243 0.382447000 -0.344128000 0.00000000000000000000 1.00000000000000000000 2 0 8 222 223 224 242 244 337 260 261 
244 244 0.359034000 -0.342011000 0.00000000000000000000 1.00000000000000000000 2 0 8 223 224 225 243 245 260 261 262 
245 245 0.335808000 -0.339341000 0.00000000000000000000 1.00000000000000000000 2 0 8 224 225 226 244 246 261 262 263 
246 246 0.312807000 -0.336119000 0.00000000000000000000 1.00000000000000000000 2 0 8 225 226 227 245 247 262 263 264 
247 247 0.290067000 -0.332346000 0.00000000000000000000 1.00000000000000000000 2 0 8 226 227 228 246 248 263 264 265 
248 248 0.267625000 -0.328027000 0.00000000000000000000 1.00000000000000000000 2 0 8 227 228 229 247 249 264 265 266 
249 249 0.245516000 -0.323164000 0.00000000000000000000 1.00000000000000000000 2 0 8 228 229 230 248 250 265 266 267 
250 250 0.223776000 -0.317764000 0.00000000000000000000 1.00000000000000000000 2 0 8 229 230 231 249 251 266 267 268 
251 251 0.202441000 -0.311831000 0.00000000000000000000 1.00000000000000000000 2 0 8 230 231 232 250 252 267 268 269 
252 252 0.181544000 -0.305374000 0.00000000000000000000 1.00000000000000000000 2 0 8 231 232 233 251 253 268 269 270 
253 253 0.161119000 -0.298401000 0.00000000000000000000 1.00000000000000000000 2 0 8 232 233 234 252 254 269 270 271 
254 254 0.141201000 -0.290920000 0.00000000000000000000 1.00000000000000000000 2 0 8 233 234 235 253 255 270 271 272 
255 255 0.121820000 -0.282943000 0.00000000000000000000 1.00000000000000000000 2 0 8 234 235 236 254 256 271 272 273 
256 256 0.103010000 -0.274480000 0.00000000000000000000 1.00000000000000000000 2 0 8 235 236 237 255 257 272 273 274 
257 257 0.084800600 -0.265544000 0.00000000000000000000 1.00000000000000000000 2 0 8 236 237 238 256 258 273 274 275 
258 258 0.067222000 -0.256149000 0.00000000000000000000 1.00000000000000000000 2 0 8 237 238 239 257 259 274 275 338 
259 259 0.050303200 -0.246308000 0.00000000000000000000 1.00000000000000000000 2 0 8 238 239 240 258 333 275 338 339 
260 260 0.378163000 -0.380723000 0.00000000000000000000 1.00000000000000000000 2 0 8 242 243 244 337 261 340 341 276 
261 261 0.353889000 -0.378272000 0.00000000000000000000 1.00000000000000000000 2 0 8 243 244 245 260 262 341 276 277 
262 262 0.329809000 -0.375213000 0.00000000000000000000 1.00000000000000000000 2 0 8 244 245 246 261 263 276 277 278 
263 263 0.305961000 -0.371547000 0.00000000000000000000 1.00000000000000000000 2 0 8 245 246 247 262 264 277 278 279 
264 264 0.282383000 -0.367277000 0.00000000000000000000 1.00000000000000000000 2 0 8 246 247 248 263 265 278 279 280 
265 265 0.259112000 -0.362407000 0.00000000000000000000 1.00000000000000000000 2 0 8 247 248 249 264 266 279 280 281 
266 266 0.236187000 -0.356941000 0.00000000000000000000 1.00000000000000000000 2 0 8 248 249 250 265 267 280 281 282 
267 267 0.213644000 -0.350886000 0.00000000000000000000 1.00000000000000000000 2 0 8 249 250 251 266 268 281 282 283 
268 268 0.191519000 -0.344250000 0.00000000000000000000 1.00000000000000000000 2 0 8 250 251 252 267 269 282 283 284 
269 269 0.169848000 -0.337039000 0.00000000000000000000 1.00000000000000000000 2 0 8 251 252 253 268 270 283 284 285 
270 270 0.148667000 -0.329265000 0.00000000000000000000 1.00000000000000000000 2 0 8 252 253 254 269 271 284 285 286 
271 271 0.128010000 -0.320936000 0.00000000000000000000 1.00000000000000000000 2 0 8 253 254 255 270 272 285 286 287 
272 272 0.107911000 -0.312066000 0.00000000000000000000 1.00000000000000000000 2 0 8 254 255 256 271 273 286 287 288 
273 273 0.088402300 -0.302666000 0.00000000000000000000 1.00000000000000000000 2 0 8 255 256 257 272 274 287 288 289 
274 274 0.069516400 -0.292751000 0.00000000000000000000 1.00000000000000000000 2 0 8 256 257 258 273 275 288 289 342 
275 275 0.051284400 -0.282336000 0.00000000000000000000 1.00000000000000000000 2 0 8 257 258 259 274 338 289 342 343 
276 276 0.348198000 -0.415931000 0.00000000000000000000 1.00000000000000000000 2 0 8 260 261 262 341 277 344 345 290 
277 277 0.323177000 -0.412471000 0.00000000000000000000 1.00000000000000000000 2 0 8 261 262 263 276 278 345 290 291 
278 278 0.298396000 -0.408347000 0.00000000000000000000 1.00000000000000000000 2 0 8 262 263 264 277 279 290 291 292 
279 279 0.273896000 -0.403563000 0.00000000000000000000 1.00000000000000000000 2 0 8 263 264 265 278 280 291 292 293 
280 280 0.249714000 -0.398123000 0.00000000000000000000 1.00000000000000000000 2 0 8 264 265 266 279 281 292 293 294 
281 281 0.225891000 -0.392034000 0.00000000000000000000 1.00000000000000000000 2 0 8 265 266 267 280 282 293 294 295 
282 282 0.202465000 -0.385302000 0.00000000000000000000 1.00000000000000000000 2 0 8 266 267 268 281 283 294 295 296 
283 283 0.179473000 -0.377936000 0.00000000000000000000 1.00000000000000000000 2 0 8 267 268 269 282 284 295 296 297 
284 284 0.156952000 -0.369945000 0.00000000000000000000 1.00000000000000000000 2 0 8 268 269 270 283 285 296 297 298 
285 285 0.134940000 -0.361340000 0.00000000000000000000 1.00000000000000000000 2 0 8 269 270 271 284 286 297 298 299 
286 286 0.113472000 -0.352133000 0.00000000000000000000 1.00000000000000000000 2 0 8 270 271 272 285 287 298 299 300 
287 287 0.092584100 -0.342337000 0.00000000000000000000 1.00000000000000000000 2 0 8 271 272 273 286 288 299 300 301 
288 288 0.072309300 -0.331965000 0.00000000000000000000 1.00000000000000000000 2 0 8 272 273 274 287 289 300 301 346 
289 289 0.052681600 -0.321035000 0.00000000000000000000 1.00000000000000000000 2 0 8 273 274 275 288 342 301 346 347 
290 290 0.315889000 -0.451251000 0.00000000000000000000 1.00000000000000000000 2 0 8 276 277 278 345 291 348 349 350 
291 291 0.290086000 -0.446653000 0.00000000000000000000 1.00000000000000000000 2 0 8 277 278 279 290 292 349 350 351 
292 292 0.264575000 -0.441336000 0.00000000000000000000 1.00000000000000000000 2 0 8 278 279 280 291 293 350 351 352 
293 293 0.239396000 -0.435306000 0.00000000000000000000 1.00000000000000000000 2 0 8 279 280 281 292 294 351 352 353 
294 294 0.214590000 -0.428570000 0.00000000000000000000 1.00000000000000000000 2 0 8 280 281 282 293 295 352 353 354 
295 295 0.190197000 -0.421136000 0.00000000000000000000 1.00000000000000000000 2 0 8 281 282 283 294 296 353 354 355 
296 296 0.166256000 -0.413012000 0.00000000000000000000 1.00000000000000000000 2 0 8 282 283 284 295 297 354 355 356 
297 297 0.142806000 -0.404211000 0.00000000000000000000 1.00000000000000000000 2 0 8 283 284 285 296 298 355 356 357 
298 298 0.119886000 -0.394744000 0.00000000000000000000 1.00000000000000000000 2 0 8 284 285 286 297 299 356 357 358 
299 299 0.097532000 -0.384623000 0.00000000000000000000 1.00000000000000000000 2 0 8 285 286 287 298 300 357 358 359 
300 300 0.075781400 -0.373865000 0.00000000000000000000 1.00000000000000000000 2 0 8 286 287 288 299 301 358 359 360 
301 301 0.054669800 -0.362483000 0.00000000000000000000 1.00000000000000000000 2 0 8 287 288 289 300 346 359 360 361 
302 3616 0.63572 -0.0417215 1 1
303 898 0.0842652 -0.0437009 1 1
304 3639 0.636837 -0.0713571 2 0
305 3640 0.617725 -0.0732663 2 0
306 910 0.079863 -0.0598422 2 0
307 3662 0.638454 -0.101246 2 0
308 3663 0.619152 -0.103413 2 0
309 3664 0.599657 -0.105443 2 0
310 923 0.0740194 -0.0762326 2 0
311 3688 0.601246 -0.136184 2 0
312 3689 0.581309 -0.138238 2 0
313 936 0.0785131 -0.0979332 2 0
314 937 0.0667068 -0.0929275 2 0
315 3713 0.582907 -0.169657 2 0
316 3714 0.562469 -0.171639 2 0
317 950 0.0699648 -0.115996 2 0
318 3739 0.563924 -0.203822 2 0
319 964 0.0599152 -0.134502 2 0
320 3763 0.565602 -0.236759 2 0
321 3764 0.544084 -0.238665 2 0
322 979 0.0483222 -0.153514 2 0
323 3789 0.54539 -0.272581 2 0
324 3790 0.523169 -0.27417 2 0
325 994 0.0351383 -0.1731 2 0
326 3815 0.52394 -0.309151 2 0
327 3816 0.500961 -0.310316 2 0
328 1010 0.0345863 -0.203284 2 0
329 1011 0.0203106 -0.193329 2 0
330 302 0.501029 -0.346448 2 0
331 303 0.477234 -0.347078 2 0
332 304 0.453442 -0.347164 2 0
333 1027 0.0340722 -0.236037 2 0
334 1028 0.0185559 -0.225353 2 0
335 308 0.451761 -0.384423 2 0
336 309 0.427137 -0.383797 2 0
337 310 0.402591 -0.382564 2 0
338 1045 0.0337364 -0.271436 2 0
339 1046 0.0169015 -0.260068 2 0
340 317 0.398803 -0.420852 2 0
341 318 0.37342 -0.418725 2 0
342 1064 0.0337333 -0.30956 2 0
343 1065 0.0154958 -0.297561 2 0
344 327 0.368204 -0.458275 2 0
345 328 0.341942 -0.455126 2 0
346 1084 0.0342319 -0.350496 2 0
347 1085 0.0145015 -0.337921 2 0
348 339 0.335096 -0.496002 2 0
349 340 0.307917 -0.491696 2 0
350 341 0.280999 -0.486606 2 0
351 342 0.254385 -0.480736 2 0
352 343 0.228119 -0.474093 2 0
353 344 0.202241 -0.466684 2 0
354 345 0.176794 -0.458519 2 0
355 346 0.15182 -0.449608 2 0
356 347 0.127357 -0.439963 2 0
357 348 0.103447 -0.429597 2 0
358 349 0.0801285 -0.418526 2 0
359 350 0.0574392 -0.406764 2 0
360 351 0.0354167 -0.39433 2 0
361 1106 0.0140971 -0.381242 2 0
