395 305 90
1 6898 0.975320000 0.359776000 0.00000000000000000000 1.00000000000000000000 2 0 8 306 307 308 310 311 2 3 4 
2 6899 0.975771000 0.406781000 0.00000000000000000000 1.00000000000000000000 2 0 8 309 310 1 316 3 7 8 9 
3 6900 0.996886000 0.392311000 0.00000000000000000000 1.00000000000000000000 2 0 8 310 1 311 2 4 8 9 10 
4 6901 1.017220000 0.377285000 0.00000000000000000000 1.00000000000000000000 2 0 8 1 311 312 3 5 9 10 11 
5 6902 1.036740000 0.361729000 0.00000000000000000000 1.00000000000000000000 2 0 8 311 312 313 4 6 10 11 12 
6 6903 1.055420000 0.345667000 0.00000000000000000000 1.00000000000000000000 2 0 8 312 313 314 5 317 11 12 13 
7 6904 0.975303000 0.457016000 0.00000000000000000000 1.00000000000000000000 2 0 8 315 316 2 331 8 25 26 27 
8 6905 0.998213000 0.441984000 0.00000000000000000000 1.00000000000000000000 2 0 8 316 2 3 7 9 26 27 28 
9 6906 1.020330000 0.426319000 0.00000000000000000000 1.00000000000000000000 2 0 8 2 3 4 8 10 27 28 29 
10 6907 1.041640000 0.410045000 0.00000000000000000000 1.00000000000000000000 2 0 8 3 4 5 9 11 28 29 30 
11 6908 1.062090000 0.393190000 0.00000000000000000000 1.00000000000000000000 2 0 8 4 5 6 10 12 29 30 31 
12 6909 1.081660000 0.375779000 0.00000000000000000000 1.00000000000000000000 2 0 8 5 6 317 11 13 30 31 32 
13 6910 1.100330000 0.357840000 0.00000000000000000000 1.00000000000000000000 2 0 8 6 317 318 12 14 31 32 33 
14 6911 1.118070000 0.339401000 0.00000000000000000000 1.00000000000000000000 2 0 8 317 318 319 13 15 32 33 34 
15 6912 1.134850000 0.320489000 0.00000000000000000000 1.00000000000000000000 2 0 8 318 319 320 14 16 33 34 35 
16 6913 1.150660000 0.301133000 0.00000000000000000000 1.00000000000000000000 2 0 8 319 320 321 15 17 34 35 36 
17 6914 1.165460000 0.281362000 0.00000000000000000000 1.00000000000000000000 2 0 8 320 321 322 16 18 35 36 37 
18 6915 1.179250000 0.261206000 0.00000000000000000000 1.00000000000000000000 2 0 8 321 322 323 17 19 36 37 38 
19 6916 1.192000000 0.240692000 0.00000000000000000000 1.00000000000000000000 2 0 8 322 323 324 18 20 37 38 39 
20 6917 1.203690000 0.219852000 0.00000000000000000000 1.00000000000000000000 2 0 8 323 324 325 19 21 38 39 40 
21 6918 1.214320000 0.198714000 0.00000000000000000000 1.00000000000000000000 2 0 8 324 325 326 20 22 39 40 41 
22 6919 1.223860000 0.177308000 0.00000000000000000000 1.00000000000000000000 2 0 8 325 326 327 21 23 40 41 42 
23 6920 1.232310000 0.155663000 0.00000000000000000000 1.00000000000000000000 2 0 8 326 327 328 22 24 41 42 43 
24 6921 1.239660000 0.133811000 0.00000000000000000000 1.00000000000000000000 2 0 8 327 328 329 23 332 42 43 44 
25 6922 0.973664000 0.510584000 0.00000000000000000000 1.00000000000000000000 2 0 8 330 331 7 335 26 45 46 47 
26 6923 0.998496000 0.495074000 0.00000000000000000000 1.00000000000000000000 2 0 8 331 7 8 25 27 46 47 48 
27 6924 1.022540000 0.478847000 0.00000000000000000000 1.00000000000000000000 2 0 8 7 8 9 26 28 47 48 49 
28 6925 1.045750000 0.461928000 0.00000000000000000000 1.00000000000000000000 2 0 8 8 9 10 27 29 48 49 50 
29 6926 1.068110000 0.444346000 0.00000000000000000000 1.00000000000000000000 2 0 8 9 10 11 28 30 49 50 51 
30 6927 1.089570000 0.426128000 0.00000000000000000000 1.00000000000000000000 2 0 8 10 11 12 29 31 50 51 52 
31 6928 1.110120000 0.407304000 0.00000000000000000000 1.00000000000000000000 2 0 8 11 12 13 30 32 51 52 53 
32 6929 1.129710000 0.387901000 0.00000000000000000000 1.00000000000000000000 2 0 8 12 13 14 31 33 52 53 54 
33 6930 1.148330000 0.367951000 0.00000000000000000000 1.00000000000000000000 2 0 8 13 14 15 32 34 53 54 55 
34 6931 1.165950000 0.347483000 0.00000000000000000000 1.00000000000000000000 2 0 8 14 15 16 33 35 54 55 56 
35 6932 1.182550000 0.326529000 0.00000000000000000000 1.00000000000000000000 2 0 8 15 16 17 34 36 55 56 57 
36 6933 1.198090000 0.305119000 0.00000000000000000000 1.00000000000000000000 2 0 8 16 17 18 35 37 56 57 58 
37 6934 1.212570000 0.283285000 0.00000000000000000000 1.00000000000000000000 2 0 8 17 18 19 36 38 57 58 59 
38 6935 1.225960000 0.261060000 0.00000000000000000000 1.00000000000000000000 2 0 8 18 19 20 37 39 58 59 60 
39 6936 1.238240000 0.238474000 0.00000000000000000000 1.00000000000000000000 2 0 8 19 20 21 38 40 59 60 61 
40 6937 1.249400000 0.215561000 0.00000000000000000000 1.00000000000000000000 2 0 8 20 21 22 39 41 60 61 62 
41 6938 1.259430000 0.192353000 0.00000000000000000000 1.00000000000000000000 2 0 8 21 22 23 40 42 61 62 63 
42 6939 1.268300000 0.168882000 0.00000000000000000000 1.00000000000000000000 2 0 8 22 23 24 41 43 62 63 64 
43 6940 1.276020000 0.145181000 0.00000000000000000000 1.00000000000000000000 2 0 8 23 24 332 42 44 63 64 65 
44 6941 1.282560000 0.121284000 0.00000000000000000000 1.00000000000000000000 2 0 8 24 332 333 43 336 64 65 66 
45 6942 0.970587000 0.567590000 0.00000000000000000000 1.00000000000000000000 2 0 8 334 335 25 339 46 67 68 69 
46 6943 0.997474000 0.551693000 0.00000000000000000000 1.00000000000000000000 2 0 8 335 25 26 45 47 68 69 70 
47 6944 1.023570000 0.534990000 0.00000000000000000000 1.00000000000000000000 2 0 8 25 26 27 46 48 69 70 71 
48 6945 1.048830000 0.517506000 0.00000000000000000000 1.00000000000000000000 2 0 8 26 27 28 47 49 70 71 72 
49 6946 1.073230000 0.499272000 0.00000000000000000000 1.00000000000000000000 2 0 8 27 28 29 48 50 71 72 73 
50 6947 1.096730000 0.480316000 0.00000000000000000000 1.00000000000000000000 2 0 8 28 29 30 49 51 72 73 74 
51 6948 1.119290000 0.460668000 0.00000000000000000000 1.00000000000000000000 2 0 8 29 30 31 50 52 73 74 75 
52 6949 1.140880000 0.440359000 0.00000000000000000000 1.00000000000000000000 2 0 8 30 31 32 51 53 74 75 76 
53 6950 1.161490000 0.419421000 0.00000000000000000000 1.00000000000000000000 2 0 8 31 32 33 52 54 75 76 77 
54 6951 1.181060000 0.397885000 0.00000000000000000000 1.00000000000000000000 2 0 8 32 33 34 53 55 76 77 78 
55 6952 1.199580000 0.375784000 0.00000000000000000000 1.00000000000000000000 2 0 8 33 34 35 54 56 77 78 79 
56 6953 1.217030000 0.353152000 0.00000000000000000000 1.00000000000000000000 2 0 8 34 35 36 55 57 78 79 80 
57 6954 1.233380000 0.330023000 0.00000000000000000000 1.00000000000000000000 2 0 8 35 36 37 56 58 79 80 81 
58 6955 1.248600000 0.306430000 0.00000000000000000000 1.00000000000000000000 2 0 8 36 37 38 57 59 80 81 82 
59 6956 1.262680000 0.282409000 0.00000000000000000000 1.00000000000000000000 2 0 8 37 38 39 58 60 81 82 83 
60 6957 1.275600000 0.257993000 0.00000000000000000000 1.00000000000000000000 2 0 8 38 39 40 59 61 82 83 84 
61 6958 1.287340000 0.233219000 0.00000000000000000000 1.00000000000000000000 2 0 8 39 40 41 60 62 83 84 85 
62 6959 1.297880000 0.208121000 0.00000000000000000000 1.00000000000000000000 2 0 8 40 41 42 61 63 84 85 86 
63 6960 1.307220000 0.182735000 0.00000000000000000000 1.00000000000000000000 2 0 8 41 42 43 62 64 85 86 87 
64 6961 1.315330000 0.157097000 0.00000000000000000000 1.00000000000000000000 2 0 8 42 43 44 63 65 86 87 88 
65 6962 1.322220000 0.131243000 0.00000000000000000000 1.00000000000000000000 2 0 8 43 44 336 64 66 87 88 89 
66 6963 1.327860000 0.105208000 0.00000000000000000000 1.00000000000000000000 2 0 8 44 336 337 65 340 88 89 343 
67 6964 0.965783000 0.628140000 0.00000000000000000000 1.00000000000000000000 2 0 8 338 339 45 342 68 90 91 92 
68 6965 0.994863000 0.611956000 0.00000000000000000000 1.00000000000000000000 2 0 8 339 45 46 67 69 91 92 93 
69 6966 1.023150000 0.594871000 0.00000000000000000000 1.00000000000000000000 2 0 8 45 46 47 68 70 92 93 94 
70 6967 1.050610000 0.576912000 0.00000000000000000000 1.00000000000000000000 2 0 8 46 47 48 69 71 93 94 95 
71 6968 1.077190000 0.558109000 0.00000000000000000000 1.00000000000000000000 2 0 8 47 48 49 70 72 94 95 96 
72 6969 1.102870000 0.538491000 0.00000000000000000000 1.00000000000000000000 2 0 8 48 49 50 71 73 95 96 97 
73 6970 1.127600000 0.518091000 0.00000000000000000000 1.00000000000000000000 2 0 8 49 50 51 72 74 96 97 98 
74 6971 1.151340000 0.496939000 0.00000000000000000000 1.00000000000000000000 2 0 8 50 51 52 73 75 97 98 99 
75 6972 1.174080000 0.475070000 0.00000000000000000000 1.00000000000000000000 2 0 8 51 52 53 74 76 98 99 100 
76 6973 1.195760000 0.452517000 0.00000000000000000000 1.00000000000000000000 2 0 8 52 53 54 75 77 99 100 101 
77 6974 1.216370000 0.429315000 0.00000000000000000000 1.00000000000000000000 2 0 8 53 54 55 76 78 100 101 102 
78 6975 1.235870000 0.405499000 0.00000000000000000000 1.00000000000000000000 2 0 8 54 55 56 77 79 101 102 103 
79 6976 1.254240000 0.381105000 0.00000000000000000000 1.00000000000000000000 2 0 8 55 56 57 78 80 102 103 104 
80 6977 1.271450000 0.356169000 0.00000000000000000000 1.00000000000000000000 2 0 8 56 57 58 79 81 103 104 105 
81 6978 1.287480000 0.330728000 0.00000000000000000000 1.00000000000000000000 2 0 8 57 58 59 80 82 104 105 106 
82 6979 1.302310000 0.304820000 0.00000000000000000000 1.00000000000000000000 2 0 8 58 59 60 81 83 105 106 107 
83 6980 1.315910000 0.278483000 0.00000000000000000000 1.00000000000000000000 2 0 8 59 60 61 82 84 106 107 108 
84 6981 1.328270000 0.251754000 0.00000000000000000000 1.00000000000000000000 2 0 8 60 61 62 83 85 107 108 109 
85 6982 1.339380000 0.224672000 0.00000000000000000000 1.00000000000000000000 2 0 8 61 62 63 84 86 108 109 110 
86 6983 1.349210000 0.197276000 0.00000000000000000000 1.00000000000000000000 2 0 8 62 63 64 85 87 109 110 111 
87 6984 1.357760000 0.169604000 0.00000000000000000000 1.00000000000000000000 2 0 8 63 64 65 86 88 110 111 112 
88 6985 1.365010000 0.141696000 0.00000000000000000000 1.00000000000000000000 2 0 8 64 65 66 87 89 111 112 113 
89 6986 1.370960000 0.113591000 0.00000000000000000000 1.00000000000000000000 2 0 8 65 66 340 88 343 112 113 346 
90 6987 0.958946000 0.692337000 0.00000000000000000000 1.00000000000000000000 2 0 8 341 342 67 345 91 114 115 116 
91 6988 0.990364000 0.675978000 0.00000000000000000000 1.00000000000000000000 2 0 8 342 67 68 90 92 115 116 117 
92 6989 1.021000000 0.658616000 0.00000000000000000000 1.00000000000000000000 2 0 8 67 68 69 91 93 116 117 118 
93 6990 1.050800000 0.640280000 0.00000000000000000000 1.00000000000000000000 2 0 8 68 69 70 92 94 117 118 119 
94 6991 1.079720000 0.621000000 0.00000000000000000000 1.00000000000000000000 2 0 8 69 70 71 93 95 118 119 120 
95 6992 1.107730000 0.600806000 0.00000000000000000000 1.00000000000000000000 2 0 8 70 71 72 94 96 119 120 121 
96 6993 1.134780000 0.579732000 0.00000000000000000000 1.00000000000000000000 2 0 8 71 72 73 95 97 120 121 122 
97 6994 1.160840000 0.557811000 0.00000000000000000000 1.00000000000000000000 2 0 8 72 73 74 96 98 121 122 123 
98 6995 1.185860000 0.535078000 0.00000000000000000000 1.00000000000000000000 2 0 8 73 74 75 97 99 122 123 124 
99 6996 1.209810000 0.511567000 0.00000000000000000000 1.00000000000000000000 2 0 8 74 75 76 98 100 123 124 125 
100 6997 1.232670000 0.487315000 0.00000000000000000000 1.00000000000000000000 2 0 8 75 76 77 99 101 124 125 126 
101 6998 1.254390000 0.462360000 0.00000000000000000000 1.00000000000000000000 2 0 8 76 77 78 100 102 125 126 127 
102 6999 1.274940000 0.436739000 0.00000000000000000000 1.00000000000000000000 2 0 8 77 78 79 101 103 126 127 128 
103 7000 1.294300000 0.410490000 0.00000000000000000000 1.00000000000000000000 2 0 8 78 79 80 102 104 127 128 129 
104 7001 1.312450000 0.383654000 0.00000000000000000000 1.00000000000000000000 2 0 8 79 80 81 103 105 128 129 130 
105 7002 1.329340000 0.356270000 0.00000000000000000000 1.00000000000000000000 2 0 8 80 81 82 104 106 129 130 131 
106 7003 1.344980000 0.328379000 0.00000000000000000000 1.00000000000000000000 2 0 8 81 82 83 105 107 130 131 132 
107 7004 1.359320000 0.300020000 0.00000000000000000000 1.00000000000000000000 2 0 8 82 83 84 106 108 131 132 133 
108 7005 1.372350000 0.271236000 0.00000000000000000000 1.00000000000000000000 2 0 8 83 84 85 107 109 132 133 134 
109 7006 1.384060000 0.242068000 0.00000000000000000000 1.00000000000000000000 2 0 8 84 85 86 108 110 133 134 135 
110 7007 1.394430000 0.212559000 0.00000000000000000000 1.00000000000000000000 2 0 8 85 86 87 109 111 134 135 136 
111 7008 1.403450000 0.182749000 0.00000000000000000000 1.00000000000000000000 2 0 8 86 87 88 110 112 135 136 137 
112 7009 1.411090000 0.152682000 0.00000000000000000000 1.00000000000000000000 2 0 8 87 88 89 111 113 136 137 138 
113 7010 1.417370000 0.122400000 0.00000000000000000000 1.00000000000000000000 2 0 8 88 89 343 112 346 137 138 348 
114 7011 0.949747000 0.760285000 0.00000000000000000000 1.00000000000000000000 2 0 8 344 345 90 347 115 349 139 140 
115 7012 0.983654000 0.743872000 0.00000000000000000000 1.00000000000000000000 2 0 8 345 90 91 114 116 139 140 141 
116 7013 1.016780000 0.726348000 0.00000000000000000000 1.00000000000000000000 2 0 8 90 91 92 115 117 140 141 142 
117 7014 1.049080000 0.707744000 0.00000000000000000000 1.00000000000000000000 2 0 8 91 92 93 116 118 141 142 143 
118 7015 1.080510000 0.688089000 0.00000000000000000000 1.00000000000000000000 2 0 8 92 93 94 117 119 142 143 144 
119 7016 1.111010000 0.667416000 0.00000000000000000000 1.00000000000000000000 2 0 8 93 94 95 118 120 143 144 145 
120 7017 1.140550000 0.645758000 0.00000000000000000000 1.00000000000000000000 2 0 8 94 95 96 119 121 144 145 146 
121 7018 1.169080000 0.623150000 0.00000000000000000000 1.00000000000000000000 2 0 8 95 96 97 120 122 145 146 147 
122 7019 1.196560000 0.599627000 0.00000000000000000000 1.00000000000000000000 2 0 8 96 97 98 121 123 146 147 148 
123 7020 1.222960000 0.575226000 0.00000000000000000000 1.00000000000000000000 2 0 8 97 98 99 122 124 147 148 149 
124 7021 1.248230000 0.549986000 0.00000000000000000000 1.00000000000000000000 2 0 8 98 99 100 123 125 148 149 150 
125 7022 1.272340000 0.523945000 0.00000000000000000000 1.00000000000000000000 2 0 8 99 100 101 124 126 149 150 151 
126 7023 1.295250000 0.497143000 0.00000000000000000000 1.00000000000000000000 2 0 8 100 101 102 125 127 150 151 152 
127 7024 1.316940000 0.469621000 0.00000000000000000000 1.00000000000000000000 2 0 8 101 102 103 126 128 151 152 153 
128 7025 1.337370000 0.441421000 0.00000000000000000000 1.00000000000000000000 2 0 8 102 103 104 127 129 152 153 154 
129 7026 1.356520000 0.412584000 0.00000000000000000000 1.00000000000000000000 2 0 8 103 104 105 128 130 153 154 155 
130 7027 1.374350000 0.383153000 0.00000000000000000000 1.00000000000000000000 2 0 8 104 105 106 129 131 154 155 156 
131 7028 1.390850000 0.353173000 0.00000000000000000000 1.00000000000000000000 2 0 8 105 106 107 130 132 155 156 157 
132 7029 1.405980000 0.322687000 0.00000000000000000000 1.00000000000000000000 2 0 8 106 107 108 131 133 156 157 158 
133 7030 1.419740000 0.291740000 0.00000000000000000000 1.00000000000000000000 2 0 8 107 108 109 132 134 157 158 159 
134 7031 1.432100000 0.260376000 0.00000000000000000000 1.00000000000000000000 2 0 8 108 109 110 133 135 158 159 160 
135 7032 1.443050000 0.228642000 0.00000000000000000000 1.00000000000000000000 2 0 8 109 110 111 134 136 159 160 161 
136 7033 1.452560000 0.196582000 0.00000000000000000000 1.00000000000000000000 2 0 8 110 111 112 135 137 160 161 162 
137 7034 1.460630000 0.164243000 0.00000000000000000000 1.00000000000000000000 2 0 8 111 112 113 136 138 161 162 163 
138 7035 1.467250000 0.131671000 0.00000000000000000000 1.00000000000000000000 2 0 8 112 113 346 137 348 162 163 350 
139 7036 0.974387000 0.815748000 0.00000000000000000000 1.00000000000000000000 2 0 8 347 114 115 349 140 351 164 165 
140 7037 1.010170000 0.798190000 0.00000000000000000000 1.00000000000000000000 2 0 8 114 115 116 139 141 164 165 166 
141 7038 1.045130000 0.779438000 0.00000000000000000000 1.00000000000000000000 2 0 8 115 116 117 140 142 165 166 167 
142 7039 1.079220000 0.759522000 0.00000000000000000000 1.00000000000000000000 2 0 8 116 117 118 141 143 166 167 168 
143 7040 1.112390000 0.738477000 0.00000000000000000000 1.00000000000000000000 2 0 8 117 118 119 142 144 167 168 169 
144 7041 1.144590000 0.716335000 0.00000000000000000000 1.00000000000000000000 2 0 8 118 119 120 143 145 168 169 170 
145 7042 1.175780000 0.693132000 0.00000000000000000000 1.00000000000000000000 2 0 8 119 120 121 144 146 169 170 171 
146 7043 1.205900000 0.668906000 0.00000000000000000000 1.00000000000000000000 2 0 8 120 121 122 145 147 170 171 172 
147 7044 1.234910000 0.643694000 0.00000000000000000000 1.00000000000000000000 2 0 8 121 122 123 146 148 171 172 173 
148 7045 1.262780000 0.617535000 0.00000000000000000000 1.00000000000000000000 2 0 8 122 123 124 147 149 172 173 174 
149 7046 1.289470000 0.590472000 0.00000000000000000000 1.00000000000000000000 2 0 8 123 124 125 148 150 173 174 175 
150 7047 1.314920000 0.562544000 0.00000000000000000000 1.00000000000000000000 2 0 8 124 125 126 149 151 174 175 176 
151 7048 1.339120000 0.533796000 0.00000000000000000000 1.00000000000000000000 2 0 8 125 126 127 150 152 175 176 177 
152 7049 1.362030000 0.504270000 0.00000000000000000000 1.00000000000000000000 2 0 8 126 127 128 151 153 176 177 178 
153 7050 1.383600000 0.474011000 0.00000000000000000000 1.00000000000000000000 2 0 8 127 128 129 152 154 177 178 179 
154 7051 1.403820000 0.443065000 0.00000000000000000000 1.00000000000000000000 2 0 8 128 129 130 153 155 178 179 180 
155 7052 1.422660000 0.411478000 0.00000000000000000000 1.00000000000000000000 2 0 8 129 130 131 154 156 179 180 181 
156 7053 1.440090000 0.379297000 0.00000000000000000000 1.00000000000000000000 2 0 8 130 131 132 155 157 180 181 182 
157 7054 1.456080000 0.346569000 0.00000000000000000000 1.00000000000000000000 2 0 8 131 132 133 156 158 181 182 183 
158 7055 1.470610000 0.313342000 0.00000000000000000000 1.00000000000000000000 2 0 8 132 133 134 157 159 182 183 184 
159 7056 1.483670000 0.279664000 0.00000000000000000000 1.00000000000000000000 2 0 8 133 134 135 158 160 183 184 185 
160 7057 1.495230000 0.245586000 0.00000000000000000000 1.00000000000000000000 2 0 8 134 135 136 159 161 184 185 186 
161 7058 1.505290000 0.211155000 0.00000000000000000000 1.00000000000000000000 2 0 8 135 136 137 160 162 185 186 187 
162 7059 1.513810000 0.176422000 0.00000000000000000000 1.00000000000000000000 2 0 8 136 137 138 161 163 186 187 188 
163 7060 1.520810000 0.141437000 0.00000000000000000000 1.00000000000000000000 2 0 8 137 138 348 162 350 187 188 352 
164 7061 1.000800000 0.874261000 0.00000000000000000000 1.00000000000000000000 2 0 8 349 139 140 351 165 353 354 189 
165 7062 1.038590000 0.855494000 0.00000000000000000000 1.00000000000000000000 2 0 8 139 140 141 164 166 354 189 190 
166 7063 1.075520000 0.835445000 0.00000000000000000000 1.00000000000000000000 2 0 8 140 141 142 165 167 189 190 191 
167 7064 1.111530000 0.814146000 0.00000000000000000000 1.00000000000000000000 2 0 8 141 142 143 166 168 190 191 192 
168 7065 1.146570000 0.791632000 0.00000000000000000000 1.00000000000000000000 2 0 8 142 143 144 167 169 191 192 193 
169 7066 1.180590000 0.767939000 0.00000000000000000000 1.00000000000000000000 2 0 8 143 144 145 168 170 192 193 194 
170 7067 1.213540000 0.743106000 0.00000000000000000000 1.00000000000000000000 2 0 8 144 145 146 169 171 193 194 195 
171 7068 1.245360000 0.717172000 0.00000000000000000000 1.00000000000000000000 2 0 8 145 146 147 170 172 194 195 196 
172 7069 1.276020000 0.690177000 0.00000000000000000000 1.00000000000000000000 2 0 8 146 147 148 171 173 195 196 197 
173 7070 1.305470000 0.662163000 0.00000000000000000000 1.00000000000000000000 2 0 8 147 148 149 172 174 196 197 198 
174 7071 1.333670000 0.633175000 0.00000000000000000000 1.00000000000000000000 2 0 8 148 149 150 173 175 197 198 199 
175 7072 1.360580000 0.603257000 0.00000000000000000000 1.00000000000000000000 2 0 8 149 150 151 174 176 198 199 200 
176 7073 1.386150000 0.572455000 0.00000000000000000000 1.00000000000000000000 2 0 8 150 151 152 175 177 199 200 201 
177 7074 1.410360000 0.540814000 0.00000000000000000000 1.00000000000000000000 2 0 8 151 152 153 176 178 200 201 202 
178 7075 1.433170000 0.508384000 0.00000000000000000000 1.00000000000000000000 2 0 8 152 153 154 177 179 201 202 203 
179 7076 1.454540000 0.475213000 0.00000000000000000000 1.00000000000000000000 2 0 8 153 154 155 178 180 202 203 204 
180 7077 1.474460000 0.441351000 0.00000000000000000000 1.00000000000000000000 2 0 8 154 155 156 179 181 203 204 205 
181 7078 1.492880000 0.406848000 0.00000000000000000000 1.00000000000000000000 2 0 8 155 156 157 180 182 204 205 206 
182 7079 1.509780000 0.371754000 0.00000000000000000000 1.00000000000000000000 2 0 8 156 157 158 181 183 205 206 207 
183 7080 1.525150000 0.336123000 0.00000000000000000000 1.00000000000000000000 2 0 8 157 158 159 182 184 206 207 208 
184 7081 1.538960000 0.300005000 0.00000000000000000000 1.00000000000000000000 2 0 8 158 159 160 183 185 207 208 209 
185 7082 1.551180000 0.263454000 0.00000000000000000000 1.00000000000000000000 2 0 8 159 160 161 184 186 208 209 210 
186 7083 1.561810000 0.226523000 0.00000000000000000000 1.00000000000000000000 2 0 8 160 161 162 185 187 209 210 211 
187 7084 1.570830000 0.189266000 0.00000000000000000000 1.00000000000000000000 2 0 8 161 162 163 186 188 210 211 212 
188 7085 1.578230000 0.151736000 0.00000000000000000000 1.00000000000000000000 2 0 8 162 163 350 187 352 211 212 355 
189 7086 1.069020000 0.915998000 0.00000000000000000000 1.00000000000000000000 2 0 8 164 165 166 354 190 356 357 213 
190 7087 1.108060000 0.894578000 0.00000000000000000000 1.00000000000000000000 2 0 8 165 166 167 189 191 357 213 214 
191 7088 1.146130000 0.871817000 0.00000000000000000000 1.00000000000000000000 2 0 8 166 167 168 190 192 213 214 215 
192 7089 1.183180000 0.847752000 0.00000000000000000000 1.00000000000000000000 2 0 8 167 168 169 191 193 214 215 216 
193 7090 1.219140000 0.822422000 0.00000000000000000000 1.00000000000000000000 2 0 8 168 169 170 192 194 215 216 217 
194 7091 1.253980000 0.795866000 0.00000000000000000000 1.00000000000000000000 2 0 8 169 170 171 193 195 216 217 218 
195 7092 1.287630000 0.768128000 0.00000000000000000000 1.00000000000000000000 2 0 8 170 171 172 194 196 217 218 219 
196 7093 1.320050000 0.739250000 0.00000000000000000000 1.00000000000000000000 2 0 8 171 172 173 195 197 218 219 220 
197 7094 1.351190000 0.709277000 0.00000000000000000000 1.00000000000000000000 2 0 8 172 173 174 196 198 219 220 221 
198 7095 1.381020000 0.678257000 0.00000000000000000000 1.00000000000000000000 2 0 8 173 174 175 197 199 220 221 222 
199 7096 1.409470000 0.646236000 0.00000000000000000000 1.00000000000000000000 2 0 8 174 175 176 198 200 221 222 223 
200 7097 1.436520000 0.613264000 0.00000000000000000000 1.00000000000000000000 2 0 8 175 176 177 199 201 222 223 224 
201 7098 1.462130000 0.579392000 0.00000000000000000000 1.00000000000000000000 2 0 8 176 177 178 200 202 223 224 225 
202 7099 1.486250000 0.544669000 0.00000000000000000000 1.00000000000000000000 2 0 8 177 178 179 201 203 224 225 226 
203 7100 1.508860000 0.509149000 0.00000000000000000000 1.00000000000000000000 2 0 8 178 179 180 202 204 225 226 227 
204 7101 1.529930000 0.472884000 0.00000000000000000000 1.00000000000000000000 2 0 8 179 180 181 203 205 226 227 228 
205 7102 1.549420000 0.435929000 0.00000000000000000000 1.00000000000000000000 2 0 8 180 181 182 204 206 227 228 229 
206 7103 1.567300000 0.398339000 0.00000000000000000000 1.00000000000000000000 2 0 8 181 182 183 205 207 228 229 230 
207 7104 1.583560000 0.360169000 0.00000000000000000000 1.00000000000000000000 2 0 8 182 183 184 206 208 229 230 231 
208 7105 1.598170000 0.321475000 0.00000000000000000000 1.00000000000000000000 2 0 8 183 184 185 207 209 230 231 232 
209 7106 1.611100000 0.282314000 0.00000000000000000000 1.00000000000000000000 2 0 8 184 185 186 208 210 231 232 233 
210 7107 1.622350000 0.242744000 0.00000000000000000000 1.00000000000000000000 2 0 8 185 186 187 209 211 232 233 234 
211 7108 1.631900000 0.202822000 0.00000000000000000000 1.00000000000000000000 2 0 8 186 187 188 210 212 233 234 358 
212 7109 1.639720000 0.162606000 0.00000000000000000000 1.00000000000000000000 2 0 8 187 188 352 211 355 234 358 359 
213 7110 1.142880000 0.957059000 0.00000000000000000000 1.00000000000000000000 2 0 8 189 190 191 357 214 360 361 235 
214 7111 1.183150000 0.932753000 0.00000000000000000000 1.00000000000000000000 2 0 8 190 191 192 213 215 361 235 236 
215 7112 1.222340000 0.907048000 0.00000000000000000000 1.00000000000000000000 2 0 8 191 192 193 214 216 235 236 237 
216 7113 1.260390000 0.879986000 0.00000000000000000000 1.00000000000000000000 2 0 8 192 193 194 215 217 236 237 238 
217 7114 1.297240000 0.851610000 0.00000000000000000000 1.00000000000000000000 2 0 8 193 194 195 216 218 237 238 239 
218 7115 1.332850000 0.821964000 0.00000000000000000000 1.00000000000000000000 2 0 8 194 195 196 217 219 238 239 240 
219 7116 1.367160000 0.791096000 0.00000000000000000000 1.00000000000000000000 2 0 8 195 196 197 218 220 239 240 241 
220 7117 1.400110000 0.759053000 0.00000000000000000000 1.00000000000000000000 2 0 8 196 197 198 219 221 240 241 242 
221 7118 1.431670000 0.725885000 0.00000000000000000000 1.00000000000000000000 2 0 8 197 198 199 220 222 241 242 243 
222 7119 1.461780000 0.691642000 0.00000000000000000000 1.00000000000000000000 2 0 8 198 199 200 221 223 242 243 244 
223 7120 1.490410000 0.656378000 0.00000000000000000000 1.00000000000000000000 2 0 8 199 200 201 222 224 243 244 245 
224 7121 1.517510000 0.620146000 0.00000000000000000000 1.00000000000000000000 2 0 8 200 201 202 223 225 244 245 246 
225 7122 1.543050000 0.583001000 0.00000000000000000000 1.00000000000000000000 2 0 8 201 202 203 224 226 245 246 247 
226 7123 1.566980000 0.544998000 0.00000000000000000000 1.00000000000000000000 2 0 8 202 203 204 225 227 246 247 248 
227 7124 1.589280000 0.506195000 0.00000000000000000000 1.00000000000000000000 2 0 8 203 204 205 226 228 247 248 249 
228 7125 1.609910000 0.466650000 0.00000000000000000000 1.00000000000000000000 2 0 8 204 205 206 227 229 248 249 250 
229 7126 1.628850000 0.426422000 0.00000000000000000000 1.00000000000000000000 2 0 8 205 206 207 228 230 249 250 251 
230 7127 1.646060000 0.385570000 0.00000000000000000000 1.00000000000000000000 2 0 8 206 207 208 229 231 250 251 252 
231 7128 1.661520000 0.344155000 0.00000000000000000000 1.00000000000000000000 2 0 8 207 208 209 230 232 251 252 253 
232 7129 1.675220000 0.302237000 0.00000000000000000000 1.00000000000000000000 2 0 8 208 209 210 231 233 252 253 254 
233 7130 1.687130000 0.259879000 0.00000000000000000000 1.00000000000000000000 2 0 8 209 210 211 232 234 253 254 362 
234 7131 1.697230000 0.217142000 0.00000000000000000000 1.00000000000000000000 2 0 8 210 211 212 233 358 254 362 363 
235 7132 1.222720000 0.997179000 0.00000000000000000000 1.00000000000000000000 2 0 8 213 214 215 361 236 364 365 255 
236 7133 1.264200000 0.969739000 0.00000000000000000000 1.00000000000000000000 2 0 8 214 215 216 235 237 365 255 256 
237 7134 1.304480000 0.940846000 0.00000000000000000000 1.00000000000000000000 2 0 8 215 216 217 236 238 255 256 257 
238 7135 1.343490000 0.910544000 0.00000000000000000000 1.00000000000000000000 2 0 8 216 217 218 237 239 256 257 258 
239 7136 1.381190000 0.878882000 0.00000000000000000000 1.00000000000000000000 2 0 8 217 218 219 238 240 257 258 259 
240 7137 1.417510000 0.845909000 0.00000000000000000000 1.00000000000000000000 2 0 8 218 219 220 239 241 258 259 260 
241 7138 1.452410000 0.811676000 0.00000000000000000000 1.00000000000000000000 2 0 8 219 220 221 240 242 259 260 261 
242 7139 1.485820000 0.776237000 0.00000000000000000000 1.00000000000000000000 2 0 8 220 221 222 241 243 260 261 262 
243 7140 1.517710000 0.739645000 0.00000000000000000000 1.00000000000000000000 2 0 8 221 222 223 242 244 261 262 263 
244 7141 1.548030000 0.701957000 0.00000000000000000000 1.00000000000000000000 2 0 8 222 223 224 243 245 262 263 264 
245 7142 1.576730000 0.663230000 0.00000000000000000000 1.00000000000000000000 2 0 8 223 224 225 244 246 263 264 265 
246 7143 1.603770000 0.623523000 0.00000000000000000000 1.00000000000000000000 2 0 8 224 225 226 245 247 264 265 266 
247 7144 1.629120000 0.582896000 0.00000000000000000000 1.00000000000000000000 2 0 8 225 226 227 246 248 265 266 267 
248 7145 1.652730000 0.541409000 0.00000000000000000000 1.00000000000000000000 2 0 8 226 227 228 247 249 266 267 268 
249 7146 1.674590000 0.499126000 0.00000000000000000000 1.00000000000000000000 2 0 8 227 228 229 248 250 267 268 269 
250 7147 1.694640000 0.456109000 0.00000000000000000000 1.00000000000000000000 2 0 8 228 229 230 249 251 268 269 270 
251 7148 1.712870000 0.412421000 0.00000000000000000000 1.00000000000000000000 2 0 8 229 230 231 250 252 269 270 271 
252 7149 1.729250000 0.368129000 0.00000000000000000000 1.00000000000000000000 2 0 8 230 231 232 251 253 270 271 272 
253 7150 1.743760000 0.323297000 0.00000000000000000000 1.00000000000000000000 2 0 8 231 232 233 252 254 271 272 273 
254 7151 1.756380000 0.277991000 0.00000000000000000000 1.00000000000000000000 2 0 8 232 233 234 253 362 272 273 366 
255 7152 1.308920000 1.036060000 0.00000000000000000000 1.00000000000000000000 2 0 8 235 236 237 365 256 367 368 369 
256 7153 1.351580000 1.005230000 0.00000000000000000000 1.00000000000000000000 2 0 8 236 237 238 255 257 368 369 370 
257 7154 1.392910000 0.972891000 0.00000000000000000000 1.00000000000000000000 2 0 8 237 238 239 256 258 369 370 274 
258 7155 1.432830000 0.939094000 0.00000000000000000000 1.00000000000000000000 2 0 8 238 239 240 257 259 370 274 275 
259 7156 1.471310000 0.903894000 0.00000000000000000000 1.00000000000000000000 2 0 8 239 240 241 258 260 274 275 276 
260 7157 1.508270000 0.867344000 0.00000000000000000000 1.00000000000000000000 2 0 8 240 241 242 259 261 275 276 277 
261 7158 1.543670000 0.829501000 0.00000000000000000000 1.00000000000000000000 2 0 8 241 242 243 260 262 276 277 278 
262 7159 1.577460000 0.790423000 0.00000000000000000000 1.00000000000000000000 2 0 8 242 243 244 261 263 277 278 279 
263 7160 1.609580000 0.750171000 0.00000000000000000000 1.00000000000000000000 2 0 8 243 244 245 262 264 278 279 280 
264 7161 1.639980000 0.708804000 0.00000000000000000000 1.00000000000000000000 2 0 8 244 245 246 263 265 279 280 281 
265 7162 1.668640000 0.666387000 0.00000000000000000000 1.00000000000000000000 2 0 8 245 246 247 264 266 280 281 282 
266 7163 1.695500000 0.622983000 0.00000000000000000000 1.00000000000000000000 2 0 8 246 247 248 265 267 281 282 283 
267 7164 1.720520000 0.578658000 0.00000000000000000000 1.00000000000000000000 2 0 8 247 248 249 266 268 282 283 284 
268 7165 1.743680000 0.533477000 0.00000000000000000000 1.00000000000000000000 2 0 8 248 249 250 267 269 283 284 371 
269 7166 1.764930000 0.487510000 0.00000000000000000000 1.00000000000000000000 2 0 8 249 250 251 268 270 284 371 372 
270 7167 1.784250000 0.440823000 0.00000000000000000000 1.00000000000000000000 2 0 8 250 251 252 269 271 371 372 373 
271 7168 1.801620000 0.393487000 0.00000000000000000000 1.00000000000000000000 2 0 8 251 252 253 270 272 372 373 374 
272 7169 1.816990000 0.345572000 0.00000000000000000000 1.00000000000000000000 2 0 8 252 253 254 271 273 373 374 375 
273 7170 1.830360000 0.297149000 0.00000000000000000000 1.00000000000000000000 2 0 8 253 254 362 272 366 374 375 376 
274 7171 1.487970000 1.002830000 0.00000000000000000000 1.00000000000000000000 2 0 8 257 258 259 370 275 377 378 285 
275 7172 1.528740000 0.965267000 0.00000000000000000000 1.00000000000000000000 2 0 8 258 259 260 274 276 378 285 286 
276 7173 1.567920000 0.926264000 0.00000000000000000000 1.00000000000000000000 2 0 8 259 260 261 275 277 285 286 287 
277 7174 1.605440000 0.885877000 0.00000000000000000000 1.00000000000000000000 2 0 8 260 261 262 276 278 286 287 288 
278 7175 1.641250000 0.844168000 0.00000000000000000000 1.00000000000000000000 2 0 8 261 262 263 277 279 287 288 289 
279 7176 1.675290000 0.801200000 0.00000000000000000000 1.00000000000000000000 2 0 8 262 263 264 278 280 288 289 290 
280 7177 1.707520000 0.757040000 0.00000000000000000000 1.00000000000000000000 2 0 8 263 264 265 279 281 289 290 291 
281 7178 1.737900000 0.711754000 0.00000000000000000000 1.00000000000000000000 2 0 8 264 265 266 280 282 290 291 292 
282 7179 1.766370000 0.665411000 0.00000000000000000000 1.00000000000000000000 2 0 8 265 266 267 281 283 291 292 293 
283 7180 1.792900000 0.618080000 0.00000000000000000000 1.00000000000000000000 2 0 8 266 267 268 282 284 292 293 379 
284 7181 1.817450000 0.569834000 0.00000000000000000000 1.00000000000000000000 2 0 8 267 268 269 283 371 293 379 380 
285 7182 1.590030000 1.030260000 0.00000000000000000000 1.00000000000000000000 2 0 8 274 275 276 378 286 381 382 294 
286 7183 1.631570000 0.988656000 0.00000000000000000000 1.00000000000000000000 2 0 8 275 276 277 285 287 382 294 295 
287 7184 1.671350000 0.945575000 0.00000000000000000000 1.00000000000000000000 2 0 8 276 277 278 286 288 294 295 296 
288 7185 1.709310000 0.901078000 0.00000000000000000000 1.00000000000000000000 2 0 8 277 278 279 287 289 295 296 297 
289 7186 1.745410000 0.855236000 0.00000000000000000000 1.00000000000000000000 2 0 8 278 279 280 288 290 296 297 298 
290 7187 1.779590000 0.808116000 0.00000000000000000000 1.00000000000000000000 2 0 8 279 280 281 289 291 297 298 299 
291 7188 1.811810000 0.759792000 0.00000000000000000000 1.00000000000000000000 2 0 8 280 281 282 290 292 298 299 300 
292 7189 1.842000000 0.710337000 0.00000000000000000000 1.00000000000000000000 2 0 8 281 282 283 291 293 299 300 383 
293 7190 1.870140000 0.659824000 0.00000000000000000000 1.00000000000000000000 2 0 8 282 283 284 292 379 300 383 384 
294 7191 1.699450000 1.054750000 0.00000000000000000000 1.00000000000000000000 2 0 8 285 286 287 382 295 385 386 301 
295 7192 1.741640000 1.008820000 0.00000000000000000000 1.00000000000000000000 2 0 8 286 287 288 294 296 386 301 302 
296 7193 1.781920000 0.961368000 0.00000000000000000000 1.00000000000000000000 2 0 8 287 288 289 295 297 301 302 303 
297 7194 1.820210000 0.912479000 0.00000000000000000000 1.00000000000000000000 2 0 8 288 289 290 296 298 302 303 304 
298 7195 1.856470000 0.862225000 0.00000000000000000000 1.00000000000000000000 2 0 8 289 290 291 297 299 303 304 305 
299 7196 1.890630000 0.810682000 0.00000000000000000000 1.00000000000000000000 2 0 8 290 291 292 298 300 304 305 387 
300 7197 1.922670000 0.757929000 0.00000000000000000000 1.00000000000000000000 2 0 8 291 292 293 299 383 305 387 388 
301 7198 1.816590000 1.075840000 0.00000000000000000000 1.00000000000000000000 2 0 8 294 295 296 386 302 389 390 391 
302 7199 1.859320000 1.025260000 0.00000000000000000000 1.00000000000000000000 2 0 8 295 296 297 301 303 390 391 392 
303 7200 1.899950000 0.973144000 0.00000000000000000000 1.00000000000000000000 2 0 8 296 297 298 302 304 391 392 393 
304 7201 1.938420000 0.919568000 0.00000000000000000000 1.00000000000000000000 2 0 8 297 298 299 303 305 392 393 394 
305 7202 1.974680000 0.864613000 0.00000000000000000000 1.00000000000000000000 2 0 8 298 299 300 304 387 393 394 395 
306 6224 0.936213 0.340831 2 0
307 6854 0.955559 0.328592 2 0
308 6855 0.974186 0.315899 2 0
309 6238 0.934217 0.38591 2 0
310 6239 0.95513 0.373106 2 0
311 6871 0.994761 0.345942 2 0
312 6872 1.01342 0.331627 2 0
313 6873 1.03128 0.316854 2 0
314 6874 1.04831 0.301645 2 0
315 6251 0.931312 0.433964 2 0
316 6252 0.953903 0.420674 2 0
317 6886 1.07323 0.329124 2 0
318 6887 1.09016 0.312126 2 0
319 6888 1.10617 0.294699 2 0
320 6889 1.12125 0.276869 2 0
321 6890 1.13537 0.258663 2 0
322 6891 1.14852 0.240107 2 0
323 6892 1.16068 0.221229 2 0
324 6893 1.17184 0.202055 2 0
325 6894 1.18197 0.182612 2 0
326 6895 1.19107 0.162928 2 0
327 6896 1.19913 0.143029 2 0
328 6897 1.20613 0.122943 2 0
329 4740 1.21207 0.102696 2 0
330 6262 0.92725 0.485082 2 0
331 6263 0.951637 0.47139 2 0
332 4760 1.24589 0.11178 2 0
333 4761 1.251 0.0896004 2 0
334 6271 0.92177 0.539351 2 0
335 6272 0.948077 0.525351 2 0
336 4779 1.28793 0.0972218 2 0
337 4780 1.29211 0.0730284 2 0
338 6278 0.914592 0.596859 2 0
339 6279 0.942946 0.582654 2 0
340 4796 1.33226 0.0790294 2 0
341 6283 0.905419 0.657693 2 0
342 6284 0.935953 0.643394 2 0
343 4216 1.37559 0.0853275 2 0
344 6286 0.893933 0.721938 2 0
345 6287 0.926786 0.707666 2 0
346 4235 1.42225 0.0919467 2 0
347 6288 0.915111 0.775561 2 0
348 4254 1.47241 0.098912 2 0
349 6402 0.937836 0.832083 2 0
350 4273 1.52626 0.10625 2 0
351 6420 0.962194 0.891714 2 0
352 4292 1.58399 0.113988 2 0
353 6437 0.988274 0.954678 2 0
354 6438 1.02908 0.936043 2 0
355 4312 1.64582 0.122155 2 0
356 6456 1.05933 1.00132 2 0
357 6457 1.10158 0.979928 2 0
358 4333 1.70552 0.174088 2 0
359 4334 1.71197 0.130782 2 0
360 6476 1.13639 1.04752 2 0
361 6477 1.18009 1.02312 2 0
362 4356 1.76708 0.232278 2 0
363 4357 1.77586 0.186226 2 0
364 6497 1.21985 1.09301 2 0
365 6498 1.26499 1.06534 2 0
366 4381 1.84171 0.248289 2 0
367 5094 1.31011 1.13748 2 0
368 5095 1.35666 1.10626 2 0
369 5096 1.40187 1.07338 2 0
370 5097 1.44566 1.03888 2 0
371 5394 1.83998 0.520743 2 0
372 5395 1.86047 0.470882 2 0
373 5396 1.87887 0.420325 2 0
374 5397 1.89518 0.369147 2 0
375 5398 1.90935 0.317424 2 0
376 4406 1.92138 0.265233 2 0
377 5102 1.50195 1.10876 2 0
378 5103 1.5468 1.07031 2 0
379 5399 1.89617 0.60833 2 0
380 5400 1.92007 0.555933 2 0
381 5110 1.60956 1.14181 2 0
382 5111 1.6554 1.09911 2 0
383 5406 1.95251 0.704045 2 0
384 5407 1.98013 0.649111 2 0
385 5120 1.72509 1.17207 2 0
386 5121 1.77183 1.1248 2 0
387 5415 2.00867 0.808365 2 0
388 5416 2.04034 0.750908 2 0
389 5134 1.84896 1.19907 2 0
390 5135 1.89647 1.1469 2 0
391 5136 1.94182 1.093 2 0
392 5137 1.98494 1.03746 2 0
393 5138 2.02577 0.980359 2 0
394 5426 2.06425 0.921788 2 0
395 5427 2.10033 0.861834 2 0
