375 304 71
1 2116 -1.263750000 -1.730070000 0.00000000000000000000 1.00000000000000000000 2 0 8 305 306 307 312 2 5 6 7 
2 2117 -1.332020000 -1.661120000 0.00000000000000000000 1.00000000000000000000 2 0 8 306 307 308 1 3 6 7 8 
3 2118 -1.397460000 -1.589570000 0.00000000000000000000 1.00000000000000000000 2 0 8 307 308 309 2 4 7 8 9 
4 2119 -1.459990000 -1.515530000 0.00000000000000000000 1.00000000000000000000 2 0 8 308 309 310 3 313 8 9 10 
5 2120 -1.296610000 -1.910800000 0.00000000000000000000 1.00000000000000000000 2 0 8 311 312 1 316 6 11 12 13 
6 2121 -1.371910000 -1.840310000 0.00000000000000000000 1.00000000000000000000 2 0 8 312 1 2 5 7 12 13 14 
7 2122 -1.444340000 -1.766950000 0.00000000000000000000 1.00000000000000000000 2 0 8 1 2 3 6 8 13 14 15 
8 2123 -1.513780000 -1.690820000 0.00000000000000000000 1.00000000000000000000 2 0 8 2 3 4 7 9 14 15 16 
9 2124 -1.580110000 -1.612050000 0.00000000000000000000 1.00000000000000000000 2 0 8 3 4 313 8 10 15 16 17 
10 2125 -1.643240000 -1.530750000 0.00000000000000000000 1.00000000000000000000 2 0 8 4 313 314 9 317 16 17 18 
11 2126 -1.324260000 -2.104180000 0.00000000000000000000 1.00000000000000000000 2 0 8 315 316 5 320 12 19 20 21 
12 2127 -1.407090000 -2.032360000 0.00000000000000000000 1.00000000000000000000 2 0 8 316 5 6 11 13 20 21 22 
13 2128 -1.487000000 -1.957360000 0.00000000000000000000 1.00000000000000000000 2 0 8 5 6 7 12 14 21 22 23 
14 2129 -1.563850000 -1.879310000 0.00000000000000000000 1.00000000000000000000 2 0 8 6 7 8 13 15 22 23 24 
15 2130 -1.637530000 -1.798320000 0.00000000000000000000 1.00000000000000000000 2 0 8 7 8 9 14 16 23 24 25 
16 2131 -1.707920000 -1.714520000 0.00000000000000000000 1.00000000000000000000 2 0 8 8 9 10 15 17 24 25 26 
17 2132 -1.774900000 -1.628040000 0.00000000000000000000 1.00000000000000000000 2 0 8 9 10 317 16 18 25 26 27 
18 2133 -1.838380000 -1.539020000 0.00000000000000000000 1.00000000000000000000 2 0 8 10 317 318 17 321 26 27 28 
19 2134 -1.345840000 -2.310780000 0.00000000000000000000 1.00000000000000000000 2 0 8 319 320 11 324 20 29 30 31 
20 2135 -1.436720000 -2.237850000 0.00000000000000000000 1.00000000000000000000 2 0 8 320 11 12 19 21 30 31 32 
21 2136 -1.524630000 -2.161440000 0.00000000000000000000 1.00000000000000000000 2 0 8 11 12 13 20 22 31 32 33 
22 2137 -1.609440000 -2.081660000 0.00000000000000000000 1.00000000000000000000 2 0 8 12 13 14 21 23 32 33 34 
23 2138 -1.691000000 -1.998630000 0.00000000000000000000 1.00000000000000000000 2 0 8 13 14 15 22 24 33 34 35 
24 2139 -1.769190000 -1.912470000 0.00000000000000000000 1.00000000000000000000 2 0 8 14 15 16 23 25 34 35 36 
25 2140 -1.843890000 -1.823340000 0.00000000000000000000 1.00000000000000000000 2 0 8 15 16 17 24 26 35 36 37 
26 2141 -1.914970000 -1.731350000 0.00000000000000000000 1.00000000000000000000 2 0 8 16 17 18 25 27 36 37 38 
27 2142 -1.982330000 -1.636660000 0.00000000000000000000 1.00000000000000000000 2 0 8 17 18 321 26 28 37 38 39 
28 2143 -2.045860000 -1.539410000 0.00000000000000000000 1.00000000000000000000 2 0 8 18 321 322 27 325 38 39 40 
29 2144 -1.360410000 -2.531150000 0.00000000000000000000 1.00000000000000000000 2 0 8 323 324 19 327 30 330 331 41 
30 2145 -1.459880000 -2.457390000 0.00000000000000000000 1.00000000000000000000 2 0 8 324 19 20 29 31 331 41 42 
31 2146 -1.556350000 -2.379810000 0.00000000000000000000 1.00000000000000000000 2 0 8 19 20 21 30 32 41 42 43 
32 2147 -1.649670000 -2.298520000 0.00000000000000000000 1.00000000000000000000 2 0 8 20 21 22 31 33 42 43 44 
33 2148 -1.739680000 -2.213660000 0.00000000000000000000 1.00000000000000000000 2 0 8 21 22 23 32 34 43 44 45 
34 2149 -1.826260000 -2.125340000 0.00000000000000000000 1.00000000000000000000 2 0 8 22 23 24 33 35 44 45 46 
35 2150 -1.909250000 -2.033700000 0.00000000000000000000 1.00000000000000000000 2 0 8 23 24 25 34 36 45 46 47 
36 2151 -1.988530000 -1.938900000 0.00000000000000000000 1.00000000000000000000 2 0 8 24 25 26 35 37 46 47 48 
37 2152 -2.063970000 -1.841060000 0.00000000000000000000 1.00000000000000000000 2 0 8 25 26 27 36 38 47 48 49 
38 2153 -2.135460000 -1.740360000 0.00000000000000000000 1.00000000000000000000 2 0 8 26 27 28 37 39 48 49 50 
39 2154 -2.202880000 -1.636930000 0.00000000000000000000 1.00000000000000000000 2 0 8 27 28 325 38 40 49 50 51 
40 2155 -2.266130000 -1.530950000 0.00000000000000000000 1.00000000000000000000 2 0 8 28 325 326 39 328 50 51 52 
41 2156 -1.581190000 -2.613110000 0.00000000000000000000 1.00000000000000000000 2 0 8 29 30 31 331 42 333 53 54 
42 2157 -1.683600000 -2.530580000 0.00000000000000000000 1.00000000000000000000 2 0 8 30 31 32 41 43 53 54 55 
43 2158 -1.782670000 -2.444120000 0.00000000000000000000 1.00000000000000000000 2 0 8 31 32 33 42 44 54 55 56 
44 2159 -1.878220000 -2.353850000 0.00000000000000000000 1.00000000000000000000 2 0 8 32 33 34 43 45 55 56 57 
45 2160 -1.970120000 -2.259920000 0.00000000000000000000 1.00000000000000000000 2 0 8 33 34 35 44 46 56 57 58 
46 2161 -2.058220000 -2.162460000 0.00000000000000000000 1.00000000000000000000 2 0 8 34 35 36 45 47 57 58 59 
47 2162 -2.142370000 -2.061630000 0.00000000000000000000 1.00000000000000000000 2 0 8 35 36 37 46 48 58 59 60 
48 2163 -2.222460000 -1.957590000 0.00000000000000000000 1.00000000000000000000 2 0 8 36 37 38 47 49 59 60 61 
49 2164 -2.298340000 -1.850490000 0.00000000000000000000 1.00000000000000000000 2 0 8 37 38 39 48 50 60 61 62 
50 2165 -2.369910000 -1.740510000 0.00000000000000000000 1.00000000000000000000 2 0 8 38 39 40 49 51 61 62 63 
51 2166 -2.437040000 -1.627810000 0.00000000000000000000 1.00000000000000000000 2 0 8 39 40 328 50 52 62 63 64 
52 2167 -2.499630000 -1.512570000 0.00000000000000000000 1.00000000000000000000 2 0 8 40 328 329 51 332 63 64 334 
53 2168 -1.710210000 -2.778510000 0.00000000000000000000 1.00000000000000000000 2 0 8 331 41 42 333 54 335 65 66 
54 2169 -1.818940000 -2.690740000 0.00000000000000000000 1.00000000000000000000 2 0 8 41 42 43 53 55 65 66 67 
55 2170 -1.924120000 -2.598770000 0.00000000000000000000 1.00000000000000000000 2 0 8 42 43 44 54 56 66 67 68 
56 2171 -2.025560000 -2.502770000 0.00000000000000000000 1.00000000000000000000 2 0 8 43 44 45 55 57 67 68 69 
57 2172 -2.123130000 -2.402860000 0.00000000000000000000 1.00000000000000000000 2 0 8 44 45 46 56 58 68 69 70 
58 2173 -2.216650000 -2.299220000 0.00000000000000000000 1.00000000000000000000 2 0 8 45 46 47 57 59 69 70 71 
59 2174 -2.306000000 -2.192000000 0.00000000000000000000 1.00000000000000000000 2 0 8 46 47 48 58 60 70 71 72 
60 2175 -2.391010000 -2.081360000 0.00000000000000000000 1.00000000000000000000 2 0 8 47 48 49 59 61 71 72 73 
61 2176 -2.471570000 -1.967470000 0.00000000000000000000 1.00000000000000000000 2 0 8 48 49 50 60 62 72 73 74 
62 2177 -2.547540000 -1.850520000 0.00000000000000000000 1.00000000000000000000 2 0 8 49 50 51 61 63 73 74 75 
63 2178 -2.618810000 -1.730690000 0.00000000000000000000 1.00000000000000000000 2 0 8 50 51 52 62 64 74 75 76 
64 2179 -2.685250000 -1.608150000 0.00000000000000000000 1.00000000000000000000 2 0 8 51 52 332 63 334 75 76 336 
65 2180 -1.847420000 -2.954220000 0.00000000000000000000 1.00000000000000000000 2 0 8 333 53 54 335 66 338 339 77 
66 2181 -1.962870000 -2.860860000 0.00000000000000000000 1.00000000000000000000 2 0 8 53 54 55 65 67 339 77 78 
67 2182 -2.074550000 -2.763060000 0.00000000000000000000 1.00000000000000000000 2 0 8 54 55 56 66 68 77 78 79 
68 2183 -2.182260000 -2.660960000 0.00000000000000000000 1.00000000000000000000 2 0 8 55 56 57 67 69 78 79 80 
69 2184 -2.285850000 -2.554720000 0.00000000000000000000 1.00000000000000000000 2 0 8 56 57 58 68 70 79 80 81 
70 2185 -2.385150000 -2.444500000 0.00000000000000000000 1.00000000000000000000 2 0 8 57 58 59 69 71 80 81 82 
71 2186 -2.480000000 -2.330480000 0.00000000000000000000 1.00000000000000000000 2 0 8 58 59 60 70 72 81 82 83 
72 2187 -2.570270000 -2.212840000 0.00000000000000000000 1.00000000000000000000 2 0 8 59 60 61 71 73 82 83 84 
73 2188 -2.655790000 -2.091740000 0.00000000000000000000 1.00000000000000000000 2 0 8 60 61 62 72 74 83 84 85 
74 2189 -2.736450000 -1.967390000 0.00000000000000000000 1.00000000000000000000 2 0 8 61 62 63 73 75 84 85 86 
75 2190 -2.812110000 -1.839980000 0.00000000000000000000 1.00000000000000000000 2 0 8 62 63 64 74 76 85 86 87 
76 2191 -2.882650000 -1.709690000 0.00000000000000000000 1.00000000000000000000 2 0 8 63 64 334 75 336 86 87 88 
77 2192 -2.115930000 -3.041600000 0.00000000000000000000 1.00000000000000000000 2 0 8 65 66 67 339 78 342 89 90 
78 2193 -2.234510000 -2.937590000 0.00000000000000000000 1.00000000000000000000 2 0 8 66 67 68 77 79 89 90 91 
79 2194 -2.348890000 -2.829010000 0.00000000000000000000 1.00000000000000000000 2 0 8 67 68 69 78 80 90 91 92 
80 2195 -2.458890000 -2.716040000 0.00000000000000000000 1.00000000000000000000 2 0 8 68 69 70 79 81 91 92 93 
81 2196 -2.564330000 -2.598840000 0.00000000000000000000 1.00000000000000000000 2 0 8 69 70 71 80 82 92 93 94 
82 2197 -2.665050000 -2.477600000 0.00000000000000000000 1.00000000000000000000 2 0 8 70 71 72 81 83 93 94 95 
83 2198 -2.760890000 -2.352510000 0.00000000000000000000 1.00000000000000000000 2 0 8 71 72 73 82 84 94 95 96 
84 2199 -2.851700000 -2.223760000 0.00000000000000000000 1.00000000000000000000 2 0 8 72 73 74 83 85 95 96 97 
85 2200 -2.937330000 -2.091550000 0.00000000000000000000 1.00000000000000000000 2 0 8 73 74 75 84 86 96 97 98 
86 2201 -3.017660000 -1.956080000 0.00000000000000000000 1.00000000000000000000 2 0 8 74 75 76 85 87 97 98 99 
87 2202 -3.092560000 -1.817560000 0.00000000000000000000 1.00000000000000000000 2 0 8 75 76 336 86 88 98 99 100 
88 2203 -3.161910000 -1.676220000 0.00000000000000000000 1.00000000000000000000 2 0 8 76 336 337 87 340 99 100 101 
89 2204 -2.278690000 -3.233620000 0.00000000000000000000 1.00000000000000000000 2 0 8 339 77 78 342 90 345 102 103 
90 2205 -2.404620000 -3.123010000 0.00000000000000000000 1.00000000000000000000 2 0 8 77 78 79 89 91 102 103 104 
91 2206 -2.526080000 -3.007550000 0.00000000000000000000 1.00000000000000000000 2 0 8 78 79 80 90 92 103 104 105 
92 2207 -2.642890000 -2.887430000 0.00000000000000000000 1.00000000000000000000 2 0 8 79 80 81 91 93 104 105 106 
93 2208 -2.754850000 -2.762810000 0.00000000000000000000 1.00000000000000000000 2 0 8 80 81 82 92 94 105 106 107 
94 2209 -2.861810000 -2.633910000 0.00000000000000000000 1.00000000000000000000 2 0 8 81 82 83 93 95 106 107 108 
95 2210 -2.963580000 -2.500900000 0.00000000000000000000 1.00000000000000000000 2 0 8 82 83 84 94 96 107 108 109 
96 2211 -3.060000000 -2.364010000 0.00000000000000000000 1.00000000000000000000 2 0 8 83 84 85 95 97 108 109 110 
97 2212 -3.150940000 -2.223450000 0.00000000000000000000 1.00000000000000000000 2 0 8 84 85 86 96 98 109 110 111 
98 2213 -3.236240000 -2.079420000 0.00000000000000000000 1.00000000000000000000 2 0 8 85 86 87 97 99 110 111 112 
99 2214 -3.315770000 -1.932160000 0.00000000000000000000 1.00000000000000000000 2 0 8 86 87 88 98 100 111 112 113 
100 2215 -3.389400000 -1.781900000 0.00000000000000000000 1.00000000000000000000 2 0 8 87 88 340 99 101 112 113 114 
101 2216 -3.457030000 -1.628860000 0.00000000000000000000 1.00000000000000000000 2 0 8 88 340 341 100 343 113 114 115 
102 2217 -2.451740000 -3.437630000 0.00000000000000000000 1.00000000000000000000 2 0 8 342 89 90 345 103 347 116 117 
103 2218 -2.585480000 -3.320020000 0.00000000000000000000 1.00000000000000000000 2 0 8 89 90 91 102 104 116 117 118 
104 2219 -2.714480000 -3.197250000 0.00000000000000000000 1.00000000000000000000 2 0 8 90 91 92 103 105 117 118 119 
105 2220 -2.838530000 -3.069530000 0.00000000000000000000 1.00000000000000000000 2 0 8 91 92 93 104 106 118 119 120 
106 2221 -2.957440000 -2.937030000 0.00000000000000000000 1.00000000000000000000 2 0 8 92 93 94 105 107 119 120 121 
107 2222 -3.071020000 -2.799970000 0.00000000000000000000 1.00000000000000000000 2 0 8 93 94 95 106 108 120 121 122 
108 2223 -3.179090000 -2.658570000 0.00000000000000000000 1.00000000000000000000 2 0 8 94 95 96 107 109 121 122 123 
109 2224 -3.281490000 -2.513030000 0.00000000000000000000 1.00000000000000000000 2 0 8 95 96 97 108 110 122 123 124 
110 2225 -3.378060000 -2.363590000 0.00000000000000000000 1.00000000000000000000 2 0 8 96 97 98 109 111 123 124 125 
111 2226 -3.468640000 -2.210480000 0.00000000000000000000 1.00000000000000000000 2 0 8 97 98 99 110 112 124 125 126 
112 2227 -3.553090000 -2.053920000 0.00000000000000000000 1.00000000000000000000 2 0 8 98 99 100 111 113 125 126 127 
113 2228 -3.631280000 -1.894180000 0.00000000000000000000 1.00000000000000000000 2 0 8 99 100 101 112 114 126 127 128 
114 2229 -3.703090000 -1.731490000 0.00000000000000000000 1.00000000000000000000 2 0 8 100 101 343 113 115 127 128 129 
115 2230 -3.768410000 -1.566100000 0.00000000000000000000 1.00000000000000000000 2 0 8 101 343 344 114 346 128 129 348 
116 2231 -2.635740000 -3.654410000 0.00000000000000000000 1.00000000000000000000 2 0 8 345 102 103 347 117 349 130 131 
117 2232 -2.777790000 -3.529350000 0.00000000000000000000 1.00000000000000000000 2 0 8 102 103 104 116 118 130 131 132 
118 2233 -2.914790000 -3.398820000 0.00000000000000000000 1.00000000000000000000 2 0 8 103 104 105 117 119 131 132 133 
119 2234 -3.046540000 -3.263010000 0.00000000000000000000 1.00000000000000000000 2 0 8 104 105 106 118 120 132 133 134 
120 2235 -3.172830000 -3.122140000 0.00000000000000000000 1.00000000000000000000 2 0 8 105 106 107 119 121 133 134 135 
121 2236 -3.293450000 -2.976430000 0.00000000000000000000 1.00000000000000000000 2 0 8 106 107 108 120 122 134 135 136 
122 2237 -3.408230000 -2.826090000 0.00000000000000000000 1.00000000000000000000 2 0 8 107 108 109 121 123 135 136 137 
123 2238 -3.516980000 -2.671370000 0.00000000000000000000 1.00000000000000000000 2 0 8 108 109 110 122 124 136 137 138 
124 2239 -3.619530000 -2.512500000 0.00000000000000000000 1.00000000000000000000 2 0 8 109 110 111 123 125 137 138 139 
125 2240 -3.715730000 -2.349720000 0.00000000000000000000 1.00000000000000000000 2 0 8 110 111 112 124 126 138 139 140 
126 2241 -3.805410000 -2.183300000 0.00000000000000000000 1.00000000000000000000 2 0 8 111 112 113 125 127 139 140 141 
127 2242 -3.888450000 -2.013480000 0.00000000000000000000 1.00000000000000000000 2 0 8 112 113 114 126 128 140 141 142 
128 2243 -3.964710000 -1.840530000 0.00000000000000000000 1.00000000000000000000 2 0 8 113 114 115 127 129 141 142 143 
129 2244 -4.034070000 -1.664730000 0.00000000000000000000 1.00000000000000000000 2 0 8 114 115 346 128 348 142 143 350 
130 2245 -2.831370000 -3.884760000 0.00000000000000000000 1.00000000000000000000 2 0 8 347 116 117 349 131 351 144 145 
131 2246 -2.982240000 -3.751790000 0.00000000000000000000 1.00000000000000000000 2 0 8 116 117 118 130 132 144 145 146 
132 2247 -3.127760000 -3.613000000 0.00000000000000000000 1.00000000000000000000 2 0 8 117 118 119 131 133 145 146 147 
133 2248 -3.267690000 -3.468610000 0.00000000000000000000 1.00000000000000000000 2 0 8 118 119 120 132 134 146 147 148 
134 2249 -3.401820000 -3.318840000 0.00000000000000000000 1.00000000000000000000 2 0 8 119 120 121 133 135 147 148 149 
135 2250 -3.529940000 -3.163920000 0.00000000000000000000 1.00000000000000000000 2 0 8 120 121 122 134 136 148 149 150 
136 2251 -3.651840000 -3.004100000 0.00000000000000000000 1.00000000000000000000 2 0 8 121 122 123 135 137 149 150 151 
137 2252 -3.767340000 -2.839610000 0.00000000000000000000 1.00000000000000000000 2 0 8 122 123 124 136 138 150 151 152 
138 2253 -3.876260000 -2.670720000 0.00000000000000000000 1.00000000000000000000 2 0 8 123 124 125 137 139 151 152 153 
139 2254 -3.978420000 -2.497680000 0.00000000000000000000 1.00000000000000000000 2 0 8 124 125 126 138 140 152 153 154 
140 2255 -4.073670000 -2.320770000 0.00000000000000000000 1.00000000000000000000 2 0 8 125 126 127 139 141 153 154 155 
141 2256 -4.161860000 -2.140250000 0.00000000000000000000 1.00000000000000000000 2 0 8 126 127 128 140 142 154 155 156 
142 2257 -4.242850000 -1.956400000 0.00000000000000000000 1.00000000000000000000 2 0 8 127 128 129 141 143 155 156 157 
143 2258 -4.316510000 -1.769520000 0.00000000000000000000 1.00000000000000000000 2 0 8 128 129 348 142 350 156 157 352 
144 2259 -3.039340000 -4.129540000 0.00000000000000000000 1.00000000000000000000 2 0 8 349 130 131 351 145 353 158 159 
145 2260 -3.199600000 -3.988160000 0.00000000000000000000 1.00000000000000000000 2 0 8 130 131 132 144 146 158 159 160 
146 2261 -3.354170000 -3.840600000 0.00000000000000000000 1.00000000000000000000 2 0 8 131 132 133 145 147 159 160 161 
147 2262 -3.502800000 -3.687090000 0.00000000000000000000 1.00000000000000000000 2 0 8 132 133 134 146 148 160 161 162 
148 2263 -3.645270000 -3.527860000 0.00000000000000000000 1.00000000000000000000 2 0 8 133 134 135 147 149 161 162 163 
149 2264 -3.781350000 -3.363160000 0.00000000000000000000 1.00000000000000000000 2 0 8 134 135 136 148 150 162 163 164 
150 2265 -3.910830000 -3.193260000 0.00000000000000000000 1.00000000000000000000 2 0 8 135 136 137 149 151 163 164 165 
151 2266 -4.033500000 -3.018390000 0.00000000000000000000 1.00000000000000000000 2 0 8 136 137 138 150 152 164 165 166 
152 2267 -4.149180000 -2.838850000 0.00000000000000000000 1.00000000000000000000 2 0 8 137 138 139 151 153 165 166 167 
153 2268 -4.257690000 -2.654910000 0.00000000000000000000 1.00000000000000000000 2 0 8 138 139 140 152 154 166 167 168 
154 2269 -4.358860000 -2.466840000 0.00000000000000000000 1.00000000000000000000 2 0 8 139 140 141 153 155 167 168 169 
155 2270 -4.452520000 -2.274950000 0.00000000000000000000 1.00000000000000000000 2 0 8 140 141 142 154 156 168 169 170 
156 2271 -4.538540000 -2.079530000 0.00000000000000000000 1.00000000000000000000 2 0 8 141 142 143 155 157 169 170 171 
157 2272 -4.616770000 -1.880880000 0.00000000000000000000 1.00000000000000000000 2 0 8 142 143 350 156 352 170 171 354 
158 2273 -3.260440000 -4.389670000 0.00000000000000000000 1.00000000000000000000 2 0 8 351 144 145 353 159 355 172 173 
159 2274 -3.430680000 -4.239350000 0.00000000000000000000 1.00000000000000000000 2 0 8 144 145 146 158 160 172 173 174 
160 2275 -3.594870000 -4.082460000 0.00000000000000000000 1.00000000000000000000 2 0 8 145 146 147 159 161 173 174 175 
161 2276 -3.752750000 -3.919260000 0.00000000000000000000 1.00000000000000000000 2 0 8 146 147 148 160 162 174 175 176 
162 2277 -3.904080000 -3.749980000 0.00000000000000000000 1.00000000000000000000 2 0 8 147 148 149 161 163 175 176 177 
163 2278 -4.048620000 -3.574890000 0.00000000000000000000 1.00000000000000000000 2 0 8 148 149 150 162 164 176 177 178 
164 2279 -4.186150000 -3.394260000 0.00000000000000000000 1.00000000000000000000 2 0 8 149 150 151 163 165 177 178 179 
165 2280 -4.316450000 -3.208380000 0.00000000000000000000 1.00000000000000000000 2 0 8 150 151 152 164 166 178 179 180 
166 2281 -4.439320000 -3.017520000 0.00000000000000000000 1.00000000000000000000 2 0 8 151 152 153 165 167 179 180 181 
167 2282 -4.554580000 -2.821980000 0.00000000000000000000 1.00000000000000000000 2 0 8 152 153 154 166 168 180 181 182 
168 2283 -4.662030000 -2.622070000 0.00000000000000000000 1.00000000000000000000 2 0 8 153 154 155 167 169 181 182 183 
169 2284 -4.761510000 -2.418100000 0.00000000000000000000 1.00000000000000000000 2 0 8 154 155 156 168 170 182 183 184 
170 2285 -4.852870000 -2.210370000 0.00000000000000000000 1.00000000000000000000 2 0 8 155 156 157 169 171 183 184 185 
171 2286 -4.935960000 -1.999220000 0.00000000000000000000 1.00000000000000000000 2 0 8 156 157 352 170 354 184 185 356 
172 2287 -3.495490000 -4.666110000 0.00000000000000000000 1.00000000000000000000 2 0 8 353 158 159 355 173 357 186 187 
173 2288 -3.676330000 -4.506290000 0.00000000000000000000 1.00000000000000000000 2 0 8 158 159 160 172 174 186 187 188 
174 2289 -3.850740000 -4.339500000 0.00000000000000000000 1.00000000000000000000 2 0 8 159 160 161 173 175 187 188 189 
175 2290 -4.018450000 -4.165990000 0.00000000000000000000 1.00000000000000000000 2 0 8 160 161 162 174 176 188 189 190 
176 2291 -4.179200000 -3.986030000 0.00000000000000000000 1.00000000000000000000 2 0 8 161 162 163 175 177 189 190 191 
177 2292 -4.332740000 -3.799900000 0.00000000000000000000 1.00000000000000000000 2 0 8 162 163 164 176 178 190 191 192 
178 2293 -4.478830000 -3.607880000 0.00000000000000000000 1.00000000000000000000 2 0 8 163 164 165 177 179 191 192 193 
179 2294 -4.617240000 -3.410280000 0.00000000000000000000 1.00000000000000000000 2 0 8 164 165 166 178 180 192 193 194 
180 2295 -4.747750000 -3.207390000 0.00000000000000000000 1.00000000000000000000 2 0 8 165 166 167 179 181 193 194 195 
181 2296 -4.870170000 -2.999540000 0.00000000000000000000 1.00000000000000000000 2 0 8 166 167 168 180 182 194 195 196 
182 2297 -4.984300000 -2.787040000 0.00000000000000000000 1.00000000000000000000 2 0 8 167 168 169 181 183 195 196 197 
183 2298 -5.089970000 -2.570220000 0.00000000000000000000 1.00000000000000000000 2 0 8 168 169 170 182 184 196 197 198 
184 2299 -5.187010000 -2.349410000 0.00000000000000000000 1.00000000000000000000 2 0 8 169 170 171 183 185 197 198 199 
185 2300 -5.275270000 -2.124970000 0.00000000000000000000 1.00000000000000000000 2 0 8 170 171 354 184 356 198 199 358 
186 2301 -3.745340000 -4.959900000 0.00000000000000000000 1.00000000000000000000 2 0 8 355 172 173 357 187 359 200 201 
187 2302 -3.937460000 -4.789990000 0.00000000000000000000 1.00000000000000000000 2 0 8 172 173 174 186 188 200 201 202 
188 2303 -4.122740000 -4.612660000 0.00000000000000000000 1.00000000000000000000 2 0 8 173 174 175 187 189 201 202 203 
189 2304 -4.300900000 -4.428200000 0.00000000000000000000 1.00000000000000000000 2 0 8 174 175 176 188 190 202 203 204 
190 2305 -4.471660000 -4.236890000 0.00000000000000000000 1.00000000000000000000 2 0 8 175 176 177 189 191 203 204 205 
191 2306 -4.634760000 -4.039020000 0.00000000000000000000 1.00000000000000000000 2 0 8 176 177 178 190 192 204 205 206 
192 2307 -4.789940000 -3.834900000 0.00000000000000000000 1.00000000000000000000 2 0 8 177 178 179 191 193 205 206 207 
193 2308 -4.936970000 -3.624840000 0.00000000000000000000 1.00000000000000000000 2 0 8 178 179 180 192 194 206 207 208 
194 2309 -5.075610000 -3.409170000 0.00000000000000000000 1.00000000000000000000 2 0 8 179 180 181 193 195 207 208 209 
195 2310 -5.205650000 -3.188230000 0.00000000000000000000 1.00000000000000000000 2 0 8 180 181 182 194 196 208 209 210 
196 2311 -5.326880000 -2.962350000 0.00000000000000000000 1.00000000000000000000 2 0 8 181 182 183 195 197 209 210 211 
197 2312 -5.439120000 -2.731880000 0.00000000000000000000 1.00000000000000000000 2 0 8 182 183 184 196 198 210 211 212 
198 2313 -5.542200000 -2.497180000 0.00000000000000000000 1.00000000000000000000 2 0 8 183 184 185 197 199 211 212 213 
199 2314 -5.635950000 -2.258610000 0.00000000000000000000 1.00000000000000000000 2 0 8 184 185 356 198 358 212 213 360 
200 2315 -4.010940000 -5.272150000 0.00000000000000000000 1.00000000000000000000 2 0 8 357 186 187 359 201 361 214 215 
201 2316 -4.215030000 -5.091500000 0.00000000000000000000 1.00000000000000000000 2 0 8 186 187 188 200 202 214 215 216 
202 2317 -4.411870000 -4.902980000 0.00000000000000000000 1.00000000000000000000 2 0 8 187 188 189 201 203 215 216 217 
203 2318 -4.601130000 -4.706880000 0.00000000000000000000 1.00000000000000000000 2 0 8 188 189 190 202 204 216 217 218 
204 2319 -4.782540000 -4.503500000 0.00000000000000000000 1.00000000000000000000 2 0 8 189 190 191 203 205 217 218 219 
205 2320 -4.955800000 -4.293150000 0.00000000000000000000 1.00000000000000000000 2 0 8 190 191 192 204 206 218 219 220 
206 2321 -5.120650000 -4.076170000 0.00000000000000000000 1.00000000000000000000 2 0 8 191 192 193 205 207 219 220 221 
207 2322 -5.276830000 -3.852880000 0.00000000000000000000 1.00000000000000000000 2 0 8 192 193 194 206 208 220 221 222 
208 2323 -5.424100000 -3.623620000 0.00000000000000000000 1.00000000000000000000 2 0 8 193 194 195 207 209 221 222 223 
209 2324 -5.562240000 -3.388770000 0.00000000000000000000 1.00000000000000000000 2 0 8 194 195 196 208 210 222 223 224 
210 2325 -5.691020000 -3.148660000 0.00000000000000000000 1.00000000000000000000 2 0 8 195 196 197 209 211 223 224 225 
211 2326 -5.810250000 -2.903690000 0.00000000000000000000 1.00000000000000000000 2 0 8 196 197 198 210 212 224 225 226 
212 2327 -5.919740000 -2.654220000 0.00000000000000000000 1.00000000000000000000 2 0 8 197 198 199 211 213 225 226 227 
213 2328 -6.019320000 -2.400640000 0.00000000000000000000 1.00000000000000000000 2 0 8 198 199 358 212 360 226 227 362 
214 2329 -4.293250000 -5.604010000 0.00000000000000000000 1.00000000000000000000 2 0 8 359 200 201 361 215 364 228 229 
215 2330 -4.510080000 -5.411960000 0.00000000000000000000 1.00000000000000000000 2 0 8 200 201 202 214 216 228 229 230 
216 2331 -4.719190000 -5.211540000 0.00000000000000000000 1.00000000000000000000 2 0 8 201 202 203 215 217 229 230 231 
217 2332 -4.920260000 -5.003070000 0.00000000000000000000 1.00000000000000000000 2 0 8 202 203 204 216 218 230 231 232 
218 2333 -5.112980000 -4.786860000 0.00000000000000000000 1.00000000000000000000 2 0 8 203 204 205 217 219 231 232 233 
219 2334 -5.297040000 -4.563250000 0.00000000000000000000 1.00000000000000000000 2 0 8 204 205 206 218 220 232 233 234 
220 2335 -5.472160000 -4.332590000 0.00000000000000000000 1.00000000000000000000 2 0 8 205 206 207 219 221 233 234 235 
221 2336 -5.638080000 -4.095230000 0.00000000000000000000 1.00000000000000000000 2 0 8 206 207 208 220 222 234 235 236 
222 2337 -5.794530000 -3.851540000 0.00000000000000000000 1.00000000000000000000 2 0 8 207 208 209 221 223 235 236 237 
223 2338 -5.941270000 -3.601900000 0.00000000000000000000 1.00000000000000000000 2 0 8 208 209 210 222 224 236 237 238 
224 2339 -6.078070000 -3.346680000 0.00000000000000000000 1.00000000000000000000 2 0 8 209 210 211 223 225 237 238 239 
225 2340 -6.204720000 -3.086290000 0.00000000000000000000 1.00000000000000000000 2 0 8 210 211 212 224 226 238 239 240 
226 2341 -6.321030000 -2.821120000 0.00000000000000000000 1.00000000000000000000 2 0 8 211 212 213 225 227 239 240 241 
227 2342 -6.426820000 -2.551590000 0.00000000000000000000 1.00000000000000000000 2 0 8 212 213 360 226 362 240 241 242 
228 2343 -4.593330000 -5.956740000 0.00000000000000000000 1.00000000000000000000 2 0 8 361 214 215 364 229 367 243 244 
229 2344 -4.823690000 -5.752560000 0.00000000000000000000 1.00000000000000000000 2 0 8 214 215 216 228 230 243 244 245 
230 2345 -5.045850000 -5.539490000 0.00000000000000000000 1.00000000000000000000 2 0 8 215 216 217 229 231 244 245 246 
231 2346 -5.259460000 -5.317870000 0.00000000000000000000 1.00000000000000000000 2 0 8 216 217 218 230 232 245 246 247 
232 2347 -5.464200000 -5.088030000 0.00000000000000000000 1.00000000000000000000 2 0 8 217 218 219 231 233 246 247 248 
233 2348 -5.659740000 -4.850330000 0.00000000000000000000 1.00000000000000000000 2 0 8 218 219 220 232 234 247 248 249 
234 2349 -5.845780000 -4.605130000 0.00000000000000000000 1.00000000000000000000 2 0 8 219 220 221 233 235 248 249 250 
235 2350 -6.022040000 -4.352820000 0.00000000000000000000 1.00000000000000000000 2 0 8 220 221 222 234 236 249 250 251 
236 2351 -6.188240000 -4.093780000 0.00000000000000000000 1.00000000000000000000 2 0 8 221 222 223 235 237 250 251 252 
237 2352 -6.344130000 -3.828420000 0.00000000000000000000 1.00000000000000000000 2 0 8 222 223 224 236 238 251 252 253 
238 2353 -6.489450000 -3.557140000 0.00000000000000000000 1.00000000000000000000 2 0 8 223 224 225 237 239 252 253 254 
239 2354 -6.624000000 -3.280360000 0.00000000000000000000 1.00000000000000000000 2 0 8 224 225 226 238 240 253 254 255 
240 2355 -6.747550000 -2.998510000 0.00000000000000000000 1.00000000000000000000 2 0 8 225 226 227 239 241 254 255 256 
241 2356 -6.859920000 -2.712020000 0.00000000000000000000 1.00000000000000000000 2 0 8 226 227 362 240 242 255 256 257 
242 2357 -6.960940000 -2.421350000 0.00000000000000000000 1.00000000000000000000 2 0 8 227 362 363 241 365 256 257 258 
243 2358 -4.912280000 -6.331660000 0.00000000000000000000 1.00000000000000000000 2 0 8 364 228 229 367 244 369 259 260 
244 2359 -5.157020000 -6.114580000 0.00000000000000000000 1.00000000000000000000 2 0 8 228 229 230 243 245 259 260 261 
245 2360 -5.393050000 -5.888070000 0.00000000000000000000 1.00000000000000000000 2 0 8 229 230 231 244 246 260 261 262 
246 2361 -5.619990000 -5.652470000 0.00000000000000000000 1.00000000000000000000 2 0 8 230 231 232 245 247 261 262 263 
247 2362 -5.837500000 -5.408140000 0.00000000000000000000 1.00000000000000000000 2 0 8 231 232 233 246 248 262 263 264 
248 2363 -6.045240000 -5.155450000 0.00000000000000000000 1.00000000000000000000 2 0 8 232 233 234 247 249 263 264 265 
249 2364 -6.242890000 -4.894810000 0.00000000000000000000 1.00000000000000000000 2 0 8 233 234 235 248 250 264 265 266 
250 2365 -6.430140000 -4.626600000 0.00000000000000000000 1.00000000000000000000 2 0 8 234 235 236 249 251 265 266 267 
251 2366 -6.606700000 -4.351250000 0.00000000000000000000 1.00000000000000000000 2 0 8 235 236 237 250 252 266 267 268 
252 2367 -6.772300000 -4.069180000 0.00000000000000000000 1.00000000000000000000 2 0 8 236 237 238 251 253 267 268 269 
253 2368 -6.926690000 -3.780820000 0.00000000000000000000 1.00000000000000000000 2 0 8 237 238 239 252 254 268 269 270 
254 2369 -7.069620000 -3.486620000 0.00000000000000000000 1.00000000000000000000 2 0 8 238 239 240 253 255 269 270 271 
255 2370 -7.200870000 -3.187040000 0.00000000000000000000 1.00000000000000000000 2 0 8 239 240 241 254 256 270 271 272 
256 2371 -7.320240000 -2.882540000 0.00000000000000000000 1.00000000000000000000 2 0 8 240 241 242 255 257 271 272 273 
257 2372 -7.427550000 -2.573580000 0.00000000000000000000 1.00000000000000000000 2 0 8 241 242 365 256 258 272 273 274 
258 2373 -7.522630000 -2.260640000 0.00000000000000000000 1.00000000000000000000 2 0 8 242 365 366 257 368 273 274 370 
259 2374 -5.251280000 -6.730170000 0.00000000000000000000 1.00000000000000000000 2 0 8 367 243 244 369 260 371 372 275 
260 2375 -5.511300000 -6.499390000 0.00000000000000000000 1.00000000000000000000 2 0 8 243 244 245 259 261 372 275 276 
261 2376 -5.762070000 -6.258580000 0.00000000000000000000 1.00000000000000000000 2 0 8 244 245 246 260 262 275 276 277 
262 2377 -6.003180000 -6.008120000 0.00000000000000000000 1.00000000000000000000 2 0 8 245 246 247 261 263 276 277 278 
263 2378 -6.234260000 -5.748380000 0.00000000000000000000 1.00000000000000000000 2 0 8 246 247 248 262 264 277 278 279 
264 2379 -6.454960000 -5.479770000 0.00000000000000000000 1.00000000000000000000 2 0 8 247 248 249 263 265 278 279 280 
265 2380 -6.664940000 -5.202700000 0.00000000000000000000 1.00000000000000000000 2 0 8 248 249 250 264 266 279 280 281 
266 2381 -6.863870000 -4.917600000 0.00000000000000000000 1.00000000000000000000 2 0 8 249 250 251 265 267 280 281 282 
267 2382 -7.051440000 -4.624910000 0.00000000000000000000 1.00000000000000000000 2 0 8 250 251 252 266 268 281 282 283 
268 2383 -7.227370000 -4.325080000 0.00000000000000000000 1.00000000000000000000 2 0 8 251 252 253 267 269 282 283 284 
269 2384 -7.391380000 -4.018570000 0.00000000000000000000 1.00000000000000000000 2 0 8 252 253 254 268 270 283 284 285 
270 2385 -7.543220000 -3.705860000 0.00000000000000000000 1.00000000000000000000 2 0 8 253 254 255 269 271 284 285 286 
271 2386 -7.682650000 -3.387430000 0.00000000000000000000 1.00000000000000000000 2 0 8 254 255 256 270 272 285 286 287 
272 2387 -7.809470000 -3.063770000 0.00000000000000000000 1.00000000000000000000 2 0 8 255 256 257 271 273 286 287 288 
273 2388 -7.923460000 -2.735380000 0.00000000000000000000 1.00000000000000000000 2 0 8 256 257 258 272 274 287 288 289 
274 2389 -8.024470000 -2.402770000 0.00000000000000000000 1.00000000000000000000 2 0 8 257 258 368 273 370 288 289 373 
275 2390 -5.887840000 -6.908420000 0.00000000000000000000 1.00000000000000000000 2 0 8 259 260 261 372 276 374 290 291 
276 2391 -6.154260000 -6.652420000 0.00000000000000000000 1.00000000000000000000 2 0 8 260 261 262 275 277 290 291 292 
277 2392 -6.410420000 -6.386160000 0.00000000000000000000 1.00000000000000000000 2 0 8 261 262 263 276 278 291 292 293 
278 2393 -6.655930000 -6.110040000 0.00000000000000000000 1.00000000000000000000 2 0 8 262 263 264 277 279 292 293 294 
279 2394 -6.890400000 -5.824500000 0.00000000000000000000 1.00000000000000000000 2 0 8 263 264 265 278 280 293 294 295 
280 2395 -7.113480000 -5.529970000 0.00000000000000000000 1.00000000000000000000 2 0 8 264 265 266 279 281 294 295 296 
281 2396 -7.324820000 -5.226910000 0.00000000000000000000 1.00000000000000000000 2 0 8 265 266 267 280 282 295 296 297 
282 2397 -7.524100000 -4.915790000 0.00000000000000000000 1.00000000000000000000 2 0 8 266 267 268 281 283 296 297 298 
283 2398 -7.711000000 -4.597080000 0.00000000000000000000 1.00000000000000000000 2 0 8 267 268 269 282 284 297 298 299 
284 2399 -7.885230000 -4.271290000 0.00000000000000000000 1.00000000000000000000 2 0 8 268 269 270 283 285 298 299 300 
285 2400 -8.046540000 -3.938900000 0.00000000000000000000 1.00000000000000000000 2 0 8 269 270 271 284 286 299 300 301 
286 2401 -8.194670000 -3.600430000 0.00000000000000000000 1.00000000000000000000 2 0 8 270 271 272 285 287 300 301 302 
287 2402 -8.329390000 -3.256410000 0.00000000000000000000 1.00000000000000000000 2 0 8 271 272 273 286 288 301 302 303 
288 2403 -8.450490000 -2.907360000 0.00000000000000000000 1.00000000000000000000 2 0 8 272 273 274 287 289 302 303 304 
289 2404 -8.557790000 -2.553830000 0.00000000000000000000 1.00000000000000000000 2 0 8 273 274 370 288 373 303 304 375 
290 2405 -6.288010000 -7.343230000 -0.67879778319755001981 -0.73432524777927377091 3 0 8 372 275 276 374 291 259 260 261 
291 2406 -6.571070000 -7.071070000 -0.70710678118654757274 -0.70710678118654757274 3 0 8 275 276 277 290 292 260 261 262 
292 2407 -6.843230000 -6.788010000 -0.73432524777927377091 -0.67879778319755001981 3 0 8 276 277 278 291 293 261 262 263 
293 2408 -7.104060000 -6.494480000 -0.76040971087001563156 -0.64944366315684309843 3 0 8 277 278 279 292 294 262 263 264 
294 2409 -7.353170000 -6.190940000 -0.78531810464800855254 -0.61909246039025511710 3 0 8 278 279 280 293 295 263 264 265 
295 2410 -7.590170000 -5.877850000 -0.80901631335569235137 -0.58778618963392137431 3 0 8 279 280 281 294 296 264 265 266 
296 2411 -7.814700000 -5.555700000 -0.83146790944808679491 -0.55557278151294298141 3 0 8 280 281 282 295 297 265 266 267 
297 2412 -8.026400000 -5.224990000 -0.85264243366699354887 -0.52249486151581092663 3 0 8 281 282 283 296 298 266 267 268 
298 2413 -8.224960000 -4.886210000 -0.87249233372822920796 -0.48862780066781752453 3 0 8 282 283 284 297 299 267 268 269 
299 2414 -8.410070000 -4.539910000 -0.89100606038921459362 -0.45399140999548787123 3 0 8 283 284 285 298 300 268 269 270 
300 2415 -8.581430000 -4.186600000 -0.90814529595099369175 -0.41865513425978917450 3 0 8 284 285 286 299 301 269 270 271 
301 2416 -8.738800000 -3.826830000 -0.92388085835679678581 -0.38268023147519464322 3 0 8 285 286 287 300 302 270 271 272 
302 2417 -8.881910000 -3.461170000 -0.93819060061408054985 -0.34611905021161554208 3 0 8 286 287 288 301 303 271 272 273 
303 2418 -9.010570000 -3.090170000 -0.95105662167863069811 -0.30901667003776622789 3 0 8 287 288 289 302 304 272 273 274 
304 2419 -9.124550000 -2.714400000 -0.96245692766048884792 -0.27143445322643250384 3 0 8 288 289 373 303 375 273 274 370 
305 1744 -1.0952 -1.68846 2 0
306 1745 -1.16211 -1.62622 2 0
307 1746 -1.22647 -1.56143 2 0
308 1747 -1.28817 -1.4942 2 0
309 1748 -1.34711 -1.42462 2 0
310 1832 -1.40322 -1.35281 2 0
311 1765 -1.1192 -1.85974 2 0
312 1766 -1.19278 -1.79631 2 0
313 1845 -1.5195 -1.43912 2 0
314 1846 -1.57589 -1.36045 2 0
315 1782 -1.13786 -2.04272 2 0
316 1783 -1.21855 -1.9783 2 0
317 1858 -1.70306 -1.44706 2 0
318 1859 -1.75948 -1.3611 2 0
319 1798 -1.15033 -2.23788 2 0
320 1799 -1.23863 -2.17272 2 0
321 1871 -1.89824 -1.44758 2 0
322 1872 -1.9544 -1.35388 2 0
323 1813 -1.15573 -2.44572 2 0
324 1814 -1.25212 -2.3801 2 0
325 1884 -2.10545 -1.43975 2 0
326 1885 -2.16102 -1.33784 2 0
327 1217 -1.25808 -2.60096 2 0
328 1897 -2.32511 -1.42257 2 0
329 1898 -2.37971 -1.31198 2 0
330 1229 -1.36695 -2.76584 2 0
331 1230 -1.47558 -2.69157 2 0
332 1910 -2.55759 -1.39496 2 0
333 1244 -1.59808 -2.86197 2 0
334 1923 -2.74678 -1.48311 2 0
335 1258 -1.72836 -3.04299 2 0
336 1937 -2.94797 -1.57674 2 0
337 1938 -3.00796 -1.44134 2 0
338 1272 -1.8669 -3.23529 2 0
339 1273 -1.99333 -3.14088 2 0
340 1952 -3.2256 -1.53226 2 0
341 1953 -3.28353 -1.38592 2 0
342 1289 -2.14849 -3.3392 2 0
343 1966 -3.51854 -1.47328 2 0
344 1967 -3.57384 -1.31541 2 0
345 1305 -2.31346 -3.54991 2 0
346 1979 -3.82713 -1.39828 2 0
347 1321 -2.48887 -3.77381 2 0
348 1991 -4.09643 -1.48633 2 0
349 1337 -2.67537 -4.01171 2 0
350 2003 -4.38273 -1.5799 2 0
351 1353 -2.87364 -4.26453 2 0
352 2015 -4.6871 -1.67931 2 0
353 1369 -3.08442 -4.53319 2 0
354 2027 -5.01066 -1.78496 2 0
355 1385 -3.30849 -4.81871 2 0
356 2038 -5.35461 -1.89723 2 0
357 1401 -3.54669 -5.12215 2 0
358 2048 -5.72022 -2.01655 2 0
359 1417 -3.79989 -5.44464 2 0
360 2058 -6.10884 -2.14335 2 0
361 1433 -4.06904 -5.78741 2 0
362 2068 -6.52191 -2.27812 2 0
363 2069 -6.60616 -2.00112 2 0
364 1449 -4.35512 -6.15172 2 0
365 2078 -7.05044 -2.12693 2 0
366 2079 -7.12829 -1.82922 2 0
367 1465 -4.65919 -6.53895 2 0
368 2087 -7.60533 -1.94422 2 0
369 1481 -4.98238 -6.95056 2 0
370 2094 -8.11232 -2.06644 2 0
371 1497 -5.32588 -7.38808 2 0
372 1498 -5.61157 -7.15377 2 0
373 2101 -8.65112 -2.19636 2 0
374 1515 -5.99448 -7.60406 3 0
375 2108 -9.2237 -2.33445 3 0
