                     1  0.000000000000000E+000
                     2  0.000000000000000E+000
                     3 -2.762199944455898E-003
                     4 -5.642934329521680E-003
                     5 -8.753575447884491E-003
                     6 -1.207558031910885E-002
                     7 -1.557108435302975E-002
                     8 -1.921208451587708E-002
                     9 -2.296133852302539E-002
                    10 -2.679191536759955E-002
                    11 -3.070210622297235E-002
                    12 -3.466954201005347E-002
                    13 -3.867443787570273E-002
                    14 -4.270267376122505E-002
                    15 -4.674631197595875E-002
                    16 -5.079872748088284E-002
                    17 -5.485290147396941E-002
                    18 -5.890100841626696E-002
                    19 -6.294193011956618E-002
                    20 -6.697443739457150E-002
                    21 -7.100028541098291E-002
                    22 -7.502392394694925E-002
                    23 -7.904950093939926E-002
                    24 -8.313570079921642E-002
                    25 -8.733334739384079E-002
                    26 -9.152903154308860E-002
                    27 -9.575998519343053E-002
                    28 -9.997877922473823E-002
                    29 -0.104155491858804     
                    30 -0.108287697630240     
                    31 -0.112375146979053     
                    32 -0.116417569667614     
                    33 -0.120415983100382     
                    34 -0.124371222588215     
                    35 -0.128283750698647     
                    36 -0.132153909182620     
                    37 -0.135981375515055     
                    38 -0.139766164965781     
                    39 -0.143510485250352     
                    40 -0.147214982139116     
                    41 -0.150879884092244     
                    42 -0.154503294379926     
                    43 -0.158084968895608     
                    44 -0.161613404370064     
                    45 -0.165090887897873     
                    46 -0.168527551388139     
                    47 -0.171937796534445     
                    48 -0.175301861307314     
                    49 -0.178620802606563     
                    50 -0.181894853068809     
                    51 -0.185124223858953     
                    52 -0.188308909090219     
                    53 -0.191448921886863     
                    54 -0.194544353280621     
                    55 -0.197594942785383     
                    56 -0.200600620720672     
                    57 -0.203561234557786     
                    58 -0.206476665696592     
                    59 -0.209346796899915     
                    60 -0.212171597523288     
                    61 -0.214950374547182     
                    62 -0.217682365890166     
                    63 -0.220369120595072     
                    64 -0.223009634502142     
                    65 -0.225603734504850     
                    66 -0.228151222991138     
                    67 -0.230651692288361     
                    68 -0.233105330847938     
                    69 -0.235512083177889     
                    70 -0.237871805731184     
                    71 -0.240184546597835     
                    72 -0.242450318119162     
                    73 -0.244669109758431     
                    74 -0.246840857757924     
                    75 -0.248965406919948     
                    76 -0.251042797503670     
                    77 -0.253072278902163     
                    78 -0.255054346250107     
                    79 -0.256990805856623     
                    80 -0.258881107223181     
                    81 -0.260725139787549     
                    82 -0.262522567111261     
                    83 -0.264274072795367     
                    84 -0.265979621121482     
                    85 -0.267639456782412     
                    86 -0.269253813868323     
                    87 -0.270822744657835     
                    88 -0.272346763009781     
                    89 -0.273826624082297     
                    90 -0.275262545108852     
                    91 -0.276653614358533     
                    92 -0.277999989232599     
                    93 -0.279303839561542     
                    94 -0.280569811430323     
                    95 -0.281801394005724     
                    96 -0.282986199462136     
                    97 -0.284133476061878     
                    98 -0.285253324493222     
                    99 -0.286339567960085     
                   100 -0.287392752063007     
                   101 -0.288409593693131     
                   102 -0.289388404982266     
                   103 -0.290332082109245     
                   104 -0.291239436284894     
                   105 -0.292109103798438     
                   106 -0.292942574236091     
                   107 -0.293735728445505     
                   108 -0.294490816721829     
                   109 -0.295208023015906     
                   110 -0.295889276138884     
                   111 -0.296535066416471     
                   112 -0.297143412351184     
                   113 -0.297716030568017     
                   114 -0.298254951995882     
                   115 -0.298757538319520     
                   116 -0.299222434935354     
                   117 -0.299649256183493     
                   118 -0.300040110587382     
                   119 -0.300405926770218     
                   120 -0.300755985876123     
                   121 -0.301090814933938     
                   122 -0.301408949220520     
                   123 -0.301703732761874     
                   124 -0.301957400092521     
                   125 -0.302165250309607     
                   126 -0.302342164402971     
                   127 -0.302506242145841     
                   128 -0.302657687736221     
                   129 -0.302782975837127     
                   130 -0.302881353379631     
                   131 -0.302952791435023     
                   132 -0.302999432262290     
                   133 -0.303023075614122     
                   134 -0.303024251070238     
                   135 -0.303003515003964     
                   136 -0.302961252183032     
                   137 -0.302897953746706     
                   138 -0.302814505736810     
                   139 -0.302711273457418     
                   140 -0.302589019390691     
                   141 -0.302448248416351     
                   142 -0.302289573966915     
                   143 -0.302114185281552     
                   144 -0.301921881944035     
                   145 -0.301713464100881     
                   146 -0.301489067399665     
                   147 -0.301249030004630     
                   148 -0.300994486759248     
                   149 -0.300726318083699     
                   150 -0.300445057822626     
                   151 -0.300151328655517     
                   152 -0.299845693583455     
                   153 -0.299528537694903     
                   154 -0.299200455289451     
                   155 -0.298862328087049     
                   156 -0.298514584878028     
                   157 -0.298158163974790     
                   158 -0.297793581262172     
                   159 -0.297421383407775     
                   160 -0.297042211749847     
                   161 -0.296656159184231     
                   162 -0.296262973558833     
                   163 -0.295863072583835     
                   164 -0.295457182294929     
                   165 -0.295046258398162     
                   166 -0.294630552677374     
                   167 -0.294209680539768     
                   168 -0.293784195237288     
                   169 -0.293353967946761     
                   170 -0.292921056169259     
                   171 -0.292485050095234     
                   172 -0.292047582357694     
                   173 -0.291601355938383     
                   174 -0.291152140420405     
                   175 -0.290710149594778     
                   176 -0.290276718059484     
                   177 -0.289844225868070     
                   178 -0.289408774435509     
                   179 -0.288970309813290     
                   180 -0.288529944556859     
                   181 -0.288088745528532     
                   182 -0.287640592475879     
                   183 -0.287170997330518     
                   184 -0.286703623083685     
                   185 -0.286265911756439     
                   186 -0.285864133697810     
                   187 -0.285464700516020     
                   188 -0.285048050261901     
                   189 -0.284611561709567     
                   190 -0.284164232422628     
                   191 -0.283718840068644     
                   192 -0.283275771842900     
                   193 -0.282834534856423     
                   194 -0.282394686082559     
                   195 -0.281956142316704     
                   196 -0.281519128612199     
                   197 -0.281084040115081     
                   198 -0.280651134565816     
                   199 -0.280220370811900     
                   200 -0.279791939209252     
                   201 -0.279365894877714     
                   202 -0.278942460590118     
                   203 -0.278521901386460     
                   204 -0.278104422182310     
                   205 -0.277689857198649     
                   206 -0.277278200254628     
                   207 -0.276869483777737     
                   208 -0.276463771022191     
                   209 -0.276061280468378     
                   210 -0.275662209828050     
                   211 -0.275266522387948     
                   212 -0.274874213356743     
                   213 -0.274485032983750     
                   214 -0.274098767196739     
                   215 -0.273715691555837     
                   216 -0.273336099827221     
                   217 -0.272960039118612     
                   218 -0.272587656145447     
                   219 -0.272219207203314     
                   220 -0.271854487943123     
                   221 -0.271493426315931     
                   222 -0.271136176955520     
                   223 -0.270782660791753     
                   224 -0.270432858442830     
                   225 -0.270086841473903     
                   226 -0.269744709773463     
                   227 -0.269406060012544     
                   228 -0.269071553934687     
                   229 -0.268741034410447     
                   230 -0.268414605269124     
                   231 -0.268093507872804     
                   232 -0.267777125007503     
                   233 -0.267464504796237     
                   234 -0.267157738749582     
                   235 -0.266856185231868     
                   236 -0.266558868209596     
                   237 -0.266263139323908     
                   238 -0.265978557108494     
                   239 -0.265708849379472     
                   240 -0.265447968827870     
                   241 -0.265192182717942     
                   242 -0.264939493533794     
                   243 -0.264692917781106     
                   244 -0.264449836341667     
                   245 -0.264211314347587     
                   246 -0.263971191714028     
                   247 -0.263715029060131     
                   248 -0.263459635473607     
                   249 -0.263228111996162     
                   250 -0.263023125456418     
                   251 -0.262832815103434     
                   252 -0.262641177173278     
                   253 -0.262433897079769     
                   254 -0.262208431921829     
                   255 -0.261971176284089     
                   256 -0.261732361740731     
                   257 -0.261493352902894     
                   258 -0.261253650669217     
                   259 -0.261013419370586     
                   260 -0.260772770292811     
                   261 -0.260531979988710     
                   262 -0.260291201648367     
                   263 -0.260050213035233     
                   264 -0.259808853632358     
                   265 -0.259567254685772     
                   266 -0.259325539032693     
                   267 -0.259083617358876     
                   268 -0.258841302033773     
                   269 -0.258598972241159     
                   270 -0.258356698225453     
                   271 -0.258114533594379     
                   272 -0.257872471469686     
                   273 -0.257630334492643     
                   274 -0.257388331955333     
                   275 -0.257146783197553     
                   276 -0.256905475271327     
                   277 -0.256664318912067     
                   278 -0.256423631684925     
                   279 -0.256183342750420     
                   280 -0.255943108629768     
                   281 -0.255703731236470     
                   282 -0.255464952415230     
                   283 -0.255226563409140     
                   284 -0.254988224127743     
                   285 -0.254750632625395     
                   286 -0.254514542445047     
                   287 -0.254279019252012     
                   288 -0.254044986759161     
                   289 -0.253813714443617     
                   290 -0.253583804659593     
                   291 -0.253354137946879     
                   292 -0.253127071435969     
                   293 -0.252902257127799     
                   294 -0.252678687239042     
                   295 -0.252457142877342     
                   296 -0.252236140323144     
                   297 -0.252014262048168     
                   298 -0.251796100928855     
                   299 -0.251588825435755     
                   300 -0.251388227204099     
                   301 -0.251186698704491     
                   302 -0.250983596883796     
                   303 -0.250782118693587     
                   304 -0.250582159180600     
                   305 -0.250380072913997     
                   306 -0.250177813755063     
                   307 -0.249976898415976     
                   308 -0.249772459372733     
                   309 -0.249561329514907     
                   310 -0.249339383857289     
                   311 -0.249124023955999     
                   312 -0.248944620184066     
                   313 -0.248784769652508     
                   314 -0.248623625734437     
                   315 -0.248449289691281     
                   316 -0.248255886778581     
                   317 -0.248051635578840     
                   318 -0.247845845494184     
                   319 -0.247640043136775     
                   320 -0.247434474285983     
                   321 -0.247231974830128     
                   322 -0.247039207802001     
                   323 -0.246851903041274     
                   324 -0.246667848344553     
                   325 -0.246485981257908     
                   326 -0.246305676728842     
                   327 -0.246126836729319     
                   328 -0.245949018808317     
                   329 -0.245772402247358     
                   330 -0.245596517629923     
                   331 -0.245421281880806     
                   332 -0.245246577906272     
                   333 -0.245072209201062     
                   334 -0.244898151223793     
                   335 -0.244723533758782     
                   336 -0.244548588195624     
                   337 -0.244373109533097     
                   338 -0.244197248012203     
                   339 -0.244020002154159     
                   340 -0.243840874886947     
                   341 -0.243659604939426     
                   342 -0.243476925727379     
                   343 -0.243293369351533     
                   344 -0.243108092139979     
                   345 -0.242921134381826     
                   346 -0.242732569684341     
                   347 -0.242541722502090     
                   348 -0.242348645509981     
                   349 -0.242152597381946     
                   350 -0.241954959661496     
                   351 -0.241758318336792     
                   352 -0.241558244217669     
                   353 -0.241354822291941     
                   354 -0.241151059566152     
                   355 -0.240945680958131     
                   356 -0.240741415425528     
                   357 -0.240537336824728     
                   358 -0.240335358581538     
                   359 -0.240143288584269     
                   360 -0.239959116926193     
                   361 -0.239779538148721     
                   362 -0.239602379012864     
                   363 -0.239434983916118     
                   364 -0.239283407241152     
                   365 -0.239142914109471     
                   366 -0.239010520460126     
                   367 -0.238885583443492     
                   368 -0.238758642935662     
                   369 -0.238633105569561     
                   370 -0.238505276500349     
                   371 -0.238381529037824     
                   372 -0.238270561829514     
                   373 -0.238182026514699     
                   374 -0.238104629817453     
                   375 -0.238020936400238     
                   376 -0.237923064270016     
                   377 -0.237812934220537     
                   378 -0.237698966233283     
                   379 -0.237585558334808     
                   380 -0.237472872017859     
                   381 -0.237360311933341     
                   382 -0.237247227631769     
                   383 -0.237133147133074     
                   384 -0.237018213361229     
                   385 -0.236902037606658     
                   386 -0.236785095239597     
                   387 -0.236668325153016     
                   388 -0.236546268514429     
                   389 -0.236418791353786     
                   390 -0.236286868868296     
                   391 -0.236147316357696     
                   392 -0.236000551197359     
                   393 -0.235847204883754     
                   394 -0.235687431806639     
                   395 -0.235521426454523     
                   396 -0.235350339046728     
                   397 -0.235174934421144     
                   398 -0.234996319619422     
                   399 -0.234814695651962     
                   400 -0.234630008414384     
                   401 -0.234443247320625     
                   402 -0.234254716576470     
                   403 -0.234064083305075     
                   404 -0.233872360122241     
                   405 -0.233679562866173     
                   406 -0.233486382084055     
                   407 -0.233293900335298     
                   408 -0.233104640662941     
                   409 -0.232920443435000     
                   410 -0.232746695422915     
                   411 -0.232580776432343     
                   412 -0.232420479070636     
                   413 -0.232265989765612     
                   414 -0.232118301021610     
                   415 -0.231989194800021     
                   416 -0.231880820549581     
                   417 -0.231788431352665     
                   418 -0.231712350658126     
                   419 -0.231649322230888     
                   420 -0.231589389335433     
                   421 -0.231531158444368     
                   422 -0.231472612362783     
                   423 -0.231413056623925     
                   424 -0.231352047069670     
                   425 -0.231295762783489     
                   426 -0.231238607230740     
                   427 -0.231176753456686     
                   428 -0.231121955483217     
                   429 -0.231079555037747     
                   430 -0.231037858025961     
                   431 -0.230991792662988     
                   432 -0.230961262221477     
                   433 -0.230944129504695     
                   434 -0.230922163837658     
                   435 -0.230887514259131     
                   436 -0.230835489397304     
                   437 -0.230778462479374     
                   438 -0.230714499140686     
                   439 -0.230642799486783     
                   440 -0.230565095323666     
                   441 -0.230477194615008     
                   442 -0.230380820682925     
                   443 -0.230276844883521     
                   444 -0.230165172201915     
                   445 -0.230046501661932     
                   446 -0.229921567972761     
                   447 -0.229791099355612     
                   448 -0.229655150226176     
                   449 -0.229512439414669     
                   450 -0.229365848628446     
                   451 -0.229215598709874     
                   452 -0.229063740567619     
                   453 -0.228912053371427     
                   454 -0.228761268689507     
                   455 -0.228610910078859     
                   456 -0.228460303163599     
                   457 -0.228309937949468     
                   458 -0.228159535499669     
                   459 -0.228008869228203     
                   460 -0.227858499548610     
                   461 -0.227708891418272     
                   462 -0.227562626665347     
                   463 -0.227428303153630     
                   464 -0.227305267377351     
                   465 -0.227189991257474     
                   466 -0.227079032635289     
                   467 -0.226972398912203     
                   468 -0.226869719109997     
                   469 -0.226779895538116     
                   470 -0.226708931384884     
                   471 -0.226652301943587     
                   472 -0.226608089656511     
                   473 -0.226575721119179     
                   474 -0.226550655025943     
                   475 -0.226525012812596     
                   476 -0.226498535427774     
                   477 -0.226480262768014     
                   478 -0.226470838963944     
                   479 -0.226464195133547     
                   480 -0.226458702021303     
                   481 -0.226453867114449     
                   482 -0.226450305932421     
                   483 -0.226449711086654     
                   484 -0.226442181595247     
                   485 -0.226433855216911     
                   486 -0.226432858503770     
                   487 -0.226444260002607     
                   488 -0.226445117982865     
                   489 -0.226433184312207     
                   490 -0.226422887854573     
                   491 -0.226432124891758     
                   492 -0.226442456836735     
                   493 -0.226440602142762     
                   494 -0.226413937044738     
                   495 -0.226364953613976     
                   496 -0.226304690092521     
                   497 -0.226234806112230     
                   498 -0.226155911329333     
                   499 -0.226067825689005     
                   500 -0.225968073623594     
