                     1  0.000000000000000E+000
                     2  0.000000000000000E+000
                     3 -2.764934689843584E-003
                     4 -5.648257032916231E-003
                     5 -8.760935771973240E-003
                     6 -1.208461528238968E-002
                     7 -1.558143516199221E-002
                     8 -1.922357336382644E-002
                     9 -2.297417753449250E-002
                    10 -2.680571737896481E-002
                    11 -3.071685055281989E-002
                    12 -3.468508698374426E-002
                    13 -3.869077079017214E-002
                    14 -4.271959675856431E-002
                    15 -4.676423736094260E-002
                    16 -5.081776820534232E-002
                    17 -5.487294984537896E-002
                    18 -5.892224738522481E-002
                    19 -6.296365706130806E-002
                    20 -6.699692623292920E-002
                    21 -7.102386689539116E-002
                    22 -7.504864731791898E-002
                    23 -7.907549298690388E-002
                    24 -8.316313000881517E-002
                    25 -8.736217529998551E-002
                    26 -9.155865265796351E-002
                    27 -9.578916789959227E-002
                    28 -0.100008191246030     
                    29 -0.104185152790728     
                    30 -0.108318148413601     
                    31 -0.112405953082277     
                    32 -0.116449744877920     
                    33 -0.120449308763432     
                    34 -0.124405510167858     
                    35 -0.128318941550514     
                    36 -0.132189951991640     
                    37 -0.136018208375274     
                    38 -0.139803843939987     
                    39 -0.143549032533429     
                    40 -0.147254417404987     
                    41 -0.150920248082350     
                    42 -0.154544421863374     
                    43 -0.158126857653792     
                    44 -0.161656123733923     
                    45 -0.165134347623349     
                    46 -0.168571701686170     
                    47 -0.171982629916600     
                    48 -0.175347351883442     
                    49 -0.178666891409080     
                    50 -0.181941504086266     
                    51 -0.185171303782668     
                    52 -0.188356371698551     
                    53 -0.191496789626008     
                    54 -0.194592544876408     
                    55 -0.197643416062972     
                    56 -0.200649374556928     
                    57 -0.203610262769220     
                    58 -0.206525910572612     
                    59 -0.209396257357971     
                    60 -0.212221236765242     
                    61 -0.215000142781934     
                    62 -0.217732271627379     
                    63 -0.220419192734392     
                    64 -0.223059843817865     
                    65 -0.225654008020922     
                    66 -0.228201584663342     
                    67 -0.230702174754562     
                    68 -0.233155827423027     
                    69 -0.235562644139578     
                    70 -0.237922396046216     
                    71 -0.240235129813697     
                    72 -0.242500821535284     
                    73 -0.244719527416677     
                    74 -0.246891263331372     
                    75 -0.249015766389316     
                    76 -0.251093156880788     
                    77 -0.253122514995151     
                    78 -0.255104528581274     
                    79 -0.257040992635673     
                    80 -0.258931282065561     
                    81 -0.260775252714742     
                    82 -0.262572687409519     
                    83 -0.264324175511531     
                    84 -0.266029608440169     
                    85 -0.267689326657543     
                    86 -0.269303649990918     
                    87 -0.270872588359865     
                    88 -0.272396583289703     
                    89 -0.273876541025383     
                    90 -0.275312655923552     
                    91 -0.276703885367497     
                    92 -0.278050182885728     
                    93 -0.279353972111580     
                    94 -0.280619909450310     
                    95 -0.281851359466663     
                    96 -0.283035963458197     
                    97 -0.284182904309731     
                    98 -0.285302340314080     
                    99 -0.286388085604913     
                   100 -0.287440716427080     
                   101 -0.288457857119478     
                   102 -0.289437293936291     
                   103 -0.290381340037790     
                   104 -0.291288316303476     
                   105 -0.292157746625404     
                   106 -0.292991013585897     
                   107 -0.293783972803054     
                   108 -0.294538826718574     
                   109 -0.295255922161451     
                   110 -0.295937063155190     
                   111 -0.296583007810706     
                   112 -0.297191449974550     
                   113 -0.297764350742512     
                   114 -0.298303653695854     
                   115 -0.298806395839048     
                   116 -0.299271415444888     
                   117 -0.299698170809401     
                   118 -0.300088959545822     
                   119 -0.300455034890484     
                   120 -0.300805406753257     
                   121 -0.301139832384677     
                   122 -0.301457803072707     
                   123 -0.301753084755217     
                   124 -0.302006924705997     
                   125 -0.302215233509626     
                   126 -0.302392760856184     
                   127 -0.302556614380440     
                   128 -0.302708317846112     
                   129 -0.302833838557019     
                   130 -0.302932491345244     
                   131 -0.303004133751428     
                   132 -0.303050938960108     
                   133 -0.303074735728225     
                   134 -0.303076036073915     
                   135 -0.303055572674849     
                   136 -0.303013763772882     
                   137 -0.302950863744244     
                   138 -0.302867766359976     
                   139 -0.302764960877890     
                   140 -0.302643213214386     
                   141 -0.302502800518927     
                   142 -0.302344370580580     
                   143 -0.302169264039322     
                   144 -0.301977214196453     
                   145 -0.301768966934093     
                   146 -0.301544883688280     
                   147 -0.301305105814042     
                   148 -0.301050779698000     
                   149 -0.300782823139484     
                   150 -0.300501765678950     
                   151 -0.300208222787513     
                   152 -0.299902721417614     
                   153 -0.299585760527791     
                   154 -0.299257998633695     
                   155 -0.298920093978482     
                   156 -0.298572588470783     
                   157 -0.298216280090798     
                   158 -0.297851986010273     
                   159 -0.297480059998163     
                   160 -0.297100927334279     
                   161 -0.296715286023213     
                   162 -0.296322550703996     
                   163 -0.295923008525608     
                   164 -0.295517441627621     
                   165 -0.295106888270612     
                   166 -0.294691127962319     
                   167 -0.294270286682686     
                   168 -0.293844926380618     
                   169 -0.293414812528074     
                   170 -0.292981745359065     
                   171 -0.292545552930955     
                   172 -0.292108270208691     
                   173 -0.291662163892423     
                   174 -0.291212954693259     
                   175 -0.290770941861407     
                   176 -0.290338055713235     
                   177 -0.289905752644785     
                   178 -0.289471251685873     
                   179 -0.289033472096592     
                   180 -0.288593305876469     
                   181 -0.288151954207526     
                   182 -0.287703646419011     
                   183 -0.287234539872793     
                   184 -0.286768010496505     
                   185 -0.286330753050300     
                   186 -0.285929335831136     
                   187 -0.285530264571392     
                   188 -0.285113939869713     
                   189 -0.284677746203440     
                   190 -0.284230701076144     
                   191 -0.283785584001326     
                   192 -0.283342791380130     
                   193 -0.282901734570091     
                   194 -0.282462115396208     
                   195 -0.282023787154920     
                   196 -0.281586894506257     
                   197 -0.281151856739639     
                   198 -0.280719025625299     
                   199 -0.280288390864777     
                   200 -0.279860124938984     
                   201 -0.279434244796316     
                   202 -0.279011002108702     
                   203 -0.278590644147700     
                   204 -0.278173351742633     
                   205 -0.277758925471355     
                   206 -0.277347327253968     
                   207 -0.276938652299794     
                   208 -0.276533032372237     
                   209 -0.276130726079223     
                   210 -0.275731872286720     
                   211 -0.275336156341820     
                   212 -0.274943736257082     
                   213 -0.274554567269093     
                   214 -0.274168513061006     
                   215 -0.273785653486406     
                   216 -0.273405977721476     
                   217 -0.273029736644001     
                   218 -0.272657259794751     
                   219 -0.272288644261258     
                   220 -0.271924017051773     
                   221 -0.271562962028672     
                   222 -0.271205777134316     
                   223 -0.270852465539798     
                   224 -0.270502862310760     
                   225 -0.270157311053206     
                   226 -0.269815375958727     
                   227 -0.269476664559663     
                   228 -0.269142263999176     
                   229 -0.268811645010784     
                   230 -0.268484513803722     
                   231 -0.268162836868801     
                   232 -0.267846558508269     
                   233 -0.267534152282038     
                   234 -0.267226870328795     
                   235 -0.266926480820009     
                   236 -0.266630360829554     
                   237 -0.266334631411169     
                   238 -0.266049638743513     
                   239 -0.265779560272210     
                   240 -0.265518461194352     
                   241 -0.265262874279562     
                   242 -0.265010479947874     
                   243 -0.264763932606954     
                   244 -0.264520851278689     
                   245 -0.264282341349186     
                   246 -0.264042278951750     
                   247 -0.263786192694068     
                   248 -0.263530907152254     
                   249 -0.263299544111725     
                   250 -0.263094770528628     
                   251 -0.262904725727252     
                   252 -0.262713307730055     
                   253 -0.262506225616619     
                   254 -0.262280977393909     
                   255 -0.262043969261048     
                   256 -0.261805424929310     
                   257 -0.261566673482007     
                   258 -0.261327245389634     
                   259 -0.261087302887192     
                   260 -0.260846845268434     
                   261 -0.260606138052117     
                   262 -0.260365443004892     
                   263 -0.260124543119739     
                   264 -0.259883321211450     
                   265 -0.259641900925647     
                   266 -0.259400455856741     
                   267 -0.259158731855390     
                   268 -0.258916744281413     
                   269 -0.258674684186690     
                   270 -0.258432444117377     
                   271 -0.258190183335599     
                   272 -0.257947958985153     
                   273 -0.257705796639863     
                   274 -0.257463822991022     
                   275 -0.257222364818826     
                   276 -0.256981166095945     
                   277 -0.256740301078819     
                   278 -0.256499631780063     
                   279 -0.256259487589268     
                   280 -0.256019572420018     
                   281 -0.255780463871771     
                   282 -0.255542102546650     
                   283 -0.255303971528223     
                   284 -0.255065649186370     
                   285 -0.254827998942472     
                   286 -0.254592045805778     
                   287 -0.254356771026208     
                   288 -0.254122408207041     
                   289 -0.253890947130861     
                   290 -0.253661082287797     
                   291 -0.253432039067960     
                   292 -0.253204644765343     
                   293 -0.252979999931234     
                   294 -0.252757136656735     
                   295 -0.252536459806609     
                   296 -0.252315951365106     
                   297 -0.252093701335237     
                   298 -0.251875452756607     
                   299 -0.251667936325649     
                   300 -0.251467304291553     
                   301 -0.251266147886470     
                   302 -0.251063237202384     
                   303 -0.250861923010389     
                   304 -0.250662121201800     
                   305 -0.250460201597131     
                   306 -0.250258124640139     
                   307 -0.250057419274119     
                   308 -0.249853237167563     
                   309 -0.249642326305726     
                   310 -0.249420574593547     
                   311 -0.249205384356259     
                   312 -0.249026112735204     
                   313 -0.248866412590135     
                   314 -0.248705313007884     
                   315 -0.248530960024231     
                   316 -0.248337567556125     
                   317 -0.248133447530439     
                   318 -0.247927912043849     
                   319 -0.247722283226214     
                   320 -0.247516785281163     
                   321 -0.247314464684103     
                   322 -0.247121962595994     
                   323 -0.246934793184678     
                   324 -0.246750729507912     
                   325 -0.246568944302474     
                   326 -0.246388827247981     
                   327 -0.246210259833555     
                   328 -0.246032584226654     
                   329 -0.245856065887380     
                   330 -0.245680206453873     
                   331 -0.245504910451349     
                   332 -0.245330194277851     
                   333 -0.245155865973031     
                   334 -0.244981914448534     
                   335 -0.244807430719201     
                   336 -0.244632160261857     
                   337 -0.244456472141928     
                   338 -0.244280508940726     
                   339 -0.244102803390171     
                   340 -0.243923264214970     
                   341 -0.243741826918145     
                   342 -0.243559049400585     
                   343 -0.243375552185860     
                   344 -0.243190538205975     
                   345 -0.243003873847908     
                   346 -0.242815264426587     
                   347 -0.242624351143138     
                   348 -0.242431479079441     
                   349 -0.242236049295537     
                   350 -0.242038633615712     
                   351 -0.241841496429508     
                   352 -0.241641713043071     
                   353 -0.241439416574505     
                   354 -0.241236280234505     
                   355 -0.241030967679436     
                   356 -0.240826486089427     
                   357 -0.240622241361226     
                   358 -0.240420404102438     
                   359 -0.240228678356702     
                   360 -0.240044977638061     
                   361 -0.239865702018816     
                   362 -0.239688757096718     
                   363 -0.239521502336898     
                   364 -0.239370018608854     
                   365 -0.239229646165759     
                   366 -0.239097573801936     
                   367 -0.238973130470601     
                   368 -0.238846727490777     
                   369 -0.238721586449744     
                   370 -0.238594031890583     
                   371 -0.238470756884865     
                   372 -0.238360055078842     
                   373 -0.238271724200116     
                   374 -0.238194620232075     
                   375 -0.238111203266354     
                   376 -0.238013484871210     
                   377 -0.237903453111277     
                   378 -0.237789594938062     
                   379 -0.237676320908783     
                   380 -0.237563787107447     
                   381 -0.237451350619882     
                   382 -0.237338324197316     
                   383 -0.237224264276681     
                   384 -0.237109262796609     
                   385 -0.236993171210002     
                   386 -0.236876335332413     
                   387 -0.236759507384360     
                   388 -0.236637343426417     
                   389 -0.236509731445945     
                   390 -0.236377284788224     
                   391 -0.236237269629211     
                   392 -0.236090353616630     
                   393 -0.235936812852365     
                   394 -0.235776721610104     
                   395 -0.235611060339762     
                   396 -0.235440369637787     
                   397 -0.235265146891053     
                   398 -0.235086708357814     
                   399 -0.234905292426388     
                   400 -0.234720848281042     
                   401 -0.234534182385575     
                   402 -0.234345780214555     
                   403 -0.234155166285713     
                   404 -0.233963238941387     
                   405 -0.233770275175581     
                   406 -0.233577133956716     
                   407 -0.233385321861943     
                   408 -0.233195251781684     
                   409 -0.233010612633886     
                   410 -0.232837463371493     
                   411 -0.232672546716697     
                   412 -0.232512969400593     
                   413 -0.232358762106776     
                   414 -0.232210897501179     
                   415 -0.232081890565357     
                   416 -0.231973369145356     
                   417 -0.231881598935408     
                   418 -0.231806846784342     
                   419 -0.231744874274083     
                   420 -0.231685085122063     
                   421 -0.231626590620720     
                   422 -0.231568176755935     
                   423 -0.231508841513813     
                   424 -0.231448286140685     
                   425 -0.231392289919812     
                   426 -0.231335330895646     
                   427 -0.231273790816201     
                   428 -0.231219263848750     
                   429 -0.231177001436455     
                   430 -0.231135410369322     
                   431 -0.231089507987320     
                   432 -0.231059268968521     
                   433 -0.231042512356566     
                   434 -0.231021011516565     
                   435 -0.230986490507376     
                   436 -0.230934778202697     
                   437 -0.230877877387185     
                   438 -0.230813959130735     
                   439 -0.230742291563263     
                   440 -0.230664746236409     
                   441 -0.230577112250492     
                   442 -0.230480954891345     
                   443 -0.230377061375470     
                   444 -0.230265589854710     
                   445 -0.230147056596107     
                   446 -0.230022095104019     
                   447 -0.229891631164907     
                   448 -0.229755859000468     
                   449 -0.229613307923915     
                   450 -0.229467083425057     
                   451 -0.229317541032722     
                   452 -0.229166197901576     
                   453 -0.229015251670111     
                   454 -0.228865007293469     
                   455 -0.228714964676042     
                   456 -0.228564717341140     
                   457 -0.228414728693452     
                   458 -0.228264684857579     
                   459 -0.228114256678469     
                   460 -0.227964023981627     
                   461 -0.227814426237234     
                   462 -0.227667909593001     
                   463 -0.227533674470149     
                   464 -0.227411323541257     
                   465 -0.227295830240120     
                   466 -0.227184944952453     
                   467 -0.227078317243844     
                   468 -0.226976958868077     
                   469 -0.226887780037974     
                   470 -0.226817022930316     
                   471 -0.226761015358854     
                   472 -0.226717327789044     
                   473 -0.226685759588013     
                   474 -0.226659778005853     
                   475 -0.226633514369130     
                   476 -0.226607014655841     
                   477 -0.226588541864313     
                   478 -0.226578921900954     
                   479 -0.226572509486342     
                   480 -0.226567378851948     
                   481 -0.226562730230506     
                   482 -0.226559251630209     
                   483 -0.226558733465655     
                   484 -0.226551378310241     
                   485 -0.226543484106764     
                   486 -0.226543084220002     
                   487 -0.226554680510026     
                   488 -0.226555303586179     
                   489 -0.226543391117631     
                   490 -0.226533229305986     
                   491 -0.226542702879574     
                   492 -0.226553352966008     
                   493 -0.226551871047785     
                   494 -0.226525558553047     
                   495 -0.226477011805611     
                   496 -0.226417246970879     
                   497 -0.226347908722123     
                   498 -0.226269499358332     
                   499 -0.226181730854152     
                   500 -0.226082397044652     
