                     1  0.000000000000000E+000
                     2  0.000000000000000E+000
                     3 -3.102632380815564E-003
                     4 -6.309895803360622E-003
                     5 -9.639487979007271E-003
                     6 -1.314413931609638E-002
                     7 -1.679853676965301E-002
                     8 -2.057712020828441E-002
                     9 -2.445323322031358E-002
                    10 -2.841113494385876E-002
                    11 -3.242900623787474E-002
                    12 -3.649648917153175E-002
                    13 -4.059943012299998E-002
                    14 -4.472216017978013E-002
                    15 -4.885812009872688E-002
                    16 -5.300094942133839E-002
                    17 -5.714444347845369E-002
                    18 -6.128172689410100E-002
                    19 -6.540830866139202E-002
                    20 -6.951969441880723E-002
                    21 -7.361297338441129E-002
                    22 -7.769306810833990E-002
                    23 -8.178317199216738E-002
                    24 -8.599609215141514E-002
                    25 -9.028072621546326E-002
                    26 -9.453704279914434E-002
                    27 -9.883001869388221E-002
                    28 -0.103100091117958     
                    29 -0.107324621605721     
                    30 -0.111516824617688     
                    31 -0.115650686826739     
                    32 -0.119738339514511     
                    33 -0.123781015067980     
                    34 -0.127779557463062     
                    35 -0.131736776502733     
                    36 -0.135648886583537     
                    37 -0.139519299452143     
                    38 -0.143347798340535     
                    39 -0.147134250829257     
                    40 -0.150879553561487     
                    41 -0.154581177870440     
                    42 -0.158234371537613     
                    43 -0.161830918666442     
                    44 -0.165381665043985     
                    45 -0.168888269245724     
                    46 -0.172357961823305     
                    47 -0.175796774119427     
                    48 -0.179199823894315     
                    49 -0.182561756935891     
                    50 -0.185875073148848     
                    51 -0.189144918699221     
                    52 -0.192371653795751     
                    53 -0.195554942845938     
                    54 -0.198694977095544     
                    55 -0.201791685501185     
                    56 -0.204845075888452     
                    57 -0.207854687454115     
                    58 -0.210820980479361     
                    59 -0.213743900644913     
                    60 -0.216623481752320     
                    61 -0.219459655784646     
                    62 -0.222252473335341     
                    63 -0.225001720718499     
                    64 -0.227707193207637     
                    65 -0.230368708332019     
                    66 -0.232986058267816     
                    67 -0.235558632201172     
                    68 -0.238086605196816     
                    69 -0.240570000200784     
                    70 -0.243009142335827     
                    71 -0.245402413143561     
                    72 -0.247750060539234     
                    73 -0.250052040604188     
                    74 -0.252308143471383     
                    75 -0.254517707788965     
                    76 -0.256681180043369     
                    77 -0.258798259952898     
                    78 -0.260868597039573     
                    79 -0.262892414623745     
                    80 -0.264869747471105     
                    81 -0.266800650088069     
                    82 -0.268685755774168     
                    83 -0.270526189053282     
                    84 -0.272322410959967     
                    85 -0.274074088122963     
                    86 -0.275781204382225     
                    87 -0.277442940522077     
                    88 -0.279060004785196     
                    89 -0.280633452226881     
                    90 -0.282162994079857     
                    91 -0.283648499583289     
                    92 -0.285091903623333     
                    93 -0.286495257931006     
                    94 -0.287859479119714     
                    95 -0.289179246720197     
                    96 -0.290454967524974     
                    97 -0.291690810549362     
                    98 -0.292891398563213     
                    99 -0.294059359035531     
                   100 -0.295191904816833     
                   101 -0.296290527601949     
                   102 -0.297353451940517     
                   103 -0.298381624985334     
                   104 -0.299374172607144     
                   105 -0.300331180301869     
                   106 -0.301253354327460     
                   107 -0.302142709195692     
                   108 -0.302999339582362     
                   109 -0.303820658285775     
                   110 -0.304605083467955     
                   111 -0.305355215628767     
                   112 -0.306067852696063     
                   113 -0.306741371198119     
                   114 -0.307376676536394     
                   115 -0.307975416505639     
                   116 -0.308539681510946     
                   117 -0.309067253366478     
                   118 -0.309561880362452     
                   119 -0.310027080024938     
                   120 -0.310468103629961     
                   121 -0.310895327888259     
                   122 -0.311316920861976     
                   123 -0.311726759093761     
                   124 -0.312100344151202     
                   125 -0.312433081447476     
                   126 -0.312724978046816     
                   127 -0.312984957945638     
                   128 -0.313210703692900     
                   129 -0.313404513025754     
                   130 -0.313578327469250     
                   131 -0.313731987959527     
                   132 -0.313860023040563     
                   133 -0.313970029095636     
                   134 -0.314052127224217     
                   135 -0.314108216030855     
                   136 -0.314143464754578     
                   137 -0.314160022868334     
                   138 -0.314159853227031     
                   139 -0.314141615684111     
                   140 -0.314104447479523     
                   141 -0.314048858695659     
                   142 -0.313975724224870     
                   143 -0.313886120900959     
                   144 -0.313780253793320     
                   145 -0.313658744921225     
                   146 -0.313522190854352     
                   147 -0.313371303287453     
                   148 -0.313206223000070     
                   149 -0.313027751029253     
                   150 -0.312836723121481     
                   151 -0.312633555085584     
                   152 -0.312418724377224     
                   153 -0.312192963752019     
                   154 -0.311956998755567     
                   155 -0.311711368635563     
                   156 -0.311456977591796     
                   157 -0.311194072413095     
                   158 -0.310923510706215     
                   159 -0.310645694143111     
                   160 -0.310360919538287     
                   161 -0.310069481014932     
                   162 -0.309771946256683     
                   163 -0.309469228352073     
                   164 -0.309161745115813     
                   165 -0.308849801579072     
                   166 -0.308534222049971     
                   167 -0.308215164048804     
                   168 -0.307892091069612     
                   169 -0.307565318278125     
                   170 -0.307236224129210     
                   171 -0.306905700740772     
                   172 -0.306575982049626     
                   173 -0.306245423393477     
                   174 -0.305907441929351     
                   175 -0.305564042873076     
                   176 -0.305216746790871     
                   177 -0.304872372050030     
                   178 -0.304535010339695     
                   179 -0.304201734884491     
                   180 -0.303873542387567     
                   181 -0.303545619243448     
                   182 -0.303213642516792     
                   183 -0.302871932962858     
                   184 -0.302506359035034     
                   185 -0.302126999860644     
                   186 -0.301752753824023     
                   187 -0.301400554155186     
                   188 -0.301062935168508     
                   189 -0.300743747479796     
                   190 -0.300437119691613     
                   191 -0.300126321717845     
                   192 -0.299801304049234     
                   193 -0.299464184655008     
                   194 -0.299120484279418     
                   195 -0.298767256152522     
                   196 -0.298405486835381     
                   197 -0.298049028677114     
                   198 -0.297699858899090     
                   199 -0.297355152541005     
                   200 -0.297013411782030     
                   201 -0.296674008489225     
                   202 -0.296336864390552     
                   203 -0.296002400136127     
                   204 -0.295670743714183     
                   205 -0.295341816906895     
                   206 -0.295015671912777     
                   207 -0.294692311751870     
                   208 -0.294371319361221     
                   209 -0.294052587283713     
                   210 -0.293736613586566     
                   211 -0.293424072765194     
                   212 -0.293114745936206     
                   213 -0.292808885716555     
                   214 -0.292506419877933     
                   215 -0.292207308543576     
                   216 -0.291911865629338     
                   217 -0.291620234454004     
                   218 -0.291332601893892     
                   219 -0.291048749053141     
                   220 -0.290768830532511     
                   221 -0.290492741828167     
                   222 -0.290220833789501     
                   223 -0.289953133319449     
                   224 -0.289689552276403     
                   225 -0.289429573632465     
                   226 -0.289174106333798     
                   227 -0.288924291066627     
                   228 -0.288680044921306     
                   229 -0.288440456916813     
                   230 -0.288205525678697     
                   231 -0.287976272299720     
                   232 -0.287751536225079     
                   233 -0.287532007668416     
                   234 -0.287315469255552     
                   235 -0.287100273423881     
                   236 -0.286890071337563     
                   237 -0.286685146182470     
                   238 -0.286486340197312     
                   239 -0.286287086603456     
                   240 -0.286088600340516     
                   241 -0.285895921479731     
                   242 -0.285715587755356     
                   243 -0.285549813688941     
                   244 -0.285387099349826     
                   245 -0.285229025446535     
                   246 -0.285070398120129     
                   247 -0.284914607862778     
                   248 -0.284759849888043     
                   249 -0.284587648015085     
                   250 -0.284396620848342     
                   251 -0.284204732338581     
                   252 -0.284017419516529     
                   253 -0.283845562715082     
                   254 -0.283708333344611     
                   255 -0.283586860988348     
                   256 -0.283463136920170     
                   257 -0.283329142985256     
                   258 -0.283185417778155     
                   259 -0.283032676651818     
                   260 -0.282871539186247     
                   261 -0.282698811094087     
                   262 -0.282523418373176     
                   263 -0.282348649371917     
                   264 -0.282174149328341     
                   265 -0.281999580738633     
                   266 -0.281825006993812     
                   267 -0.281650682478135     
                   268 -0.281476756256287     
                   269 -0.281303112381427     
                   270 -0.281130756121863     
                   271 -0.280959036553968     
                   272 -0.280787627647983     
                   273 -0.280616842060316     
                   274 -0.280446612785825     
                   275 -0.280277202638404     
                   276 -0.280108397974993     
                   277 -0.279939853059157     
                   278 -0.279771686610808     
                   279 -0.279603932230724     
                   280 -0.279437117648489     
                   281 -0.279270138265990     
                   282 -0.279103129698019     
                   283 -0.278936420692894     
                   284 -0.278770074930014     
                   285 -0.278603863117909     
                   286 -0.278438259128635     
                   287 -0.278273653913900     
                   288 -0.278109210582928     
                   289 -0.277945656834117     
                   290 -0.277783350166014     
                   291 -0.277621761194858     
                   292 -0.277460545475794     
                   293 -0.277300117232115     
                   294 -0.277141363840525     
                   295 -0.276984831004185     
                   296 -0.276829987621865     
                   297 -0.276677023796489     
                   298 -0.276526225243636     
                   299 -0.276379864672759     
                   300 -0.276238383972987     
                   301 -0.276093788389190     
                   302 -0.275942039322679     
                   303 -0.275791613933326     
                   304 -0.275647200713912     
                   305 -0.275506976651557     
                   306 -0.275377088565830     
                   307 -0.275255305711111     
                   308 -0.275132082683537     
                   309 -0.275001900875594     
                   310 -0.274873624219085     
                   311 -0.274750185146150     
                   312 -0.274628170354737     
                   313 -0.274491911614275     
                   314 -0.274335021123457     
                   315 -0.274173910912186     
                   316 -0.274024085502960     
                   317 -0.273897236874545     
                   318 -0.273798143517325     
                   319 -0.273718422388283     
                   320 -0.273638174237434     
                   321 -0.273545511950039     
                   322 -0.273441523780880     
                   323 -0.273329423331975     
                   324 -0.273207861376936     
                   325 -0.273082300254388     
                   326 -0.272958112586244     
                   327 -0.272834574468906     
                   328 -0.272712661706688     
                   329 -0.272610994523853     
                   330 -0.272514634513476     
                   331 -0.272421489872554     
                   332 -0.272330064631199     
                   333 -0.272239664710006     
                   334 -0.272150162935981     
                   335 -0.272061119379271     
                   336 -0.271970808302716     
                   337 -0.271879941277929     
                   338 -0.271787949346894     
                   339 -0.271694127231396     
                   340 -0.271599097638010     
                   341 -0.271502738580964     
                   342 -0.271404585105106     
                   343 -0.271305029599704     
                   344 -0.271205768621697     
                   345 -0.271105459562649     
                   346 -0.271001180879445     
                   347 -0.270892836004960     
                   348 -0.270781048744365     
                   349 -0.270665411000832     
                   350 -0.270546704323555     
                   351 -0.270425597905830     
                   352 -0.270303443031983     
                   353 -0.270180655308792     
                   354 -0.270056003853334     
                   355 -0.269929284405276     
                   356 -0.269801712904075     
                   357 -0.269673890960860     
                   358 -0.269545709172116     
                   359 -0.269415334813725     
                   360 -0.269282170410585     
                   361 -0.269149569346999     
                   362 -0.269019210286120     
                   363 -0.268882574547371     
                   364 -0.268742364199615     
                   365 -0.268607242120239     
                   366 -0.268478902198706     
                   367 -0.268358894626251     
                   368 -0.268249786622358     
                   369 -0.268140405914087     
                   370 -0.268032272689509     
                   371 -0.267932077046468     
                   372 -0.267838624629858     
                   373 -0.267767218332013     
                   374 -0.267721962163949     
                   375 -0.267680673483220     
                   376 -0.267635258787386     
                   377 -0.267589066962757     
                   378 -0.267554847107343     
                   379 -0.267542980489154     
                   380 -0.267555710091007     
                   381 -0.267589968247638     
                   382 -0.267627395675020     
                   383 -0.267651399523262     
                   384 -0.267663142787354     
                   385 -0.267665261845133     
                   386 -0.267656030191444     
                   387 -0.267641880711717     
                   388 -0.267628630250077     
                   389 -0.267626955486848     
                   390 -0.267622465779609     
                   391 -0.267609694780065     
                   392 -0.267586478386237     
                   393 -0.267552913466366     
                   394 -0.267509400629958     
                   395 -0.267457686732337     
                   396 -0.267397794203055     
                   397 -0.267330112129146     
                   398 -0.267255254786229     
                   399 -0.267174127091058     
                   400 -0.267087433231103     
                   401 -0.266995286520023     
                   402 -0.266898792932236     
                   403 -0.266797551388674     
                   404 -0.266692464689416     
                   405 -0.266583702076181     
                   406 -0.266471295559862     
                   407 -0.266355770138376     
                   408 -0.266237922448430     
                   409 -0.266117964790873     
                   410 -0.265996116750982     
                   411 -0.265873229927122     
                   412 -0.265749291716498     
                   413 -0.265622809331762     
                   414 -0.265494450602713     
                   415 -0.265364720786766     
                   416 -0.265234306713282     
                   417 -0.265103622133083     
                   418 -0.264973399055973     
                   419 -0.264843521130545     
                   420 -0.264714372762517     
                   421 -0.264587440800596     
                   422 -0.264468075186970     
                   423 -0.264362842905710     
                   424 -0.264265965081539     
                   425 -0.264174316777223     
                   426 -0.264094444134001     
                   427 -0.264049679842619     
                   428 -0.264039158012274     
                   429 -0.264054664966412     
                   430 -0.264089428496828     
                   431 -0.264137904506002     
                   432 -0.264195804870437     
                   433 -0.264254525068334     
                   434 -0.264313702869739     
                   435 -0.264377979874685     
                   436 -0.264439560343401     
                   437 -0.264489999467210     
                   438 -0.264533204950352     
                   439 -0.264584937598723     
                   440 -0.264653849487931     
                   441 -0.264737819787760     
                   442 -0.264852392272289     
                   443 -0.264980288408201     
                   444 -0.265086657860649     
                   445 -0.265165796276537     
                   446 -0.265219499587171     
                   447 -0.265249176027067     
                   448 -0.265261212608405     
                   449 -0.265261764539593     
                   450 -0.265250703149515     
                   451 -0.265229662744266     
                   452 -0.265198931575392     
                   453 -0.265158887419569     
                   454 -0.265110250859656     
                   455 -0.265054528542151     
                   456 -0.264991815659832     
                   457 -0.264922944947586     
                   458 -0.264848157327634     
                   459 -0.264767825400131     
                   460 -0.264682547711571     
                   461 -0.264592513816685     
                   462 -0.264498426925205     
                   463 -0.264400282050483     
                   464 -0.264299045228552     
                   465 -0.264195007263302     
                   466 -0.264087656939032     
                   467 -0.263977669531708     
                   468 -0.263865653140701     
                   469 -0.263751023986639     
                   470 -0.263634518825589     
                   471 -0.263516726429734     
                   472 -0.263398022891223     
                   473 -0.263278893764786     
                   474 -0.263159886632858     
                   475 -0.263041194165667     
                   476 -0.262924434870641     
                   477 -0.262812395348653     
                   478 -0.262709031957475     
                   479 -0.262619141017473     
                   480 -0.262542580374541     
                   481 -0.262478216818679     
                   482 -0.262426210019262     
                   483 -0.262409794775135     
                   484 -0.262436256412500     
                   485 -0.262489668626735     
                   486 -0.262560779406336     
                   487 -0.262649518326830     
                   488 -0.262753107163152     
                   489 -0.262868567134117     
                   490 -0.262997355976752     
                   491 -0.263134649973409     
                   492 -0.263273824390193     
                   493 -0.263408751995108     
                   494 -0.263537563047723     
                   495 -0.263665093092316     
                   496 -0.263794019367328     
                   497 -0.263913073574199     
                   498 -0.264028583864346     
                   499 -0.264167219635583     
                   500 -0.264305259035940     
