                     1  0.000000000000000E+000
                     2  0.000000000000000E+000
                     3 -3.093978388644371E-003
                     4 -6.298301260470970E-003
                     5 -9.623623612432476E-003
                     6 -1.312399770612617E-002
                     7 -1.677408055050475E-002
                     8 -2.054869043018065E-002
                     9 -2.442130172985005E-002
                    10 -2.837286135371840E-002
                    11 -3.238582294719752E-002
                    12 -3.644881840323349E-002
                    13 -4.054708734790867E-002
                    14 -4.466511814176820E-002
                    15 -4.879647421041644E-002
                    16 -5.293466117062798E-002
                    17 -5.707299563542958E-002
                    18 -6.120505622408240E-002
                    19 -6.532611499954745E-002
                    20 -6.943205008460057E-002
                    21 -7.352007901755089E-002
                    22 -7.759488928750870E-002
                    23 -8.168256930340304E-002
                    24 -8.589058604147902E-002
                    25 -9.017124368007232E-002
                    26 -9.442393228302173E-002
                    27 -9.871327704909073E-002
                    28 -0.102978153674924     
                    29 -0.107202318934178     
                    30 -0.111397202157180     
                    31 -0.115528786821071     
                    32 -0.119615389450637     
                    33 -0.123657331209520     
                    34 -0.127654176908995     
                    35 -0.131609682967922     
                    36 -0.135520439011611     
                    37 -0.139389774023143     
                    38 -0.143218839315611     
                    39 -0.147008152974498     
                    40 -0.150756982553162     
                    41 -0.154459646325561     
                    42 -0.158114085495693     
                    43 -0.161709944788662     
                    44 -0.165261638989698     
                    45 -0.168770277258577     
                    46 -0.172243753792385     
                    47 -0.175683274440921     
                    48 -0.179087496022530     
                    49 -0.182450991021708     
                    50 -0.185766164440846     
                    51 -0.189038084661119     
                    52 -0.192267093265352     
                    53 -0.195452853397140     
                    54 -0.198595739648261     
                    55 -0.201695343276551     
                    56 -0.204751872756805     
                    57 -0.207764643039254     
                    58 -0.210733854879945     
                    59 -0.213659754722982     
                    60 -0.216542494085652     
                    61 -0.219381757138427     
                    62 -0.222177438864957     
                    63 -0.224929694755759     
                    64 -0.227637907272226     
                    65 -0.230301787463639     
                    66 -0.232921401991058     
                    67 -0.235496329932108     
                    68 -0.238026826482987     
                    69 -0.240512889436696     
                    70 -0.242954610928211     
                    71 -0.245351016340845     
                    72 -0.247701932147546     
                    73 -0.250007377940176     
                    74 -0.252266245195983     
                    75 -0.254478099795635     
                    76 -0.256643849310396     
                    77 -0.258762945334890     
                    78 -0.260835160045964     
                    79 -0.262860530251137     
                    80 -0.264839459031578     
                    81 -0.266771822512694     
                    82 -0.268658200923725     
                    83 -0.270499911763229     
                    84 -0.272297336791038     
                    85 -0.274050179429477     
                    86 -0.275758192484206     
                    87 -0.277420881742954     
                    88 -0.279039138532235     
                    89 -0.280614087848790     
                    90 -0.282145423861932     
                    91 -0.283632971970970     
                    92 -0.285078381034968     
                    93 -0.286481759714507     
                    94 -0.287846263023483     
                    95 -0.289166803903731     
                    96 -0.290443273977700     
                    97 -0.291681679120013     
                    98 -0.292885545104877     
                    99 -0.294053300150785     
                   100 -0.295183364703314     
                   101 -0.296278688720669     
                   102 -0.297339431258936     
                   103 -0.298366828955821     
                   104 -0.299359761699519     
                   105 -0.300316634014828     
                   106 -0.301238540755567     
                   107 -0.302128517541874     
                   108 -0.302985395043066     
                   109 -0.303806401448297     
                   110 -0.304590561273361     
                   111 -0.305340467308373     
                   112 -0.306052295103921     
                   113 -0.306725437857128     
                   114 -0.307360261741532     
                   115 -0.307958306399798     
                   116 -0.308521975195230     
                   117 -0.309048615102001     
                   118 -0.309542721943814     
                   119 -0.310008283904481     
                   120 -0.310451115930456     
                   121 -0.310878582424019     
                   122 -0.311299400859282     
                   123 -0.311707414717333     
                   124 -0.312079037182811     
                   125 -0.312411167286718     
                   126 -0.312702127132042     
                   127 -0.312961518146952     
                   128 -0.313185759363475     
                   129 -0.313379008373040     
                   130 -0.313552725975591     
                   131 -0.313707500264453     
                   132 -0.313836996255810     
                   133 -0.313946101565914     
                   134 -0.314025544374295     
                   135 -0.314079545626097     
                   136 -0.314114943871675     
                   137 -0.314132393210552     
                   138 -0.314131356145964     
                   139 -0.314110980393892     
                   140 -0.314071579815778     
                   141 -0.314014025026556     
                   142 -0.313939072111745     
                   143 -0.313847704287003     
                   144 -0.313740177827353     
                   145 -0.313617246447576     
                   146 -0.313479195780145     
                   147 -0.313326734479830     
                   148 -0.313160035903244     
                   149 -0.312980034322099     
                   150 -0.312787383055672     
                   151 -0.312582767536073     
                   152 -0.312366511963142     
                   153 -0.312139319642831     
                   154 -0.311901980482532     
                   155 -0.311654800262911     
                   156 -0.311398577841828     
                   157 -0.311133963229344     
                   158 -0.310861648167134     
                   159 -0.310582234272271     
                   160 -0.310295700078859     
                   161 -0.310002487408409     
                   162 -0.309703190582419     
                   163 -0.309398566949056     
                   164 -0.309088941294357     
                   165 -0.308774641020002     
                   166 -0.308456047692103     
                   167 -0.308133873892867     
                   168 -0.307808019497048     
                   169 -0.307478911477742     
                   170 -0.307149066608398     
                   171 -0.306819457387381     
                   172 -0.306488673996061     
                   173 -0.306156320853376     
                   174 -0.305815711063408     
                   175 -0.305469875999190     
                   176 -0.305121517109131     
                   177 -0.304776646155102     
                   178 -0.304438440648655     
                   179 -0.304101868116356     
                   180 -0.303770564523885     
                   181 -0.303442683863466     
                   182 -0.303113567680583     
                   183 -0.302768770762592     
                   184 -0.302401057308964     
                   185 -0.302017927364972     
                   186 -0.301644513397620     
                   187 -0.301292545849178     
                   188 -0.300951870026958     
                   189 -0.300629355578439     
                   190 -0.300321334631315     
                   191 -0.300008688796311     
                   192 -0.299683632048887     
                   193 -0.299345550559657     
                   194 -0.298999532774340     
                   195 -0.298644628353781     
                   196 -0.298280639514762     
                   197 -0.297924982263931     
                   198 -0.297575577385570     
                   199 -0.297229887424080     
                   200 -0.296886689841722     
                   201 -0.296545843464250     
                   202 -0.296207296682443     
                   203 -0.295871533157688     
                   204 -0.295538499546331     
                   205 -0.295208257102957     
                   206 -0.294880812959053     
                   207 -0.294556141788538     
                   208 -0.294233748036793     
                   209 -0.293913796772397     
                   210 -0.293596637997098     
                   211 -0.293282521703779     
                   212 -0.292971773890290     
                   213 -0.292664714254631     
                   214 -0.292361243259024     
                   215 -0.292061127368668     
                   216 -0.291764614342282     
                   217 -0.291471934351513     
                   218 -0.291183416347334     
                   219 -0.290898805595971     
                   220 -0.290618177180296     
                   221 -0.290341418646316     
                   222 -0.290068734991171     
                   223 -0.289800208985375     
                   224 -0.289535856605037     
                   225 -0.289275004782270     
                   226 -0.289017225540904     
                   227 -0.288764402596335     
                   228 -0.288516854978076     
                   229 -0.288273132385998     
                   230 -0.288034202653918     
                   231 -0.287800070146404     
                   232 -0.287571760579199     
                   233 -0.287349907185985     
                   234 -0.287131818019328     
                   235 -0.286917082351818     
                   236 -0.286708763290628     
                   237 -0.286504415684404     
                   238 -0.286304066311982     
                   239 -0.286101718421872     
                   240 -0.285903085843546     
                   241 -0.285715683268948     
                   242 -0.285540802416473     
                   243 -0.285375416593814     
                   244 -0.285211019439188     
                   245 -0.285052410777525     
                   246 -0.284897596816155     
                   247 -0.284747337639264     
                   248 -0.284588645928987     
                   249 -0.284413487504442     
                   250 -0.284219831997402     
                   251 -0.284023250314136     
                   252 -0.283836775628483     
                   253 -0.283668995005399     
                   254 -0.283530709997438     
                   255 -0.283406125424333     
                   256 -0.283283141819112     
                   257 -0.283149661933029     
                   258 -0.283002752202558     
                   259 -0.282844392681507     
                   260 -0.282680380730018     
                   261 -0.282510236792902     
                   262 -0.282334636178492     
                   263 -0.282159015481281     
                   264 -0.281983654078366     
                   265 -0.281808149206987     
                   266 -0.281632573927418     
                   267 -0.281457135383580     
                   268 -0.281281922139529     
                   269 -0.281106997967278     
                   270 -0.280933230319913     
                   271 -0.280760019641987     
                   272 -0.280587085810354     
                   273 -0.280414707821799     
                   274 -0.280242767365632     
                   275 -0.280071809056035     
                   276 -0.279901584586680     
                   277 -0.279731561798535     
                   278 -0.279561898893572     
                   279 -0.279392448780111     
                   280 -0.279223788362429     
                   281 -0.279054931019415     
                   282 -0.278885910517069     
                   283 -0.278717296136278     
                   284 -0.278548905512365     
                   285 -0.278380364215279     
                   286 -0.278212446867457     
                   287 -0.278045495588768     
                   288 -0.277878804001697     
                   289 -0.277712923820140     
                   290 -0.277548107703165     
                   291 -0.277383512757769     
                   292 -0.277219293534930     
                   293 -0.277055637343267     
                   294 -0.276893961349480     
                   295 -0.276734651617545     
                   296 -0.276578071813219     
                   297 -0.276424679496580     
                   298 -0.276274979302835     
                   299 -0.276128772765288     
                   300 -0.275984369708074     
                   301 -0.275833188028660     
                   302 -0.275677901169443     
                   303 -0.275526263544378     
                   304 -0.275381562831098     
                   305 -0.275238900823525     
                   306 -0.275106007637702     
                   307 -0.274980685906204     
                   308 -0.274855127941089     
                   309 -0.274724528646908     
                   310 -0.274598897232122     
                   311 -0.274480401569707     
                   312 -0.274354892612564     
                   313 -0.274213855824918     
                   314 -0.274051990546068     
                   315 -0.273883250240852     
                   316 -0.273734261883966     
                   317 -0.273613185895503     
                   318 -0.273512123609256     
                   319 -0.273428628136902     
                   320 -0.273345396151446     
                   321 -0.273249503713514     
                   322 -0.273138952351059     
                   323 -0.273023577535946     
                   324 -0.272904299705615     
                   325 -0.272777268197053     
                   326 -0.272651589569710     
                   327 -0.272526913751710     
                   328 -0.272403509514185     
                   329 -0.272303120548842     
                   330 -0.272209888846513     
                   331 -0.272118050135476     
                   332 -0.272027931722859     
                   333 -0.271938605275851     
                   334 -0.271849741496939     
                   335 -0.271761001411330     
                   336 -0.271670888807306     
                   337 -0.271578533986820     
                   338 -0.271485062863239     
                   339 -0.271388830249314     
                   340 -0.271290647251466     
                   341 -0.271190680182879     
                   342 -0.271088395090460     
                   343 -0.270984100998623     
                   344 -0.270879192926536     
                   345 -0.270771239346224     
                   346 -0.270660225994954     
                   347 -0.270547568454835     
                   348 -0.270432309141688     
                   349 -0.270313582974552     
                   350 -0.270191837216619     
                   351 -0.270067812130297     
                   352 -0.269942402028760     
                   353 -0.269815926202233     
                   354 -0.269687846296648     
                   355 -0.269557811328746     
                   356 -0.269427200750747     
                   357 -0.269297360922153     
                   358 -0.269168310388936     
                   359 -0.269037455874050     
                   360 -0.268904004251314     
                   361 -0.268771154769140     
                   362 -0.268637100568285     
                   363 -0.268496363160236     
                   364 -0.268354303356504     
                   365 -0.268217321824885     
                   366 -0.268086637964165     
                   367 -0.267967235048776     
                   368 -0.267857662664800     
                   369 -0.267747791548782     
                   370 -0.267641811624669     
                   371 -0.267545221284892     
                   372 -0.267461813117425     
                   373 -0.267403472440189     
                   374 -0.267360794830530     
                   375 -0.267314936505733     
                   376 -0.267268398692994     
                   377 -0.267216011729356     
                   378 -0.267187372150857     
                   379 -0.267183370878609     
                   380 -0.267198625310592     
                   381 -0.267231542308124     
                   382 -0.267268588017572     
                   383 -0.267289244431898     
                   384 -0.267296270544676     
                   385 -0.267295232583922     
                   386 -0.267285078814202     
                   387 -0.267266197914572     
                   388 -0.267247069747134     
                   389 -0.267231546506355     
                   390 -0.267212721725122     
                   391 -0.267192444728324     
                   392 -0.267165972389583     
                   393 -0.267129297736070     
                   394 -0.267083110072623     
                   395 -0.267027936196493     
                   396 -0.266964465554287     
                   397 -0.266893497720412     
                   398 -0.266815182287996     
                   399 -0.266730513241498     
                   400 -0.266640244875198     
                   401 -0.266544865578792     
                   402 -0.266445024918810     
                   403 -0.266340227293848     
                   404 -0.266231772099810     
                   405 -0.266119483488218     
                   406 -0.266003630322476     
                   407 -0.265884822551420     
                   408 -0.265763621545546     
                   409 -0.265639961051408     
                   410 -0.265515000443720     
                   411 -0.265388482204341     
                   412 -0.265261358815037     
                   413 -0.265132048561878     
                   414 -0.265001098511537     
                   415 -0.264868069486367     
                   416 -0.264735024916308     
                   417 -0.264601993287440     
                   418 -0.264469463604897     
                   419 -0.264338217729015     
                   420 -0.264209595909870     
                   421 -0.264087535205764     
                   422 -0.263976197043456     
                   423 -0.263876930004691     
                   424 -0.263785044155817     
                   425 -0.263696915293421     
                   426 -0.263626612534396     
                   427 -0.263587511628971     
                   428 -0.263579947593814     
                   429 -0.263592846406441     
                   430 -0.263623918626092     
                   431 -0.263675536562759     
                   432 -0.263739134219404     
                   433 -0.263806049728916     
                   434 -0.263874239153124     
                   435 -0.263940871313514     
                   436 -0.264003441423526     
                   437 -0.264053192206056     
                   438 -0.264094063361709     
                   439 -0.264142374176006     
                   440 -0.264203881278174     
                   441 -0.264281688241257     
                   442 -0.264374085108084     
                   443 -0.264477229270702     
                   444 -0.264570356601233     
                   445 -0.264642549938723     
                   446 -0.264692786001246     
                   447 -0.264721040952149     
                   448 -0.264728946902814     
                   449 -0.264725608405365     
                   450 -0.264711083214418     
                   451 -0.264686336244997     
                   452 -0.264651820289131     
                   453 -0.264607796857173     
                   454 -0.264555296898020     
                   455 -0.264495821495680     
                   456 -0.264429252262145     
                   457 -0.264356220807637     
                   458 -0.264276270516867     
                   459 -0.264190023247306     
                   460 -0.264099094664581     
                   461 -0.264002777119616     
                   462 -0.263902467979763     
                   463 -0.263797854651690     
                   464 -0.263690635220506     
                   465 -0.263582073361527     
                   466 -0.263471740828727     
                   467 -0.263360227027257     
                   468 -0.263247802803817     
                   469 -0.263133848854072     
                   470 -0.263018928167042     
                   471 -0.262904164237372     
                   472 -0.262789116045563     
                   473 -0.262673840556304     
                   474 -0.262560272766339     
                   475 -0.262448248762802     
                   476 -0.262339858855818     
                   477 -0.262241698910719     
                   478 -0.262155539741061     
                   479 -0.262079329094977     
                   480 -0.262013019947462     
                   481 -0.261956518196396     
                   482 -0.261921319019722     
                   483 -0.261928064415173     
                   484 -0.261966704523491     
                   485 -0.262027259302079     
                   486 -0.262104023723249     
                   487 -0.262193617211585     
                   488 -0.262299102911399     
                   489 -0.262421559973794     
                   490 -0.262554276810477     
                   491 -0.262693837813435     
                   492 -0.262831210997571     
                   493 -0.262963217167930     
                   494 -0.263090266753428     
                   495 -0.263216152492575     
                   496 -0.263332259044977     
                   497 -0.263435490898115     
                   498 -0.263537418155881     
                   499 -0.263651115142927     
                   500 -0.263769981485364     
