                    1   0.0000000000000000     
                    2   0.0000000000000000     
                    3  -4.7105092011314902E-002
                    4  -8.8338800742287685E-002
                    5 -0.12745430659668180     
                    6 -0.16541796138519937     
                    7 -0.20218587229076901     
                    8 -0.23746575093541475     
                    9 -0.27089541999665151     
                   10 -0.30210576037825909     
                   11 -0.33031983774989870     
                   12 -0.35514527899172693     
                   13 -0.37652380418209169     
                   14 -0.39454499500292523     
                   15 -0.40942094238672244     
                   16 -0.42145646226589584     
                   17 -0.43103737223214905     
                   18 -0.43856905548560610     
                   19 -0.44443973297349049     
                   20 -0.44899569188886301     
                   21 -0.45251851256052600     
                   22 -0.45523371411278202     
                   23 -0.45739217376144925     
                   24 -0.45921244877469775     
                   25 -0.46077115487080278     
                   26 -0.46212324056915377     
                   27 -0.46333654216792286     
                   28 -0.46446063668263660     
                   29 -0.46550438989092796     
                   30 -0.46650002033225774     
                   31 -0.46745919720288287     
                   32 -0.46839573413200791     
                   33 -0.46932444708654086     
                   34 -0.47025430266868945     
                   35 -0.47119900009000470     
                   36 -0.47217683183288750     
                   37 -0.47321804097012821     
                   38 -0.47430649119847579     
                   39 -0.47543777649306607     
                   40 -0.47659721671776450     
                   41 -0.47776839959860040     
                   42 -0.47894491470687328     
                   43 -0.48012754520720241     
                   44 -0.48131618481149779     
                   45 -0.48250916583319992     
                   46 -0.48370617673311794     
                   47 -0.48490707430557334     
                   48 -0.48611020748040357     
                   49 -0.48731896651526990     
                   50 -0.48854358629239225     
                   51 -0.48979406896780719     
                   52 -0.49106840352956471     
                   53 -0.49236774363196878     
                   54 -0.49368400556414538     
                   55 -0.49501344981332929     
                   56 -0.49636067336511180     
                   57 -0.49772954589843860     
                   58 -0.49912423331100214     
                   59 -0.50054508263408759     
                   60 -0.50199360899836942     
                   61 -0.50346970904989596     
                   62 -0.50497416202800305     
                   63 -0.50650846320290199     
                   64 -0.50807630669577930     
                   65 -0.50968257308672893     
                   66 -0.51132065673073801     
                   67 -0.51298797185299672     
                   68 -0.51468284806559217     
                   69 -0.51640640756500733     
                   70 -0.51816063413576274     
                   71 -0.51994552167939245     
                   72 -0.52175993045981905     
                   73 -0.52360265250138882     
                   74 -0.52547230278679058     
                   75 -0.52736662714313554     
                   76 -0.52928360359296256     
                   77 -0.53122089860056687     
                   78 -0.53317734433088482     
                   79 -0.53514973314863845     
                   80 -0.53713672105145438     
                   81 -0.53913524852112660     
                   82 -0.54114268401573140     
                   83 -0.54315786800628507     
                   84 -0.54518010015373031     
                   85 -0.54720758795214397     
                   86 -0.54923895963936387     
                   87 -0.55127259657948469     
                   88 -0.55330661706159778     
                   89 -0.55533894437955666     
                   90 -0.55736731222338154     
                   91 -0.55938990218295481     
                   92 -0.56140520231781954     
                   93 -0.56341210924983487     
                   94 -0.56540974103797204     
                   95 -0.56739712153307242     
                   96 -0.56937395649523859     
                   97 -0.57133991340336698     
                   98 -0.57329478877771112     
                   99 -0.57523764876983896     
                  100 -0.57716664214825997     
                  101 -0.57907897230769978     
                  102 -0.58097173603452901     
                  103 -0.58284301992390730     
                  104 -0.58469218118903876     
                  105 -0.58652084798500026     
                  106 -0.58833265224686060     
                  107 -0.59013209082680218     
                  108 -0.59192304026236120     
                  109 -0.59370639494667454     
                  110 -0.59547872437267846     
                  111 -0.59722915847624880     
                  112 -0.59894268342536616     
                  113 -0.60060142239541903     
                  114 -0.60218985953570092     
                  115 -0.60369871279077847     
                  116 -0.60512811640572928     
                  117 -0.60648979091187372     
                  118 -0.60780431071906804     
                  119 -0.60909593026735254     
                  120 -0.61038692522566174     
                  121 -0.61168977336827435     
                  122 -0.61300332612654185     
                  123 -0.61431135906483292     
                  124 -0.61558407167392981     
                  125 -0.61678223162487156     
                  126 -0.61786341124387589     
                  127 -0.61878790395627536     
                  128 -0.61952594388026139     
                  129 -0.62006298430388151     
                  130 -0.62039914272355079     
                  131 -0.62054355167794428     
                  132 -0.62050620116970068     
                  133 -0.62029340772770059     
                  134 -0.61991218933206649     
                  135 -0.61938051459849797     
                  136 -0.61873405500905321     
                  137 -0.61801903712719430     
                  138 -0.61727185812408991     
                  139 -0.61650321803465791     
                  140 -0.61570901275236178     
                  141 -0.61490763722982023     
                  142 -0.61417854324078525     
                  143 -0.61364204413229517     
                  144 -0.61336733247176589     
                  145 -0.61325865736002072     
                  146 -0.61302720442389569     
                  147 -0.61233742203154595     
                  148 -0.61105343869354756     
                  149 -0.60941180823063057     
                  150 -0.60792713708026713     
                  151 -0.60702719691858220     
                  152 -0.60669480821732269     
                  153 -0.60636214841036706     
                  154 -0.60525159108893856     
                  155 -0.60302407532239000     
                  156 -0.60023286910968887     
                  157 -0.59822658790465466     
                  158 -0.59831062272031010     
                  159 -0.60089714974458253     
                  160 -0.60509697931907636     
                  161 -0.60905504700347368     
                  162 -0.61103300030400753     
                  163 -0.61072548143162420     
                  164 -0.60948231000083353     
                  165 -0.60940773391602765     
                  166 -0.61199768070875726     
                  167 -0.61735113780426276     
                  168 -0.62423353711815688     
                  169 -0.63086617031291903     
                  170 -0.63589705401419028     
                  171 -0.63902170265799807     
                  172 -0.64084469829462376     
                  173 -0.64227099785019215     
                  174 -0.64378821776350281     
                  175 -0.64558368919593490     
                  176 -0.64787976110703893     
                  177 -0.65107770708805091     
                  178 -0.65557541316699908     
                  179 -0.66131258855714281     
                  180 -0.66745506160271095     
                  181 -0.67271115486169808     
                  182 -0.67618493834768290     
                  183 -0.67813949972291754     
                  184 -0.67980011107306759     
                  185 -0.68240859055604042     
                  186 -0.68619959365190497     
                  187 -0.69013276147451974     
                  188 -0.69272280422471200     
                  189 -0.69340198226754324     
                  190 -0.69328186865791852     
                  191 -0.69457039696171052     
                  192 -0.69911058031755335     
                  193 -0.70713458751754155     
                  194 -0.71684018793716442     
                  195 -0.72505737345161436     
                  196 -0.72907849174731043     
                  197 -0.72856302364986991     
                  198 -0.72586670349262450     
                  199 -0.72435762925820835     
                  200 -0.72659073184369993     
                  201 -0.73321866440493522     
                  202 -0.74289158288269319     
                  203 -0.75293076812006721     
                  204 -0.76063381368889116     
                  205 -0.76471882534636237     
                  206 -0.76590988189867026     
                  207 -0.76620979462110050     
                  208 -0.76759096861176956     
                  209 -0.77107779687698741     
                  210 -0.77653568201152445     
                  211 -0.78300860761312263     
                  212 -0.78933226580035021     
                  213 -0.79470934175467844     
                  214 -0.79899575337156625     
                  215 -0.80258493212903770     
                  216 -0.80602737770830335     
                  217 -0.80967541673316523     
                  218 -0.81354306417862321     
                  219 -0.81740031214954401     
                  220 -0.82098780197801235     
                  221 -0.82419899611354941     
                  222 -0.82712894453294850     
                  223 -0.82998235495207084     
                  224 -0.83292675758424417     
                  225 -0.83599040951946391     
                  226 -0.83906023227972848     
                  227 -0.84196523757331987     
                  228 -0.84458489419284344     
                  229 -0.84691608330106483     
                  230 -0.84906368800441567     
                  231 -0.85117273439124885     
                  232 -0.85335025979806178     
                  233 -0.85562236936206815     
                  234 -0.85794260159090985     
                  235 -0.86023533095335947     
                  236 -0.86244311049348887     
                  237 -0.86455146031129160     
                  238 -0.86658378293134031     
                  239 -0.86857743177994262     
                  240 -0.87056010726130850     
                  241 -0.87253945790625242     
                  242 -0.87450752019678091     
                  243 -0.87645250723721702     
                  244 -0.87836851407020033     
                  245 -0.88025810745803423     
                  246 -0.88212890054992021     
                  247 -0.88398842367776664     
                  248 -0.88584127574815463     
                  249 -0.88768943934268130     
                  250 -0.88953426092312649     
                  251 -0.89137797751526593     
                  252 -0.89322376282074134     
                  253 -0.89507449030874842     
                  254 -0.89693155054506457     
                  255 -0.89879459293666475     
                  256 -0.90066216843143532     
                  257 -0.90253274870733124     
                  258 -0.90440533519508359     
                  259 -0.90627953570652520     
                  260 -0.90815514054232205     
                  261 -0.91003175596053953     
                  262 -0.91190860963411646     
                  263 -0.91378468710967109     
                  264 -0.91565889763619068     
                  265 -0.91753018629761729     
                  266 -0.91939759356980844     
                  267 -0.92126017195888699     
                  268 -0.92311696401528787     
                  269 -0.92496695408128460     
                  270 -0.92680908926244998     
                  271 -0.92864228637387858     
                  272 -0.93046554701991879     
                  273 -0.93227789955580853     
                  274 -0.93407852509671652     
                  275 -0.93586693476428140     
                  276 -0.93764296029606409     
                  277 -0.93940678482471940     
                  278 -0.94115891077928127     
                  279 -0.94289998328032476     
                  280 -0.94463072874707066     
                  281 -0.94635214813312496     
                  282 -0.94806509428482622     
                  283 -0.94977039146301523     
                  284 -0.95146879944681340     
                  285 -0.95316100722677044     
                  286 -0.95484757727750091     
                  287 -0.95652893468325839     
                  288 -0.95820537475579382     
                  289 -0.95987701123151437     
                  290 -0.96154380605636269     
                  291 -0.96320561322353770     
                  292 -0.96486223595645204     
                  293 -0.96651345146585665     
                  294 -0.96815908879696644     
                  295 -0.96979901737871921     
                  296 -0.97143315252808160     
                  297 -0.97306142720151356     
                  298 -0.97468372363424272     
                  299 -0.97629982995005160     
                  300 -0.97790939156634926     
                  301 -0.97951188094564290     
                  302 -0.98110661255189147     
                  303 -0.98269277931555876     
                  304 -0.98426946762609879     
                  305 -0.98583577308865633     
                  306 -0.98739085487131106     
                  307 -0.98893401412354365     
                  308 -0.99046478543700700     
                  309 -0.99198296679030773     
                  310 -0.99348866518195078     
                  311 -0.99498228093056407     
                  312 -0.99646447138504912     
                  313 -0.99793611358380141     
                  314 -0.99939823870400701     
                  315  -1.0008519403405736     
                  316  -1.0022982966584877     
                  317  -1.0037382974776243     
                  318  -1.0051728186819300     
                  319  -1.0066025598404178     
                  320  -1.0080280297833510     
                  321  -1.0094495519043765     
                  322  -1.0108672542759756     
                  323  -1.0122811066027180     
                  324  -1.0136909612134539     
                  325  -1.0150965611774059     
                  326  -1.0164975898609483     
                  327  -1.0178936866534061     
                  328  -1.0192844708757403     
                  329  -1.0206695765199369     
                  330  -1.0220486307210195     
                  331  -1.0234213194195592     
                  332  -1.0247873605549271     
                  333  -1.0261465200588358     
                  334  -1.0274986334324649     
                  335  -1.0288436117761393     
                  336  -1.0301814162731144     
                  337  -1.0315120708343157     
                  338  -1.0328356438949764     
                  339  -1.0341522476817662     
                  340  -1.0354620093052060     
                  341  -1.0367650831334514     
                  342  -1.0380615923706595     
                  343  -1.0393516493004529     
                  344  -1.0406353445345822     
                  345  -1.0419127098198486     
                  346  -1.0431837569325633     
                  347  -1.0444484767302045     
                  348  -1.0457068500825002     
                  349  -1.0469588586647158     
                  350  -1.0482044954657064     
                  351  -1.0494437935222312     
                  352  -1.0506768617931219     
                  353  -1.0519038347548455     
                  354  -1.0531249197009314     
                  355  -1.0543403694708309     
                  356  -1.0555504623881085     
                  357  -1.0567554993262243     
                  358  -1.0579558044662289     
                  359  -1.0591516934535450     
                  360  -1.0603434815493891     
                  361  -1.0615314731158854     
                  362  -1.0627159435409825     
                  363  -1.0638971642017527     
                  364  -1.0650753864249030     
                  365  -1.0662508387135152     
                  366  -1.0674237336470798     
                  367  -1.0685942552876038     
                  368  -1.0697625570563885     
                  369  -1.0709287519398101     
                  370  -1.0720929256630949     
                  371  -1.0732551161768913     
                  372  -1.0744153186311978     
                  373  -1.0755734975525462     
                  374  -1.0767295869712155     
                  375  -1.0778834893072557     
                  376  -1.0790350880812192     
                  377  -1.0801842600817619     
                  378  -1.0813308674140349     
                  379  -1.0824747631423945     
                  380  -1.0836157929308514     
                  381  -1.0847538036506736     
                  382  -1.0858886373495227     
                  383  -1.0870201308276721     
                  384  -1.0881481002882827     
                  385  -1.0892723685566246     
                  386  -1.0903927708090819     
                  387  -1.0915091532430055     
                  388  -1.0926213742558915     
                  389  -1.0937293168929036     
                  390  -1.0948328943544252     
                  391  -1.0959320433012107     
                  392  -1.0970267253862083     
                  393  -1.0981169414374423     
                  394  -1.0992027196759677     
                  395  -1.1002841062033322     
                  396  -1.1013611709657647     
                  397  -1.1024339806977510     
                  398  -1.1035026104383432     
                  399  -1.1045671482267443     
                  400  -1.1056276714362134     
                  401  -1.1066842650371789     
                  402  -1.1077370129302975     
                  403  -1.1087859810845555     
                  404  -1.1098312373612487     
                  405  -1.1108728556343506     
                  406  -1.1119109089007859     
                  407  -1.1129454594075525     
                  408  -1.1139765752111850     
                  409  -1.1150043275093935     
                  410  -1.1160288066438033     
                  411  -1.1170501137191837     
                  412  -1.1180683577267401     
                  413  -1.1190836479520714     
                  414  -1.1200961158708214     
                  415  -1.1211059007195192     
                  416  -1.1221131245417790     
                  417  -1.1231179277775005     
                  418  -1.1241204442576371     
                  419  -1.1251208078804895     
                  420  -1.1261191510942254     
                  421  -1.1271156110770750     
                  422  -1.1281103187263093     
                  423  -1.1291034054853526     
                  424  -1.1300950002595640     
                  425  -1.1310852143291041     
                  426  -1.1320741629271369     
                  427  -1.1330619581007650     
                  428  -1.1340487011804115     
                  429  -1.1350344851409242     
                  430  -1.1360194026263515     
                  431  -1.1370035275283699     
                  432  -1.1379869307778350     
                  433  -1.1389696778315361     
                  434  -1.1399518161750413     
                  435  -1.1409333891906897     
                  436  -1.1419144288873579     
                  437  -1.1428949505925827     
                  438  -1.1438749514049398     
                  439  -1.1448544217170236     
                  440  -1.1458333462126298     
                  441  -1.1468116957777270     
                  442  -1.1477894260867139     
                  443  -1.1487664940027404     
                  444  -1.1497428426819667     
                  445  -1.1507184182922552     
                  446  -1.1516931471027494     
                  447  -1.1526669308975244     
                  448  -1.1536396922265857     
                  449  -1.1546113350494844     
                  450  -1.1555817639823864     
                  451  -1.1565508662661901     
                  452  -1.1575185365465412     
                  453  -1.1584846724314146     
                  454  -1.1594491617006017     
                  455  -1.1604119024708890     
                  456  -1.1613727733730395     
                  457  -1.1623316615403239     
                  458  -1.1632884565467845     
                  459  -1.1642430429221118     
                  460  -1.1651953140321774     
                  461  -1.1661451696469798     
                  462  -1.1670925167051482     
                  463  -1.1680372711091123     
                  464  -1.1689793455931876     
                  465  -1.1699186648923696     
                  466  -1.1708551642531564     
                  467  -1.1717887827744011     
                  468  -1.1727194658852447     
                  469  -1.1736471711898955     
                  470  -1.1745718555320965     
                  471  -1.1754934870012907     
                  472  -1.1764120413086927     
                  473  -1.1773274982155539     
                  474  -1.1782398523406297     
                  475  -1.1791491054562582     
                  476  -1.1800552520997316     
                  477  -1.1809583035365159     
                  478  -1.1818582851460531     
                  479  -1.1827552229496350     
                  480  -1.1836491494954693     
                  481  -1.1845400967520234     
                  482  -1.1854280946221711     
                  483  -1.1863131808898677     
                  484  -1.1871953935578923     
                  485  -1.1880747719088003     
                  486  -1.1889513514360046     
                  487  -1.1898251710414609     
                  488  -1.1906962777657926     
                  489  -1.1915647185824143     
                  490  -1.1924305369459651     
                  491  -1.1932937702128472     
                  492  -1.1941544611917010     
                  493  -1.1950126557181606     
                  494  -1.1958683894379853     
                  495  -1.1967216950983164     
                  496  -1.1975726021129014     
                  497  -1.1984211517314725     
                  498  -1.1992673709570159     
                  499  -1.2001112890588999     
                  500  -1.2009529272214967     
                  501  -1.2017923229714222     
                  502  -1.2026295036997481     
                  503  -1.2034644949587774     
                  504  -1.2042973305336939     
                  505  -1.2051280319136704     
                  506  -1.2059566296873574     
                  507  -1.2067831441742065     
                  508  -1.2076075968141295     
                  509  -1.2084300130685459     
                  510  -1.2092504179774597     
                  511  -1.2100688304197380     
                  512  -1.2108852898478089     
                  513  -1.2116998196651612     
                  514  -1.2125124528758429     
                  515  -1.2133232202319022     
                  516  -1.2141321548919308     
                  517  -1.2149392919877280     
                  518  -1.2157446598786734     
                  519  -1.2165482753757919     
                  520  -1.2173501661200739     
                  521  -1.2181503764770600     
                  522  -1.2189489614517812     
                  523  -1.2197459381919946     
                  524  -1.2205413524023609     
                  525  -1.2213352509831188     
                  526  -1.2221276724457755     
                  527  -1.2229186591266157     
                  528  -1.2237082504939112     
                  529  -1.2244964791852093     
                  530  -1.2252833735531403     
                  531  -1.2260689588749405     
                  532  -1.2268532681350945     
                  533  -1.2276363330813387     
                  534  -1.2284181854593912     
                  535  -1.2291988629591701     
                  536  -1.2299784092367840     
                  537  -1.2307568708435812     
                  538  -1.2315342860209841     
                  539  -1.2323106882717276     
                  540  -1.2330861009994640     
                  541  -1.2338605523652528     
                  542  -1.2346340612757514     
                  543  -1.2354066461876314     
                  544  -1.2361783238818393     
                  545  -1.2369491005219433     
                  546  -1.2377190006599934     
                  547  -1.2384880427965359     
                  548  -1.2392562610126840     
                  549  -1.2400236393745907     
                  550  -1.2407901880849721     
                  551  -1.2415559259018356     
                  552  -1.2423208427604513     
                  553  -1.2430849292616419     
                  554  -1.2438481869484197     
                  555  -1.2446106055396164     
                  556  -1.2453721741241344     
                  557  -1.2461328780272904     
                  558  -1.2468926995909413     
                  559  -1.2476516215670295     
                  560  -1.2484096332589192     
                  561  -1.2491667100074710     
                  562  -1.2499228337035329     
                  563  -1.2506779786054365     
                  564  -1.2514321252435496     
                  565  -1.2521852484281430     
                  566  -1.2529373206936312     
                  567  -1.2536883168476172     
                  568  -1.2544382107478227     
                  569  -1.2551869736568511     
                  570  -1.2559345754997677     
                  571  -1.2566809837314519     
                  572  -1.2574261651282908     
                  573  -1.2581701096939355     
                  574  -1.2589128196234096     
                  575  -1.2596542490722655     
                  576  -1.2603943796485368     
                  577  -1.2611331900426899     
                  578  -1.2618706803542661     
                  579  -1.2626068374456318     
                  580  -1.2633416542482967     
                  581  -1.2640751135484645     
                  582  -1.2648072047543149     
                  583  -1.2655379139978800     
                  584  -1.2662672427243158     
                  585  -1.2669951871794891     
                  586  -1.2677217413347590     
                  587  -1.2684469024554521     
                  588  -1.2691706724499194     
                  589  -1.2698930556572250     
                  590  -1.2706140637019607     
                  591  -1.2713337159648170     
                  592  -1.2720520293833932     
                  593  -1.2727690158794198     
                  594  -1.2734846909865183     
                  595  -1.2741990721245955     
                  596  -1.2749121766116953     
                  597  -1.2756240239997019     
                  598  -1.2763346351681268     
                  599  -1.2770440412296786     
                  600  -1.2777522816842251     
                  601  -1.2784593492310603     
                  602  -1.2791652681927386     
                  603  -1.2798700608254558     
                  604  -1.2805737596924447     
                  605  -1.2812763920645416     
                  606  -1.2819779826102455     
                  607  -1.2826785672980856     
                  608  -1.2833781678940235     
                  609  -1.2840768004705279     
                  610  -1.2847744889253332     
                  611  -1.2854712615880370     
                  612  -1.2861671383986037     
                  613  -1.2868621388906811     
                  614  -1.2875562842024206     
                  615  -1.2882495956631794     
                  616  -1.2889421044579807     
                  617  -1.2896338267609129     
                  618  -1.2903247778754936     
                  619  -1.2910149806218996     
                  620  -1.2917044529688584     
                  621  -1.2923932174421815     
                  622  -1.2930812728648875     
                  623  -1.2937686272056272     
                  624  -1.2944553045226386     
                  625  -1.2951413163458219     
                  626  -1.2958266919431991     
                  627  -1.2965114349153837     
                  628  -1.2971955396954682     
                  629  -1.2978790186109739     
                  630  -1.2985618664232335     
                  631  -1.2992440940457599     
                  632  -1.2999257139742442     
                  633  -1.3006067242186079     
                  634  -1.3012871346286290     
                  635  -1.3019669492966568     
                  636  -1.3026461721941816     
                  637  -1.3033248029617561     
                  638  -1.3040028614377486     
                  639  -1.3046803534928111     
                  640  -1.3053572782147074     
                  641  -1.3060336181900210     
                  642  -1.3067093757414447     
                  643  -1.3073845517122340     
                  644  -1.3080591451662142     
                  645  -1.3087331584898765     
                  646  -1.3094065920672078     
                  647  -1.3100794548309318     
                  648  -1.3107517489880536     
                  649  -1.3114234692838114     
                  650  -1.3120946199845154     
                  651  -1.3127652085677928     
                  652  -1.3134352196026866     
                  653  -1.3141046581697755     
                  654  -1.3147735234841784     
                  655  -1.3154418192640907     
                  656  -1.3161095536641139     
                  657  -1.3167767249925089     
                  658  -1.3174433337091671     
                  659  -1.3181093799333869     
                  660  -1.3187748682666660     
                  661  -1.3194398016293651     
                  662  -1.3201041841777270     
                  663  -1.3207680305333447     
                  664  -1.3214313501727120     
                  665  -1.3220941271828688     
                  666  -1.3227563615303677     
                  667  -1.3234180533100890     
                  668  -1.3240792066687681     
                  669  -1.3247398247543767     
                  670  -1.3253999270138324     
                  671  -1.3260595022066879     
                  672  -1.3267185747038552     
                  673  -1.3273771346894916     
                  674  -1.3280351790692813     
                  675  -1.3286927096453427     
                  676  -1.3293497383690880     
                  677  -1.3300062617806672     
                  678  -1.3306622824640733     
                  679  -1.3313178023750782     
                  680  -1.3319728242904463     
                  681  -1.3326273487481486     
                  682  -1.3332813756975657     
                  683  -1.3339349101947600     
                  684  -1.3345879540553092     
                  685  -1.3352405090261630     
                  686  -1.3358925886052566     
                  687  -1.3365442099809977     
                  688  -1.3371953697504331     
                  689  -1.3378460402994459     
                  690  -1.3384962221346868     
                  691  -1.3391459132918273     
                  692  -1.3397951297872999     
                  693  -1.3404438460609089     
                  694  -1.3410920584908157     
                  695  -1.3417397746985944     
                  696  -1.3423869961364407     
                  697  -1.3430337221650708     
                  698  -1.3436799525837071     
                  699  -1.3443256785341999     
                  700  -1.3449709005014614     
                  701  -1.3456156190703927     
                  702  -1.3462598146533322     
                  703  -1.3469034724891711     
                  704  -1.3475465808293989     
                  705  -1.3481891314838412     
                  706  -1.3488311169760494     
                  707  -1.3494725376219796     
                  708  -1.3501133821296090     
                  709  -1.3507536501067525     
                  710  -1.3513933855878582     
                  711  -1.3520325451053687     
                  712  -1.3526711236009672     
                  713  -1.3533091123412453     
                  714  -1.3539464944289614     
                  715  -1.3545832451291953     
                  716  -1.3552193307265685     
                  717  -1.3558547200970472     
                  718  -1.3564893854683000     
                  719  -1.3571233227466271     
                  720  -1.3577565046831033     
                  721  -1.3583889218562970     
                  722  -1.3590205742026293     
                  723  -1.3596514681720195     
                  724  -1.3602816086539571     
                  725  -1.3609109907708601     
                  726  -1.3615396012244823     
                  727  -1.3621674194519948     
                  728  -1.3627944157924767     
                  729  -1.3634205530700396     
                  730  -1.3640457948506031     
                  731  -1.3646700941098056     
                  732  -1.3652934634715426     
                  733  -1.3659158732550065     
                  734  -1.3665372824985369     
                  735  -1.3671576818768554     
                  736  -1.3677770541681660     
                  737  -1.3683953906793460     
                  738  -1.3690126834715781     
                  739  -1.3696289215629678     
                  740  -1.3702440856499867     
                  741  -1.3708581474993553     
                  742  -1.3714710737643543     
                  743  -1.3720828246346706     
                  744  -1.3726933630385416     
                  745  -1.3733026523459586     
                  746  -1.3739106591188381     
                  747  -1.3745173582183001     
                  748  -1.3751227298198616     
                  749  -1.3757267721442987     
                  750  -1.3763294592078226     
                  751  -1.3769307735728649     
                  752  -1.3775307014448994     
                  753  -1.3781292599463302     
                  754  -1.3787263760202206     
                  755  -1.3793220175020284     
                  756  -1.3799161523712102     
                  757  -1.3805087478591018     
                  758  -1.3810997737857720     
                  759  -1.3816892007681738     
                  760  -1.3822770082316358     
                  761  -1.3828631675185814     
                  762  -1.3834476543573682     
                  763  -1.3840304562185146     
                  764  -1.3846115624614290     
                  765  -1.3851909378991740     
                  766  -1.3857685631263981     
                  767  -1.3863444161542162     
                  768  -1.3869184709396261     
                  769  -1.3874907015555078     
                  770  -1.3880611216798990     
                  771  -1.3886296730975138     
                  772  -1.3891963251175867     
                  773  -1.3897610580975628     
                  774  -1.3903238526505808     
                  775  -1.3908846878699648     
                  776  -1.3914435433976928     
                  777  -1.3920003997104597     
                  778  -1.3925552376753505     
                  779  -1.3931080390943056     
                  780  -1.3936587823918440     
                  781  -1.3942074608372366     
                  782  -1.3947540566162815     
                  783  -1.3952985512558431     
                  784  -1.3958409343722074     
                  785  -1.3963812111596619     
                  786  -1.3969193818628904     
                  787  -1.3974554043607788     
                  788  -1.3979892642324119     
                  789  -1.3985209497735074     
                  790  -1.3990504481600821     
                  791  -1.3995777542918475     
                  792  -1.4001028605433274     
                  793  -1.4006257630737342     
                  794  -1.4011464713780728     
                  795  -1.4016649724678039     
                  796  -1.4021812721801998     
                  797  -1.4026953613682722     
                  798  -1.4032072624935645     
                  799  -1.4037169632674693     
                  800  -1.4042244488029902     
                  801  -1.4047297239343859     
                  802  -1.4052328034083335     
                  803  -1.4057336773955587     
                  804  -1.4062323414519871     
                  805  -1.4067288016968680     
                  806  -1.4072230659656850     
                  807  -1.4077151420732916     
                  808  -1.4082050434552311     
                  809  -1.4086927822315003     
                  810  -1.4091783740288417     
                  811  -1.4096618396983740     
                  812  -1.4101431774560425     
                  813  -1.4106223990906281     
                  814  -1.4110995177347752     
                  815  -1.4115745406657174     
                  816  -1.4120474849226108     
                  817  -1.4125183697904300     
                  818  -1.4129872072155396     
                  819  -1.4134540126812702     
                  820  -1.4139188036442594     
                  821  -1.4143815993319588     
                  822  -1.4148424276900826     
                  823  -1.4153012946202086     
                  824  -1.4157582122723591     
                  825  -1.4162131945078265     
                  826  -1.4166662566702373     
                  827  -1.4171174137207707     
                  828  -1.4175666784540297     
                  829  -1.4180140624412889     
                  830  -1.4184595776014823     
                  831  -1.4189032352853292     
                  832  -1.4193450476028531     
                  833  -1.4197850181631761     
                  834  -1.4202231591421537     
                  835  -1.4206594731416535     
                  836  -1.4210939654983412     
                  837  -1.4215266451649207     
                  838  -1.4219575086377543     
                  839  -1.4223865559367113     
                  840  -1.4228137851320501     
                  841  -1.4232391905736121     
                  842  -1.4236627651996936     
                  843  -1.4240844986981456     
                  844  -1.4245043794982029     
                  845  -1.4249223980924270     
                  846  -1.4253385358258663     
                  847  -1.4257527747320100     
                  848  -1.4261650908380599     
                  849  -1.4265754712468071     
                  850  -1.4269838819818836     
                  851  -1.4273902936848495     
                  852  -1.4277946804797419     
                  853  -1.4281970241815869     
                  854  -1.4285972741507882     
                  855  -1.4289953864024463     
                  856  -1.4293913191787455     
                  857  -1.4297850322117729     
                  858  -1.4301764794648810     
                  859  -1.4305656216460687     
                  860  -1.4309524140084486     
                  861  -1.4313367893540467     
                  862  -1.4317186972591140     
                  863  -1.4320980835281021     
                  864  -1.4324748910295395     
                  865  -1.4328490536311460     
                  866  -1.4332205183137228     
                  867  -1.4335892293567023     
                  868  -1.4339551278384191     
                  869  -1.4343181537432022     
                  870  -1.4346782444576183     
                  871  -1.4350353641437015     
                  872  -1.4353894466739257     
                  873  -1.4357404167563270     
                  874  -1.4360882093471301     
                  875  -1.4364327686061313     
                  876  -1.4367740359997641     
                  877  -1.4371119643674173     
                  878  -1.4374465330049069     
                  879  -1.4377776447573207     
                  880  -1.4381052420835236     
                  881  -1.4384292972535511     
                  882  -1.4387497648631120     
                  883  -1.4390666066091553     
                  884  -1.4393797764435232     
                  885  -1.4396892515192281     
                  886  -1.4399949920328416     
                  887  -1.4402969934589311     
                  888  -1.4405952344450716     
                  889  -1.4408896945782885     
                  890  -1.4411803711377265     
                  891  -1.4414672506033581     
                  892  -1.4417503541914851     
                  893  -1.4420296915922639     
                  894  -1.4423052818310196     
                  895  -1.4425771500514044     
                  896  -1.4428453253758124     
                  897  -1.4431098318036946     
                  898  -1.4433707251175889     
                  899  -1.4436280283015523     
                  900  -1.4438817714121737     
                  901  -1.4441320406895308     
                  902  -1.4443789344438511     
                  903  -1.4446225171719078     
                  904  -1.4448628710057176     
                  905  -1.4451000907789358     
                  906  -1.4453342798751765     
                  907  -1.4455655403071475     
                  908  -1.4457939767612833     
                  909  -1.4460197267498465     
                  910  -1.4462428779817733     
                  911  -1.4464635617600692     
                  912  -1.4466819167922429     
                  913  -1.4468981218215082     
                  914  -1.4471123330712237     
                  915  -1.4473247177976343     
                  916  -1.4475355483500607     
                  917  -1.4477448887369246     
                  918  -1.4479529053874656     
                  919  -1.4481597596366005     
                  920  -1.4483656492353560     
                  921  -1.4485707741845000     
                  922  -1.4487753388253195     
                  923  -1.4489795146401561     
                  924  -1.4491834976344717     
                  925  -1.4493874959544280     
                  926  -1.4495917130315330     
                  927  -1.4497963599538830     
                  928  -1.4500016499103847     
                  929  -1.4502077999206988     
                  930  -1.4504150312488444     
                  931  -1.4506235597986357     
                  932  -1.4508336067340963     
                  933  -1.4510454055139272     
                  934  -1.4512591809074811     
                  935  -1.4514751282815412     
                  936  -1.4516934942069410     
                  937  -1.4519143731342663     
                  938  -1.4521380636911734     
                  939  -1.4523648388988151     
                  940  -1.4525949431172636     
                  941  -1.4528285472057443     
                  942  -1.4530659566549686     
                  943  -1.4533073367723353     
                  944  -1.4535528857881328     
                  945  -1.4538028434492356     
                  946  -1.4540573932085668     
                  947  -1.4543167402305965     
                  948  -1.4545810855269596     
                  949  -1.4548506329875881     
                  950  -1.4551256279818774     
                  951  -1.4554062371481926     
                  952  -1.4556926384013211     
                  953  -1.4559850185102163     
                  954  -1.4562835729497308     
                  955  -1.4565884900896013     
                  956  -1.4568999519193491     
                  957  -1.4572181625124254     
                  958  -1.4575432962770838     
                  959  -1.4578755105604075     
                  960  -1.4582150927374615     
                  961  -1.4585621135869447     
                  962  -1.4589167173766913     
                  963  -1.4592790541599776     
                  964  -1.4596492722007697     
                  965  -1.4600275161433049     
                  966  -1.4604139426856293     
                  967  -1.4608087244880499     
                  968  -1.4612120180594581     
                  969  -1.4616238816195111     
                  970  -1.4620444467845317     
                  971  -1.4624738422654895     
                  972  -1.4629121982053688     
                  973  -1.4633596367395731     
                  974  -1.4638162764282616     
                  975  -1.4642822323628644     
                  976  -1.4647576091578460     
                  977  -1.4652424911986921     
                  978  -1.4657370074615290     
                  979  -1.4662412561348148     
                  980  -1.4667553248618379     
                  981  -1.4672792962436214     
                  982  -1.4678132504773072     
                  983  -1.4683572838010550     
                  984  -1.4689114510843115     
                  985  -1.4694758192145339     
                  986  -1.4700504543484969     
                  987  -1.4706354231966097     
                  988  -1.4712307840804737     
                  989  -1.4718366210402181     
                  990  -1.4724529019095018     
                  991  -1.4730796855973380     
                  992  -1.4737170491306348     
                  993  -1.4743650639567933     
                  994  -1.4750237587455901     
                  995  -1.4756931547475818     
                  996  -1.4763732688927584     
                  997  -1.4770641185331594     
                  998  -1.4777657116669443     
                  999  -1.4784780728690452     
                 1000  -1.4792011736800827     
                 1001  -1.4799349899311109     
                 1002  -1.4806795053450987     
                 1003  -1.4814347049978220     
                 1004  -1.4822005710873516     
                 1005  -1.4829770730190008     
                 1006  -1.4837641854152124     
                 1007  -1.4845618653565062     
                 1008  -1.4853700526846709     
                 1009  -1.4861887139252670     
                 1010  -1.4870177923589072     
                 1011  -1.4878572229877212     
                 1012  -1.4887069323942959     
                 1013  -1.4895668376615010     
                 1014  -1.4904368957340499     
                 1015  -1.4913170563127975     
                 1016  -1.4922071899799725     
                 1017  -1.4931071073137470     
                 1018  -1.4940167937290592     
                 1019  -1.4949361450147847     
                 1020  -1.4958649268180153     
                 1021  -1.4968031063110132     
                 1022  -1.4977507549948681     
                 1023  -1.4987074102813436     
                 1024  -1.4996727976176358     
                 1025  -1.5006468862710300     
                 1026  -1.5016295602845058     
                 1027  -1.5026206560881223     
                 1028  -1.5036199800003622     
                 1029  -1.5046273244560038     
                 1030  -1.5056424712169136     
                 1031  -1.5066652039283122     
                 1032  -1.5076954027132337     
                 1033  -1.5087328133523268     
                 1034  -1.5097773029827017     
                 1035  -1.5108284926839930     
                 1036  -1.5118860728899799     
                 1037  -1.5129498137949233     
                 1038  -1.5140194732471959     
                 1039  -1.5150948005407392     
                 1040  -1.5161755365394129     
                 1041  -1.5172614223903222     
                 1042  -1.5183521528299841     
                 1043  -1.5194474449107127     
                 1044  -1.5205470685915037     
                 1045  -1.5216507819977780     
                 1046  -1.5227583201339239     
                 1047  -1.5238690978071352     
                 1048  -1.5249828388426367     
                 1049  -1.5260992563897127     
                 1050  -1.5272180808373979     
                 1051  -1.5283391411083018     
                 1052  -1.5294619050341878     
                 1053  -1.5305861964519085     
                 1054  -1.5317117709173946     
                 1055  -1.5328381944381795     
                 1056  -1.5339651006704518     
                 1057  -1.5350923330943598     
                 1058  -1.5362197507812265     
                 1059  -1.5373469793510695     
                 1060  -1.5384734809413061     
                 1061  -1.5395989609508716     
                 1062  -1.5407226395099101     
                 1063  -1.5418443959590740     
                 1064  -1.5429640733627290     
                 1065  -1.5440814550943660     
                 1066  -1.5451963383617553     
                 1067  -1.5463083107880118     
                 1068  -1.5474166012829846     
                 1069  -1.5485211806041346     
                 1070  -1.5496220756343375     
                 1071  -1.5507188875449589     
                 1072  -1.5518112681946472     
                 1073  -1.5528991788281965     
                 1074  -1.5539819283856107     
                 1075  -1.5550592445284521     
                 1076  -1.5561311603403434     
                 1077  -1.5571971205219370     
                 1078  -1.5582569297771598     
                 1079  -1.5593103325830613     
                 1080  -1.5603572356927962     
                 1081  -1.5613974059897184     
                 1082  -1.5624306884730859     
                 1083  -1.5634565617740930     
                 1084  -1.5644752443832084     
                 1085  -1.5654867450837302     
                 1086  -1.5664909774779203     
                 1087  -1.5674878592275672     
                 1088  -1.5684771780867182     
                 1089  -1.5694587797819373     
                 1090  -1.5704326108892228     
                 1091  -1.5713985686380958     
                 1092  -1.5723566598897611     
                 1093  -1.5733067751202874     
                 1094  -1.5742489952275216     
                 1095  -1.5751832255925415     
                 1096  -1.5761094741690944     
                 1097  -1.5770277660650842     
                 1098  -1.5779380000063110     
                 1099  -1.5788405107720118     
                 1100  -1.5797354234307286     
                 1101  -1.5806225451185818     
                 1102  -1.5815023342018093     
                 1103  -1.5823750177404701     
                 1104  -1.5832407698328381     
                 1105  -1.5840997878256000     
                 1106  -1.5849522870400163     
                 1107  -1.5857984673383436     
                 1108  -1.5866384337735950     
                 1109  -1.5874724132020417     
                 1110  -1.5883006122036201     
                 1111  -1.5891233037480912     
                 1112  -1.5899408450039751     
                 1113  -1.5907534612683889     
                 1114  -1.5915614422022419     
                 1115  -1.5923651541513195     
                 1116  -1.5931648065643489     
                 1117  -1.5939608475455336     
                 1118  -1.5947536615730014     
                 1119  -1.5955436043215017     
                 1120  -1.5963310094409116     
                 1121  -1.5971162493939040     
                 1122  -1.5978997267880808     
                 1123  -1.5986818317043752     
                 1124  -1.5994629233743189     
                 1125  -1.6002434217596573     
                 1126  -1.6010237013352573     
                 1127  -1.6018041276373953     
                 1128  -1.6025850887058015     
                 1129  -1.6033669796163157     
                 1130  -1.6041502325245316     
                 1131  -1.6049352429483013     
                 1132  -1.6057224154773952     
                 1133  -1.6065121768807464     
                 1134  -1.6073049434471962     
                 1135  -1.6081009713638479     
                 1136  -1.6089006074143970     
                 1137  -1.6097042319901855     
                 1138  -1.6105122321351728     
                 1139  -1.6113249955138520     
                 1140  -1.6121428720072120     
                 1141  -1.6129662241288809     
                 1142  -1.6137954124075444     
                 1143  -1.6146307574629437     
                 1144  -1.6154725383885640     
                 1145  -1.6163211069547860     
                 1146  -1.6171767577985425     
                 1147  -1.6180397698150550     
                 1148  -1.6189104019568963     
                 1149  -1.6197888801426485     
                 1150  -1.6206755175774739     
                 1151  -1.6215704808099731     
                 1152  -1.6224740423250719     
                 1153  -1.6233863627824778     
                 1154  -1.6243076037300188     
                 1155  -1.6252379456447736     
                 1156  -1.6261775464554802     
                 1157  -1.6271265668967485     
                 1158  -1.6280851364730202     
                 1159  -1.6290534128112770     
                 1160  -1.6300314789595702     
                 1161  -1.6310194134612466     
                 1162  -1.6320172601651923     
                 1163  -1.6330250667513537     
                 1164  -1.6340428306652852     
                 1165  -1.6350706130866488     
                 1166  -1.6361084576560265     
                 1167  -1.6371563788203525     
                 1168  -1.6382143647396947     
                 1169  -1.6392823916219250     
                 1170  -1.6403604143261823     
                 1171  -1.6414483680587766     
                 1172  -1.6425461446545222     
                 1173  -1.6436537331464118     
                 1174  -1.6447710334732710     
                 1175  -1.6458978346089121     
                 1176  -1.6470340054890555     
                 1177  -1.6481794528122371     
                 1178  -1.6493340305043960     
                 1179  -1.6504976014914456     
                 1180  -1.6516699927035048     
                 1181  -1.6528510178675246     
                 1182  -1.6540404850603529     
                 1183  -1.6552381923811326     
                 1184  -1.6564439239461677     
                 1185  -1.6576574603273131     
                 1186  -1.6588785724223829     
                 1187  -1.6601070212407536     
                 1188  -1.6613425626200042     
                 1189  -1.6625849404188511     
                 1190  -1.6638338919166438     
                 1191  -1.6650891353155164     
                 1192  -1.6663503924980376     
                 1193  -1.6676174229629424     
                 1194  -1.6688899643711426     
                 1195  -1.6701677426047854     
                 1196  -1.6714504656979692     
                 1197  -1.6727378589379716     
                 1198  -1.6740296266145944     
                 1199  -1.6753254709590850     
                 1200  -1.6766251214303582     
                 1201  -1.6779282205419164     
                 1202  -1.6792344553718477     
                 1203  -1.6805435119000411     
                 1204  -1.6818551051945725     
                 1205  -1.6831689580337770     
                 1206  -1.6844847818088133     
                 1207  -1.6858022885658903     
                 1208  -1.6871211919755549     
                 1209  -1.6884412045156389     
                 1210  -1.6897620487294982     
                 1211  -1.6910834272657402     
                 1212  -1.6924050481208242     
                 1213  -1.6937266228371299     
                 1214  -1.6950478661470356     
                 1215  -1.6963685246703815     
                 1216  -1.6976883441665223     
                 1217  -1.6990070681232403     
                 1218  -1.7003244411311136     
                 1219  -1.7016402023411779     
                 1220  -1.7029541187012556     
                 1221  -1.7042659376738134     
                 1222  -1.7055754429572403     
                 1223  -1.7068824351217571     
                 1224  -1.7081867822868706     
                 1225  -1.7094881415535801     
                 1226  -1.7107863148897884     
                 1227  -1.7120811009060222     
                 1228  -1.7133723108118739     
                 1229  -1.7146597591080144     
                 1230  -1.7159432763974150     
                 1231  -1.7172226983664052     
                 1232  -1.7184978671429012     
                 1233  -1.7197686250608462     
                 1234  -1.7210348240538833     
                 1235  -1.7222963292291138     
                 1236  -1.7235530137328978     
                 1237  -1.7248047597315570     
                 1238  -1.7260514572280663     
                 1239  -1.7272930065739249     
                 1240  -1.7285293148397256     
                 1241  -1.7297602961648466     
                 1242  -1.7309858721588725     
                 1243  -1.7322059732926369     
                 1244  -1.7334205368965174     
                 1245  -1.7346295084340120     
                 1246  -1.7358328389886326     
                 1247  -1.7370304900842712     
                 1248  -1.7382224645701077     
                 1249  -1.7394086760164342     
                 1250  -1.7405891003465084     
                 1251  -1.7417637427639079     
                 1252  -1.7429326138759531     
                 1253  -1.7440957366094021     
                 1254  -1.7452531293563580     
                 1255  -1.7464048266268246     
                 1256  -1.7475508225392662     
                 1257  -1.7486911457640972     
                 1258  -1.7498258304544922     
                 1259  -1.7509549129514561     
                 1260  -1.7520784386406127     
                 1261  -1.7531964595169376     
                 1262  -1.7543090366265353     
                 1263  -1.7554162399773754     
                 1264  -1.7565181198144606     
                 1265  -1.7576147462982055     
                 1266  -1.7587061928640071     
                 1267  -1.7597925371021603     
                 1268  -1.7608738517293980     
                 1269  -1.7619502281658086     
                 1270  -1.7630217481316206     
                 1271  -1.7640885001454607     
                 1272  -1.7651505754693204     
                 1273  -1.7662080614226072     
                 1274  -1.7672610610349977     
                 1275  -1.7683096744811828     
                 1276  -1.7693539985407136     
                 1277  -1.7703941355886279     
                 1278  -1.7714302061275267     
                 1279  -1.7724622757710968     
                 1280  -1.7734904376021687     
                 1281  -1.7745147716057001     
                 1282  -1.7755353806932768     
                 1283  -1.7765523590539085     
                 1284  -1.7775658038325901     
                 1285  -1.7785758028880256     
                 1286  -1.7795824440345327     
                 1287  -1.7805858297471304     
                 1288  -1.7815860404614614     
                 1289  -1.7825831502140186     
                 1290  -1.7835772343469674     
                 1291  -1.7845683743097445     
                 1292  -1.7855566241519889     
                 1293  -1.7865420482090086     
                 1294  -1.7875247040394957     
                 1295  -1.7885046429014211     
                 1296  -1.7894819146766259     
                 1297  -1.7904565636357932     
                 1298  -1.7914286283094711     
                 1299  -1.7923981410117475     
                 1300  -1.7933651283532828     
                 1301  -1.7943296098664048     
                 1302  -1.7952916037400639     
                 1303  -1.7962511136246511     
                 1304  -1.7972081363183083     
                 1305  -1.7981626638725270     
                 1306  -1.7991146837926619     
                 1307  -1.8000641742572412     
                 1308  -1.8010111078095530     
                 1309  -1.8019554510356424     
                 1310  -1.8028971636875271     
                 1311  -1.8038361967088510     
                 1312  -1.8047724960879044     
                 1313  -1.8057059976085588     
                 1314  -1.8066366277065515     
                 1315  -1.8075643066639475     
                 1316  -1.8084889477515571     
                 1317  -1.8094104555385662     
                 1318  -1.8103287286244722     
                 1319  -1.8112436598008006     
                 1320  -1.8121551364527266     
                 1321  -1.8130630401178376     
                 1322  -1.8139672465999488     
                 1323  -1.8148676244998567     
                 1324  -1.8157640371426367     
                 1325  -1.8166563416615382     
                 1326  -1.8175443907028326     
                 1327  -1.8184280281599532     
                 1328  -1.8193070950857491     
                 1329  -1.8201814286553974     
                 1330  -1.8210508652617323     
                 1331  -1.8219152371643728     
                 1332  -1.8227743784830528     
                 1333  -1.8236281206704874     
                 1334  -1.8244762929304623     
                 1335  -1.8253187240098867     
                 1336  -1.8261552401533465     
                 1337  -1.8269856653495018     
                 1338  -1.8278098288917846     
                 1339  -1.8286275569599648     
                 1340  -1.8294386808749612     
                 1341  -1.8302430312411389     
                 1342  -1.8310404449111004     
                 1343  -1.8318307686502830     
                 1344  -1.8326138551543549     
                 1345  -1.8333895343888174     
                 1346  -1.8341576638976718     
                 1347  -1.8349181069307474     
                 1348  -1.8356707361483706     
                 1349  -1.8364154607598622     
                 1350  -1.8371521347328865     
                 1351  -1.8378806354360064     
                 1352  -1.8386008516151287     
                 1353  -1.8393126864076108     
                 1354  -1.8400160546017199     
                 1355  -1.8407108830526131     
                 1356  -1.8413971120612767     
                 1357  -1.8420746923742468     
                 1358  -1.8427435863535304     
                 1359  -1.8434037671306498     
                 1360  -1.8440552449264469     
                 1361  -1.8446980271150666     
                 1362  -1.8453321356885903     
                 1363  -1.8459575401874366     
                 1364  -1.8465742693369318     
                 1365  -1.8471823652908546     
                 1366  -1.8477818852215304     
                 1367  -1.8483728993291861     
                 1368  -1.8489554917302369     
                 1369  -1.8495297575074638     
                 1370  -1.8500958046649416     
                 1371  -1.8506537537536103     
                 1372  -1.8512037392214267     
                 1373  -1.8517459036657686     
                 1374  -1.8522804015291592     
                 1375  -1.8528073003541987     
                 1376  -1.8533268087582335     
                 1377  -1.8538391721646748     
                 1378  -1.8543446270218162     
                 1379  -1.8548433928460126     
                 1380  -1.8553356918243513     
                 1381  -1.8558217501646466     
                 1382  -1.8563017755921851     
                 1383  -1.8567759942162905     
                 1384  -1.8572446418205804     
                 1385  -1.8577079634554923     
                 1386  -1.8581662137195389     
                 1387  -1.8586196731404381     
                 1388  -1.8590686647047734     
                 1389  -1.8595133911124899     
                 1390  -1.8599541271371602     
                 1391  -1.8603911479956401     
                 1392  -1.8608247287108364     
                 1393  -1.8612551431228403     
                 1394  -1.8616826632898313     
                 1395  -1.8621075595330321     
                 1396  -1.8625300989449283     
                 1397  -1.8629505448487464     
                 1398  -1.8633691571634496     
                 1399  -1.8637862146944881     
                 1400  -1.8642019704646526     
                 1401  -1.8646166760790779     
                 1402  -1.8650305209227585     
                 1403  -1.8654437233340784     
                 1404  -1.8658565085503214     
                 1405  -1.8662690902553076     
                 1406  -1.8666817826312980     
                 1407  -1.8670947221823833     
                 1408  -1.8675080362507033     
                 1409  -1.8679218884987774     
                 1410  -1.8683364345989912     
                 1411  -1.8687518104141947     
                 1412  -1.8691681352783696     
                 1413  -1.8695855140694584     
                 1414  -1.8700040673269771     
                 1415  -1.8704238781732163     
                 1416  -1.8708450140671635     
                 1417  -1.8712675267840531     
                 1418  -1.8716914361539727     
                 1419  -1.8721166949283792     
                 1420  -1.8725433896551067     
                 1421  -1.8729715264169438     
                 1422  -1.8734010858557169     
                 1423  -1.8738320232540240     
                 1424  -1.8742642730713437     
                 1425  -1.8746977724144260     
                 1426  -1.8751324070708526     
                 1427  -1.8755680590030568     
                 1428  -1.8760045969054064     
                 1429  -1.8764418753631127     
                 1430  -1.8768797360660738     
                 1431  -1.8773180254904891     
                 1432  -1.8777565679884987     
                 1433  -1.8781951372048402     
                 1434  -1.8786335143543182     
                 1435  -1.8790714708621377     
                 1436  -1.8795087669997148     
                 1437  -1.8799452523456588     
                 1438  -1.8803808519774805     
                 1439  -1.8808150211046588     
                 1440  -1.8812474234497170     
                 1441  -1.8816778116108781     
                 1442  -1.8821058578881420     
                 1443  -1.8825312589012753     
                 1444  -1.8829536913304323     
                 1445  -1.8833728545609021     
                 1446  -1.8837884631088031     
                 1447  -1.8842002278137773     
                 1448  -1.8846078554400911     
                 1449  -1.8850110363650561     
                 1450  -1.8854094587676686     
                 1451  -1.8858023963955521     
                 1452  -1.8861897139885759     
                 1453  -1.8865714216003659     
                 1454  -1.8869472958017590     
                 1455  -1.8873170617901163     
                 1456  -1.8876804153585560     
                 1457  -1.8880370476348614     
                 1458  -1.8883865116377356     
                 1459  -1.8887286688304616     
                 1460  -1.8890633167822199     
                 1461  -1.8893901985825339     
                 1462  -1.8897091052767936     
                 1463  -1.8900198647601067     
                 1464  -1.8903223308075290     
                 1465  -1.8906163881600020     
                 1466  -1.8909018594727915     
                 1467  -1.8911789081819781     
                 1468  -1.8914470927259843     
                 1469  -1.8917062909983433     
                 1470  -1.8919564986399953     
                 1471  -1.8921977304251283     
                 1472  -1.8924300222590740     
                 1473  -1.8926534163046751     
                 1474  -1.8928679666733035     
                 1475  -1.8930737366105808     
                 1476  -1.8932708069337791     
                 1477  -1.8934592750537822     
                 1478  -1.8936392607673351     
                 1479  -1.8938109038463278     
                 1480  -1.8939743463001502     
                 1481  -1.8941299833707472     
                 1482  -1.8942784498122833     
                 1483  -1.8944191381771698     
                 1484  -1.8945522383127074     
                 1485  -1.8946780607374907     
                 1486  -1.8947969431728078     
                 1487  -1.8949093645037431     
                 1488  -1.8950155986992741     
                 1489  -1.8951161515704555     
                 1490  -1.8952112791479625     
                 1491  -1.8953015048759609     
                 1492  -1.8953870509206456     
                 1493  -1.8954673559710005     
                 1494  -1.8955426105090250     
                 1495  -1.8956134408920540     
                 1496  -1.8956808457915810     
                 1497  -1.8957458593462764     
                 1498  -1.8958074209150217     
                 1499  -1.8958661282972855     
                 1500  -1.8959220543438222     
                 1501  -1.8959752827926000     
                 1502  -1.8960277050703136     
                 1503  -1.8960782775102811     
                 1504  -1.8961284290692368     
                 1505  -1.8961786045567399     
                 1506  -1.8962289269960999     
                 1507  -1.8962791947531585     
                 1508  -1.8963300966486205     
                 1509  -1.8963822541418915     
                 1510  -1.8964349713071547     
                 1511  -1.8964884009572900     
                 1512  -1.8965424673568128     
                 1513  -1.8965973246371630     
                 1514  -1.8966532027189049     
                 1515  -1.8967106837913446     
                 1516  -1.8967697488579227     
                 1517  -1.8968308420634297     
                 1518  -1.8968927532531181     
                 1519  -1.8969555608179962     
                 1520  -1.8970193922092768     
                 1521  -1.8970852817274999     
                 1522  -1.8971538743436083     
                 1523  -1.8972249425539935     
                 1524  -1.8972977371247539     
                 1525  -1.8973718674907627     
                 1526  -1.8974469751230143     
                 1527  -1.8975230967894174     
                 1528  -1.8976001117608146     
                 1529  -1.8976779226080180     
                 1530  -1.8977561343227765     
                 1531  -1.8978337086608790     
                 1532  -1.8979104763147581     
                 1533  -1.8979878132890831     
                 1534  -1.8980659831751157     
                 1535  -1.8981449344806358     
                 1536  -1.8982245349369431     
                 1537  -1.8983047404787368     
                 1538  -1.8983840406358481     
                 1539  -1.8984609062614908     
                 1540  -1.8985357546756785     
                 1541  -1.8986086552197061     
                 1542  -1.8986796246235420     
                 1543  -1.8987486094893575     
                 1544  -1.8988154480083761     
                 1545  -1.8988802012649100     
                 1546  -1.8989424192042279     
                 1547  -1.8990020144803916     
                 1548  -1.8990582328809895     
                 1549  -1.8991101920477582     
                 1550  -1.8991573938038999     
                 1551  -1.8992001551122601     
                 1552  -1.8992384266830373     
                 1553  -1.8992721120930784     
                 1554  -1.8993012827332325     
                 1555  -1.8993250920150964     
                 1556  -1.8993435782393957     
                 1557  -1.8993563291779976     
                 1558  -1.8993632453579761     
                 1559  -1.8993642403891511     
                 1560  -1.8993592007413993     
                 1561  -1.8993479322492126     
                 1562  -1.8993301831448341     
                 1563  -1.8993055650171398     
                 1564  -1.8992731057215089     
                 1565  -1.8992338304847245     
                 1566  -1.8991877431207294     
                 1567  -1.8991348513044808     
                 1568  -1.8990751196528541     
                 1569  -1.8990085604078688     
                 1570  -1.8989349100018695     
                 1571  -1.8988539538610594     
                 1572  -1.8987655098248846     
                 1573  -1.8986701235623935     
                 1574  -1.8985671547365404     
                 1575  -1.8984558549681776     
                 1576  -1.8983360865781373     
                 1577  -1.8982079678847641     
                 1578  -1.8980716714378703     
                 1579  -1.8979269864321280     
                 1580  -1.8977737083214175     
                 1581  -1.8976117056917248     
                 1582  -1.8974408694047180     
                 1583  -1.8972610589083501     
                 1584  -1.8970721630295766     
                 1585  -1.8968739576086817     
                 1586  -1.8966661923653689     
                 1587  -1.8964486172035897     
                 1588  -1.8962207952244301     
                 1589  -1.8959825291087831     
                 1590  -1.8957329976973030     
                 1591  -1.8954726344435275     
                 1592  -1.8952013573228204     
                 1593  -1.8949189144541008     
                 1594  -1.8946249405108742     
                 1595  -1.8943190180319398     
                 1596  -1.8940006051350506     
                 1597  -1.8936691043870963     
                 1598  -1.8933240167181371     
                 1599  -1.8929648864957245     
                 1600  -1.8925912399437812     
                 1601  -1.8922025793893125     
                 1602  -1.8917983931762881     
                 1603  -1.8913781521635589     
                 1604  -1.8909412959185914     
                 1605  -1.8904872503656067     
                 1606  -1.8900156260542038     
                 1607  -1.8895258609174741     
                 1608  -1.8890170651836504     
                 1609  -1.8884884539444156     
                 1610  -1.8879394231279574     
                 1611  -1.8873693504307478     
                 1612  -1.8867776462631767     
                 1613  -1.8861637256912074     
                 1614  -1.8855270111594642     
                 1615  -1.8848668970172524     
                 1616  -1.8841827555772750     
                 1617  -1.8834740581774505     
                 1618  -1.8827402282585897     
                 1619  -1.8819807084124853     
                 1620  -1.8811949468828355     
                 1621  -1.8803824220858976     
                 1622  -1.8795426499841699     
                 1623  -1.8786751782714779     
                 1624  -1.8777792998077740     
                 1625  -1.8768548687297371     
                 1626  -1.8759016841177163     
                 1627  -1.8749195131381029     
                 1628  -1.8739081657291285     
                 1629  -1.8728674480026930     
                 1630  -1.8717971864205472     
                 1631  -1.8706972724757205     
                 1632  -1.8695676567690034     
                 1633  -1.8684083969564995     
                 1634  -1.8672196329632287     
                 1635  -1.8660014222349994     
                 1636  -1.8647539736956684     
                 1637  -1.8634775758330677     
                 1638  -1.8621729669855316     
                 1639  -1.8608399075143558     
                 1640  -1.8594788980996775     
                 1641  -1.8580905486654553     
                 1642  -1.8566755376664701     
                 1643  -1.8552345960966272     
                 1644  -1.8537684881230092     
                 1645  -1.8522780243059813     
                 1646  -1.8507640500510985     
                 1647  -1.8492274304554230     
                 1648  -1.8476691098337239     
                 1649  -1.8460900771771656     
                 1650  -1.8444913737791295     
                 1651  -1.8428740909773547     
                 1652  -1.8412393681831756     
                 1653  -1.8395884067929320     
                 1654  -1.8379224428443746     
                 1655  -1.8362427532659642     
                 1656  -1.8345506136247558     
                 1657  -1.8328472822222668     
                 1658  -1.8311342853805832     
                 1659  -1.8294129790240086     
                 1660  -1.8276847617326173     
                 1661  -1.8259510262417817     
                 1662  -1.8242131868982041     
                 1663  -1.8224726640373157     
                 1664  -1.8207308983647565     
                 1665  -1.8189893380549760     
                 1666  -1.8172494354119757     
                 1667  -1.8155126602890252     
                 1668  -1.8137804720478290     
                 1669  -1.8120543187902511     
                 1670  -1.8103356419490357     
                 1671  -1.8086258669043414     
                 1672  -1.8069264046161027     
                 1673  -1.8052386482348846     
                 1674  -1.8035639727899391     
                 1675  -1.8019037298584923     
                 1676  -1.8002592490968772     
                 1677  -1.7986318490150137     
                 1678  -1.7970227962414629     
                 1679  -1.7954333583323903     
                 1680  -1.7938647707507716     
                 1681  -1.7923182386926393     
                 1682  -1.7907949381756461     
                 1683  -1.7892960152146395     
                 1684  -1.7878225828315932     
                 1685  -1.7863757228145376     
                 1686  -1.7849564823764799     
                 1687  -1.7835658741859624     
                 1688  -1.7822048636071008     
                 1689  -1.7808743868641073     
                 1690  -1.7795753363704858     
                 1691  -1.7783085819570958     
                 1692  -1.7770748793190072     
                 1693  -1.7758749554844753     
                 1694  -1.7747097253414479     
                 1695  -1.7735799693010579     
                 1696  -1.7724864080204756     
                 1697  -1.7714296891592720     
                 1698  -1.7704104113907455     
                 1699  -1.7694291427716380     
                 1700  -1.7684864056401481     
                 1701  -1.7675826902385841     
                 1702  -1.7667184563098000     
                 1703  -1.7658941562681822     
                 1704  -1.7651102192282213     
                 1705  -1.7643670325924252     
                 1706  -1.7636649404987852     
                 1707  -1.7630042650486379     
                 1708  -1.7623852925125396     
                 1709  -1.7618082819462142     
                 1710  -1.7612734630417535     
                 1711  -1.7607810326692239     
                 1712  -1.7603311605915433     
                 1713  -1.7599239973476508     
                 1714  -1.7595596902744124     
                 1715  -1.7592383491657322     
                 1716  -1.7589599622120728     
                 1717  -1.7587245601832040     
                 1718  -1.7585320957662867     
                 1719  -1.7583825472259249     
                 1720  -1.7582758807544794     
                 1721  -1.7582120391470912     
                 1722  -1.7581909416643455     
                 1723  -1.7582124814948037     
                 1724  -1.7582765466859289     
                 1725  -1.7583830418528710     
                 1726  -1.7585316746154047     
                 1727  -1.7587222936402176     
                 1728  -1.7589546095180781     
                 1729  -1.7592283587365247     
                 1730  -1.7595432399627433     
                 1731  -1.7598989809818437     
                 1732  -1.7602953045371665     
                 1733  -1.7607318908667084     
                 1734  -1.7612084480598904     
                 1735  -1.7617245950852549     
                 1736  -1.7622799013530095     
                 1737  -1.7628739451825475     
                 1738  -1.7635062946169038     
                 1739  -1.7641764719468125     
                 1740  -1.7648840336414267     
                 1741  -1.7656285556052593     
                 1742  -1.7664095649324578     
                 1743  -1.7672265676213113     
                 1744  -1.7680790444487591     
                 1745  -1.7689664475632307     
                 1746  -1.7698882315691185     
                 1747  -1.7708438281834229     
                 1748  -1.7718326572642527     
                 1749  -1.7728541166871472     
                 1750  -1.7739075989133699     
                 1751  -1.7749924850929055     
                 1752  -1.7761081455044494     
                 1753  -1.7772539404273857     
                 1754  -1.7784292382529092     
                 1755  -1.7796333515310172     
                 1756  -1.7808656444025659     
                 1757  -1.7821254417689323     
                 1758  -1.7834119167832045     
                 1759  -1.7847243673340329     
                 1760  -1.7860621019177514     
                 1761  -1.7874244073186181     
                 1762  -1.7888105505042440     
                 1763  -1.7902198009283308     
                 1764  -1.7916514065382492     
                 1765  -1.7931045930494105     
                 1766  -1.7945785860845844     
                 1767  -1.7960726105346509     
                 1768  -1.7975858821717419     
                 1769  -1.7991175371294417     
                 1770  -1.8006668537846744     
                 1771  -1.8022330323943363     
                 1772  -1.8038152808357075     
                 1773  -1.8054127774726252     
                 1774  -1.8070247156070649     
                 1775  -1.8086502896132723     
                 1776  -1.8102886804488088     
                 1777  -1.8119390767172543     
                 1778  -1.8136006615927875     
                 1779  -1.8152726150006471     
                 1780  -1.8169541334192396     
                 1781  -1.8186444056366866     
                 1782  -1.8203426258504685     
                 1783  -1.8220479961049452     
                 1784  -1.8237596960723350     
                 1785  -1.8254769755703553     
                 1786  -1.8271990325724405     
                 1787  -1.8289250728219777     
                 1788  -1.8306543081907856     
                 1789  -1.8323859648263490     
                 1790  -1.8341192723904738     
                 1791  -1.8358534719296669     
                 1792  -1.8375878237485956     
                 1793  -1.8393215792803350     
                 1794  -1.8410540422551112     
                 1795  -1.8427844855724289     
                 1796  -1.8445122140853731     
                 1797  -1.8462365585113329     
                 1798  -1.8479568752664712     
                 1799  -1.8496724874525319     
                 1800  -1.8513827366397049     
                 1801  -1.8530869895696147     
                 1802  -1.8547846301169328     
                 1803  -1.8564750337413454     
                 1804  -1.8581576253078906     
                 1805  -1.8598318417289590     
                 1806  -1.8614972030354553     
                 1807  -1.8631531987591092     
                 1808  -1.8647993368196192     
                 1809  -1.8664352197293346     
                 1810  -1.8680603599254970     
                 1811  -1.8696742540707980     
                 1812  -1.8712764652591438     
                 1813  -1.8728666377295828     
                 1814  -1.8744443762988694     
                 1815  -1.8760093225009957     
                 1816  -1.8775611307719546     
                 1817  -1.8790995000107980     
                 1818  -1.8806241461538846     
                 1819  -1.8821348111199949     
                 1820  -1.8836312548390772     
                 1821  -1.8851131985625551     
                 1822  -1.8865804838950244     
                 1823  -1.8880329331922785     
                 1824  -1.8894703765403413     
                 1825  -1.8908926594360660     
                 1826  -1.8922996544319008     
                 1827  -1.8936912507444628     
                 1828  -1.8950673468470822     
                 1829  -1.8964278499001237     
                 1830  -1.8977727221267053     
                 1831  -1.8991019950045864     
                 1832  -1.9004155887095415     
                 1833  -1.9017134794027570     
                 1834  -1.9029956573958862     
                 1835  -1.9042621372489852     
                 1836  -1.9055129492459837     
                 1837  -1.9067481331644358     
                 1838  -1.9079677268921029     
                 1839  -1.9091717704527071     
                 1840  -1.9103604059840671     
                 1841  -1.9115337154475291     
                 1842  -1.9126918069455168     
                 1843  -1.9138347564093658     
                 1844  -1.9149626616074877     
                 1845  -1.9160756611454832     
                 1846  -1.9171738761518742     
                 1847  -1.9182573570143435     
                 1848  -1.9193263802827543     
                 1849  -1.9203811025090578     
                 1850  -1.9214215975292617     
                 1851  -1.9224478469149593     
                 1852  -1.9234600132197932     
                 1853  -1.9244581833576124     
                 1854  -1.9254425532154651     
                 1855  -1.9264132287515194     
                 1856  -1.9273703578192085     
                 1857  -1.9283139771753772     
                 1858  -1.9292442699478571     
                 1859  -1.9301613936057813     
                 1860  -1.9310653755263238     
                 1861  -1.9319562521692930     
                 1862  -1.9328340734463227     
                 1863  -1.9336989155120690     
                 1864  -1.9345507923762082     
                 1865  -1.9353899373398242     
                 1866  -1.9362164062513576     
                 1867  -1.9370301390432438     
                 1868  -1.9378312413953966     
                 1869  -1.9386197721292584     
                 1870  -1.9393957445284209     
                 1871  -1.9401591547963883     
                 1872  -1.9409099890650785     
                 1873  -1.9416482311097187     
                 1874  -1.9423738755857152     
                 1875  -1.9430869034342191     
                 1876  -1.9437872097074493     
                 1877  -1.9444747158858768     
                 1878  -1.9451493602840433     
                 1879  -1.9458111197761798     
                 1880  -1.9464599212490832     
                 1881  -1.9470957460936116     
                 1882  -1.9477183682323291     
                 1883  -1.9483276437259591     
                 1884  -1.9489234036987930     
                 1885  -1.9495054991966696     
                 1886  -1.9500738309605596     
                 1887  -1.9506282710669356     
                 1888  -1.9511686363873970     
                 1889  -1.9516948006404420     
                 1890  -1.9522067013807296     
                 1891  -1.9527040093383274     
                 1892  -1.9531864601997142     
                 1893  -1.9536539182225674     
                 1894  -1.9541062334163333     
                 1895  -1.9545430900019594     
                 1896  -1.9549642101395224     
                 1897  -1.9553696497968014     
                 1898  -1.9557590862043321     
                 1899  -1.9561321818225230     
                 1900  -1.9564885829846268     
                 1901  -1.9568281449619476     
                 1902  -1.9571507250683615     
                 1903  -1.9574560940992067     
                 1904  -1.9577440184664325     
                 1905  -1.9580142871804811     
                 1906  -1.9582667671191962     
                 1907  -1.9585010869932891     
                 1908  -1.9587168446211969     
                 1909  -1.9589140121743955     
                 1910  -1.9590923187472120     
                 1911  -1.9592515640132047     
                 1912  -1.9593915475514869     
                 1913  -1.9595120599135285     
                 1914  -1.9596129239901448     
                 1915  -1.9596939205884083     
                 1916  -1.9597548556453672     
                 1917  -1.9597955504518199     
                 1918  -1.9598158372247392     
                 1919  -1.9598155236739419     
                 1920  -1.9597944874205724     
                 1921  -1.9597525804017926     
                 1922  -1.9596896650207141     
                 1923  -1.9596056145249032     
                 1924  -1.9595003130852229     
                 1925  -1.9593736591141591     
                 1926  -1.9592255660224513     
                 1927  -1.9590559577313646     
                 1928  -1.9588647715626664     
                 1929  -1.9586519573377865     
                 1930  -1.9584174746205141     
                 1931  -1.9581612955120300     
                 1932  -1.9578834065802511     
                 1933  -1.9575838082113590     
                 1934  -1.9572625144882205     
                 1935  -1.9569195579142129     
                 1936  -1.9565549730692646     
                 1937  -1.9561688137005502     
                 1938  -1.9557612894031580     
                 1939  -1.9553323877948476     
                 1940  -1.9548821152342915     
                 1941  -1.9544105740689515     
                 1942  -1.9539178695929920     
                 1943  -1.9534041371108828     
                 1944  -1.9528695352238636     
                 1945  -1.9523142371816942     
                 1946  -1.9517384276706660     
                 1947  -1.9511423014551628     
                 1948  -1.9505260488461487     
                 1949  -1.9498898673733238     
                 1950  -1.9492339669655072     
                 1951  -1.9485585679838131     
                 1952  -1.9478639018762429     
                 1953  -1.9471502114051795     
                 1954  -1.9464177224977546     
                 1955  -1.9456668992995838     
                 1956  -1.9448979158190909     
                 1957  -1.9441109928755536     
                 1958  -1.9433064756889471     
                 1959  -1.9424845784950284     
                 1960  -1.9416455823469321     
                 1961  -1.9407898133245860     
                 1962  -1.9399175683714385     
                 1963  -1.9390291763168230     
                 1964  -1.9381249895231003     
                 1965  -1.9372053545306207     
                 1966  -1.9362706108316952     
                 1967  -1.9353210947197164     
                 1968  -1.9343571738171412     
                 1969  -1.9333791762450143     
                 1970  -1.9323874294765593     
                 1971  -1.9313821389409234     
                 1972  -1.9303637713603092     
                 1973  -1.9293327339916648     
                 1974  -1.9282893671289396     
                 1975  -1.9272340096462752     
                 1976  -1.9261670017231871     
                 1977  -1.9250886878244957     
                 1978  -1.9239994139066754     
                 1979  -1.9228995295180424     
                 1980  -1.9217893846641523     
                 1981  -1.9206693347111565     
                 1982  -1.9195397285145870     
                 1983  -1.9184008917582547     
                 1984  -1.9172531856654371     
                 1985  -1.9160969665781300     
                 1986  -1.9149325612058832     
                 1987  -1.9137603148929061     
                 1988  -1.9125805770421809     
                 1989  -1.9113936693230280     
                 1990  -1.9101998803352935     
                 1991  -1.9089995403874280     
                 1992  -1.9077929991880211     
                 1993  -1.9065805943960408     
                 1994  -1.9053626914434418     
                 1995  -1.9041395803867878     
                 1996  -1.9029118882433080     
                 1997  -1.9016795956703760     
                 1998  -1.9004429551309561     
                 1999  -1.8992024136683654     
                 2000  -1.8979584726962815     
                 2001  -1.8967110151473425     
                 2002  -1.8954605055471776     
                 2003  -1.8942070415332526     
                 2004  -1.8929508457558000     
                 2005  -1.8916921616213282     
                 2006  -1.8904312243755597     
                 2007  -1.8891682942487666     
                 2008  -1.8879036279133650     
                 2009  -1.8866374901132648     
                 2010  -1.8853700960140831     
                 2011  -1.8841017536514759     
                 2012  -1.8828326893302942     
                 2013  -1.8815631290230557     
                 2014  -1.8802933112683153     
                 2015  -1.8790233961317686     
                 2016  -1.8777535432560386     
                 2017  -1.8764839443810537     
                 2018  -1.8752152449339896     
                 2019  -1.8739472722185573     
                 2020  -1.8726802024132772     
                 2021  -1.8714142238542846     
                 2022  -1.8701497737858248     
                 2023  -1.8688870401658650     
                 2024  -1.8676258958732737     
                 2025  -1.8663665242487579     
                 2026  -1.8651094974279603     
                 2027  -1.8638546346330158     
                 2028  -1.8626020553654237     
                 2029  -1.8613519100739280     
                 2030  -1.8601043972572280     
                 2031  -1.8588595547460924     
                 2032  -1.8576175010439957     
                 2033  -1.8563783882476756     
                 2034  -1.8551423379756677     
                 2035  -1.8539094714896667     
                 2036  -1.8526799008301795     
                 2037  -1.8514537361668235     
                 2038  -1.8502310848313825     
                 2039  -1.8490120420137965     
                 2040  -1.8477967174756269     
