                     1  0.000000000000000E+000
                     2  0.000000000000000E+000
                     3 -3.093067103020476E-003
                     4 -6.296518946153426E-003
                     5 -9.620994573592962E-003
                     6 -1.312059312939571E-002
                     7 -1.676992561483983E-002
                     8 -2.054385170509281E-002
                     9 -2.441599060696763E-002
                    10 -2.836751252153081E-002
                    11 -3.238000744148649E-002
                    12 -3.644249249887161E-002
                    13 -4.054044354875842E-002
                    14 -4.465818431946300E-002
                    15 -4.878924432855589E-002
                    16 -5.292719646984959E-002
                    17 -5.706516447274063E-002
                    18 -6.119684251710488E-002
                    19 -6.531745578016346E-002
                    20 -6.942309735004214E-002
                    21 -7.351102973491437E-002
                    22 -7.758566199315092E-002
                    23 -8.167236995872691E-002
                    24 -8.588069967269774E-002
                    25 -9.016183285653698E-002
                    26 -9.441475492834150E-002
                    27 -9.870415109575353E-002
                    28 -0.102969363788101     
                    29 -0.107194778303200     
                    30 -0.111389370043981     
                    31 -0.115521420805162     
                    32 -0.119609257927992     
                    33 -0.123651876834396     
                    34 -0.127650618188525     
                    35 -0.131608142795995     
                    36 -0.135520910886987     
                    37 -0.139391698670437     
                    38 -0.143221831553346     
                    39 -0.147012336767106     
                    40 -0.150762784912640     
                    41 -0.154466799867945     
                    42 -0.158122728480959     
                    43 -0.161720409302568     
                    44 -0.165274429480047     
                    45 -0.168785247235477     
                    46 -0.172259594620593     
                    47 -0.175699397001876     
                    48 -0.179105631904569     
                    49 -0.182471058613406     
                    50 -0.185788245667160     
                    51 -0.189062403997701     
                    52 -0.192293594544820     
                    53 -0.195481598830713     
                    54 -0.198626785157664     
                    55 -0.201728778743083     
                    56 -0.204787866884053     
                    57 -0.207803124837367     
                    58 -0.210775003175810     
                    59 -0.213703510247716     
                    60 -0.216588735811249     
                    61 -0.219430462096564     
                    62 -0.222228654155501     
                    63 -0.224983371661938     
                    64 -0.227693966718415     
                    65 -0.230360353797722     
                    66 -0.232982422520095     
                    67 -0.235559605730794     
                    68 -0.238092143032256     
                    69 -0.240579997100314     
                    70 -0.243023490235729     
                    71 -0.245421683188448     
                    72 -0.247774429014359     
                    73 -0.250081920868717     
                    74 -0.252343477697854     
                    75 -0.254558194244853     
                    76 -0.256726998739169     
                    77 -0.258848954695621     
                    78 -0.260923898833884     
                    79 -0.262951702273236     
                    80 -0.264932913932298     
                    81 -0.266867545663103     
                    82 -0.268756203428704     
                    83 -0.270599896070238     
                    84 -0.272399061464114     
                    85 -0.274153434095608     
                    86 -0.275863207260354     
                    87 -0.277527715007449     
                    88 -0.279147931530235     
                    89 -0.280724772910945     
                    90 -0.282257871790535     
                    91 -0.283746504470573     
                    92 -0.285192223941447     
                    93 -0.286596651521662     
                    94 -0.287961984800076     
                    95 -0.289281736656200     
                    96 -0.290558345504569     
                    97 -0.291796065572102     
                    98 -0.292998685981715     
                    99 -0.294164301881774     
                   100 -0.295294979469392     
                   101 -0.296389749636703     
                   102 -0.297450193441510     
                   103 -0.298478129733370     
                   104 -0.299470280781415     
                   105 -0.300426556657913     
                   106 -0.301347933026963     
                   107 -0.302236288754405     
                   108 -0.303091568892009     
                   109 -0.303911237704524     
                   110 -0.304694155410939     
                   111 -0.305442769499084     
                   112 -0.306153394235825     
                   113 -0.306825540014947     
                   114 -0.307459343219911     
                   115 -0.308056637061704     
                   116 -0.308619613780630     
                   117 -0.309145598203560     
                   118 -0.309639432987040     
                   119 -0.310104722625278     
                   120 -0.310547153902157     
                   121 -0.310974485498549     
                   122 -0.311393363143351     
                   123 -0.311800329744175     
                   124 -0.312171280390588     
                   125 -0.312503178064051     
                   126 -0.312793031863398     
                   127 -0.313049236444109     
                   128 -0.313272443968422     
                   129 -0.313466278072117     
                   130 -0.313639838549993     
                   131 -0.313794235328054     
                   132 -0.313923202382231     
                   133 -0.314031932936513     
                   134 -0.314111049328991     
                   135 -0.314164117382934     
                   136 -0.314198697161685     
                   137 -0.314215380201941     
                   138 -0.314213622758592     
                   139 -0.314192451318417     
                   140 -0.314152068229681     
                   141 -0.314093505336447     
                   142 -0.314017557624519     
                   143 -0.313925303944376     
                   144 -0.313816956604042     
                   145 -0.313693252704332     
                   146 -0.313554446450106     
                   147 -0.313401278680312     
                   148 -0.313234012572014     
                   149 -0.313053514100557     
                   150 -0.312860345541803     
                   151 -0.312655184133580     
                   152 -0.312438361532316     
                   153 -0.312210582228911     
                   154 -0.311972700167561     
                   155 -0.311725109553000     
                   156 -0.311468411941767     
                   157 -0.311203409272417     
                   158 -0.310930855859130     
                   159 -0.310651124562315     
                   160 -0.310364544618514     
                   161 -0.310071303275398     
                   162 -0.309772038878321     
                   163 -0.309467602860794     
                   164 -0.309158103958989     
                   165 -0.308844072478979     
                   166 -0.308525874845235     
                   167 -0.308204334618748     
                   168 -0.307879053638258     
                   169 -0.307549930885583     
                   170 -0.307219304164946     
                   171 -0.306888530962902     
                   172 -0.306558242031246     
                   173 -0.306226167084246     
                   174 -0.305888389683937     
                   175 -0.305544824935889     
                   176 -0.305197274258469     
                   177 -0.304851085908985     
                   178 -0.304510382721213     
                   179 -0.304173201200339     
                   180 -0.303842990754290     
                   181 -0.303514511907590     
                   182 -0.303183000888047     
                   183 -0.302840642425806     
                   184 -0.302473592436182     
                   185 -0.302094603354826     
                   186 -0.301720026565407     
                   187 -0.301362705361809     
                   188 -0.301018694611346     
                   189 -0.300695629990633     
                   190 -0.300389660681501     
                   191 -0.300080811505528     
                   192 -0.299756791867400     
                   193 -0.299418998443533     
                   194 -0.299075007268611     
                   195 -0.298720827040664     
                   196 -0.298358259510354     
                   197 -0.298004129261839     
                   198 -0.297656317506840     
                   199 -0.297312231086584     
                   200 -0.296970473849326     
                   201 -0.296631008973202     
                   202 -0.296293921525233     
                   203 -0.295959446724666     
                   204 -0.295627707521863     
                   205 -0.295298569123707     
                   206 -0.294972057061960     
                   207 -0.294648335049334     
                   208 -0.294326995910940     
                   209 -0.294008045386343     
                   210 -0.293692117822341     
                   211 -0.293379616884127     
                   212 -0.293070422978489     
                   213 -0.292764659425695     
                   214 -0.292462420865260     
                   215 -0.292163330173843     
                   216 -0.291867740754114     
                   217 -0.291575942572685     
                   218 -0.291288017568507     
                   219 -0.291003897683486     
                   220 -0.290723686493740     
                   221 -0.290447190160306     
                   222 -0.290174970250209     
                   223 -0.289907070248722     
                   224 -0.289643376625848     
                   225 -0.289383261677144     
                   226 -0.289126100117996     
                   227 -0.288873681730449     
                   228 -0.288626650556955     
                   229 -0.288383645719414     
                   230 -0.288145436990396     
                   231 -0.287912042158979     
                   232 -0.287684753005346     
                   233 -0.287463739730236     
                   234 -0.287245872736639     
                   235 -0.287030312638702     
                   236 -0.286820437318556     
                   237 -0.286615835545007     
                   238 -0.286416513221525     
                   239 -0.286217853693384     
                   240 -0.286021224474139     
                   241 -0.285830342000457     
                   242 -0.285648471474654     
                   243 -0.285477996091322     
                   244 -0.285311988825967     
                   245 -0.285152107734362     
                   246 -0.284994491472306     
                   247 -0.284840051272595     
                   248 -0.284680633323561     
                   249 -0.284505504786913     
                   250 -0.284314241793818     
                   251 -0.284120727817464     
                   252 -0.283932520131306     
                   253 -0.283757979133540     
                   254 -0.283616718956258     
                   255 -0.283491739506109     
                   256 -0.283367849441265     
                   257 -0.283233852463776     
                   258 -0.283087628838005     
                   259 -0.282932554196862     
                   260 -0.282771892166590     
                   261 -0.282600224311976     
                   262 -0.282425076540166     
                   263 -0.282249889012004     
                   264 -0.282074879967522     
                   265 -0.281899660306880     
                   266 -0.281724357594029     
                   267 -0.281549182394190     
                   268 -0.281374237486226     
                   269 -0.281199553370663     
                   270 -0.281026136394832     
                   271 -0.280853356002155     
                   272 -0.280680939746327     
                   273 -0.280509020331730     
                   274 -0.280337682406781     
                   275 -0.280167188712037     
                   276 -0.279997325750196     
                   277 -0.279827755332034     
                   278 -0.279658529351909     
                   279 -0.279489630385149     
                   280 -0.279321619693807     
                   281 -0.279153233486734     
                   282 -0.278984788078383     
                   283 -0.278816807838577     
                   284 -0.278649119522497     
                   285 -0.278481543304801     
                   286 -0.278314680360430     
                   287 -0.278148847118711     
                   288 -0.277983190346185     
                   289 -0.277818330270965     
                   290 -0.277654653727113     
                   291 -0.277491188978126     
                   292 -0.277327946452967     
                   293 -0.277165318889759     
                   294 -0.277004355246155     
                   295 -0.276845729767351     
                   296 -0.276690174007735     
                   297 -0.276536747030349     
                   298 -0.276386121308082     
                   299 -0.276239288595662     
                   300 -0.276096233684884     
                   301 -0.275950916243468     
                   302 -0.275798887571471     
                   303 -0.275646822849815     
                   304 -0.275496942210892     
                   305 -0.275352445981587     
                   306 -0.275219826702724     
                   307 -0.275094887443425     
                   308 -0.274969697412438     
                   309 -0.274839231511316     
                   310 -0.274713427691384     
                   311 -0.274594560579289     
                   312 -0.274467880982727     
                   313 -0.274328986727929     
                   314 -0.274169701377907     
                   315 -0.274006425750590     
                   316 -0.273856465508512     
                   317 -0.273726132287883     
                   318 -0.273622041628787     
                   319 -0.273536285202235     
                   320 -0.273452067778593     
                   321 -0.273358047249677     
                   322 -0.273250970210554     
                   323 -0.273140957054738     
                   324 -0.273019840660861     
                   325 -0.272902145716807     
                   326 -0.272788562053634     
                   327 -0.272674880211687     
                   328 -0.272564028182639     
                   329 -0.272455637206450     
                   330 -0.272349127731628     
                   331 -0.272246809583054     
                   332 -0.272148972289054     
                   333 -0.272054707056015     
                   334 -0.271961015242073     
                   335 -0.271867765232935     
                   336 -0.271773769746524     
                   337 -0.271678988611383     
                   338 -0.271582823162707     
                   339 -0.271483899872662     
                   340 -0.271383355087572     
                   341 -0.271281078529393     
                   342 -0.271176889329633     
                   343 -0.271071677809710     
                   344 -0.270966681830704     
                   345 -0.270859375411253     
                   346 -0.270749498610126     
                   347 -0.270636825468928     
                   348 -0.270521218556491     
                   349 -0.270401875623072     
                   350 -0.270279430390274     
                   351 -0.270154820429150     
                   352 -0.270029194707048     
                   353 -0.269902776646870     
                   354 -0.269774633048117     
                   355 -0.269644343306992     
                   356 -0.269513454480284     
                   357 -0.269382999111528     
                   358 -0.269253528660402     
                   359 -0.269123431394896     
                   360 -0.268990488590339     
                   361 -0.268857715826442     
                   362 -0.268725245049378     
                   363 -0.268587027301255     
                   364 -0.268445423194301     
                   365 -0.268305902295149     
                   366 -0.268172919082837     
                   367 -0.268054066124181     
                   368 -0.267946414728609     
                   369 -0.267838013578414     
                   370 -0.267730626815461     
                   371 -0.267632436244182     
                   372 -0.267548138149975     
                   373 -0.267482342213807     
                   374 -0.267430626416769     
                   375 -0.267383756249146     
                   376 -0.267339363053720     
                   377 -0.267294950096277     
                   378 -0.267264013192552     
                   379 -0.267250511725961     
                   380 -0.267257391688635     
                   381 -0.267284251131644     
                   382 -0.267317155471991     
                   383 -0.267339847607035     
                   384 -0.267347417227952     
                   385 -0.267348360976650     
                   386 -0.267335190443057     
                   387 -0.267314838423539     
                   388 -0.267295108213484     
                   389 -0.267280645289773     
                   390 -0.267264677990667     
                   391 -0.267245911492438     
                   392 -0.267218550407563     
                   393 -0.267181231082596     
                   394 -0.267134210045045     
                   395 -0.267078796306496     
                   396 -0.267015094513568     
                   397 -0.266943584314495     
                   398 -0.266864666732223     
                   399 -0.266779545490294     
                   400 -0.266688788861643     
                   401 -0.266592493968599     
                   402 -0.266491632229168     
                   403 -0.266385845810690     
                   404 -0.266276394112363     
                   405 -0.266163230632025     
                   406 -0.266046435247451     
                   407 -0.265926774474923     
                   408 -0.265804518977974     
                   409 -0.265679832978493     
                   410 -0.265554006261445     
                   411 -0.265426821815499     
                   412 -0.265298891855334     
                   413 -0.265168790824755     
                   414 -0.265036947760313     
                   415 -0.264903309724552     
                   416 -0.264769314914130     
                   417 -0.264635322844929     
                   418 -0.264501799239044     
                   419 -0.264371244655687     
                   420 -0.264245422257211     
                   421 -0.264125432756373     
                   422 -0.264011976947652     
                   423 -0.263906687997490     
                   424 -0.263808527192089     
                   425 -0.263713968184254     
                   426 -0.263632124935091     
                   427 -0.263596025983169     
                   428 -0.263601910716969     
                   429 -0.263627461842588     
                   430 -0.263667561589811     
                   431 -0.263718787441579     
                   432 -0.263775169771485     
                   433 -0.263834952114087     
                   434 -0.263899033926605     
                   435 -0.263958985682217     
                   436 -0.264016922030230     
                   437 -0.264069536465706     
                   438 -0.264114112874674     
                   439 -0.264160178902634     
                   440 -0.264219057058950     
                   441 -0.264286591196676     
                   442 -0.264375869239636     
                   443 -0.264484463119083     
                   444 -0.264587861431202     
                   445 -0.264664267586515     
                   446 -0.264718208895398     
                   447 -0.264746081792300     
                   448 -0.264754333485256     
                   449 -0.264751071092379     
                   450 -0.264736243797321     
                   451 -0.264711291263897     
                   452 -0.264676522840905     
                   453 -0.264632233718837     
                   454 -0.264578893994663     
                   455 -0.264517607226728     
                   456 -0.264448714219436     
                   457 -0.264373548066860     
                   458 -0.264291953382152     
                   459 -0.264203965022545     
                   460 -0.264111648697511     
                   461 -0.264015100256071     
                   462 -0.263915822418845     
                   463 -0.263813993824039     
                   464 -0.263710309244950     
                   465 -0.263605091603720     
                   466 -0.263497759081370     
                   467 -0.263388974417106     
                   468 -0.263279240456415     
                   469 -0.263168265880484     
                   470 -0.263056584559462     
                   471 -0.262944831995752     
                   472 -0.262832697540928     
                   473 -0.262720501745413     
                   474 -0.262609421241985     
                   475 -0.262500178429031     
                   476 -0.262395363352230     
                   477 -0.262297541088401     
                   478 -0.262208658772713     
                   479 -0.262127986454064     
                   480 -0.262056799468079     
                   481 -0.261996048241838     
                   482 -0.261953340163300     
                   483 -0.261952704260557     
                   484 -0.261995832652038     
                   485 -0.262058791190245     
                   486 -0.262134868235337     
                   487 -0.262217995356518     
                   488 -0.262313463661397     
                   489 -0.262420505356062     
                   490 -0.262540375544531     
                   491 -0.262669917398913     
                   492 -0.262799582790399     
                   493 -0.262924508083995     
                   494 -0.263046434298926     
                   495 -0.263168507471933     
                   496 -0.263280081845937     
                   497 -0.263382530853089     
                   498 -0.263488145394769     
                   499 -0.263607751378045     
                   500 -0.263729284729584     
