                     1  0.000000000000000E+000
                     2  0.000000000000000E+000
                     3 -2.755900141576853E-003
                     4 -5.631291359845665E-003
                     5 -8.736872257063922E-003
                     6 -1.205399739159303E-002
                     7 -1.554461032090783E-002
                     8 -1.918093290320406E-002
                     9 -2.292647244948884E-002
                    10 -2.675188346634730E-002
                    11 -3.065697460838367E-002
                    12 -3.461928008460409E-002
                    13 -3.861921849077223E-002
                    14 -4.264236168421986E-002
                    15 -4.668097617644398E-002
                    16 -5.072834792446410E-002
                    17 -5.477701647462899E-002
                    18 -5.881954864070970E-002
                    19 -6.285441653654439E-002
                    20 -6.688066452144627E-002
                    21 -7.090059052464796E-002
                    22 -7.491819793232629E-002
                    23 -7.893783300568170E-002
                    24 -8.302181090334523E-002
                    25 -8.721868992635999E-002
                    26 -9.141133277111420E-002
                    27 -9.563827765410329E-002
                    28 -9.985419627919745E-002
                    29 -0.104028459463186     
                    30 -0.108158751554308     
                    31 -0.112243795427089     
                    32 -0.116285176405686     
                    33 -0.120282745487691     
                    34 -0.124237244005639     
                    35 -0.128149160952446     
                    36 -0.132018988014984     
                    37 -0.135846375366653     
                    38 -0.139631404544422     
                    39 -0.143376281485586     
                    40 -0.147081895928989     
                    41 -0.150748702369290     
                    42 -0.154374311458789     
                    43 -0.157957326390319     
                    44 -0.161487000529134     
                    45 -0.164966622943954     
                    46 -0.168405223108891     
                    47 -0.171816640895963     
                    48 -0.175182259032964     
                    49 -0.178502916168943     
                    50 -0.181778915433686     
                    51 -0.185010375029715     
                    52 -0.188197206176424     
                    53 -0.191339552501572     
                    54 -0.194437444820642     
                    55 -0.197490549261020     
                    56 -0.200498806554090     
                    57 -0.203462062948120     
                    58 -0.206380065059247     
                    59 -0.209252819228841     
                    60 -0.212080254941874     
                    61 -0.214861576319351     
                    62 -0.217596049283620     
                    63 -0.220285282182713     
                    64 -0.222928215651228     
                    65 -0.225524632739878     
                    66 -0.228074538280184     
                    67 -0.230577538764541     
                    68 -0.233033707554078     
                    69 -0.235443063841864     
                    70 -0.237805514504710     
                    71 -0.240120862182736     
                    72 -0.242389258206402     
                    73 -0.244610563344755     
                    74 -0.246784845615496     
                    75 -0.248911646964139     
                    76 -0.250991097978334     
                    77 -0.253022402835151     
                    78 -0.255006355055104     
                    79 -0.256944756505175     
                    80 -0.258836954387278     
                    81 -0.260682957898593     
                    82 -0.262482316246143     
                    83 -0.264235683872917     
                    84 -0.265942933524650     
                    85 -0.267604417370766     
                    86 -0.269220402940042     
                    87 -0.270790920101100     
                    88 -0.272316360359171     
                    89 -0.273797667964047     
                    90 -0.275235101102656     
                    91 -0.276627907731455     
                    92 -0.277976271795836     
                    93 -0.279282661859159     
                    94 -0.280550204559352     
                    95 -0.281781562127836     
                    96 -0.282966470995216     
                    97 -0.284115161210149     
                    98 -0.285234347745358     
                    99 -0.286319826565116     
                   100 -0.287372580000655     
                   101 -0.288389926259114     
                   102 -0.289369459231364     
                   103 -0.290313597817007     
                   104 -0.291220603642569     
                   105 -0.292089880863983     
                   106 -0.292922906186786     
                   107 -0.293715636505702     
                   108 -0.294470171985514     
                   109 -0.295186889006203     
                   110 -0.295867609548736     
                   111 -0.296513066878325     
                   112 -0.297120942849503     
                   113 -0.297693130776411     
                   114 -0.298231636563150     
                   115 -0.298733653722290     
                   116 -0.299198005072313     
                   117 -0.299623904559496     
                   118 -0.300014336500979     
                   119 -0.300381680913751     
                   120 -0.300730814067035     
                   121 -0.301064514158517     
                   122 -0.301381706090400     
                   123 -0.301677151351763     
                   124 -0.301931182987160     
                   125 -0.302138392812809     
                   126 -0.302315100055389     
                   127 -0.302477882968809     
                   128 -0.302628410813486     
                   129 -0.302752657830917     
                   130 -0.302849972992971     
                   131 -0.302920215920055     
                   132 -0.302965597175355     
                   133 -0.302987846763198     
                   134 -0.302987553169689     
                   135 -0.302965460591940     
                   136 -0.302921949349479     
                   137 -0.302857283851071     
                   138 -0.302772297106785     
                   139 -0.302667618263167     
                   140 -0.302544001033960     
                   141 -0.302401710339741     
                   142 -0.302241330251292     
                   143 -0.302064181152712     
                   144 -0.301870090157085     
                   145 -0.301659855937088     
                   146 -0.301433739099259     
                   147 -0.301191915262006     
                   148 -0.300935558883028     
                   149 -0.300665542111208     
                   150 -0.300382433891034     
                   151 -0.300086876159162     
                   152 -0.299779401117589     
                   153 -0.299460420927360     
                   154 -0.299130579046496     
                   155 -0.298790670315515     
                   156 -0.298441175005870     
                   157 -0.298082887827704     
                   158 -0.297716571735624     
                   159 -0.297342686480366     
                   160 -0.296961759517934     
                   161 -0.296574107191416     
                   162 -0.296179203174078     
                   163 -0.295777716065705     
                   164 -0.295370412495956     
                   165 -0.294958092697996     
                   166 -0.294540515720838     
                   167 -0.294117867663205     
                   168 -0.293690699912620     
                   169 -0.293259095842943     
                   170 -0.292825098641603     
                   171 -0.292388180534659     
                   172 -0.291948899844674     
                   173 -0.291500384944485     
                   174 -0.291050826916484     
                   175 -0.290606938330347     
                   176 -0.290171622337819     
                   177 -0.289737158012247     
                   178 -0.289300450868621     
                   179 -0.288860563949139     
                   180 -0.288419615374788     
                   181 -0.287975829897063     
                   182 -0.287523934618372     
                   183 -0.287054275365869     
                   184 -0.286587965245015     
                   185 -0.286149281365991     
                   186 -0.285743538200066     
                   187 -0.285338559989894     
                   188 -0.284919298309526     
                   189 -0.284482312305230     
                   190 -0.284033376886504     
                   191 -0.283586391958780     
                   192 -0.283141745188525     
                   193 -0.282698905856499     
                   194 -0.282257470899418     
                   195 -0.281817190130479     
                   196 -0.281378346025757     
                   197 -0.280941424561295     
                   198 -0.280506725135100     
                   199 -0.280074240334336     
                   200 -0.279644136562001     
                   201 -0.279216460603158     
                   202 -0.278791400841722     
                   203 -0.278369121137474     
                   204 -0.277949933245677     
                   205 -0.277533684426934     
                   206 -0.277120304636951     
                   207 -0.276709868982650     
                   208 -0.276302520940769     
                   209 -0.275898463996939     
                   210 -0.275497828625163     
                   211 -0.275100687628906     
                   212 -0.274706869035421     
                   213 -0.274316157639778     
                   214 -0.273928545119149     
                   215 -0.273544402189074     
                   216 -0.273163569931944     
                   217 -0.272786106221640     
                   218 -0.272412549609140     
                   219 -0.272042867059221     
                   220 -0.271677099111443     
                   221 -0.271314960838267     
                   222 -0.270956740415643     
                   223 -0.270602486116785     
                   224 -0.270251979424342     
                   225 -0.269905549761556     
                   226 -0.269562859735031     
                   227 -0.269223379473714     
                   228 -0.268888219504871     
                   229 -0.268556873027968     
                   230 -0.268229049876739     
                   231 -0.267906644068449     
                   232 -0.267589850241310     
                   233 -0.267277579038198     
                   234 -0.266970363616814     
                   235 -0.266669310472667     
                   236 -0.266372013141245     
                   237 -0.266076970861671     
                   238 -0.265791378962559     
                   239 -0.265520003253418     
                   240 -0.265257676278173     
                   241 -0.265000904051428     
                   242 -0.264747689647079     
                   243 -0.264500958968714     
                   244 -0.264259521807580     
                   245 -0.264021502498821     
                   246 -0.263779029502081     
                   247 -0.263522499492334     
                   248 -0.263268462693896     
                   249 -0.263035812904084     
                   250 -0.262830406137853     
                   251 -0.262636375307127     
                   252 -0.262440208985545     
                   253 -0.262230822200706     
                   254 -0.262004910036599     
                   255 -0.261766360545700     
                   256 -0.261526173273518     
                   257 -0.261285674299898     
                   258 -0.261044439079957     
                   259 -0.260802637623488     
                   260 -0.260560298591903     
                   261 -0.260317687968776     
                   262 -0.260075097657754     
                   263 -0.259832240956349     
                   264 -0.259588980201848     
                   265 -0.259345473630826     
                   266 -0.259101803909402     
                   267 -0.258857815994129     
                   268 -0.258613519498937     
                   269 -0.258369267112127     
                   270 -0.258124903143831     
                   271 -0.257880388207793     
                   272 -0.257635924734026     
                   273 -0.257391551436408     
                   274 -0.257147364158367     
                   275 -0.256903712848909     
                   276 -0.256660282910926     
                   277 -0.256417179456907     
                   278 -0.256174255549084     
                   279 -0.255931867314664     
                   280 -0.255689702976083     
                   281 -0.255448348927391     
                   282 -0.255207756121631     
                   283 -0.254967488640332     
                   284 -0.254727017537405     
                   285 -0.254487317805485     
                   286 -0.254249366008971     
                   287 -0.254012088247200     
                   288 -0.253775721380981     
                   289 -0.253542285404541     
                   290 -0.253310541345719     
                   291 -0.253079649494160     
                   292 -0.252850738696924     
                   293 -0.252625252405449     
                   294 -0.252401215494962     
                   295 -0.252178732985419     
                   296 -0.251956565145105     
                   297 -0.251734056915329     
                   298 -0.251514107557261     
                   299 -0.251304426456463     
                   300 -0.251101626726574     
                   301 -0.250898350009018     
                   302 -0.250693344967035     
                   303 -0.250489929868264     
                   304 -0.250288128858498     
                   305 -0.250084333265866     
                   306 -0.249881210574839     
                   307 -0.249680396507144     
                   308 -0.249471997936954     
                   309 -0.249258673083879     
                   310 -0.249037497035411     
                   311 -0.248821354342507     
                   312 -0.248638953327393     
                   313 -0.248473982671821     
                   314 -0.248308181598438     
                   315 -0.248131635177101     
                   316 -0.247937293706375     
                   317 -0.247731241320794     
                   318 -0.247523622586047     
                   319 -0.247316086375340     
                   320 -0.247109143864365     
                   321 -0.246905769411379     
                   322 -0.246716488030051     
                   323 -0.246531359959296     
                   324 -0.246348722431264     
                   325 -0.246167453835477     
                   326 -0.245986642028052     
                   327 -0.245806802186422     
                   328 -0.245626868999256     
                   329 -0.245447155585952     
                   330 -0.245267504513765     
                   331 -0.245087871419276     
                   332 -0.244908305392871     
                   333 -0.244729586443062     
                   334 -0.244552065166555     
                   335 -0.244374224493871     
                   336 -0.244195755850072     
                   337 -0.244016543952801     
                   338 -0.243837040139883     
                   339 -0.243655701566723     
                   340 -0.243472534247185     
                   341 -0.243287398954485     
                   342 -0.243100952741185     
                   343 -0.242913778485476     
                   344 -0.242725144900581     
                   345 -0.242534876806567     
                   346 -0.242342701314279     
                   347 -0.242148185105599     
                   348 -0.241951723803109     
                   349 -0.241752708498324     
                   350 -0.241551715882809     
                   351 -0.241351218275498     
                   352 -0.241148879902294     
                   353 -0.240943967251412     
                   354 -0.240737971830610     
                   355 -0.240529722549840     
                   356 -0.240324279882192     
                   357 -0.240117997535414     
                   358 -0.239914461928261     
                   359 -0.239722914253197     
                   360 -0.239538721882369     
                   361 -0.239357626248288     
                   362 -0.239179967176132     
                   363 -0.239015779306264     
                   364 -0.238863790804697     
                   365 -0.238726378769365     
                   366 -0.238601078556107     
                   367 -0.238483379958499     
                   368 -0.238358850543408     
                   369 -0.238234134091428     
                   370 -0.238110560242132     
                   371 -0.237987656660203     
                   372 -0.237870754987272     
                   373 -0.237774882555257     
                   374 -0.237691149601214     
                   375 -0.237603466021634     
                   376 -0.237503045798643     
                   377 -0.237389937990237     
                   378 -0.237273217631687     
                   379 -0.237157111880297     
                   380 -0.237041305371206     
                   381 -0.236925526611299     
                   382 -0.236808979982122     
                   383 -0.236691374287317     
                   384 -0.236572755167447     
                   385 -0.236452815261541     
                   386 -0.236331863333844     
                   387 -0.236210579013029     
                   388 -0.236083689879273     
                   389 -0.235951199477337     
                   390 -0.235813770131451     
                   391 -0.235668727987985     
                   392 -0.235517640725175     
                   393 -0.235361336870806     
                   394 -0.235199756897706     
                   395 -0.235033425590092     
                   396 -0.234862413643638     
                   397 -0.234687158098986     
                   398 -0.234508863726953     
                   399 -0.234327773749720     
                   400 -0.234143712539365     
                   401 -0.233957486223809     
                   402 -0.233769573520358     
                   403 -0.233579422448274     
                   404 -0.233387953528579     
                   405 -0.233195366002421     
                   406 -0.233002524135285     
                   407 -0.232811128683646     
                   408 -0.232624260701218     
                   409 -0.232443246131347     
                   410 -0.232270925654127     
                   411 -0.232105470332114     
                   412 -0.231945869373484     
                   413 -0.231791567235789     
                   414 -0.231646893801175     
                   415 -0.231519709130487     
                   416 -0.231408896560195     
                   417 -0.231319035865461     
                   418 -0.231248614195320     
                   419 -0.231189851219197     
                   420 -0.231131439608960     
                   421 -0.231072763877759     
                   422 -0.231011332342095     
                   423 -0.230947570709214     
                   424 -0.230882433721325     
                   425 -0.230822338253993     
                   426 -0.230756923120842     
                   427 -0.230687784404451     
                   428 -0.230629682719846     
                   429 -0.230586240819243     
                   430 -0.230540707111270     
                   431 -0.230485327416412     
                   432 -0.230447646910733     
                   433 -0.230424712883845     
                   434 -0.230398262460714     
                   435 -0.230357712361846     
                   436 -0.230297805047685     
                   437 -0.230232943206920     
                   438 -0.230164175396418     
                   439 -0.230090059949126     
                   440 -0.230010969890546     
                   441 -0.229922619435518     
                   442 -0.229826449023900     
                   443 -0.229723006715749     
                   444 -0.229612231058699     
                   445 -0.229494465117776     
                   446 -0.229370390901239     
                   447 -0.229240507437805     
                   448 -0.229105273444304     
                   449 -0.228963140086417     
                   450 -0.228817175326321     
                   451 -0.228667765369932     
                   452 -0.228516510679121     
                   453 -0.228365575094556     
                   454 -0.228215271754807     
                   455 -0.228065241321049     
                   456 -0.227914911084737     
                   457 -0.227764877408344     
                   458 -0.227614737413681     
                   459 -0.227464152375793     
                   460 -0.227313856322976     
                   461 -0.227166339892074     
                   462 -0.227025985116137     
                   463 -0.226893681628136     
                   464 -0.226769170548797     
                   465 -0.226651810717637     
                   466 -0.226540298100273     
                   467 -0.226433479986624     
                   468 -0.226334094641663     
                   469 -0.226247774831894     
                   470 -0.226174778929819     
                   471 -0.226119903270736     
                   472 -0.226082171751703     
                   473 -0.226053620398879     
                   474 -0.226028367609136     
                   475 -0.226000692859248     
                   476 -0.225970964123151     
                   477 -0.225947781056151     
                   478 -0.225931880426972     
                   479 -0.225918115338427     
                   480 -0.225905184479430     
                   481 -0.225892508711069     
                   482 -0.225883294697245     
                   483 -0.225875622858030     
                   484 -0.225860980140543     
                   485 -0.225844625591204     
                   486 -0.225833953929387     
                   487 -0.225833467036581     
                   488 -0.225825857067611     
                   489 -0.225806370289333     
                   490 -0.225791308957365     
                   491 -0.225799263701138     
                   492 -0.225810904213965     
                   493 -0.225811175900959     
                   494 -0.225786168248324     
                   495 -0.225739384549229     
                   496 -0.225681266957877     
                   497 -0.225613621070957     
                   498 -0.225536760745978     
                   499 -0.225450323507458     
                   500 -0.225352246260346     
