                     1  0.000000000000000E+000
                     2  0.000000000000000E+000
                     3 -3.109794805236898E-003
                     4 -6.327836276820957E-003
                     5 -9.665312667182705E-003
                     6 -1.317687481084005E-002
                     7 -1.683750739386314E-002
                     8 -2.062196445748016E-002
                     9 -2.450357829834579E-002
                    10 -2.846621510728346E-002
                    11 -3.248979848310392E-002
                    12 -3.656323917305793E-002
                    13 -4.067219904626741E-002
                    14 -4.480098212664777E-002
                    15 -4.894322577374959E-002
                    16 -5.309269921602522E-002
                    17 -5.724297906652392E-002
                    18 -6.138726950069359E-002
                    19 -6.552105702627842E-002
                    20 -6.964027581311182E-002
                    21 -7.374197434192506E-002
                    22 -7.783097201865088E-002
                    23 -8.193053166222743E-002
                    24 -8.614792050480329E-002
                    25 -9.043758599775130E-002
                    26 -9.469867984825035E-002
                    27 -9.899582775576732E-002
                    28 -0.103268546979848     
                    29 -0.107496437518296     
                    30 -0.111694448779715     
                    31 -0.115830039039525     
                    32 -0.119919777921401     
                    33 -0.123964370868065     
                    34 -0.127964367523883     
                    35 -0.131922433842028     
                    36 -0.135835076505187     
                    37 -0.139705644621077     
                    38 -0.143534929345419     
                    39 -0.147322707834225     
                    40 -0.151069045059227     
                    41 -0.154771830318831     
                    42 -0.158425580928265     
                    43 -0.162021933813526     
                    44 -0.165572025938387     
                    45 -0.169077848492434     
                    46 -0.172546790286913     
                    47 -0.175983821287960     
                    48 -0.179387066659505     
                    49 -0.182748366955446     
                    50 -0.186060861185787     
                    51 -0.189329737655346     
                    52 -0.192555330131788     
                    53 -0.195737323406091     
                    54 -0.198875910528402     
                    55 -0.201971084540723     
                    56 -0.205022833823868     
                    57 -0.208030741937534     
                    58 -0.210995263572197     
                    59 -0.213916419601576     
                    60 -0.216794222976374     
                    61 -0.219628603086316     
                    62 -0.222419581958500     
                    63 -0.225166975291042     
                    64 -0.227870507922807     
                    65 -0.230529975794917     
                    66 -0.233145222891281     
                    67 -0.235715710346004     
                    68 -0.238241585752263     
                    69 -0.240722912176851     
                    70 -0.243159987576444     
                    71 -0.245551791547867     
                    72 -0.247898143075298     
                    73 -0.250199087681335     
                    74 -0.252453990898525     
                    75 -0.254662263280120     
                    76 -0.256824566471626     
                    77 -0.258940311083282     
                    78 -0.261009328386251     
                    79 -0.263031751417356     
                    80 -0.265007763210889     
                    81 -0.266937362757537     
                    82 -0.268821158873763     
                    83 -0.270660351515149     
                    84 -0.272455395621177     
                    85 -0.274205918120590     
                    86 -0.275911732921933     
                    87 -0.277572486833284     
                    88 -0.279188953153631     
                    89 -0.280761732829251     
                    90 -0.282290668948683     
                    91 -0.283775215559892     
                    92 -0.285217636883414     
                    93 -0.286619558288346     
                    94 -0.287982674477910     
                    95 -0.289301888560110     
                    96 -0.290577703386148     
                    97 -0.291813757223373     
                    98 -0.293014441775067     
                    99 -0.294181621328426     
                   100 -0.295313934627682     
                   101 -0.296411026067139     
                   102 -0.297472763077735     
                   103 -0.298501175304270     
                   104 -0.299494215451757     
                   105 -0.300450859738163     
                   106 -0.301372556524511     
                   107 -0.302262128766032     
                   108 -0.303118760248923     
                   109 -0.303939901326726     
                   110 -0.304724742204781     
                   111 -0.305475108803559     
                   112 -0.306187914266842     
                   113 -0.306862117245859     
                   114 -0.307498183311885     
                   115 -0.308097628100573     
                   116 -0.308662664424907     
                   117 -0.309190690070076     
                   118 -0.309685729767522     
                   119 -0.310151651368585     
                   120 -0.310593937350077     
                   121 -0.311021485150597     
                   122 -0.311441523580168     
                   123 -0.311851125498723     
                   124 -0.312225937957394     
                   125 -0.312558958548964     
                   126 -0.312850613925361     
                   127 -0.313112206749014     
                   128 -0.313340685857718     
                   129 -0.313536478817475     
                   130 -0.313711794140508     
                   131 -0.313868522969122     
                   132 -0.314000126729729     
                   133 -0.314111554105194     
                   134 -0.314193436094553     
                   135 -0.314249956316652     
                   136 -0.314288288760134     
                   137 -0.314308951444085     
                   138 -0.314311315062865     
                   139 -0.314294667332351     
                   140 -0.314259000481778     
                   141 -0.314205067569248     
                   142 -0.314133682633252     
                   143 -0.314045858473848     
                   144 -0.313941834592437     
                   145 -0.313822227554235     
                   146 -0.313687419803377     
                   147 -0.313538257762896     
                   148 -0.313374902367614     
                   149 -0.313198244715888     
                   150 -0.313008978245934     
                   151 -0.312807673599437     
                   152 -0.312594695629934     
                   153 -0.312370809527920     
                   154 -0.312136798676164     
                   155 -0.311892981374283     
                   156 -0.311640012845796     
                   157 -0.311378545476553     
                   158 -0.311109456493947     
                   159 -0.310833126353559     
                   160 -0.310549725568432     
                   161 -0.310259653759111     
                   162 -0.309963504051667     
                   163 -0.309662061918826     
                   164 -0.309355539311167     
                   165 -0.309044280387752     
                   166 -0.308728671005654     
                   167 -0.308409523952838     
                   168 -0.308086612733679     
                   169 -0.307760025256550     
                   170 -0.307431684356397     
                   171 -0.307102679026447     
                   172 -0.306774666942468     
                   173 -0.306446296781537     
                   174 -0.306110328251029     
                   175 -0.305768237590447     
                   176 -0.305421558535027     
                   177 -0.305077587262720     
                   178 -0.304740484570920     
                   179 -0.304407055320447     
                   180 -0.304079070553780     
                   181 -0.303752094680135     
                   182 -0.303423084701606     
                   183 -0.303083975342131     
                   184 -0.302720411337414     
                   185 -0.302342251771324     
                   186 -0.301969938964055     
                   187 -0.301616615864331     
                   188 -0.301278045932683     
                   189 -0.300960429883398     
                   190 -0.300656388647250     
                   191 -0.300348252763430     
                   192 -0.300027428789669     
                   193 -0.299693471250674     
                   194 -0.299351561122904     
                   195 -0.298998178916804     
                   196 -0.298636612819501     
                   197 -0.298283599456081     
                   198 -0.297936793459019     
                   199 -0.297593785830302     
                   200 -0.297253256274879     
                   201 -0.296915087133081     
                   202 -0.296579186116120     
                   203 -0.296245994371674     
                   204 -0.295915653355781     
                   205 -0.295588026352679     
                   206 -0.295263052771545     
                   207 -0.294940933863960     
                   208 -0.294621107101704     
                   209 -0.294303648284713     
                   210 -0.293988981836712     
                   211 -0.293677595836089     
                   212 -0.293369338746754     
                   213 -0.293064575925855     
                   214 -0.292763314838998     
                   215 -0.292465414148921     
                   216 -0.292171078010522     
                   217 -0.291880476393780     
                   218 -0.291593887055809     
                   219 -0.291311046850274     
                   220 -0.291032101830345     
                   221 -0.290756954839027     
                   222 -0.290485940934979     
                   223 -0.290219126572602     
                   224 -0.289956421074274     
                   225 -0.289697146880804     
                   226 -0.289440779120003     
                   227 -0.289189352329036     
                   228 -0.288943262289178     
                   229 -0.288701004151358     
                   230 -0.288463408110739     
                   231 -0.288230440046946     
                   232 -0.288003140298310     
                   233 -0.287782207439430     
                   234 -0.287564846103051     
                   235 -0.287349538279113     
                   236 -0.287139807392950     
                   237 -0.286935461090638     
                   238 -0.286737033965183     
                   239 -0.286537748803979     
                   240 -0.286339776605224     
                   241 -0.286147392738771     
                   242 -0.285967464673684     
                   243 -0.285801741860739     
                   244 -0.285639926378494     
                   245 -0.285483637056706     
                   246 -0.285328609146986     
                   247 -0.285176736544140     
                   248 -0.285025499926357     
                   249 -0.284854348207167     
                   250 -0.284665535430252     
                   251 -0.284473061680358     
                   252 -0.284285512015270     
                   253 -0.284114293593095     
                   254 -0.283979807439365     
                   255 -0.283861606594293     
                   256 -0.283742961428059     
                   257 -0.283613952032240     
                   258 -0.283471353010716     
                   259 -0.283319453361467     
                   260 -0.283160191459402     
                   261 -0.282990783802259     
                   262 -0.282817939841679     
                   263 -0.282645113108206     
                   264 -0.282472504421060     
                   265 -0.282299821796672     
                   266 -0.282127122257561     
                   267 -0.281954601297929     
                   268 -0.281782314144793     
                   269 -0.281610280102658     
                   270 -0.281439487775942     
                   271 -0.281269304354254     
                   272 -0.281099541742579     
                   273 -0.280930363793504     
                   274 -0.280761721564285     
                   275 -0.280593918336859     
                   276 -0.280426819486674     
                   277 -0.280259954961328     
                   278 -0.280093368822630     
                   279 -0.279927079690930     
                   280 -0.279761619572966     
                   281 -0.279595961871023     
                   282 -0.279430234508556     
                   283 -0.279264786885013     
                   284 -0.279099598309462     
                   285 -0.278934440280182     
                   286 -0.278769940480439     
                   287 -0.278606315265028     
                   288 -0.278442868810292     
                   289 -0.278280207713750     
                   290 -0.278118561988315     
                   291 -0.277957147966434     
                   292 -0.277795929258371     
                   293 -0.277635450662607     
                   294 -0.277476536151583     
                   295 -0.277319767795298     
                   296 -0.277165571799511     
                   297 -0.277013654844092     
                   298 -0.276864480904408     
                   299 -0.276719122663994     
                   300 -0.276578040894860     
                   301 -0.276432370425574     
                   302 -0.276279431684298     
                   303 -0.276128259525958     
                   304 -0.275984314163831     
                   305 -0.275844358582919     
                   306 -0.275714998948058     
                   307 -0.275593352216893     
                   308 -0.275471232705958     
                   309 -0.275343364577822     
                   310 -0.275218480015883     
                   311 -0.275098551043873     
                   312 -0.274979032738351     
                   313 -0.274844462297670     
                   314 -0.274685650378618     
                   315 -0.274522783022085     
                   316 -0.274372943376719     
                   317 -0.274247491413560     
                   318 -0.274152622949563     
                   319 -0.274075933298253     
                   320 -0.273997787410925     
                   321 -0.273906311614589     
                   322 -0.273803221799789     
                   323 -0.273694176546973     
                   324 -0.273574490506052     
                   325 -0.273450102564609     
                   326 -0.273327002541515     
                   327 -0.273204805340637     
                   328 -0.273084244031151     
                   329 -0.272983940001666     
                   330 -0.272889013753300     
                   331 -0.272797279473152     
                   332 -0.272707596107930     
                   333 -0.272618803973134     
                   334 -0.272530797094222     
                   335 -0.272443509029614     
                   336 -0.272354793268892     
                   337 -0.272265467055400     
                   338 -0.272175080476716     
                   339 -0.272082700326649     
                   340 -0.271989016396256     
                   341 -0.271894251611158     
                   342 -0.271797610450432     
                   343 -0.271699248832400     
                   344 -0.271600105820412     
                   345 -0.271498315892260     
                   346 -0.271393194096020     
                   347 -0.271285298958591     
                   348 -0.271174862719054     
                   349 -0.271060579163955     
                   350 -0.270943125916612     
                   351 -0.270823284465453     
                   352 -0.270702270080347     
                   353 -0.270580023708463     
                   354 -0.270455901466179     
                   355 -0.270329561590746     
                   356 -0.270202411702715     
                   357 -0.270075517216006     
                   358 -0.269948656542992     
                   359 -0.269820132483683     
                   360 -0.269689031286659     
                   361 -0.269558128502371     
                   362 -0.269429026077576     
                   363 -0.269292324616968     
                   364 -0.269151489398701     
                   365 -0.269015845008862     
                   366 -0.268887166825524     
                   367 -0.268769368639846     
                   368 -0.268662273751091     
                   369 -0.268553179412984     
                   370 -0.268446586708864     
                   371 -0.268348730124622     
                   372 -0.268258391359914     
                   373 -0.268190799343790     
                   374 -0.268148936052126     
                   375 -0.268111085389220     
                   376 -0.268066112904061     
                   377 -0.268019316772792     
                   378 -0.267985140361193     
                   379 -0.267976070557495     
                   380 -0.267992341489798     
                   381 -0.268029300520602     
                   382 -0.268069420341775     
                   383 -0.268095852338944     
                   384 -0.268109563971285     
                   385 -0.268114913582942     
                   386 -0.268107979160658     
                   387 -0.268095326756731     
                   388 -0.268083425915358     
                   389 -0.268075777279339     
                   390 -0.268064920826139     
                   391 -0.268050058878351     
                   392 -0.268029026782065     
                   393 -0.267997626729724     
                   394 -0.267956580222249     
                   395 -0.267907189246192     
                   396 -0.267849557362880     
                   397 -0.267784299895740     
                   398 -0.267711697702638     
                   399 -0.267632856516912     
                   400 -0.267548384977636     
                   401 -0.267458450461364     
                   402 -0.267364042773246     
                   403 -0.267264621167302     
                   404 -0.267161454130811     
                   405 -0.267054324920259     
                   406 -0.266943631251786     
                   407 -0.266829985588267     
                   408 -0.266713878604336     
                   409 -0.266595343801582     
                   410 -0.266475373150912     
                   411 -0.266353717696442     
                   412 -0.266231309062841     
                   413 -0.266106468625063     
                   414 -0.265979641302004     
                   415 -0.265850557750366     
                   416 -0.265720645767619     
                   417 -0.265590254572682     
                   418 -0.265459782098081     
                   419 -0.265330126948479     
                   420 -0.265201844097122     
                   421 -0.265076941735851     
                   422 -0.264959356707910     
                   423 -0.264855794462584     
                   424 -0.264760273336591     
                   425 -0.264668045108533     
                   426 -0.264587769718126     
                   427 -0.264543760203318     
                   428 -0.264534575686212     
                   429 -0.264552558038785     
                   430 -0.264589084788032     
                   431 -0.264639241259114     
                   432 -0.264698148874987     
                   433 -0.264759311329959     
                   434 -0.264821726362434     
                   435 -0.264889611247642     
                   436 -0.264955594979525     
                   437 -0.265006995161595     
                   438 -0.265049004559851     
                   439 -0.265099404510616     
                   440 -0.265169969794881     
                   441 -0.265254320637881     
                   442 -0.265361129940138     
                   443 -0.265478169211193     
                   444 -0.265582477993069     
                   445 -0.265664006181072     
                   446 -0.265722572165380     
                   447 -0.265755866000990     
                   448 -0.265770958425863     
                   449 -0.265774660053082     
                   450 -0.265767093842649     
                   451 -0.265749358953349     
                   452 -0.265722001247067     
                   453 -0.265685057277772     
                   454 -0.265639647582312     
                   455 -0.265586886453917     
                   456 -0.265526828009172     
                   457 -0.265460636214590     
                   458 -0.265388445824088     
                   459 -0.265310252664184     
                   460 -0.265227202908745     
                   461 -0.265139078363140     
                   462 -0.265047020966985     
                   463 -0.264950608156754     
                   464 -0.264851048635736     
                   465 -0.264748687634928     
                   466 -0.264642924189536     
                   467 -0.264534420613116     
                   468 -0.264423697418434     
                   469 -0.264310444196924     
                   470 -0.264195364197136     
                   471 -0.264079077851939     
                   472 -0.263961543806015     
                   473 -0.263843049786182     
                   474 -0.263724899423138     
                   475 -0.263606892217943     
                   476 -0.263490674386176     
                   477 -0.263378936414451     
                   478 -0.263275816479115     
                   479 -0.263185827381762     
                   480 -0.263109883356488     
                   481 -0.263046279214015     
                   482 -0.262996535591398     
                   483 -0.262983482702668     
                   484 -0.263012911992869     
                   485 -0.263068070516133     
                   486 -0.263140363426052     
                   487 -0.263228578197715     
                   488 -0.263330583661071     
                   489 -0.263446380046825     
                   490 -0.263577879489448     
                   491 -0.263717302021805     
                   492 -0.263856855151418     
                   493 -0.263991778042597     
                   494 -0.264121026911946     
                   495 -0.264250975739495     
                   496 -0.264381719161443     
                   497 -0.264498478830359     
                   498 -0.264605207142941     
                   499 -0.264725134370301     
                   500 -0.264857317814599     
