            1   0.9996150000000000       -8.5354788261133338E-002
            1   0.9984590000000000       -0.1509960271577959     
            1   0.9965340000000000       -0.1293563855266611     
            1   0.9938439999999999       -9.3694264889404730E-002
            1   0.9903930000000000       -5.3722304990010926E-002
            1   0.9861850000000000       -1.3612894638127024E-002
            1   0.9812280000000000        2.4248876492748636E-002
            1   0.9755280000000000        5.9599010214588022E-002
            1   0.9690960000000000        9.1904128687376102E-002
            1   0.9619400000000000        0.1201895837709434     
            1   0.9540720000000000        0.1434948093160289     
            1   0.9455030000000000        0.1610948691883706     
            1   0.9362480000000000        0.1727376618224496     
            1   0.9263200000000000        0.1787996336616169     
            1   0.9157350000000000        0.1803594493909871     
            1   0.9045080000000000        0.1790346729987586     
            1   0.8926580000000000        0.1765594018304491     
            1   0.8802030000000000        0.1740076654421290     
            1   0.8671610000000000        0.1715317767294068     
            1   0.8535530000000000        0.1684764500440506     
            1   0.8394000000000000        0.1641281376674813     
            1   0.8247240000000000        0.1590494407404014     
            1   0.8095470000000000        0.1544752010369576     
            1   0.7938930000000000        0.1512145523156368     
            1   0.7777849999999999        0.1487091051969110     
            1   0.7612490000000000        0.1453982955984642     
            1   0.7443109999999999        0.1400209553167042     
            1   0.7269949999999999        0.1328983413642264     
            1   0.7093300000000000        0.1256964783275080     
            1   0.6913420000000000        0.1201457182178605     
            1   0.6730590000000000        0.1170672982629189     
            1   0.6545080000000000        0.1161769682964160     
            1   0.6357200000000000        0.1164645685040756     
            1   0.6167230000000000        0.1165725903268844     
            1   0.5975450000000000        0.1151712982491083     
            1   0.5782170000000000        0.1113289154214103     
            1   0.5587690000000000        0.1050093459997689     
            1   0.5392300000000000        9.7367522834545805E-002
            1   0.5196300000000000        9.0422426511283890E-002
            1   0.5000000000000000        8.6080799123934140E-002
            1   0.4803700000000000        8.5186381667621575E-002
            1   0.4607700000000000        8.7236751596141596E-002
            1   0.4412310000000000        9.0812677241605688E-002
            1   0.4217830000000000        9.4400192549155562E-002
            1   0.4024550000000000        9.7026711873818131E-002
            1   0.3832770000000000        9.8309780312909975E-002
            1   0.3642800000000000        9.8286343382938138E-002
            1   0.3454910000000000        9.7095510036027427E-002
            1   0.3269410000000000        9.4786501180747398E-002
            1   0.3086580000000000        9.1334195426700848E-002
            1   0.2906700000000000        8.6675985114882725E-002
            1   0.2730050000000000        8.0774527694358084E-002
            1   0.2556890000000000        7.3620751632599207E-002
            1   0.2387510000000000        6.5248385501393474E-002
            1   0.2222150000000000        5.5668020868196014E-002
            1   0.2061070000000000        4.4851568505551498E-002
            1   0.1904530000000000        3.2725729083122296E-002
            1   0.1752760000000000        1.9188096514144017E-002
            1   0.1606000000000000        4.0897012743234028E-003
            1   0.1464470000000000       -1.2766183060134412E-002
            1   0.1328390000000000       -3.1584661063023024E-002
            1   0.1197970000000000       -5.2566835152824419E-002
            1   0.1073420000000000       -7.5959248583040789E-002
            1   9.5491500000000007E-002  -0.1021376482087961     
            1   8.4265199999999998E-002  -0.1316115615607165     
            1   7.3679900000000006E-002  -0.1650664505543652     
            1   6.3752000000000003E-002  -0.2033631846198430     
            1   5.4496700000000002E-002  -0.2476947762204870     
            1   4.5928400000000001E-002  -0.2996421078508582     
            1   3.8060200000000002E-002  -0.3609530056254458     
            1   3.0904299999999999E-002  -0.4332370937947729     
            1   2.4471699999999999E-002  -0.5178295204968487     
            1   1.8772400000000002E-002  -0.6158474804049503     
            1   1.3814999999999999E-002  -0.7345485162039708     
            1   9.6073500000000006E-003  -0.8756393926116646     
            1   6.1558200000000002E-003   -1.035267703690682     
            1   3.4657700000000000E-003   -1.199152798568931     
            1   1.5413300000000000E-003   -1.322780574929005     
            1   3.8548000000000000E-004   -1.344159390015530     
            1    0.000000000000000        -1.295022522756807     
            1   3.8548400000000001E-004   -1.272415024786976     
            1   1.5413400000000000E-003   -1.177359936393411     
            1   3.4657799999999999E-003  -0.9956584353952722     
            1   6.1558400000000001E-003  -0.7951112197633426     
            1   9.6073700000000005E-003  -0.6147187242254734     
            1   1.3815100000000000E-002  -0.4632875608763829     
            1   1.8772400000000002E-002  -0.3412687049031810     
            1   2.4471799999999998E-002  -0.2444902238122931     
            1   3.0904299999999999E-002  -0.1638557406262041     
            1   3.8060299999999998E-002  -9.6917710463722023E-002
            1   4.5928400000000001E-002  -4.1436539031885440E-002
            1   5.4496799999999998E-002   4.4663012429031002E-003
            1   6.3752000000000003E-002   4.2721952382728981E-002
            1   7.3679900000000006E-002   7.5089408086537079E-002
            1   8.4265199999999998E-002   0.1028552614676796     
            1   9.5491500000000007E-002   0.1269289931929733     
            1   0.1073420000000000        0.1480120315901959     
            1   0.1197970000000000        0.1666219095348045     
            1   0.1328390000000000        0.1831462216576419     
            1   0.1464470000000000        0.1978340747872131     
            1   0.1606000000000000        0.2108751339288077     
            1   0.1752760000000000        0.2224462021963902     
            1   0.1904530000000000        0.2327133281254869     
            1   0.2061070000000000        0.2417983867450500     
            1   0.2222150000000000        0.2497937652115619     
            1   0.2387510000000000        0.2567682141875132     
            1   0.2556890000000000        0.2627479939333498     
            1   0.2730050000000000        0.2677109577938158     
            1   0.2906700000000000        0.2715919481908817     
            1   0.3086580000000000        0.2743465685195174     
            1   0.3269420000000000        0.2759803679166439     
            1   0.3454920000000000        0.2766161885576014     
            1   0.3642800000000000        0.2764466810605797     
            1   0.3832770000000000        0.2756217670707817     
            1   0.4024550000000000        0.2740204170377651     
            1   0.4217830000000000        0.2712477223287009     
            1   0.4412310000000000        0.2670056127431241     
            1   0.4607710000000000        0.2616744908047950     
            1   0.4803700000000000        0.2567629401530117     
            1   0.5000000000000000        0.2545113063843215     
            1   0.5196300000000000        0.2566611991951885     
            1   0.5392300000000000        0.2631250379722322     
            1   0.5587690000000000        0.2717556710510030     
            1   0.5782170000000000        0.2795647648972315     
            1   0.5975450000000000        0.2844191671699884     
            1   0.6167230000000000        0.2860315179344183     
            1   0.6357200000000000        0.2856248899366777     
            1   0.6545090000000000        0.2849699739886457     
            1   0.6730590000000000        0.2855953052555514     
            1   0.6913420000000000        0.2883693063883416     
            1   0.7093300000000000        0.2934628580951194     
            1   0.7269949999999999        0.3001296829439512     
            1   0.7443109999999999        0.3068468383265569     
            1   0.7612490000000000        0.3120173973512944     
            1   0.7777849999999999        0.3151464325654611     
            1   0.7938930000000000        0.3172425004562550     
            1   0.8095470000000000        0.3197671762070046     
            1   0.8247240000000000        0.3233661623365707     
            1   0.8394000000000000        0.3273509352207166     
            1   0.8535530000000000        0.3305266944522648     
            1   0.8671610000000000        0.3323035836655301     
            1   0.8802030000000000        0.3335046398121709     
            1   0.8926590000000000        0.3348888413325350     
            1   0.9045090000000000        0.3360660350681884     
            1   0.9157350000000000        0.3348896329406466     
            1   0.9263200000000000        0.3279056873861906     
            1   0.9362480000000000        0.3115277198069607     
            1   0.9455030000000000        0.2833477714238912     
            1   0.9540720000000000        0.2435239104486174     
            1   0.9619400000000000        0.1950450228335153     
            1   0.9690960000000000        0.1424703717774733     
            1   0.9755280000000000        9.0216972801038617E-002
            1   0.9812280000000000        4.1065301716340069E-002
            1   0.9861850000000000       -4.5440012854997313E-003
            1   0.9903930000000000       -4.7571339013829490E-002
            1   0.9938439999999999       -8.6776759667998110E-002
            1   0.9965340000000000       -0.1166106383487145     
            1   0.9984590000000000       -0.1244207414220393     
            1   0.9996150000000000       -7.4510559519635006E-002
