            1    0.000000000000000     
            2    0.000000000000000     
            3  -4.9124090701761512E-002
            4  -9.2348922474048412E-002
            5  -0.1332187822930898     
            6  -0.1724444889223696     
            7  -0.2100325444061791     
            8  -0.2456685125475008     
            9  -0.2788220010471167     
           10  -0.3088638677622358     
           11  -0.3353848733986586     
           12  -0.3581635932653947     
           13  -0.3771862107281992     
           14  -0.3925990366509491     
           15  -0.4047903356135932     
           16  -0.4142273837776067     
           17  -0.4214243740179839     
           18  -0.4268733119132134     
           19  -0.4310400255926005     
           20  -0.4342939703411549     
           21  -0.4369035031946700     
           22  -0.4390707728217035     
           23  -0.4409490627844330     
           24  -0.4426540129179154     
           25  -0.4442638577299809     
           26  -0.4458332589737680     
           27  -0.4473961769496411     
           28  -0.4489802855697696     
           29  -0.4505986021650938     
           30  -0.4522463922894870     
           31  -0.4539209637570461     
           32  -0.4556178973935489     
           33  -0.4573317778482518     
           34  -0.4590570129829175     
           35  -0.4607897260680068     
           36  -0.4625300739006459     
           37  -0.4642759295917324     
           38  -0.4660270167162882     
           39  -0.4677819416376582     
           40  -0.4695365298732375     
           41  -0.4712891161090726     
           42  -0.4730388041991178     
           43  -0.4747874085899049     
           44  -0.4765377999631681     
           45  -0.4782932404469016     
           46  -0.4800561145960442     
           47  -0.4818287510907836     
           48  -0.4836157378313662     
           49  -0.4854185925131910     
           50  -0.4872383782820919     
           51  -0.4890760965613999     
           52  -0.4909332165258674     
           53  -0.4928109991447236     
           54  -0.4947107020273973     
           55  -0.4966329766554136     
           56  -0.4985778329001577     
           57  -0.5005452639186486     
           58  -0.5025350627911693     
           59  -0.5045458601065040     
           60  -0.5065756743583176     
           61  -0.5086228653816153     
           62  -0.5106857332153223     
           63  -0.5127626447355759     
           64  -0.5148517780368811     
           65  -0.5169513626124438     
           66  -0.5190595351676940     
           67  -0.5211746699794474     
           68  -0.5232951724844052     
           69  -0.5254192168469645     
           70  -0.5275449561919620     
           71  -0.5296708250516483     
           72  -0.5317954552995634     
           73  -0.5339175156195481     
           74  -0.5360356230341197     
           75  -0.5381484689023530     
           76  -0.5402550086950612     
           77  -0.5423545800390692     
           78  -0.5444463065242677     
           79  -0.5465294683397984     
           80  -0.5486033111474374     
           81  -0.5506673676273567     
           82  -0.5527212346143485     
           83  -0.5547646482148574     
           84  -0.5567973015136518     
           85  -0.5588187572716339     
           86  -0.5608286787099873     
           87  -0.5628264661051017     
           88  -0.5648112097378274     
           89  -0.5667834545900204     
           90  -0.5687427547286272     
           91  -0.5706888848903745     
           92  -0.5726218165578127     
           93  -0.5745417381468902     
           94  -0.5764488414824105     
           95  -0.5783431226454474     
           96  -0.5802242983380053     
           97  -0.5820917859905008     
           98  -0.5839448031899602     
           99  -0.5857827639750955     
          100  -0.5876054483414129     
