                     1  0.000000000000000E+000
                     2  0.000000000000000E+000
                     3 -3.105688891140621E-003
                     4 -6.315510222905076E-003
                     5 -9.647185849246016E-003
                     6 -1.315398057921133E-002
                     7 -1.681060076869006E-002
                     8 -2.059156196078803E-002
                     9 -2.446999736753591E-002
                    10 -2.842998012549893E-002
                    11 -3.245129436037679E-002
                    12 -3.652196870378123E-002
                    13 -4.062764827966146E-002
                    14 -4.475310639532597E-002
                    15 -4.889190244898910E-002
                    16 -5.303774158210975E-002
                    17 -5.718418754052863E-002
                    18 -6.132453138879785E-002
                    19 -6.545419155683134E-002
                    20 -6.956914713346642E-002
                    21 -7.366643878334905E-002
                    22 -7.775080851592636E-002
                    23 -8.184562224217622E-002
                    24 -8.605811789176979E-002
                    25 -9.034270549405782E-002
                    26 -9.460106371841866E-002
                    27 -9.890379984705754E-002
                    28 -0.103175830842821     
                    29 -0.107403421014752     
                    30 -0.111601299854176     
                    31 -0.115736368587730     
                    32 -0.119825616513525     
                    33 -0.123869802883410     
                    34 -0.127870456801620     
                    35 -0.131829058418289     
                    36 -0.135742028066643     
                    37 -0.139612052392946     
                    38 -0.143440689013053     
                    39 -0.147227478416780     
                    40 -0.150972864531223     
                    41 -0.154676708311115     
                    42 -0.158332399061966     
                    43 -0.161929344760086     
                    44 -0.165477604524335     
                    45 -0.168982400473407     
                    46 -0.172450509065628     
                    47 -0.175886999192402     
                    48 -0.179289953584794     
                    49 -0.182650905211563     
                    50 -0.185963416895536     
                    51 -0.189232358867656     
                    52 -0.192458004759527     
                    53 -0.195640160451047     
                    54 -0.198779009498605     
                    55 -0.201874546473489     
                    56 -0.204926742611054     
                    57 -0.207935180528917     
                    58 -0.210900313588437     
                    59 -0.213822164342884     
                    60 -0.216700721287994     
                    61 -0.219535882981692     
                    62 -0.222327718463310     
                    63 -0.225076031237929     
                    64 -0.227780526727306     
                    65 -0.230440873269833     
                    66 -0.233056920637568     
                    67 -0.235628131123344     
                    68 -0.238154746285503     
                    69 -0.240636818402078     
                    70 -0.243074972235203     
                    71 -0.245468023167650     
                    72 -0.247815781386473     
                    73 -0.250118279636975     
                    74 -0.252374528147165     
                    75 -0.254584190222863     
                    76 -0.256748036100177     
                    77 -0.258865227789975     
                    78 -0.260935388413051     
                    79 -0.262958797798964     
                    80 -0.264935692502582     
                    81 -0.266865922754679     
                    82 -0.268750269712596     
                    83 -0.270590073437359     
                    84 -0.272386109157674     
                    85 -0.274137158588116     
                    86 -0.275842976733473     
                    87 -0.277503829065743     
                    88 -0.279120384255798     
                    89 -0.280693105578005     
                    90 -0.282222060419273     
                    91 -0.283706303871240     
                    92 -0.285147864769247     
                    93 -0.286549259261516     
                    94 -0.287912172635024     
                    95 -0.289231325596280     
                    96 -0.290507066638262     
                    97 -0.291743128201717     
                    98 -0.292943832820870     
                    99 -0.294110935062251     
                   100 -0.295243788313532     
                   101 -0.296341340580907     
                   102 -0.297403397075044     
                   103 -0.298432352551481     
                   104 -0.299424870097961     
                   105 -0.300381601886496     
                   106 -0.301302999207069     
                   107 -0.302191764317713     
                   108 -0.303047131962914     
                   109 -0.303866080843144     
                   110 -0.304648488526132     
                   111 -0.305396496301088     
                   112 -0.306107522394422     
                   113 -0.306780397703472     
                   114 -0.307415861457450     
                   115 -0.308015825077867     
                   116 -0.308580784654288     
                   117 -0.309106134282788     
                   118 -0.309598010052091     
                   119 -0.310062072952147     
                   120 -0.310502942526677     
                   121 -0.310928882194761     
                   122 -0.311347992350272     
                   123 -0.311758854360878     
                   124 -0.312133093919329     
                   125 -0.312463891781024     
                   126 -0.312751917027645     
                   127 -0.313009516758113     
                   128 -0.313233710290210     
                   129 -0.313426603947985     
                   130 -0.313602543750779     
                   131 -0.313761019756685     
                   132 -0.313894090902521     
                   133 -0.314002021161077     
                   134 -0.314081852659415     
                   135 -0.314137095344727     
                   136 -0.314173629045237     
                   137 -0.314192234596337     
                   138 -0.314193135234808     
                   139 -0.314175128058977     
                   140 -0.314137982912365     
                   141 -0.314082436037418     
                   142 -0.314009317289319     
                   143 -0.313919781895228     
                   144 -0.313814160657173     
                   145 -0.313692987203434     
                   146 -0.313556383174144     
                   147 -0.313405477463182     
                   148 -0.313240581292071     
                   149 -0.313062542306037     
                   150 -0.312871924004027     
                   151 -0.312669283349099     
                   152 -0.312454976072454     
                   153 -0.312229739676718     
                   154 -0.311994307382278     
                   155 -0.311749099523642     
                   156 -0.311494863624156     
                   157 -0.311232215245782     
                   158 -0.310962005286176     
                   159 -0.310684565329521     
                   160 -0.310400023533731     
                   161 -0.310108785884134     
                   162 -0.309811517111726     
                   163 -0.309509228944944     
                   164 -0.309202016025209     
                   165 -0.308890083318412     
                   166 -0.308574133888078     
                   167 -0.308254593917691     
                   168 -0.307931022260824     
                   169 -0.307603639130596     
                   170 -0.307274408726494     
                   171 -0.306944436750527     
                   172 -0.306615603955943     
                   173 -0.306286684263835     
                   174 -0.305950329412657     
                   175 -0.305608983932477     
                   176 -0.305262586397629     
                   177 -0.304918354165162     
                   178 -0.304582103061708     
                   179 -0.304248994736207     
                   180 -0.303920749237439     
                   181 -0.303591851493071     
                   182 -0.303261496668410     
                   183 -0.302920169367197     
                   184 -0.302553756552603     
                   185 -0.302173165486195     
                   186 -0.301799746168430     
                   187 -0.301445323830113     
                   188 -0.301106230196834     
                   189 -0.300787627478749     
                   190 -0.300481335633060     
                   191 -0.300168465339745     
                   192 -0.299844018571011     
                   193 -0.299509411038791     
                   194 -0.299167738232028     
                   195 -0.298815681993588     
                   196 -0.298454822740231     
                   197 -0.298102402943184     
                   198 -0.297754735916955     
                   199 -0.297409800494561     
                   200 -0.297067808270301     
                   201 -0.296728455425935     
                   202 -0.296392146446564     
                   203 -0.296058478513233     
                   204 -0.295727419759064     
                   205 -0.295399086301346     
                   206 -0.295073349609463     
                   207 -0.294750257992380     
                   208 -0.294429736692809     
                   209 -0.294111735779222     
                   210 -0.293796575876330     
                   211 -0.293484729016893     
                   212 -0.293176013433129     
                   213 -0.292870835480359     
                   214 -0.292569242128835     
                   215 -0.292271075171980     
                   216 -0.291976655409266     
                   217 -0.291685946830554     
                   218 -0.291399162329005     
                   219 -0.291116178234922     
                   220 -0.290836998325651     
                   221 -0.290561618786053     
                   222 -0.290290429639439     
                   223 -0.290023531992578     
                   224 -0.289760832097871     
                   225 -0.289502303619150     
                   226 -0.289247221419603     
                   227 -0.288996383470071     
                   228 -0.288750197775462     
                   229 -0.288508124811441     
                   230 -0.288270635554925     
                   231 -0.288038049135911     
                   232 -0.287810605465578     
                   233 -0.287588192922984     
                   234 -0.287369753232735     
                   235 -0.287153528892737     
                   236 -0.286943656250437     
                   237 -0.286740019984027     
                   238 -0.286542412479559     
                   239 -0.286344033392401     
                   240 -0.286147470773675     
                   241 -0.285955268242144     
                   242 -0.285775566884179     
                   243 -0.285611569785895     
                   244 -0.285449036366198     
                   245 -0.285291224022267     
                   246 -0.285134164147065     
                   247 -0.284982241060313     
                   248 -0.284830562608165     
                   249 -0.284661167212483     
                   250 -0.284472134703527     
                   251 -0.284280772309823     
                   252 -0.284091138613142     
                   253 -0.283916566425092     
                   254 -0.283780752279590     
                   255 -0.283663302935863     
                   256 -0.283544817045999     
                   257 -0.283416970653450     
                   258 -0.283275366039427     
                   259 -0.283121493253718     
                   260 -0.282960185516054     
                   261 -0.282790384395418     
                   262 -0.282617528192540     
                   263 -0.282444598863847     
                   264 -0.282271757055887     
                   265 -0.282098784706153     
                   266 -0.281925884114832     
                   267 -0.281753066176077     
                   268 -0.281580353776924     
                   269 -0.281407673266384     
                   270 -0.281236152283856     
                   271 -0.281065316894537     
                   272 -0.280895103240074     
                   273 -0.280725296533484     
                   274 -0.280555864640067     
                   275 -0.280387434985734     
                   276 -0.280219559808186     
                   277 -0.280051829082353     
                   278 -0.279884719603999     
                   279 -0.279718328505853     
                   280 -0.279552982678860     
                   281 -0.279387607105458     
                   282 -0.279222085591655     
                   283 -0.279056351029259     
                   284 -0.278891125669178     
                   285 -0.278725619973123     
                   286 -0.278560774622653     
                   287 -0.278396370058386     
                   288 -0.278232480686959     
                   289 -0.278069493171001     
                   290 -0.277907197865315     
                   291 -0.277745383649503     
                   292 -0.277584166887834     
                   293 -0.277423519606473     
                   294 -0.277263942003254     
                   295 -0.277106279866848     
                   296 -0.276951178064041     
                   297 -0.276798464379834     
                   298 -0.276648990361920     
                   299 -0.276503624963293     
                   300 -0.276362327838883     
                   301 -0.276215575278429     
                   302 -0.276061132592860     
                   303 -0.275909362201711     
                   304 -0.275765070511511     
                   305 -0.275625483466590     
                   306 -0.275495005217281     
                   307 -0.275371463815186     
                   308 -0.275246421630966     
                   309 -0.275116833744113     
                   310 -0.274992351585929     
                   311 -0.274873387381538     
                   312 -0.274753820702465     
                   313 -0.274619412588262     
                   314 -0.274457243510078     
                   315 -0.274291099037731     
                   316 -0.274140428273447     
                   317 -0.274014715305666     
                   318 -0.273919858730805     
                   319 -0.273843188918106     
                   320 -0.273763345837720     
                   321 -0.273670432964187     
                   322 -0.273567743692798     
                   323 -0.273459063966670     
                   324 -0.273339461763862     
                   325 -0.273214840632640     
                   326 -0.273091316635648     
                   327 -0.272968910659600     
                   328 -0.272847948002811     
                   329 -0.272746496413545     
                   330 -0.272650553917380     
                   331 -0.272557560114610     
                   332 -0.272466453967779     
                   333 -0.272376261447332     
                   334 -0.272286635424113     
                   335 -0.272197878782317     
                   336 -0.272107947876391     
                   337 -0.272017906784700     
                   338 -0.271927011928225     
                   339 -0.271834060914134     
                   340 -0.271740171509716     
                   341 -0.271644851359183     
                   342 -0.271547629294122     
                   343 -0.271448665855484     
                   344 -0.271348854003549     
                   345 -0.271246332043406     
                   346 -0.271140725006516     
                   347 -0.271032450339796     
                   348 -0.270921305559224     
                   349 -0.270806309932040     
                   350 -0.270688574186946     
                   351 -0.270568549746468     
                   352 -0.270447075811639     
                   353 -0.270324969827333     
                   354 -0.270201679529228     
                   355 -0.270075371901930     
                   356 -0.269947568742494     
                   357 -0.269819995418743     
                   358 -0.269693006545620     
                   359 -0.269565568881443     
                   360 -0.269435775051007     
                   361 -0.269305460660876     
                   362 -0.269175726849632     
                   363 -0.269038453559302     
                   364 -0.268896820739610     
                   365 -0.268760053475861     
                   366 -0.268630700238306     
                   367 -0.268511466754449     
                   368 -0.268401229712790     
                   369 -0.268288361852073     
                   370 -0.268180183489323     
                   371 -0.268082838443635     
                   372 -0.267992470219686     
                   373 -0.267926489062430     
                   374 -0.267884026236526     
                   375 -0.267843769389150     
                   376 -0.267795384321056     
                   377 -0.267746990420429     
                   378 -0.267715122453164     
                   379 -0.267706439571225     
                   380 -0.267719760982404     
                   381 -0.267755215751778     
                   382 -0.267794223613709     
                   383 -0.267820122077514     
                   384 -0.267833316562113     
                   385 -0.267837454902744     
                   386 -0.267829041646504     
                   387 -0.267815139170946     
                   388 -0.267801872859000     
                   389 -0.267791894408478     
                   390 -0.267780611275531     
                   391 -0.267765294552782     
                   392 -0.267743582729362     
                   393 -0.267711333752567     
                   394 -0.267669463540921     
                   395 -0.267619041329795     
                   396 -0.267560318190674     
                   397 -0.267493980675680     
                   398 -0.267420412511511     
                   399 -0.267340655200207     
                   400 -0.267255177095637     
                   401 -0.267164486701943     
                   402 -0.267069236348293     
                   403 -0.266969195468495     
                   404 -0.266865417929130     
                   405 -0.266757480347308     
                   406 -0.266646494502221     
                   407 -0.266532253889913     
                   408 -0.266415557473655     
                   409 -0.266296835114778     
                   410 -0.266176461650940     
                   411 -0.266054620675479     
                   412 -0.265931913090286     
                   413 -0.265807413685394     
                   414 -0.265681477860390     
                   415 -0.265553954493831     
                   416 -0.265425491301861     
                   417 -0.265295530621910     
                   418 -0.265164526872533     
                   419 -0.265034242421306     
                   420 -0.264905834036623     
                   421 -0.264780270295922     
                   422 -0.264658991942552     
                   423 -0.264551511411656     
                   424 -0.264452348006832     
                   425 -0.264357558837956     
                   426 -0.264275339008767     
                   427 -0.264231108855376     
                   428 -0.264220690687198     
                   429 -0.264235423741372     
                   430 -0.264269754168915     
                   431 -0.264319821554080     
                   432 -0.264376148775581     
                   433 -0.264436926592246     
                   434 -0.264499236194252     
                   435 -0.264564071697236     
                   436 -0.264625422350876     
                   437 -0.264673991891829     
                   438 -0.264718826531073     
                   439 -0.264772337194336     
                   440 -0.264842626718868     
                   441 -0.264924256300701     
                   442 -0.265025333971037     
                   443 -0.265140880145458     
                   444 -0.265245210867870     
                   445 -0.265326553859938     
                   446 -0.265384666760797     
                   447 -0.265417390467234     
                   448 -0.265432443406084     
                   449 -0.265436051764795     
                   450 -0.265428296172195     
                   451 -0.265410228663157     
                   452 -0.265382173685493     
                   453 -0.265344296177832     
                   454 -0.265297822724705     
                   455 -0.265244135011207     
                   456 -0.265182648097087     
                   457 -0.265115573988428     
                   458 -0.265042125102896     
                   459 -0.264963058776678     
                   460 -0.264878882008172     
                   461 -0.264790022265658     
                   462 -0.264696995659121     
                   463 -0.264600139166140     
                   464 -0.264499872692835     
                   465 -0.264397186402725     
                   466 -0.264291036033761     
                   467 -0.264182278023735     
                   468 -0.264071613458173     
                   469 -0.263958496481851     
                   470 -0.263843553150565     
                   471 -0.263727728956675     
                   472 -0.263610662920166     
                   473 -0.263492511749394     
                   474 -0.263375271578552     
                   475 -0.263258818945856     
                   476 -0.263144653372959     
                   477 -0.263034344700394     
                   478 -0.262931308494513     
                   479 -0.262838983698499     
                   480 -0.262759400523312     
                   481 -0.262692334371895     
                   482 -0.262639611301777     
                   483 -0.262623133246740     
                   484 -0.262649019709242     
                   485 -0.262702058869064     
                   486 -0.262770854517592     
                   487 -0.262857057958912     
                   488 -0.262957725482042     
                   489 -0.263070972208251     
                   490 -0.263199234792636     
                   491 -0.263338397660711     
                   492 -0.263475187725698     
                   493 -0.263610075864561     
                   494 -0.263741201687500     
                   495 -0.263868683062043     
                   496 -0.263995045709195     
                   497 -0.264108301989500     
                   498 -0.264216456266152     
                   499 -0.264335196280345     
                   500 -0.264467586171613     
