313 240 73
1 3582 2.682840000 1.431250000 0.00000000000000000000 1.00000000000000000000 2 0 8 241 242 243 247 2 4 5 6 
2 3583 2.738060000 1.345850000 0.00000000000000000000 1.00000000000000000000 2 0 8 242 243 244 1 3 5 6 7 
3 3584 2.789850000 1.258420000 0.00000000000000000000 1.00000000000000000000 2 0 8 243 244 245 2 248 6 7 8 
4 3585 2.756070000 1.611950000 0.00000000000000000000 1.00000000000000000000 2 0 8 246 247 1 251 5 9 10 11 
5 3586 2.818320000 1.523380000 0.00000000000000000000 1.00000000000000000000 2 0 8 247 1 2 4 6 10 11 12 
6 3587 2.877000000 1.432500000 0.00000000000000000000 1.00000000000000000000 2 0 8 1 2 3 5 7 11 12 13 
7 3588 2.932020000 1.339440000 0.00000000000000000000 1.00000000000000000000 2 0 8 2 3 248 6 8 12 13 14 
8 3589 2.983300000 1.244360000 0.00000000000000000000 1.00000000000000000000 2 0 8 3 248 249 7 252 13 14 15 
9 3590 2.826480000 1.807080000 0.00000000000000000000 1.00000000000000000000 2 0 8 250 251 4 257 10 18 19 20 
10 3591 2.896320000 1.715450000 0.00000000000000000000 1.00000000000000000000 2 0 8 251 4 5 9 11 19 20 21 
11 3592 2.962470000 1.621210000 0.00000000000000000000 1.00000000000000000000 2 0 8 4 5 6 10 12 20 21 22 
12 3593 3.024820000 1.524510000 0.00000000000000000000 1.00000000000000000000 2 0 8 5 6 7 11 13 21 22 23 
13 3594 3.083290000 1.425490000 0.00000000000000000000 1.00000000000000000000 2 0 8 6 7 8 12 14 22 23 24 
14 3595 3.137790000 1.324310000 0.00000000000000000000 1.00000000000000000000 2 0 8 7 8 252 13 15 23 24 25 
15 3596 3.188220000 1.221120000 0.00000000000000000000 1.00000000000000000000 2 0 8 8 252 253 14 258 24 25 26 
16 3597 2.726270000 2.197160000 0.00000000000000000000 1.00000000000000000000 2 0 8 254 255 256 260 17 263 27 28 
17 3598 2.811570000 2.108890000 0.00000000000000000000 1.00000000000000000000 2 0 8 255 256 257 16 18 27 28 29 
18 3599 2.893290000 2.017410000 0.00000000000000000000 1.00000000000000000000 2 0 8 256 257 9 17 19 28 29 30 
19 3600 2.971320000 1.922850000 0.00000000000000000000 1.00000000000000000000 2 0 8 257 9 10 18 20 29 30 31 
20 3601 3.045540000 1.825370000 0.00000000000000000000 1.00000000000000000000 2 0 8 9 10 11 19 21 30 31 32 
21 3602 3.115830000 1.725110000 0.00000000000000000000 1.00000000000000000000 2 0 8 10 11 12 20 22 31 32 33 
22 3603 3.182090000 1.622230000 0.00000000000000000000 1.00000000000000000000 2 0 8 11 12 13 21 23 32 33 34 
23 3604 3.244230000 1.516880000 0.00000000000000000000 1.00000000000000000000 2 0 8 12 13 14 22 24 33 34 35 
24 3605 3.302140000 1.409220000 0.00000000000000000000 1.00000000000000000000 2 0 8 13 14 15 23 25 34 35 36 
25 3606 3.355740000 1.299430000 0.00000000000000000000 1.00000000000000000000 2 0 8 14 15 258 24 26 35 36 37 
26 3607 3.404960000 1.187650000 0.00000000000000000000 1.00000000000000000000 2 0 8 15 258 259 25 261 36 37 38 
27 3608 2.864980000 2.337610000 0.00000000000000000000 1.00000000000000000000 2 0 8 260 16 17 263 28 266 39 40 
28 3609 2.955630000 2.243720000 0.00000000000000000000 1.00000000000000000000 2 0 8 16 17 18 27 29 39 40 41 
29 3610 3.042470000 2.146410000 0.00000000000000000000 1.00000000000000000000 2 0 8 17 18 19 28 30 40 41 42 
30 3611 3.125400000 2.045830000 0.00000000000000000000 1.00000000000000000000 2 0 8 18 19 20 29 31 41 42 43 
31 3612 3.204270000 1.942130000 0.00000000000000000000 1.00000000000000000000 2 0 8 19 20 21 30 32 42 43 44 
32 3613 3.278970000 1.835480000 0.00000000000000000000 1.00000000000000000000 2 0 8 20 21 22 31 33 43 44 45 
33 3614 3.349390000 1.726030000 0.00000000000000000000 1.00000000000000000000 2 0 8 21 22 23 32 34 44 45 46 
34 3615 3.415430000 1.613950000 0.00000000000000000000 1.00000000000000000000 2 0 8 22 23 24 33 35 45 46 47 
35 3616 3.476980000 1.499420000 0.00000000000000000000 1.00000000000000000000 2 0 8 23 24 25 34 36 46 47 48 
36 3617 3.533950000 1.382600000 0.00000000000000000000 1.00000000000000000000 2 0 8 24 25 26 35 37 47 48 49 
37 3618 3.586250000 1.263680000 0.00000000000000000000 1.00000000000000000000 2 0 8 25 26 261 36 38 48 49 50 
38 3619 3.633820000 1.142850000 0.00000000000000000000 1.00000000000000000000 2 0 8 26 261 262 37 264 49 50 51 
39 3620 3.012530000 2.486800000 0.00000000000000000000 1.00000000000000000000 2 0 8 263 27 28 266 40 269 270 52 
40 3621 3.108860000 2.386950000 0.00000000000000000000 1.00000000000000000000 2 0 8 27 28 29 39 41 270 52 53 
41 3622 3.201160000 2.283450000 0.00000000000000000000 1.00000000000000000000 2 0 8 28 29 30 40 42 52 53 54 
42 3623 3.289280000 2.176470000 0.00000000000000000000 1.00000000000000000000 2 0 8 29 30 31 41 43 53 54 55 
43 3624 3.373110000 2.066170000 0.00000000000000000000 1.00000000000000000000 2 0 8 30 31 32 42 44 54 55 56 
44 3625 3.452500000 1.952720000 0.00000000000000000000 1.00000000000000000000 2 0 8 31 32 33 43 45 55 56 57 
45 3626 3.527350000 1.836290000 0.00000000000000000000 1.00000000000000000000 2 0 8 32 33 34 44 46 56 57 58 
46 3627 3.597530000 1.717070000 0.00000000000000000000 1.00000000000000000000 2 0 8 33 34 35 45 47 57 58 59 
47 3628 3.662950000 1.595230000 0.00000000000000000000 1.00000000000000000000 2 0 8 34 35 36 46 48 58 59 60 
48 3629 3.723500000 1.470960000 0.00000000000000000000 1.00000000000000000000 2 0 8 35 36 37 47 49 59 60 61 
49 3630 3.779100000 1.344450000 0.00000000000000000000 1.00000000000000000000 2 0 8 36 37 38 48 50 60 61 62 
50 3631 3.829650000 1.215900000 0.00000000000000000000 1.00000000000000000000 2 0 8 37 38 264 49 51 61 62 63 
51 3632 3.875090000 1.085490000 0.00000000000000000000 1.00000000000000000000 2 0 8 38 264 265 50 267 62 63 64 
52 3633 3.271840000 2.539100000 0.00000000000000000000 1.00000000000000000000 2 0 8 39 40 41 270 53 273 274 65 
53 3634 3.369930000 2.429030000 0.00000000000000000000 1.00000000000000000000 2 0 8 40 41 42 52 54 274 65 66 
54 3635 3.463590000 2.315250000 0.00000000000000000000 1.00000000000000000000 2 0 8 41 42 43 53 55 65 66 67 
55 3636 3.552680000 2.197940000 0.00000000000000000000 1.00000000000000000000 2 0 8 42 43 44 54 56 66 67 68 
56 3637 3.637070000 2.077270000 0.00000000000000000000 1.00000000000000000000 2 0 8 43 44 45 55 57 67 68 69 
57 3638 3.716620000 1.953430000 0.00000000000000000000 1.00000000000000000000 2 0 8 44 45 46 56 58 68 69 70 
58 3639 3.791220000 1.826620000 0.00000000000000000000 1.00000000000000000000 2 0 8 45 46 47 57 59 69 70 71 
59 3640 3.860750000 1.697020000 0.00000000000000000000 1.00000000000000000000 2 0 8 46 47 48 58 60 70 71 72 
60 3641 3.925110000 1.564830000 0.00000000000000000000 1.00000000000000000000 2 0 8 47 48 49 59 61 71 72 73 
61 3642 3.984210000 1.430260000 0.00000000000000000000 1.00000000000000000000 2 0 8 48 49 50 60 62 72 73 74 
62 3643 4.037940000 1.293510000 0.00000000000000000000 1.00000000000000000000 2 0 8 49 50 51 61 63 73 74 75 
63 3644 4.086240000 1.154780000 0.00000000000000000000 1.00000000000000000000 2 0 8 50 51 267 62 64 74 75 76 
64 3645 4.129030000 1.014300000 0.00000000000000000000 1.00000000000000000000 2 0 8 51 267 268 63 271 75 76 77 
65 3646 3.549430000 2.583710000 0.00000000000000000000 1.00000000000000000000 2 0 8 52 53 54 274 66 277 278 78 
66 3647 3.648980000 2.462710000 0.00000000000000000000 1.00000000000000000000 2 0 8 53 54 55 65 67 278 78 79 
67 3648 3.743670000 2.337940000 0.00000000000000000000 1.00000000000000000000 2 0 8 54 55 56 66 68 78 79 80 
68 3649 3.833360000 2.209610000 0.00000000000000000000 1.00000000000000000000 2 0 8 55 56 57 67 69 79 80 81 
69 3650 3.917920000 2.077900000 0.00000000000000000000 1.00000000000000000000 2 0 8 56 57 58 68 70 80 81 82 
70 3651 3.997210000 1.943010000 0.00000000000000000000 1.00000000000000000000 2 0 8 57 58 59 69 71 81 82 83 
71 3652 4.071120000 1.805170000 0.00000000000000000000 1.00000000000000000000 2 0 8 58 59 60 70 72 82 83 84 
72 3653 4.139540000 1.664560000 0.00000000000000000000 1.00000000000000000000 2 0 8 59 60 61 71 73 83 84 85 
73 3654 4.202350000 1.521420000 0.00000000000000000000 1.00000000000000000000 2 0 8 60 61 62 72 74 84 85 86 
74 3655 4.259470000 1.375960000 0.00000000000000000000 1.00000000000000000000 2 0 8 61 62 63 73 75 85 86 87 
75 3656 4.310810000 1.228400000 0.00000000000000000000 1.00000000000000000000 2 0 8 62 63 64 74 76 86 87 88 
76 3657 4.356300000 1.078970000 0.00000000000000000000 1.00000000000000000000 2 0 8 63 64 271 75 77 87 88 89 
77 3658 4.395860000 0.927896000 0.00000000000000000000 1.00000000000000000000 2 0 8 64 271 272 76 275 88 89 90 
78 3659 3.846130000 2.619390000 0.00000000000000000000 1.00000000000000000000 2 0 8 65 66 67 278 79 280 281 91 
79 3660 3.946780000 2.486700000 0.00000000000000000000 1.00000000000000000000 2 0 8 66 67 68 78 80 281 91 92 
80 3661 4.042120000 2.350220000 0.00000000000000000000 1.00000000000000000000 2 0 8 67 68 69 79 81 91 92 93 
81 3662 4.132000000 2.210140000 0.00000000000000000000 1.00000000000000000000 2 0 8 68 69 70 80 82 92 93 94 
82 3663 4.216280000 2.066690000 0.00000000000000000000 1.00000000000000000000 2 0 8 69 70 71 81 83 93 94 95 
83 3664 4.294850000 1.920080000 0.00000000000000000000 1.00000000000000000000 2 0 8 70 71 72 82 84 94 95 96 
84 3665 4.367570000 1.770540000 0.00000000000000000000 1.00000000000000000000 2 0 8 71 72 73 83 85 95 96 97 
85 3666 4.434340000 1.618290000 0.00000000000000000000 1.00000000000000000000 2 0 8 72 73 74 84 86 96 97 98 
86 3667 4.495060000 1.463580000 0.00000000000000000000 1.00000000000000000000 2 0 8 73 74 75 85 87 97 98 99 
87 3668 4.549640000 1.306630000 0.00000000000000000000 1.00000000000000000000 2 0 8 74 75 76 86 88 98 99 100 
88 3669 4.598000000 1.147690000 0.00000000000000000000 1.00000000000000000000 2 0 8 75 76 77 87 89 99 100 101 
89 3670 4.640050000 0.986994000 0.00000000000000000000 1.00000000000000000000 2 0 8 76 77 275 88 90 100 101 102 
90 3671 4.675740000 0.824794000 0.00000000000000000000 1.00000000000000000000 2 0 8 77 275 276 89 279 101 102 282 
91 3672 4.162770000 2.644780000 0.00000000000000000000 1.00000000000000000000 2 0 8 78 79 80 281 92 283 284 103 
92 3673 4.264110000 2.499640000 0.00000000000000000000 1.00000000000000000000 2 0 8 79 80 81 91 93 284 103 104 
93 3674 4.359650000 2.350670000 0.00000000000000000000 1.00000000000000000000 2 0 8 80 81 82 92 94 103 104 105 
94 3675 4.449250000 2.198110000 0.00000000000000000000 1.00000000000000000000 2 0 8 81 82 83 93 95 104 105 106 
95 3676 4.532760000 2.042190000 0.00000000000000000000 1.00000000000000000000 2 0 8 82 83 84 94 96 105 106 107 
96 3677 4.610070000 1.883150000 0.00000000000000000000 1.00000000000000000000 2 0 8 83 84 85 95 97 106 107 108 
97 3678 4.681050000 1.721230000 0.00000000000000000000 1.00000000000000000000 2 0 8 84 85 86 96 98 107 108 109 
98 3679 4.745600000 1.556680000 0.00000000000000000000 1.00000000000000000000 2 0 8 85 86 87 97 99 108 109 110 
99 3680 4.803620000 1.389760000 0.00000000000000000000 1.00000000000000000000 2 0 8 86 87 88 98 100 109 110 111 
100 3681 4.855020000 1.220710000 0.00000000000000000000 1.00000000000000000000 2 0 8 87 88 89 99 101 110 111 112 
101 3682 4.899730000 1.049790000 0.00000000000000000000 1.00000000000000000000 2 0 8 88 89 90 100 102 111 112 113 
102 3683 4.937670000 0.877277000 0.00000000000000000000 1.00000000000000000000 2 0 8 89 90 279 101 282 112 113 285 
103 3684 4.500170000 2.658430000 0.00000000000000000000 1.00000000000000000000 2 0 8 91 92 93 284 104 286 114 115 
104 3685 4.601740000 2.500020000 0.00000000000000000000 1.00000000000000000000 2 0 8 92 93 94 103 105 114 115 116 
105 3686 4.696980000 2.337780000 0.00000000000000000000 1.00000000000000000000 2 0 8 93 94 95 104 106 115 116 117 
106 3687 4.785760000 2.171960000 0.00000000000000000000 1.00000000000000000000 2 0 8 94 95 96 105 107 116 117 118 
107 3688 4.867940000 2.002830000 0.00000000000000000000 1.00000000000000000000 2 0 8 95 96 97 106 108 117 118 119 
108 3689 4.943400000 1.830630000 0.00000000000000000000 1.00000000000000000000 2 0 8 96 97 98 107 109 118 119 120 
109 3690 5.012020000 1.655630000 0.00000000000000000000 1.00000000000000000000 2 0 8 97 98 99 108 110 119 120 121 
110 3691 5.073700000 1.478100000 0.00000000000000000000 1.00000000000000000000 2 0 8 98 99 100 109 111 120 121 122 
111 3692 5.128340000 1.298310000 0.00000000000000000000 1.00000000000000000000 2 0 8 99 100 101 110 112 121 122 123 
112 3693 5.175870000 1.116530000 0.00000000000000000000 1.00000000000000000000 2 0 8 100 101 102 111 113 122 123 124 
113 3694 5.216210000 0.933052000 0.00000000000000000000 1.00000000000000000000 2 0 8 101 102 282 112 285 123 124 287 
114 3695 4.751190000 2.827180000 0.00000000000000000000 1.00000000000000000000 2 0 8 284 103 104 286 115 288 289 125 
115 3696 4.859150000 2.658730000 0.00000000000000000000 1.00000000000000000000 2 0 8 103 104 105 114 116 289 125 126 
116 3697 4.960400000 2.486210000 0.00000000000000000000 1.00000000000000000000 2 0 8 104 105 106 115 117 125 126 127 
117 3698 5.054780000 2.309880000 0.00000000000000000000 1.00000000000000000000 2 0 8 105 106 107 116 118 126 127 128 
118 3699 5.142140000 2.130010000 0.00000000000000000000 1.00000000000000000000 2 0 8 106 107 108 117 119 127 128 129 
119 3700 5.222360000 1.946890000 0.00000000000000000000 1.00000000000000000000 2 0 8 107 108 109 118 120 128 129 130 
120 3701 5.295310000 1.760780000 0.00000000000000000000 1.00000000000000000000 2 0 8 108 109 110 119 121 129 130 131 
121 3702 5.360880000 1.571980000 0.00000000000000000000 1.00000000000000000000 2 0 8 109 110 111 120 122 130 131 132 
122 3703 5.418980000 1.380780000 0.00000000000000000000 1.00000000000000000000 2 0 8 110 111 112 121 123 131 132 133 
123 3704 5.469500000 1.187460000 0.00000000000000000000 1.00000000000000000000 2 0 8 111 112 113 122 124 132 133 134 
124 3705 5.512390000 0.992328000 0.00000000000000000000 1.00000000000000000000 2 0 8 112 113 285 123 287 133 134 290 
125 3706 5.132860000 2.827420000 0.00000000000000000000 1.00000000000000000000 2 0 8 114 115 116 289 126 292 135 136 
126 3707 5.240490000 2.643960000 0.00000000000000000000 1.00000000000000000000 2 0 8 115 116 117 125 127 135 136 137 
127 3708 5.340830000 2.456460000 0.00000000000000000000 1.00000000000000000000 2 0 8 116 117 118 126 128 136 137 138 
128 3709 5.433700000 2.265190000 0.00000000000000000000 1.00000000000000000000 2 0 8 117 118 119 127 129 137 138 139 
129 3710 5.518980000 2.070450000 0.00000000000000000000 1.00000000000000000000 2 0 8 118 119 120 128 130 138 139 140 
130 3711 5.596540000 1.872540000 0.00000000000000000000 1.00000000000000000000 2 0 8 119 120 121 129 131 139 140 141 
131 3712 5.666250000 1.671770000 0.00000000000000000000 1.00000000000000000000 2 0 8 120 121 122 130 132 140 141 142 
132 3713 5.728010000 1.468430000 0.00000000000000000000 1.00000000000000000000 2 0 8 121 122 123 131 133 141 142 143 
133 3714 5.781730000 1.262850000 0.00000000000000000000 1.00000000000000000000 2 0 8 122 123 124 132 134 142 143 144 
134 3715 5.827320000 1.055330000 0.00000000000000000000 1.00000000000000000000 2 0 8 123 124 287 133 290 143 144 145 
135 3716 5.423880000 3.006710000 0.00000000000000000000 1.00000000000000000000 2 0 8 289 125 126 292 136 294 146 147 
136 3717 5.538310000 2.811640000 0.00000000000000000000 1.00000000000000000000 2 0 8 125 126 127 135 137 146 147 148 
137 3718 5.644970000 2.612250000 0.00000000000000000000 1.00000000000000000000 2 0 8 126 127 128 136 138 147 148 149 
138 3719 5.743710000 2.408870000 0.00000000000000000000 1.00000000000000000000 2 0 8 127 128 129 137 139 148 149 150 
139 3720 5.834380000 2.201790000 0.00000000000000000000 1.00000000000000000000 2 0 8 128 129 130 138 140 149 150 151 
140 3721 5.916830000 1.991330000 0.00000000000000000000 1.00000000000000000000 2 0 8 129 130 131 139 141 150 151 152 
141 3722 5.990940000 1.777830000 0.00000000000000000000 1.00000000000000000000 2 0 8 130 131 132 140 142 151 152 153 
142 3723 6.056600000 1.561600000 0.00000000000000000000 1.00000000000000000000 2 0 8 131 132 133 141 143 152 153 154 
143 3724 6.113710000 1.342970000 0.00000000000000000000 1.00000000000000000000 2 0 8 132 133 134 142 144 153 154 155 
144 3725 6.162180000 1.122290000 0.00000000000000000000 1.00000000000000000000 2 0 8 133 134 290 143 145 154 155 156 
145 3726 6.201940000 0.899891000 0.00000000000000000000 1.00000000000000000000 2 0 8 134 290 291 144 293 155 156 295 
146 3727 5.733310000 3.197280000 0.00000000000000000000 1.00000000000000000000 2 0 8 292 135 136 294 147 296 157 158 
147 3728 5.854960000 2.989860000 0.00000000000000000000 1.00000000000000000000 2 0 8 135 136 137 146 148 157 158 159 
148 3729 5.968360000 2.777860000 0.00000000000000000000 1.00000000000000000000 2 0 8 136 137 138 147 149 158 159 160 
149 3730 6.073330000 2.561590000 0.00000000000000000000 1.00000000000000000000 2 0 8 137 138 139 148 150 159 160 161 
150 3731 6.169720000 2.341390000 0.00000000000000000000 1.00000000000000000000 2 0 8 138 139 140 149 151 160 161 162 
151 3732 6.257380000 2.117600000 0.00000000000000000000 1.00000000000000000000 2 0 8 139 140 141 150 152 161 162 163 
152 3733 6.336170000 1.890560000 0.00000000000000000000 1.00000000000000000000 2 0 8 140 141 142 151 153 162 163 164 
153 3734 6.405980000 1.660630000 0.00000000000000000000 1.00000000000000000000 2 0 8 141 142 143 152 154 163 164 165 
154 3735 6.466700000 1.428140000 0.00000000000000000000 1.00000000000000000000 2 0 8 142 143 144 153 155 164 165 166 
155 3736 6.518230000 1.193470000 0.00000000000000000000 1.00000000000000000000 2 0 8 143 144 145 154 156 165 166 167 
156 3737 6.560500000 0.956968000 0.00000000000000000000 1.00000000000000000000 2 0 8 144 145 293 155 295 166 167 297 
157 3738 6.062300000 3.399860000 0.00000000000000000000 1.00000000000000000000 2 0 8 294 146 147 296 158 298 168 169 
158 3739 6.191630000 3.179320000 0.00000000000000000000 1.00000000000000000000 2 0 8 146 147 148 157 159 168 169 170 
159 3740 6.312180000 2.953890000 0.00000000000000000000 1.00000000000000000000 2 0 8 147 148 149 158 160 169 170 171 
160 3741 6.423780000 2.723930000 0.00000000000000000000 1.00000000000000000000 2 0 8 148 149 150 159 161 170 171 172 
161 3742 6.526260000 2.489790000 0.00000000000000000000 1.00000000000000000000 2 0 8 149 150 151 160 162 171 172 173 
162 3743 6.619450000 2.251820000 0.00000000000000000000 1.00000000000000000000 2 0 8 150 151 152 161 163 172 173 174 
163 3744 6.703220000 2.010400000 0.00000000000000000000 1.00000000000000000000 2 0 8 151 152 153 162 164 173 174 175 
164 3745 6.777440000 1.765900000 0.00000000000000000000 1.00000000000000000000 2 0 8 152 153 154 163 165 174 175 176 
165 3746 6.842000000 1.518680000 0.00000000000000000000 1.00000000000000000000 2 0 8 153 154 155 164 166 175 176 177 
166 3747 6.896790000 1.269130000 0.00000000000000000000 1.00000000000000000000 2 0 8 154 155 156 165 167 176 177 178 
167 3748 6.941730000 1.017640000 0.00000000000000000000 1.00000000000000000000 2 0 8 155 156 295 166 297 177 178 299 
168 3749 6.412070000 3.615210000 0.00000000000000000000 1.00000000000000000000 2 0 8 296 157 158 298 169 300 179 180 
169 3750 6.549560000 3.380710000 0.00000000000000000000 1.00000000000000000000 2 0 8 157 158 159 168 170 179 180 181 
170 3751 6.677730000 3.141020000 0.00000000000000000000 1.00000000000000000000 2 0 8 158 159 160 169 171 180 181 182 
171 3752 6.796380000 2.896500000 0.00000000000000000000 1.00000000000000000000 2 0 8 159 160 161 170 172 181 182 183 
172 3753 6.905330000 2.647540000 0.00000000000000000000 1.00000000000000000000 2 0 8 160 161 162 171 173 182 183 184 
173 3754 7.004410000 2.394510000 0.00000000000000000000 1.00000000000000000000 2 0 8 161 162 163 172 174 183 184 185 
174 3755 7.093480000 2.137800000 0.00000000000000000000 1.00000000000000000000 2 0 8 162 163 164 173 175 184 185 186 
175 3756 7.172390000 1.877800000 0.00000000000000000000 1.00000000000000000000 2 0 8 163 164 165 174 176 185 186 187 
176 3757 7.241020000 1.614930000 0.00000000000000000000 1.00000000000000000000 2 0 8 164 165 166 175 177 186 187 188 
177 3758 7.299270000 1.349570000 0.00000000000000000000 1.00000000000000000000 2 0 8 165 166 167 176 178 187 188 189 
178 3759 7.347060000 1.082140000 0.00000000000000000000 1.00000000000000000000 2 0 8 166 167 297 177 299 188 189 301 
179 3760 6.783940000 3.844140000 0.00000000000000000000 1.00000000000000000000 2 0 8 298 168 169 300 180 302 190 191 
180 3761 6.930110000 3.594810000 0.00000000000000000000 1.00000000000000000000 2 0 8 168 169 170 179 181 190 191 192 
181 3762 7.066380000 3.339950000 0.00000000000000000000 1.00000000000000000000 2 0 8 169 170 171 180 182 191 192 193 
182 3763 7.192520000 3.079960000 0.00000000000000000000 1.00000000000000000000 2 0 8 170 171 172 181 183 192 193 194 
183 3764 7.308350000 2.815240000 0.00000000000000000000 1.00000000000000000000 2 0 8 171 172 173 182 184 193 194 195 
184 3765 7.413700000 2.546190000 0.00000000000000000000 1.00000000000000000000 2 0 8 172 173 174 183 185 194 195 196 
185 3766 7.508390000 2.273230000 0.00000000000000000000 1.00000000000000000000 2 0 8 173 174 175 184 186 195 196 197 
186 3767 7.592280000 1.996770000 0.00000000000000000000 1.00000000000000000000 2 0 8 174 175 176 185 187 196 197 198 
187 3768 7.665250000 1.717240000 0.00000000000000000000 1.00000000000000000000 2 0 8 175 176 177 186 188 197 198 199 
188 3769 7.727190000 1.435080000 0.00000000000000000000 1.00000000000000000000 2 0 8 176 177 178 187 189 198 199 200 
189 3770 7.777990000 1.150710000 0.00000000000000000000 1.00000000000000000000 2 0 8 177 178 299 188 301 199 200 303 
190 3771 7.179290000 4.087520000 0.00000000000000000000 1.00000000000000000000 2 0 8 300 179 180 302 191 304 201 202 
191 3772 7.334690000 3.822420000 0.00000000000000000000 1.00000000000000000000 2 0 8 179 180 181 190 192 201 202 203 
192 3773 7.479570000 3.551450000 0.00000000000000000000 1.00000000000000000000 2 0 8 180 181 182 191 193 202 203 204 
193 3774 7.613680000 3.275010000 0.00000000000000000000 1.00000000000000000000 2 0 8 181 182 183 192 194 203 204 205 
194 3775 7.736830000 2.993530000 0.00000000000000000000 1.00000000000000000000 2 0 8 182 183 184 193 195 204 205 206 
195 3776 7.848830000 2.707460000 0.00000000000000000000 1.00000000000000000000 2 0 8 183 184 185 194 196 205 206 207 
196 3777 7.949510000 2.417210000 0.00000000000000000000 1.00000000000000000000 2 0 8 184 185 186 195 197 206 207 208 
197 3778 8.038700000 2.123250000 0.00000000000000000000 1.00000000000000000000 2 0 8 185 186 187 196 198 207 208 209 
198 3779 8.116290000 1.826030000 0.00000000000000000000 1.00000000000000000000 2 0 8 186 187 188 197 199 208 209 210 
199 3780 8.182140000 1.525990000 0.00000000000000000000 1.00000000000000000000 2 0 8 187 188 189 198 200 209 210 211 
200 3781 8.236150000 1.223610000 0.00000000000000000000 1.00000000000000000000 2 0 8 188 189 301 199 303 210 211 305 
201 3782 7.599590000 4.346280000 0.00000000000000000000 1.00000000000000000000 2 0 8 302 190 191 304 202 306 212 213 
202 3783 7.764810000 4.064420000 0.00000000000000000000 1.00000000000000000000 2 0 8 190 191 192 201 203 212 213 214 
203 3784 7.918840000 3.776310000 0.00000000000000000000 1.00000000000000000000 2 0 8 191 192 193 202 204 213 214 215 
204 3785 8.061430000 3.482380000 0.00000000000000000000 1.00000000000000000000 2 0 8 192 193 194 203 205 214 215 216 
205 3786 8.192360000 3.183090000 0.00000000000000000000 1.00000000000000000000 2 0 8 193 194 195 204 206 215 216 217 
206 3787 8.311440000 2.878910000 0.00000000000000000000 1.00000000000000000000 2 0 8 194 195 196 205 207 216 217 218 
207 3788 8.418480000 2.570300000 0.00000000000000000000 1.00000000000000000000 2 0 8 195 196 197 206 208 217 218 219 
208 3789 8.513310000 2.257730000 0.00000000000000000000 1.00000000000000000000 2 0 8 196 197 198 207 209 218 219 220 
209 3790 8.595800000 1.941680000 0.00000000000000000000 1.00000000000000000000 2 0 8 197 198 199 208 210 219 220 221 
210 3791 8.665810000 1.622650000 0.00000000000000000000 1.00000000000000000000 2 0 8 198 199 200 209 211 220 221 307 
211 3792 8.723250000 1.301120000 0.00000000000000000000 1.00000000000000000000 2 0 8 199 200 303 210 305 221 307 308 
212 3793 8.046420000 4.621400000 0.00000000000000000000 1.00000000000000000000 2 0 8 304 201 202 306 213 309 222 223 
213 3794 8.222080000 4.321720000 0.00000000000000000000 1.00000000000000000000 2 0 8 201 202 203 212 214 222 223 224 
214 3795 8.385830000 4.015380000 0.00000000000000000000 1.00000000000000000000 2 0 8 202 203 204 213 215 223 224 225 
215 3796 8.537430000 3.702870000 0.00000000000000000000 1.00000000000000000000 2 0 8 203 204 205 214 216 224 225 226 
216 3797 8.676640000 3.384640000 0.00000000000000000000 1.00000000000000000000 2 0 8 204 205 206 215 217 225 226 227 
217 3798 8.803240000 3.061210000 0.00000000000000000000 1.00000000000000000000 2 0 8 205 206 207 216 218 226 227 228 
218 3799 8.917050000 2.733060000 0.00000000000000000000 1.00000000000000000000 2 0 8 206 207 208 217 219 227 228 229 
219 3800 9.017880000 2.400710000 0.00000000000000000000 1.00000000000000000000 2 0 8 207 208 209 218 220 228 229 230 
220 3801 9.105590000 2.064650000 0.00000000000000000000 1.00000000000000000000 2 0 8 208 209 210 219 221 229 230 231 
221 3802 9.180030000 1.725420000 0.00000000000000000000 1.00000000000000000000 2 0 8 209 210 211 220 307 230 231 310 
222 3803 8.521430000 4.913930000 0.00000000000000000000 1.00000000000000000000 2 0 8 306 212 213 309 223 311 232 233 
223 3804 8.708190000 4.595300000 0.00000000000000000000 1.00000000000000000000 2 0 8 212 213 214 222 224 232 233 234 
224 3805 8.882290000 4.269590000 0.00000000000000000000 1.00000000000000000000 2 0 8 213 214 215 223 225 233 234 235 
225 3806 9.043470000 3.937310000 0.00000000000000000000 1.00000000000000000000 2 0 8 214 215 216 224 226 234 235 236 
226 3807 9.191480000 3.598950000 0.00000000000000000000 1.00000000000000000000 2 0 8 215 216 217 225 227 235 236 237 
227 3808 9.326090000 3.255050000 0.00000000000000000000 1.00000000000000000000 2 0 8 216 217 218 226 228 236 237 238 
228 3809 9.447090000 2.906130000 0.00000000000000000000 1.00000000000000000000 2 0 8 217 218 219 227 229 237 238 239 
229 3810 9.554300000 2.552740000 0.00000000000000000000 1.00000000000000000000 2 0 8 218 219 220 228 230 238 239 240 
230 3811 9.647550000 2.195410000 0.00000000000000000000 1.00000000000000000000 2 0 8 219 220 221 229 231 239 240 312 
231 3812 9.726690000 1.834700000 0.00000000000000000000 1.00000000000000000000 2 0 8 220 221 307 230 310 240 312 313 
232 3813 9.026400000 5.224990000 0.85264243366699354887 0.52249486151581092663 3 0 8 309 222 223 311 233 306 212 213 
233 3814 9.224960000 4.886210000 0.87249233372822920796 0.48862780066781752453 3 0 8 222 223 224 232 234 212 213 214 
234 3815 9.410070000 4.539910000 0.89100606038921459362 0.45399140999548787123 3 0 8 223 224 225 233 235 213 214 215 
235 3816 9.581430000 4.186600000 0.90814529595099369175 0.41865513425978917450 3 0 8 224 225 226 234 236 214 215 216 
236 3817 9.738800000 3.826830000 0.92388085835679678581 0.38268023147519464322 3 0 8 225 226 227 235 237 215 216 217 
237 3818 9.881910000 3.461170000 0.93817819331705998298 0.34615267958566708906 3 0 8 226 227 228 236 238 216 217 218 
238 3819 10.010600000 3.090170000 0.95103790582147740285 0.30907426565584311673 3 0 8 227 228 229 237 239 217 218 219 
239 3820 10.124600000 2.714400000 0.96246690843181492703 0.27139906074580361084 3 0 8 228 229 230 238 240 218 219 220 
240 3821 10.223700000 2.334450000 0.97236995871930587132 0.23344520423477366222 3 0 8 229 230 231 239 312 219 220 221 
241 4281 2.50037 1.42269 2 0
242 4282 2.55552 1.34449 2 0
243 4283 2.6075 1.26425 2 0
244 4284 2.65624 1.1821 2 0
245 6130 2.70167 1.09817 2 0
246 4291 2.56239 1.59541 2 0
247 4292 2.62425 1.51448 2 0
248 6147 2.83811 1.16907 2 0
249 6148 2.88278 1.07796 2 0
250 4297 2.62123 1.78161 2 0
251 4298 2.69034 1.69807 2 0
252 6164 3.03076 1.14739 2 0
253 6165 3.07434 1.04868 2 0
254 4299 2.51235 2.14478 2 0
255 4300 2.59587 2.06494 2 0
256 4301 2.67614 1.98196 2 0
257 4302 2.75305 1.89596 2 0
258 6180 3.23453 1.11608 2 0
259 6181 3.27664 1.00934 2 0
260 4627 2.63753 2.28208 2 0
261 6194 3.44971 1.07408 2 0
262 6195 3.48993 0.958875 2 0
263 4645 2.77069 2.42793 2 0
264 6206 3.67657 1.02027 2 0
265 6207 3.71444 0.896146 2 0
266 4663 2.91232 2.58286 2 0
267 6214 3.91535 0.953437 2 0
268 6215 3.95036 0.819931 2 0
269 3823 3.06296 2.74745 2 0
270 3824 3.16946 2.6453 2 0
271 6221 4.16625 0.872278 2 0
272 6222 4.19783 0.728925 2 0
273 3828 3.33636 2.8137 2 0
274 3829 3.44517 2.70077 2 0
275 6226 4.42944 0.775406 2 0
276 6227 4.45698 0.621733 2 0
277 3835 3.6295 2.87255 2 0
278 3836 3.74032 2.74807 2 0
279 6254 4.70502 0.661336 2 0
280 3844 3.94331 2.92272 2 0
281 3845 4.05578 2.78588 2 0
282 6266 4.9688 0.703421 2 0
283 3855 4.27872 2.96281 2 0
284 3856 4.39245 2.81277 2 0
285 6279 5.2493 0.748144 2 0
286 3868 4.63667 2.9913 2 0
287 6293 5.54756 0.795676 2 0
288 3881 4.89635 3.18105 2 0
289 3882 5.01809 3.00654 2 0
290 6308 5.86472 0.846195 2 0
291 6309 5.89387 0.635765 2 0
292 3897 5.30187 3.19717 2 0
293 6324 6.23293 0.676111 2 0
294 3913 5.6036 3.3998 2 0
295 6340 6.59345 0.718997 2 0
296 3930 5.9244 3.61518 2 0
297 6356 6.97676 0.764586 2 0
298 3948 6.26547 3.84415 2 0
299 6372 7.3843 0.813049 2 0
300 3967 6.62808 4.08756 2 0
301 6388 7.81759 0.864571 2 0
302 3986 7.01359 4.34633 2 0
303 6404 8.27825 0.919348 2 0
304 4004 7.42343 4.62145 2 0
305 6419 8.76801 0.977587 2 0
306 4022 7.85913 4.91396 2 0
307 6433 9.24109 1.38353 2 0
308 6434 9.28868 1.03951 2 0
309 4040 8.32231 5.22498 2 0
310 6448 9.79162 1.47116 2 0
311 4058 8.8147 5.5557 3 0
312 6464 10.3079 1.9509 3 0
313 6465 10.3769 1.56434 3 0
