286 237 49
1 236 -4.849610000 1.060360000 0.00000000000000000000 1.00000000000000000000 2 0 8 238 239 240 256 2 259 17 18 
2 237 -4.803600000 1.268790000 0.00000000000000000000 1.00000000000000000000 2 0 8 239 240 241 1 3 17 18 19 
3 238 -4.749390000 1.475260000 0.00000000000000000000 1.00000000000000000000 2 0 8 240 241 242 2 4 18 19 20 
4 239 -4.687060000 1.679430000 0.00000000000000000000 1.00000000000000000000 2 0 8 241 242 243 3 5 19 20 21 
5 240 -4.616730000 1.880990000 0.00000000000000000000 1.00000000000000000000 2 0 8 242 243 244 4 6 20 21 22 
6 241 -4.538490000 2.079640000 0.00000000000000000000 1.00000000000000000000 2 0 8 243 244 245 5 7 21 22 23 
7 242 -4.452470000 2.275060000 0.00000000000000000000 1.00000000000000000000 2 0 8 244 245 246 6 8 22 23 24 
8 243 -4.358800000 2.466950000 0.00000000000000000000 1.00000000000000000000 2 0 8 245 246 247 7 9 23 24 25 
9 244 -4.257630000 2.655010000 0.00000000000000000000 1.00000000000000000000 2 0 8 246 247 248 8 10 24 25 26 
10 245 -4.149120000 2.838950000 0.00000000000000000000 1.00000000000000000000 2 0 8 247 248 249 9 11 25 26 27 
11 246 -4.033430000 3.018490000 0.00000000000000000000 1.00000000000000000000 2 0 8 248 249 250 10 12 26 27 28 
12 247 -3.910760000 3.193350000 0.00000000000000000000 1.00000000000000000000 2 0 8 249 250 251 11 13 27 28 29 
13 248 -3.781270000 3.363260000 0.00000000000000000000 1.00000000000000000000 2 0 8 250 251 252 12 14 28 29 30 
14 249 -3.645190000 3.527950000 0.00000000000000000000 1.00000000000000000000 2 0 8 251 252 253 13 15 29 30 31 
15 250 -3.502720000 3.687170000 0.00000000000000000000 1.00000000000000000000 2 0 8 252 253 254 14 16 30 31 32 
16 251 -3.354090000 3.840680000 0.00000000000000000000 1.00000000000000000000 2 0 8 253 254 255 15 257 31 32 33 
17 252 -5.183270000 1.127050000 0.00000000000000000000 1.00000000000000000000 2 0 8 256 1 2 259 18 262 34 35 
18 253 -5.134390000 1.348600000 0.00000000000000000000 1.00000000000000000000 2 0 8 1 2 3 17 19 34 35 36 
19 254 -5.076820000 1.568050000 0.00000000000000000000 1.00000000000000000000 2 0 8 2 3 4 18 20 35 36 37 
20 255 -5.010630000 1.785070000 0.00000000000000000000 1.00000000000000000000 2 0 8 3 4 5 19 21 36 37 38 
21 256 -4.935920000 1.999330000 0.00000000000000000000 1.00000000000000000000 2 0 8 4 5 6 20 22 37 38 39 
22 257 -4.852830000 2.210480000 0.00000000000000000000 1.00000000000000000000 2 0 8 5 6 7 21 23 38 39 40 
23 258 -4.761460000 2.418200000 0.00000000000000000000 1.00000000000000000000 2 0 8 6 7 8 22 24 39 40 41 
24 259 -4.661970000 2.622180000 0.00000000000000000000 1.00000000000000000000 2 0 8 7 8 9 23 25 40 41 42 
25 260 -4.554520000 2.822080000 0.00000000000000000000 1.00000000000000000000 2 0 8 8 9 10 24 26 41 42 43 
26 261 -4.439260000 3.017620000 0.00000000000000000000 1.00000000000000000000 2 0 8 9 10 11 25 27 42 43 44 
27 262 -4.316390000 3.208470000 0.00000000000000000000 1.00000000000000000000 2 0 8 10 11 12 26 28 43 44 45 
28 263 -4.186080000 3.394360000 0.00000000000000000000 1.00000000000000000000 2 0 8 11 12 13 27 29 44 45 46 
29 264 -4.048550000 3.574980000 0.00000000000000000000 1.00000000000000000000 2 0 8 12 13 14 28 30 45 46 47 
30 265 -3.904000000 3.750070000 0.00000000000000000000 1.00000000000000000000 2 0 8 13 14 15 29 31 46 47 48 
31 266 -3.752670000 3.919340000 0.00000000000000000000 1.00000000000000000000 2 0 8 14 15 16 30 32 47 48 49 
32 267 -3.594790000 4.082540000 0.00000000000000000000 1.00000000000000000000 2 0 8 15 16 257 31 33 48 49 50 
33 268 -3.430600000 4.239430000 0.00000000000000000000 1.00000000000000000000 2 0 8 16 257 258 32 260 49 50 51 
34 269 -5.537950000 1.197920000 0.00000000000000000000 1.00000000000000000000 2 0 8 259 17 18 262 35 266 52 53 
35 270 -5.486040000 1.433400000 0.00000000000000000000 1.00000000000000000000 2 0 8 17 18 19 34 36 52 53 54 
36 271 -5.424880000 1.666660000 0.00000000000000000000 1.00000000000000000000 2 0 8 18 19 20 35 37 53 54 55 
37 272 -5.354580000 1.897340000 0.00000000000000000000 1.00000000000000000000 2 0 8 19 20 21 36 38 54 55 56 
38 273 -5.275230000 2.125070000 0.00000000000000000000 1.00000000000000000000 2 0 8 20 21 22 37 39 55 56 57 
39 274 -5.186970000 2.349520000 0.00000000000000000000 1.00000000000000000000 2 0 8 21 22 23 38 40 56 57 58 
40 275 -5.089930000 2.570320000 0.00000000000000000000 1.00000000000000000000 2 0 8 22 23 24 39 41 57 58 59 
41 276 -4.984250000 2.787130000 0.00000000000000000000 1.00000000000000000000 2 0 8 23 24 25 40 42 58 59 60 
42 277 -4.870120000 2.999630000 0.00000000000000000000 1.00000000000000000000 2 0 8 24 25 26 41 43 59 60 61 
43 278 -4.747700000 3.207480000 0.00000000000000000000 1.00000000000000000000 2 0 8 25 26 27 42 44 60 61 62 
44 279 -4.617180000 3.410370000 0.00000000000000000000 1.00000000000000000000 2 0 8 26 27 28 43 45 61 62 63 
45 280 -4.478760000 3.607970000 0.00000000000000000000 1.00000000000000000000 2 0 8 27 28 29 44 46 62 63 64 
46 281 -4.332670000 3.799980000 0.00000000000000000000 1.00000000000000000000 2 0 8 28 29 30 45 47 63 64 65 
47 282 -4.179130000 3.986110000 0.00000000000000000000 1.00000000000000000000 2 0 8 29 30 31 46 48 64 65 66 
48 283 -4.018380000 4.166070000 0.00000000000000000000 1.00000000000000000000 2 0 8 30 31 32 47 49 65 66 67 
49 284 -3.850660000 4.339570000 0.00000000000000000000 1.00000000000000000000 2 0 8 31 32 33 48 50 66 67 68 
50 285 -3.676250000 4.506360000 0.00000000000000000000 1.00000000000000000000 2 0 8 32 33 260 49 51 67 68 69 
51 286 -3.495400000 4.666180000 0.00000000000000000000 1.00000000000000000000 2 0 8 33 260 261 50 263 68 69 70 
52 287 -5.914960000 1.273240000 0.00000000000000000000 1.00000000000000000000 2 0 8 262 34 35 266 53 71 72 73 
53 288 -5.859820000 1.523530000 0.00000000000000000000 1.00000000000000000000 2 0 8 34 35 36 52 54 72 73 74 
54 289 -5.794870000 1.771460000 0.00000000000000000000 1.00000000000000000000 2 0 8 35 36 37 53 55 73 74 75 
55 290 -5.720190000 2.016650000 0.00000000000000000000 1.00000000000000000000 2 0 8 36 37 38 54 56 74 75 76 
56 291 -5.635910000 2.258710000 0.00000000000000000000 1.00000000000000000000 2 0 8 37 38 39 55 57 75 76 77 
57 292 -5.542160000 2.497270000 0.00000000000000000000 1.00000000000000000000 2 0 8 38 39 40 56 58 76 77 78 
58 293 -5.439080000 2.731970000 0.00000000000000000000 1.00000000000000000000 2 0 8 39 40 41 57 59 77 78 79 
59 294 -5.326830000 2.962440000 0.00000000000000000000 1.00000000000000000000 2 0 8 40 41 42 58 60 78 79 80 
60 295 -5.205600000 3.188320000 0.00000000000000000000 1.00000000000000000000 2 0 8 41 42 43 59 61 79 80 81 
61 296 -5.075550000 3.409260000 0.00000000000000000000 1.00000000000000000000 2 0 8 42 43 44 60 62 80 81 82 
62 297 -4.936910000 3.624930000 0.00000000000000000000 1.00000000000000000000 2 0 8 43 44 45 61 63 81 82 83 
63 298 -4.789880000 3.834980000 0.00000000000000000000 1.00000000000000000000 2 0 8 44 45 46 62 64 82 83 84 
64 299 -4.634700000 4.039100000 0.00000000000000000000 1.00000000000000000000 2 0 8 45 46 47 63 65 83 84 85 
65 300 -4.471590000 4.236970000 0.00000000000000000000 1.00000000000000000000 2 0 8 46 47 48 64 66 84 85 86 
66 301 -4.300830000 4.428280000 0.00000000000000000000 1.00000000000000000000 2 0 8 47 48 49 65 67 85 86 87 
67 302 -4.122670000 4.612730000 0.00000000000000000000 1.00000000000000000000 2 0 8 48 49 50 66 68 86 87 88 
68 303 -3.937380000 4.790060000 0.00000000000000000000 1.00000000000000000000 2 0 8 49 50 51 67 69 87 88 89 
69 304 -3.745260000 4.959970000 0.00000000000000000000 1.00000000000000000000 2 0 8 50 51 263 68 70 88 89 90 
70 305 -3.546610000 5.122210000 0.00000000000000000000 1.00000000000000000000 2 0 8 51 263 264 69 267 89 90 91 
71 306 -6.363740000 1.085160000 0.00000000000000000000 1.00000000000000000000 2 0 8 265 266 52 270 72 92 93 94 
72 307 -6.315700000 1.353280000 0.00000000000000000000 1.00000000000000000000 2 0 8 266 52 53 71 73 93 94 95 
73 308 -6.257130000 1.619310000 0.00000000000000000000 1.00000000000000000000 2 0 8 52 53 54 72 74 94 95 96 
74 309 -6.188140000 1.882830000 0.00000000000000000000 1.00000000000000000000 2 0 8 53 54 55 73 75 95 96 97 
75 310 -6.108810000 2.143440000 0.00000000000000000000 1.00000000000000000000 2 0 8 54 55 56 74 76 96 97 98 
76 311 -6.019290000 2.400730000 0.00000000000000000000 1.00000000000000000000 2 0 8 55 56 57 75 77 97 98 99 
77 312 -5.919700000 2.654310000 0.00000000000000000000 1.00000000000000000000 2 0 8 56 57 58 76 78 98 99 100 
78 313 -5.810210000 2.903770000 0.00000000000000000000 1.00000000000000000000 2 0 8 57 58 59 77 79 99 100 101 
79 314 -5.690980000 3.148750000 0.00000000000000000000 1.00000000000000000000 2 0 8 58 59 60 78 80 100 101 102 
80 315 -5.562190000 3.388850000 0.00000000000000000000 1.00000000000000000000 2 0 8 59 60 61 79 81 101 102 103 
81 316 -5.424060000 3.623700000 0.00000000000000000000 1.00000000000000000000 2 0 8 60 61 62 80 82 102 103 104 
82 317 -5.276780000 3.852950000 0.00000000000000000000 1.00000000000000000000 2 0 8 61 62 63 81 83 103 104 105 
83 318 -5.120590000 4.076240000 0.00000000000000000000 1.00000000000000000000 2 0 8 62 63 64 82 84 104 105 106 
84 319 -4.955740000 4.293230000 0.00000000000000000000 1.00000000000000000000 2 0 8 63 64 65 83 85 105 106 107 
85 320 -4.782480000 4.503570000 0.00000000000000000000 1.00000000000000000000 2 0 8 64 65 66 84 86 106 107 108 
86 321 -4.601070000 4.706950000 0.00000000000000000000 1.00000000000000000000 2 0 8 65 66 67 85 87 107 108 109 
87 322 -4.411800000 4.903050000 0.00000000000000000000 1.00000000000000000000 2 0 8 66 67 68 86 88 108 109 110 
88 323 -4.214960000 5.091560000 0.00000000000000000000 1.00000000000000000000 2 0 8 67 68 69 87 89 109 110 111 
89 324 -4.010860000 5.272210000 0.00000000000000000000 1.00000000000000000000 2 0 8 68 69 70 88 90 110 111 112 
90 325 -3.799820000 5.444700000 0.00000000000000000000 1.00000000000000000000 2 0 8 69 70 267 89 91 111 112 113 
91 326 -3.582150000 5.608780000 0.00000000000000000000 1.00000000000000000000 2 0 8 70 267 268 90 271 112 113 114 
92 327 -6.832450000 0.866599000 0.00000000000000000000 1.00000000000000000000 2 0 8 269 270 71 273 93 276 115 116 
93 328 -6.792670000 1.153360000 0.00000000000000000000 1.00000000000000000000 2 0 8 270 71 72 92 94 115 116 117 
94 329 -6.741640000 1.438350000 0.00000000000000000000 1.00000000000000000000 2 0 8 71 72 73 93 95 116 117 118 
95 330 -6.679430000 1.721100000 0.00000000000000000000 1.00000000000000000000 2 0 8 72 73 74 94 96 117 118 119 
96 331 -6.606140000 2.001200000 0.00000000000000000000 1.00000000000000000000 2 0 8 73 74 75 95 97 118 119 120 
97 332 -6.521880000 2.278200000 0.00000000000000000000 1.00000000000000000000 2 0 8 74 75 76 96 98 119 120 121 
98 333 -6.426790000 2.551670000 0.00000000000000000000 1.00000000000000000000 2 0 8 75 76 77 97 99 120 121 122 
99 334 -6.321000000 2.821200000 0.00000000000000000000 1.00000000000000000000 2 0 8 76 77 78 98 100 121 122 123 
100 335 -6.204690000 3.086360000 0.00000000000000000000 1.00000000000000000000 2 0 8 77 78 79 99 101 122 123 124 
101 336 -6.078030000 3.346750000 0.00000000000000000000 1.00000000000000000000 2 0 8 78 79 80 100 102 123 124 125 
102 337 -5.941220000 3.601970000 0.00000000000000000000 1.00000000000000000000 2 0 8 79 80 81 101 103 124 125 126 
103 338 -5.794480000 3.851610000 0.00000000000000000000 1.00000000000000000000 2 0 8 80 81 82 102 104 125 126 127 
104 339 -5.638030000 4.095300000 0.00000000000000000000 1.00000000000000000000 2 0 8 81 82 83 103 105 126 127 128 
105 340 -5.472110000 4.332660000 0.00000000000000000000 1.00000000000000000000 2 0 8 82 83 84 104 106 127 128 129 
106 341 -5.296990000 4.563320000 0.00000000000000000000 1.00000000000000000000 2 0 8 83 84 85 105 107 128 129 130 
107 342 -5.112920000 4.786920000 0.00000000000000000000 1.00000000000000000000 2 0 8 84 85 86 106 108 129 130 131 
108 343 -4.920200000 5.003130000 0.00000000000000000000 1.00000000000000000000 2 0 8 85 86 87 107 109 130 131 132 
109 344 -4.719130000 5.211600000 0.00000000000000000000 1.00000000000000000000 2 0 8 86 87 88 108 110 131 132 133 
110 345 -4.510020000 5.412010000 0.00000000000000000000 1.00000000000000000000 2 0 8 87 88 89 109 111 132 133 134 
111 346 -4.293190000 5.604070000 0.00000000000000000000 1.00000000000000000000 2 0 8 88 89 90 110 112 133 134 135 
112 347 -4.068970000 5.787460000 0.00000000000000000000 1.00000000000000000000 2 0 8 89 90 91 111 113 134 135 136 
113 348 -3.837720000 5.961910000 0.00000000000000000000 1.00000000000000000000 2 0 8 90 91 271 112 114 135 136 137 
114 349 -3.599790000 6.127150000 0.00000000000000000000 1.00000000000000000000 2 0 8 91 271 272 113 274 136 137 138 
115 350 -7.290820000 0.921063000 0.00000000000000000000 1.00000000000000000000 2 0 8 273 92 93 276 116 278 139 140 
116 351 -7.248570000 1.225860000 0.00000000000000000000 1.00000000000000000000 2 0 8 92 93 94 115 117 139 140 141 
117 352 -7.194360000 1.528750000 0.00000000000000000000 1.00000000000000000000 2 0 8 93 94 95 116 118 140 141 142 
118 353 -7.128280000 1.829290000 0.00000000000000000000 1.00000000000000000000 2 0 8 94 95 96 117 119 141 142 143 
119 354 -7.050420000 2.126990000 0.00000000000000000000 1.00000000000000000000 2 0 8 95 96 97 118 120 142 143 144 
120 355 -6.960920000 2.421410000 0.00000000000000000000 1.00000000000000000000 2 0 8 96 97 98 119 121 143 144 145 
121 356 -6.859900000 2.712090000 0.00000000000000000000 1.00000000000000000000 2 0 8 97 98 99 120 122 144 145 146 
122 357 -6.747520000 2.998570000 0.00000000000000000000 1.00000000000000000000 2 0 8 98 99 100 121 123 145 146 147 
123 358 -6.623970000 3.280420000 0.00000000000000000000 1.00000000000000000000 2 0 8 99 100 101 122 124 146 147 148 
124 359 -6.489420000 3.557200000 0.00000000000000000000 1.00000000000000000000 2 0 8 100 101 102 123 125 147 148 149 
125 360 -6.344090000 3.828480000 0.00000000000000000000 1.00000000000000000000 2 0 8 101 102 103 124 126 148 149 150 
126 361 -6.188200000 4.093840000 0.00000000000000000000 1.00000000000000000000 2 0 8 102 103 104 125 127 149 150 151 
127 362 -6.022000000 4.352880000 0.00000000000000000000 1.00000000000000000000 2 0 8 103 104 105 126 128 150 151 152 
128 363 -5.845740000 4.605190000 0.00000000000000000000 1.00000000000000000000 2 0 8 104 105 106 127 129 151 152 153 
129 364 -5.659700000 4.850380000 0.00000000000000000000 1.00000000000000000000 2 0 8 105 106 107 128 130 152 153 154 
130 365 -5.464150000 5.088080000 0.00000000000000000000 1.00000000000000000000 2 0 8 106 107 108 129 131 153 154 155 
131 366 -5.259410000 5.317920000 0.00000000000000000000 1.00000000000000000000 2 0 8 107 108 109 130 132 154 155 156 
132 367 -5.045800000 5.539540000 0.00000000000000000000 1.00000000000000000000 2 0 8 108 109 110 131 133 155 156 157 
133 368 -4.823640000 5.752610000 0.00000000000000000000 1.00000000000000000000 2 0 8 109 110 111 132 134 156 157 158 
134 369 -4.593270000 5.956790000 0.00000000000000000000 1.00000000000000000000 2 0 8 110 111 112 133 135 157 158 159 
135 370 -4.355060000 6.151760000 0.00000000000000000000 1.00000000000000000000 2 0 8 111 112 113 134 136 158 159 160 
136 371 -4.109370000 6.337240000 0.00000000000000000000 1.00000000000000000000 2 0 8 112 113 114 135 137 159 160 161 
137 372 -3.856590000 6.512930000 0.00000000000000000000 1.00000000000000000000 2 0 8 113 114 274 136 138 160 161 162 
138 373 -3.597090000 6.678560000 0.00000000000000000000 1.00000000000000000000 2 0 8 114 274 275 137 277 161 162 279 
139 374 -7.777980000 0.978949000 0.00000000000000000000 1.00000000000000000000 2 0 8 276 115 116 278 140 281 163 164 
140 375 -7.733100000 1.302900000 0.00000000000000000000 1.00000000000000000000 2 0 8 115 116 117 139 141 163 164 165 
141 376 -7.675520000 1.624840000 0.00000000000000000000 1.00000000000000000000 2 0 8 116 117 118 140 142 164 165 166 
142 377 -7.605320000 1.944270000 0.00000000000000000000 1.00000000000000000000 2 0 8 117 118 119 141 143 165 166 167 
143 378 -7.522620000 2.260700000 0.00000000000000000000 1.00000000000000000000 2 0 8 118 119 120 142 144 166 167 168 
144 379 -7.427530000 2.573630000 0.00000000000000000000 1.00000000000000000000 2 0 8 119 120 121 143 145 167 168 169 
145 380 -7.320220000 2.882590000 0.00000000000000000000 1.00000000000000000000 2 0 8 120 121 122 144 146 168 169 170 
146 381 -7.200850000 3.187090000 0.00000000000000000000 1.00000000000000000000 2 0 8 121 122 123 145 147 169 170 171 
147 382 -7.069590000 3.486680000 0.00000000000000000000 1.00000000000000000000 2 0 8 122 123 124 146 148 170 171 172 
148 383 -6.926660000 3.780870000 0.00000000000000000000 1.00000000000000000000 2 0 8 123 124 125 147 149 171 172 173 
149 384 -6.772270000 4.069230000 0.00000000000000000000 1.00000000000000000000 2 0 8 124 125 126 148 150 172 173 174 
150 385 -6.606670000 4.351300000 0.00000000000000000000 1.00000000000000000000 2 0 8 125 126 127 149 151 173 174 175 
151 386 -6.430100000 4.626650000 0.00000000000000000000 1.00000000000000000000 2 0 8 126 127 128 150 152 174 175 176 
152 387 -6.242850000 4.894850000 0.00000000000000000000 1.00000000000000000000 2 0 8 127 128 129 151 153 175 176 177 
153 388 -6.045200000 5.155500000 0.00000000000000000000 1.00000000000000000000 2 0 8 128 129 130 152 154 176 177 178 
154 389 -5.837460000 5.408180000 0.00000000000000000000 1.00000000000000000000 2 0 8 129 130 131 153 155 177 178 179 
155 390 -5.619950000 5.652510000 0.00000000000000000000 1.00000000000000000000 2 0 8 130 131 132 154 156 178 179 180 
156 391 -5.393010000 5.888110000 0.00000000000000000000 1.00000000000000000000 2 0 8 131 132 133 155 157 179 180 181 
157 392 -5.156980000 6.114620000 0.00000000000000000000 1.00000000000000000000 2 0 8 132 133 134 156 158 180 181 182 
158 393 -4.912230000 6.331690000 0.00000000000000000000 1.00000000000000000000 2 0 8 133 134 135 157 159 181 182 183 
159 394 -4.659150000 6.538990000 0.00000000000000000000 1.00000000000000000000 2 0 8 134 135 136 158 160 182 183 184 
160 395 -4.398110000 6.736190000 0.00000000000000000000 1.00000000000000000000 2 0 8 135 136 137 159 161 183 184 185 
161 396 -4.129530000 6.922990000 0.00000000000000000000 1.00000000000000000000 2 0 8 136 137 138 160 162 184 185 186 
162 397 -3.853820000 7.099100000 0.00000000000000000000 1.00000000000000000000 2 0 8 137 138 277 161 279 185 186 187 
163 398 -8.295730000 1.040470000 0.00000000000000000000 1.00000000000000000000 2 0 8 278 139 140 281 164 283 188 189 
164 399 -8.248050000 1.384790000 0.00000000000000000000 1.00000000000000000000 2 0 8 139 140 141 163 165 188 189 190 
165 400 -8.186880000 1.726970000 0.00000000000000000000 1.00000000000000000000 2 0 8 140 141 142 164 166 189 190 191 
166 401 -8.112310000 2.066480000 0.00000000000000000000 1.00000000000000000000 2 0 8 141 142 143 165 167 190 191 192 
167 402 -8.024450000 2.402810000 0.00000000000000000000 1.00000000000000000000 2 0 8 142 143 144 166 168 191 192 193 
168 403 -7.923450000 2.735420000 0.00000000000000000000 1.00000000000000000000 2 0 8 143 144 145 167 169 192 193 194 
169 404 -7.809450000 3.063810000 0.00000000000000000000 1.00000000000000000000 2 0 8 144 145 146 168 170 193 194 195 
170 405 -7.682640000 3.387470000 0.00000000000000000000 1.00000000000000000000 2 0 8 145 146 147 169 171 194 195 196 
171 406 -7.543200000 3.705900000 0.00000000000000000000 1.00000000000000000000 2 0 8 146 147 148 170 172 195 196 197 
172 407 -7.391360000 4.018610000 0.00000000000000000000 1.00000000000000000000 2 0 8 147 148 149 171 173 196 197 198 
173 408 -7.227350000 4.325120000 0.00000000000000000000 1.00000000000000000000 2 0 8 148 149 150 172 174 197 198 199 
174 409 -7.051420000 4.624950000 0.00000000000000000000 1.00000000000000000000 2 0 8 149 150 151 173 175 198 199 200 
175 410 -6.863840000 4.917630000 0.00000000000000000000 1.00000000000000000000 2 0 8 150 151 152 174 176 199 200 201 
176 411 -6.664910000 5.202730000 0.00000000000000000000 1.00000000000000000000 2 0 8 151 152 153 175 177 200 201 202 
177 412 -6.454930000 5.479800000 0.00000000000000000000 1.00000000000000000000 2 0 8 152 153 154 176 178 201 202 203 
178 413 -6.234230000 5.748410000 0.00000000000000000000 1.00000000000000000000 2 0 8 153 154 155 177 179 202 203 204 
179 414 -6.003150000 6.008150000 0.00000000000000000000 1.00000000000000000000 2 0 8 154 155 156 178 180 203 204 205 
180 415 -5.762040000 6.258610000 0.00000000000000000000 1.00000000000000000000 2 0 8 155 156 157 179 181 204 205 206 
181 416 -5.511270000 6.499420000 0.00000000000000000000 1.00000000000000000000 2 0 8 156 157 158 180 182 205 206 207 
182 417 -5.251240000 6.730190000 0.00000000000000000000 1.00000000000000000000 2 0 8 157 158 159 181 183 206 207 208 
183 418 -4.982350000 6.950580000 0.00000000000000000000 1.00000000000000000000 2 0 8 158 159 160 182 184 207 208 209 
184 419 -4.705010000 7.160240000 0.00000000000000000000 1.00000000000000000000 2 0 8 159 160 161 183 185 208 209 210 
185 420 -4.419650000 7.358860000 0.00000000000000000000 1.00000000000000000000 2 0 8 160 161 162 184 186 209 210 211 
186 421 -4.126700000 7.546110000 0.00000000000000000000 1.00000000000000000000 2 0 8 161 162 279 185 187 210 211 212 
187 422 -3.826630000 7.721730000 0.00000000000000000000 1.00000000000000000000 2 0 8 162 279 280 186 282 211 212 284 
188 423 -8.845960000 1.105870000 0.00000000000000000000 1.00000000000000000000 2 0 8 281 163 164 283 189 285 213 214 
189 424 -8.795310000 1.471830000 0.00000000000000000000 1.00000000000000000000 2 0 8 163 164 165 188 190 213 214 215 
190 425 -8.730330000 1.835520000 0.00000000000000000000 1.00000000000000000000 2 0 8 164 165 166 189 191 214 215 216 
191 426 -8.651110000 2.196380000 0.00000000000000000000 1.00000000000000000000 2 0 8 165 166 167 190 192 215 216 217 
192 427 -8.557780000 2.553850000 0.00000000000000000000 1.00000000000000000000 2 0 8 166 167 168 191 193 216 217 218 
193 428 -8.450480000 2.907380000 0.00000000000000000000 1.00000000000000000000 2 0 8 167 168 169 192 194 217 218 219 
194 429 -8.329380000 3.256430000 0.00000000000000000000 1.00000000000000000000 2 0 8 168 169 170 193 195 218 219 220 
195 430 -8.194660000 3.600450000 0.00000000000000000000 1.00000000000000000000 2 0 8 169 170 171 194 196 219 220 221 
196 431 -8.046530000 3.938920000 0.00000000000000000000 1.00000000000000000000 2 0 8 170 171 172 195 197 220 221 222 
197 432 -7.885220000 4.271300000 0.00000000000000000000 1.00000000000000000000 2 0 8 171 172 173 196 198 221 222 223 
198 433 -7.710980000 4.597100000 0.00000000000000000000 1.00000000000000000000 2 0 8 172 173 174 197 199 222 223 224 
199 434 -7.524080000 4.915810000 0.00000000000000000000 1.00000000000000000000 2 0 8 173 174 175 198 200 223 224 225 
200 435 -7.324810000 5.226930000 0.00000000000000000000 1.00000000000000000000 2 0 8 174 175 176 199 201 224 225 226 
201 436 -7.113470000 5.529990000 0.00000000000000000000 1.00000000000000000000 2 0 8 175 176 177 200 202 225 226 227 
202 437 -6.890390000 5.824520000 0.00000000000000000000 1.00000000000000000000 2 0 8 176 177 178 201 203 226 227 228 
203 438 -6.655910000 6.110060000 0.00000000000000000000 1.00000000000000000000 2 0 8 177 178 179 202 204 227 228 229 
204 439 -6.410410000 6.386170000 0.00000000000000000000 1.00000000000000000000 2 0 8 178 179 180 203 205 228 229 230 
205 440 -6.154240000 6.652440000 0.00000000000000000000 1.00000000000000000000 2 0 8 179 180 181 204 206 229 230 231 
206 441 -5.887820000 6.908440000 0.00000000000000000000 1.00000000000000000000 2 0 8 180 181 182 205 207 230 231 232 
207 442 -5.611550000 7.153780000 0.00000000000000000000 1.00000000000000000000 2 0 8 181 182 183 206 208 231 232 233 
208 443 -5.325860000 7.388090000 0.00000000000000000000 1.00000000000000000000 2 0 8 182 183 184 207 209 232 233 234 
209 444 -5.031190000 7.611000000 0.00000000000000000000 1.00000000000000000000 2 0 8 183 184 185 208 210 233 234 235 
210 445 -4.727990000 7.822180000 0.00000000000000000000 1.00000000000000000000 2 0 8 184 185 186 209 211 234 235 236 
211 446 -4.416730000 8.021280000 0.00000000000000000000 1.00000000000000000000 2 0 8 185 186 187 210 212 235 236 237 
212 447 -4.097900000 8.208020000 0.00000000000000000000 1.00000000000000000000 2 0 8 186 187 282 211 284 236 237 286 
213 448 -9.430680000 1.175370000 -0.99306836418081634310 0.11753818129968457429 3 0 8 283 188 189 285 214 281 163 164 
214 449 -9.376880000 1.564340000 -0.98768871151755888160 0.15643212311026288841 3 0 8 188 189 190 213 215 163 164 165 
215 450 -9.307850000 1.950900000 -0.98078635339882969113 0.19508492762544765720 3 0 8 189 190 191 214 216 164 165 166 
216 451 -9.223700000 2.334450000 -0.97236995871930587132 0.23344520423477366222 3 0 8 190 191 192 215 217 165 166 167 
217 452 -9.124550000 2.714400000 -0.96245692766048884792 0.27143445322643250384 3 0 8 191 192 193 216 218 166 167 168 
218 453 -9.010570000 3.090170000 -0.95105662167863069811 0.30901667003776622789 3 0 8 192 193 194 217 219 167 168 169 
219 454 -8.881910000 3.461170000 -0.93819060061408054985 0.34611905021161554208 3 0 8 193 194 195 218 220 168 169 170 
220 455 -8.738800000 3.826830000 -0.92388085835679678581 0.38268023147519464322 3 0 8 194 195 196 219 221 169 170 171 
221 456 -8.581430000 4.186600000 -0.90814529595099369175 0.41865513425978917450 3 0 8 195 196 197 220 222 170 171 172 
222 457 -8.410070000 4.539910000 -0.89100606038921459362 0.45399140999548787123 3 0 8 196 197 198 221 223 171 172 173 
223 458 -8.224960000 4.886210000 -0.87249233372822920796 0.48862780066781752453 3 0 8 197 198 199 222 224 172 173 174 
224 459 -8.026400000 5.224990000 -0.85264243366699354887 0.52249486151581092663 3 0 8 198 199 200 223 225 173 174 175 
225 460 -7.814700000 5.555700000 -0.83146790944808679491 0.55557278151294298141 3 0 8 199 200 201 224 226 174 175 176 
226 461 -7.590170000 5.877850000 -0.80901631335569235137 0.58778618963392137431 3 0 8 200 201 202 225 227 175 176 177 
227 462 -7.353170000 6.190940000 -0.78531810464800855254 0.61909246039025511710 3 0 8 201 202 203 226 228 176 177 178 
228 463 -7.104060000 6.494480000 -0.76040971087001563156 0.64944366315684309843 3 0 8 202 203 204 227 229 177 178 179 
229 464 -6.843230000 6.788010000 -0.73432524777927377091 0.67879778319755001981 3 0 8 203 204 205 228 230 178 179 180 
230 465 -6.571070000 7.071070000 -0.70710678118654757274 0.70710678118654757274 3 0 8 204 205 206 229 231 179 180 181 
231 466 -6.288010000 7.343230000 -0.67879778319755001981 0.73432524777927377091 3 0 8 205 206 207 230 232 180 181 182 
232 467 -5.994480000 7.604060000 -0.64944366315684309843 0.76040971087001563156 3 0 8 206 207 208 231 233 181 182 183 
233 468 -5.690940000 7.853170000 -0.61909246039025589425 0.78531810464800799743 3 0 8 207 208 209 232 234 182 183 184 
234 469 -5.377850000 8.090170000 -0.58778618963392137431 0.80901631335569235137 3 0 8 208 209 210 233 235 183 184 185 
235 470 -5.055700000 8.314700000 -0.55557278151294220425 0.83146790944808723900 3 0 8 209 210 211 234 236 184 185 186 
236 471 -4.724990000 8.526400000 -0.52249486151581092663 0.85264243366699354887 3 0 8 210 211 212 235 237 185 186 187 
237 472 -4.386210000 8.724960000 -0.48862780066781752453 0.87249233372822920796 3 0 8 211 212 284 236 286 186 187 282 
238 9467 -4.57129 0.79996 2 0
239 219 -4.53575 0.997602 2 0
240 220 -4.49242 1.19369 2 0
241 221 -4.44137 1.38793 2 0
242 222 -4.38269 1.58001 2 0
243 223 -4.31647 1.76964 2 0
244 224 -4.2428 1.95652 2 0
245 225 -4.16181 2.14036 2 0
246 226 -4.07361 2.32088 2 0
247 227 -3.97836 2.49779 2 0
248 228 -3.87619 2.67082 2 0
249 229 -3.76727 2.83972 2 0
250 230 -3.65177 3.0042 2 0
251 231 -3.52986 3.16402 2 0
252 232 -3.40174 3.31894 2 0
253 233 -3.26761 3.4687 2 0
254 234 -3.12767 3.61309 2 0
255 235 -2.98215 3.75187 2 0
256 9480 -4.88736 0.850284 2 0
257 961 -3.19952 3.98824 2 0
258 962 -3.03925 4.12962 2 0
259 9493 -5.22336 0.903759 2 0
260 982 -3.26035 4.38974 2 0
261 983 -3.08433 4.53326 2 0
262 9506 -5.58053 0.960586 2 0
263 1003 -3.3084 4.81878 2 0
264 1004 -3.11555 4.96391 2 0
265 9518 -5.99544 0.767133 2 0
266 9519 -5.96019 1.02098 2 0
267 1024 -3.34173 5.27653 2 0
268 1025 -3.13093 5.42269 2 0
269 9530 -6.42797 0.544286 2 0
270 9531 -6.40118 0.815352 2 0
271 1045 -3.35821 5.76419 2 0
272 1046 -3.12833 5.91069 2 0
273 9542 -6.8609 0.578492 2 0
274 1066 -3.35556 6.28292 2 0
275 1067 -3.10539 6.42899 2 0
276 9553 -7.32104 0.614846 2 0
277 1087 -3.33129 6.83388 2 0
278 9564 -7.81009 0.653484 2 0
279 1107 -3.57141 7.26426 2 0
280 1108 -3.28273 7.4182 2 0
281 9576 -8.32983 0.694549 2 0
282 1128 -3.5199 7.88543 2 0
283 9588 -8.88219 0.738197 2 0
284 1148 -3.77198 8.38209 2 0
285 9600 -9.46917 0.784591 3 0
286 1168 -4.03991 8.91007 3 0
