323 241 82
1 2621 0.142822000 0.404217000 0.00000000000000000000 1.00000000000000000000 2 0 8 242 243 244 263 2 19 20 21 
2 2622 0.166272000 0.413018000 0.00000000000000000000 1.00000000000000000000 2 0 8 243 244 245 1 3 20 21 22 
3 2623 0.190214000 0.421141000 0.00000000000000000000 1.00000000000000000000 2 0 8 244 245 246 2 4 21 22 23 
4 2624 0.214607000 0.428575000 0.00000000000000000000 1.00000000000000000000 2 0 8 245 246 247 3 5 22 23 24 
5 2625 0.239413000 0.435311000 0.00000000000000000000 1.00000000000000000000 2 0 8 246 247 248 4 6 23 24 25 
6 2626 0.264592000 0.441340000 0.00000000000000000000 1.00000000000000000000 2 0 8 247 248 249 5 7 24 25 26 
7 2627 0.290104000 0.446656000 0.00000000000000000000 1.00000000000000000000 2 0 8 248 249 250 6 8 25 26 27 
8 2628 0.315907000 0.451254000 0.00000000000000000000 1.00000000000000000000 2 0 8 249 250 251 7 9 26 27 28 
9 2629 0.341960000 0.455128000 0.00000000000000000000 1.00000000000000000000 2 0 8 250 251 252 8 10 27 28 29 
10 2630 0.368222000 0.458277000 0.00000000000000000000 1.00000000000000000000 2 0 8 251 252 253 9 11 28 29 30 
11 2631 0.394651000 0.460698000 0.00000000000000000000 1.00000000000000000000 2 0 8 252 253 254 10 12 29 30 31 
12 2632 0.421206000 0.462390000 0.00000000000000000000 1.00000000000000000000 2 0 8 253 254 255 11 13 30 31 32 
13 2633 0.447845000 0.463355000 0.00000000000000000000 1.00000000000000000000 2 0 8 254 255 256 12 14 31 32 33 
14 2634 0.474526000 0.463595000 0.00000000000000000000 1.00000000000000000000 2 0 8 255 256 257 13 15 32 33 34 
15 2635 0.501207000 0.463111000 0.00000000000000000000 1.00000000000000000000 2 0 8 256 257 258 14 16 33 34 35 
16 2636 0.527846000 0.461910000 0.00000000000000000000 1.00000000000000000000 2 0 8 257 258 259 15 17 34 35 36 
17 2637 0.554404000 0.459995000 0.00000000000000000000 1.00000000000000000000 2 0 8 258 259 260 16 18 35 36 37 
18 2638 0.580837000 0.457375000 0.00000000000000000000 1.00000000000000000000 2 0 8 259 260 261 17 264 36 37 38 
19 2639 0.103464000 0.429605000 0.00000000000000000000 1.00000000000000000000 2 0 8 262 263 1 267 20 39 40 41 
20 2640 0.127375000 0.439970000 0.00000000000000000000 1.00000000000000000000 2 0 8 263 1 2 19 21 40 41 42 
21 2641 0.151838000 0.449614000 0.00000000000000000000 1.00000000000000000000 2 0 8 1 2 3 20 22 41 42 43 
22 2642 0.176813000 0.458525000 0.00000000000000000000 1.00000000000000000000 2 0 8 2 3 4 21 23 42 43 44 
23 2643 0.202260000 0.466690000 0.00000000000000000000 1.00000000000000000000 2 0 8 3 4 5 22 24 43 44 45 
24 2644 0.228138000 0.474098000 0.00000000000000000000 1.00000000000000000000 2 0 8 4 5 6 23 25 44 45 46 
25 2645 0.254405000 0.480741000 0.00000000000000000000 1.00000000000000000000 2 0 8 5 6 7 24 26 45 46 47 
26 2646 0.281019000 0.486610000 0.00000000000000000000 1.00000000000000000000 2 0 8 6 7 8 25 27 46 47 48 
27 2647 0.307937000 0.491700000 0.00000000000000000000 1.00000000000000000000 2 0 8 7 8 9 26 28 47 48 49 
28 2648 0.335116000 0.496005000 0.00000000000000000000 1.00000000000000000000 2 0 8 8 9 10 27 29 48 49 50 
29 2649 0.362513000 0.499521000 0.00000000000000000000 1.00000000000000000000 2 0 8 9 10 11 28 30 49 50 51 
30 2650 0.390086000 0.502246000 0.00000000000000000000 1.00000000000000000000 2 0 8 10 11 12 29 31 50 51 52 
31 2651 0.417789000 0.504179000 0.00000000000000000000 1.00000000000000000000 2 0 8 11 12 13 30 32 51 52 53 
32 2652 0.445580000 0.505320000 0.00000000000000000000 1.00000000000000000000 2 0 8 12 13 14 31 33 52 53 54 
33 2653 0.473414000 0.505672000 0.00000000000000000000 1.00000000000000000000 2 0 8 13 14 15 32 34 53 54 55 
34 2654 0.501250000 0.505236000 0.00000000000000000000 1.00000000000000000000 2 0 8 14 15 16 33 35 54 55 56 
35 2655 0.529042000 0.504017000 0.00000000000000000000 1.00000000000000000000 2 0 8 15 16 17 34 36 55 56 57 
36 2656 0.556749000 0.502021000 0.00000000000000000000 1.00000000000000000000 2 0 8 16 17 18 35 37 56 57 58 
37 2657 0.584327000 0.499254000 0.00000000000000000000 1.00000000000000000000 2 0 8 17 18 264 36 38 57 58 59 
38 2658 0.611734000 0.495723000 0.00000000000000000000 1.00000000000000000000 2 0 8 18 264 265 37 268 58 59 271 
39 2659 0.061214800 0.453974000 0.00000000000000000000 1.00000000000000000000 2 0 8 266 267 19 270 40 60 61 62 
40 2660 0.085581600 0.466037000 0.00000000000000000000 1.00000000000000000000 2 0 8 267 19 20 39 41 61 62 63 
41 2661 0.110567000 0.477339000 0.00000000000000000000 1.00000000000000000000 2 0 8 19 20 21 40 42 62 63 64 
42 2662 0.136129000 0.487863000 0.00000000000000000000 1.00000000000000000000 2 0 8 20 21 22 41 43 63 64 65 
43 2663 0.162227000 0.497595000 0.00000000000000000000 1.00000000000000000000 2 0 8 21 22 23 42 44 64 65 66 
44 2664 0.188819000 0.506522000 0.00000000000000000000 1.00000000000000000000 2 0 8 22 23 24 43 45 65 66 67 
45 2665 0.215861000 0.514631000 0.00000000000000000000 1.00000000000000000000 2 0 8 23 24 25 44 46 66 67 68 
46 2666 0.243311000 0.521913000 0.00000000000000000000 1.00000000000000000000 2 0 8 24 25 26 45 47 67 68 69 
47 2667 0.271123000 0.528358000 0.00000000000000000000 1.00000000000000000000 2 0 8 25 26 27 46 48 68 69 70 
48 2668 0.299254000 0.533960000 0.00000000000000000000 1.00000000000000000000 2 0 8 26 27 28 47 49 69 70 71 
49 2669 0.327658000 0.538712000 0.00000000000000000000 1.00000000000000000000 2 0 8 27 28 29 48 50 70 71 72 
50 2670 0.356290000 0.542610000 0.00000000000000000000 1.00000000000000000000 2 0 8 28 29 30 49 51 71 72 73 
51 2671 0.385106000 0.545651000 0.00000000000000000000 1.00000000000000000000 2 0 8 29 30 31 50 52 72 73 74 
52 2672 0.414059000 0.547833000 0.00000000000000000000 1.00000000000000000000 2 0 8 30 31 32 51 53 73 74 75 
53 2673 0.443104000 0.549157000 0.00000000000000000000 1.00000000000000000000 2 0 8 31 32 33 52 54 74 75 76 
54 2674 0.472196000 0.549623000 0.00000000000000000000 1.00000000000000000000 2 0 8 32 33 34 53 55 75 76 77 
55 2675 0.501288000 0.549234000 0.00000000000000000000 1.00000000000000000000 2 0 8 33 34 35 54 56 76 77 78 
56 2676 0.530336000 0.547995000 0.00000000000000000000 1.00000000000000000000 2 0 8 34 35 36 55 57 77 78 79 
57 2677 0.559295000 0.545911000 0.00000000000000000000 1.00000000000000000000 2 0 8 35 36 37 56 58 78 79 80 
58 2678 0.588121000 0.542988000 0.00000000000000000000 1.00000000000000000000 2 0 8 36 37 38 57 59 79 80 81 
59 2679 0.616768000 0.539235000 0.00000000000000000000 1.00000000000000000000 2 0 8 37 38 268 58 271 80 81 273 
60 2680 0.015872800 0.477177000 0.00000000000000000000 1.00000000000000000000 2 0 8 269 270 39 272 61 275 276 82 
61 2681 0.040684500 0.491078000 0.00000000000000000000 1.00000000000000000000 2 0 8 270 39 40 60 62 276 82 83 
62 2682 0.066185400 0.504180000 0.00000000000000000000 1.00000000000000000000 2 0 8 39 40 41 61 63 82 83 84 
63 2683 0.092333800 0.516461000 0.00000000000000000000 1.00000000000000000000 2 0 8 40 41 42 62 64 83 84 85 
64 2684 0.119087000 0.527905000 0.00000000000000000000 1.00000000000000000000 2 0 8 41 42 43 63 65 84 85 86 
65 2685 0.146402000 0.538495000 0.00000000000000000000 1.00000000000000000000 2 0 8 42 43 44 64 66 85 86 87 
66 2686 0.174234000 0.548217000 0.00000000000000000000 1.00000000000000000000 2 0 8 43 44 45 65 67 86 87 88 
67 2687 0.202538000 0.557059000 0.00000000000000000000 1.00000000000000000000 2 0 8 44 45 46 66 68 87 88 89 
68 2688 0.231269000 0.565008000 0.00000000000000000000 1.00000000000000000000 2 0 8 45 46 47 67 69 88 89 90 
69 2689 0.260380000 0.572054000 0.00000000000000000000 1.00000000000000000000 2 0 8 46 47 48 68 70 89 90 91 
70 2690 0.289825000 0.578190000 0.00000000000000000000 1.00000000000000000000 2 0 8 47 48 49 69 71 90 91 92 
71 2691 0.319558000 0.583408000 0.00000000000000000000 1.00000000000000000000 2 0 8 48 49 50 70 72 91 92 93 
72 2692 0.349530000 0.587704000 0.00000000000000000000 1.00000000000000000000 2 0 8 49 50 51 71 73 92 93 94 
73 2693 0.379694000 0.591073000 0.00000000000000000000 1.00000000000000000000 2 0 8 50 51 52 72 74 93 94 95 
74 2694 0.410003000 0.593514000 0.00000000000000000000 1.00000000000000000000 2 0 8 51 52 53 73 75 94 95 96 
75 2695 0.440409000 0.595026000 0.00000000000000000000 1.00000000000000000000 2 0 8 52 53 54 74 76 95 96 97 
76 2696 0.470865000 0.595611000 0.00000000000000000000 1.00000000000000000000 2 0 8 53 54 55 75 77 96 97 98 
77 2697 0.501322000 0.595270000 0.00000000000000000000 1.00000000000000000000 2 0 8 54 55 56 76 78 97 98 99 
78 2698 0.531734000 0.594007000 0.00000000000000000000 1.00000000000000000000 2 0 8 55 56 57 77 79 98 99 100 
79 2699 0.562053000 0.591829000 0.00000000000000000000 1.00000000000000000000 2 0 8 56 57 58 78 80 99 100 101 
80 2700 0.592233000 0.588741000 0.00000000000000000000 1.00000000000000000000 2 0 8 57 58 59 79 81 100 101 102 
81 2701 0.622227000 0.584752000 0.00000000000000000000 1.00000000000000000000 2 0 8 58 59 271 80 273 101 102 103 
82 2702 0.018477000 0.529985000 0.00000000000000000000 1.00000000000000000000 2 0 8 60 61 62 276 83 278 279 104 
83 2703 0.045203000 0.544173000 0.00000000000000000000 1.00000000000000000000 2 0 8 61 62 63 82 84 279 104 105 
84 2704 0.072608400 0.557480000 0.00000000000000000000 1.00000000000000000000 2 0 8 62 63 64 83 85 104 105 106 
85 2705 0.100649000 0.569886000 0.00000000000000000000 1.00000000000000000000 2 0 8 63 64 65 84 86 105 106 107 
86 2706 0.129278000 0.581375000 0.00000000000000000000 1.00000000000000000000 2 0 8 64 65 66 85 87 106 107 108 
87 2707 0.158450000 0.591930000 0.00000000000000000000 1.00000000000000000000 2 0 8 65 66 67 86 88 107 108 109 
88 2708 0.188118000 0.601538000 0.00000000000000000000 1.00000000000000000000 2 0 8 66 67 68 87 89 108 109 110 
89 2709 0.218234000 0.610184000 0.00000000000000000000 1.00000000000000000000 2 0 8 67 68 69 88 90 109 110 111 
90 2710 0.248750000 0.617859000 0.00000000000000000000 1.00000000000000000000 2 0 8 68 69 70 89 91 110 111 112 
91 2711 0.279617000 0.624553000 0.00000000000000000000 1.00000000000000000000 2 0 8 69 70 71 90 92 111 112 113 
92 2712 0.310786000 0.630258000 0.00000000000000000000 1.00000000000000000000 2 0 8 70 71 72 91 93 112 113 114 
93 2713 0.342207000 0.634969000 0.00000000000000000000 1.00000000000000000000 2 0 8 71 72 73 92 94 113 114 115 
94 2714 0.373830000 0.638681000 0.00000000000000000000 1.00000000000000000000 2 0 8 72 73 74 93 95 114 115 116 
95 2715 0.405606000 0.641392000 0.00000000000000000000 1.00000000000000000000 2 0 8 73 74 75 94 96 115 116 117 
96 2716 0.437485000 0.643100000 0.00000000000000000000 1.00000000000000000000 2 0 8 74 75 76 95 97 116 117 118 
97 2717 0.469417000 0.643806000 0.00000000000000000000 1.00000000000000000000 2 0 8 75 76 77 96 98 117 118 119 
98 2718 0.501352000 0.643513000 0.00000000000000000000 1.00000000000000000000 2 0 8 76 77 78 97 99 118 119 120 
99 2719 0.533240000 0.642224000 0.00000000000000000000 1.00000000000000000000 2 0 8 77 78 79 98 100 119 120 121 
100 2720 0.565033000 0.639945000 0.00000000000000000000 1.00000000000000000000 2 0 8 78 79 80 99 101 120 121 122 
101 2721 0.596680000 0.636683000 0.00000000000000000000 1.00000000000000000000 2 0 8 79 80 81 100 102 121 122 123 
102 2722 0.628134000 0.632446000 0.00000000000000000000 1.00000000000000000000 2 0 8 80 81 273 101 103 122 123 124 
103 2723 0.659346000 0.627244000 0.00000000000000000000 1.00000000000000000000 2 0 8 81 273 274 102 277 123 124 280 
104 2724 0.022555800 0.586164000 0.00000000000000000000 1.00000000000000000000 2 0 8 82 83 84 279 105 281 125 126 
105 2725 0.051316400 0.600546000 0.00000000000000000000 1.00000000000000000000 2 0 8 83 84 85 104 106 125 126 127 
106 2726 0.080744000 0.613962000 0.00000000000000000000 1.00000000000000000000 2 0 8 84 85 86 105 107 126 127 128 
107 2727 0.110791000 0.626393000 0.00000000000000000000 1.00000000000000000000 2 0 8 85 86 87 106 108 127 128 129 
108 2728 0.141409000 0.637822000 0.00000000000000000000 1.00000000000000000000 2 0 8 86 87 88 107 109 128 129 130 
109 2729 0.172548000 0.648231000 0.00000000000000000000 1.00000000000000000000 2 0 8 87 88 89 108 110 129 130 131 
110 2730 0.204159000 0.657609000 0.00000000000000000000 1.00000000000000000000 2 0 8 88 89 90 109 111 130 131 132 
111 2731 0.236190000 0.665942000 0.00000000000000000000 1.00000000000000000000 2 0 8 89 90 91 110 112 131 132 133 
112 2732 0.268590000 0.673221000 0.00000000000000000000 1.00000000000000000000 2 0 8 90 91 92 111 113 132 133 134 
113 2733 0.301309000 0.679436000 0.00000000000000000000 1.00000000000000000000 2 0 8 91 92 93 112 114 133 134 135 
114 2734 0.334294000 0.684581000 0.00000000000000000000 1.00000000000000000000 2 0 8 92 93 94 113 115 134 135 136 
115 2735 0.367493000 0.688651000 0.00000000000000000000 1.00000000000000000000 2 0 8 93 94 95 114 116 135 136 137 
116 2736 0.400853000 0.691642000 0.00000000000000000000 1.00000000000000000000 2 0 8 94 95 96 115 117 136 137 138 
117 2737 0.434322000 0.693554000 0.00000000000000000000 1.00000000000000000000 2 0 8 95 96 97 116 118 137 138 139 
118 2738 0.467848000 0.694387000 0.00000000000000000000 1.00000000000000000000 2 0 8 96 97 98 117 119 138 139 140 
119 2739 0.501379000 0.694143000 0.00000000000000000000 1.00000000000000000000 2 0 8 97 98 99 118 120 139 140 141 
120 2740 0.534862000 0.692825000 0.00000000000000000000 1.00000000000000000000 2 0 8 98 99 100 119 121 140 141 142 
121 2741 0.568246000 0.690438000 0.00000000000000000000 1.00000000000000000000 2 0 8 99 100 101 120 122 141 142 143 
122 2742 0.601478000 0.686991000 0.00000000000000000000 1.00000000000000000000 2 0 8 100 101 102 121 123 142 143 144 
123 2743 0.634509000 0.682492000 0.00000000000000000000 1.00000000000000000000 2 0 8 101 102 103 122 124 143 144 282 
124 2744 0.667288000 0.676951000 0.00000000000000000000 1.00000000000000000000 2 0 8 102 103 277 123 280 144 282 283 
125 2745 -0.001840980 0.630307000 0.00000000000000000000 1.00000000000000000000 2 0 8 279 104 105 281 126 284 145 146 
126 2746 0.028378200 0.645819000 0.00000000000000000000 1.00000000000000000000 2 0 8 104 105 106 125 127 145 146 147 
127 2747 0.059299300 0.660296000 0.00000000000000000000 1.00000000000000000000 2 0 8 105 106 107 126 128 146 147 148 
128 2748 0.090872300 0.673716000 0.00000000000000000000 1.00000000000000000000 2 0 8 106 107 108 127 129 147 148 149 
129 2749 0.123046000 0.686061000 0.00000000000000000000 1.00000000000000000000 2 0 8 107 108 109 128 130 148 149 150 
130 2750 0.155769000 0.697313000 0.00000000000000000000 1.00000000000000000000 2 0 8 108 109 110 129 131 149 150 151 
131 2751 0.188989000 0.707458000 0.00000000000000000000 1.00000000000000000000 2 0 8 109 110 111 130 132 150 151 152 
132 2752 0.222652000 0.716482000 0.00000000000000000000 1.00000000000000000000 2 0 8 110 111 112 131 133 151 152 153 
133 2753 0.256705000 0.724373000 0.00000000000000000000 1.00000000000000000000 2 0 8 111 112 113 132 134 152 153 154 
134 2754 0.291093000 0.731122000 0.00000000000000000000 1.00000000000000000000 2 0 8 112 113 114 133 135 153 154 155 
135 2755 0.325762000 0.736722000 0.00000000000000000000 1.00000000000000000000 2 0 8 113 114 115 134 136 154 155 156 
136 2756 0.360658000 0.741167000 0.00000000000000000000 1.00000000000000000000 2 0 8 114 115 116 135 137 155 156 157 
137 2757 0.395725000 0.744453000 0.00000000000000000000 1.00000000000000000000 2 0 8 115 116 117 136 138 156 157 158 
138 2758 0.430908000 0.746578000 0.00000000000000000000 1.00000000000000000000 2 0 8 116 117 118 137 139 157 158 159 
139 2759 0.466152000 0.747542000 0.00000000000000000000 1.00000000000000000000 2 0 8 117 118 119 138 140 158 159 160 
140 2760 0.501402000 0.747347000 0.00000000000000000000 1.00000000000000000000 2 0 8 118 119 120 139 141 159 160 161 
141 2761 0.536604000 0.745997000 0.00000000000000000000 1.00000000000000000000 2 0 8 119 120 121 140 142 160 161 162 
142 2762 0.571704000 0.743497000 0.00000000000000000000 1.00000000000000000000 2 0 8 120 121 122 141 143 161 162 163 
143 2763 0.606646000 0.739854000 0.00000000000000000000 1.00000000000000000000 2 0 8 121 122 123 142 144 162 163 164 
144 2764 0.641377000 0.735077000 0.00000000000000000000 1.00000000000000000000 2 0 8 122 123 124 143 282 163 164 285 
145 2765 -0.028078600 0.676766000 0.00000000000000000000 1.00000000000000000000 2 0 8 281 125 126 284 146 286 165 166 
146 2766 0.003707930 0.693466000 0.00000000000000000000 1.00000000000000000000 2 0 8 125 126 127 145 147 165 166 167 
147 2767 0.036234100 0.709057000 0.00000000000000000000 1.00000000000000000000 2 0 8 126 127 128 146 148 166 167 168 
148 2768 0.069447300 0.723517000 0.00000000000000000000 1.00000000000000000000 2 0 8 127 128 129 147 149 167 168 169 
149 2769 0.103294000 0.736826000 0.00000000000000000000 1.00000000000000000000 2 0 8 128 129 130 148 150 168 169 170 
150 2770 0.137720000 0.748964000 0.00000000000000000000 1.00000000000000000000 2 0 8 129 130 131 149 151 169 170 171 
151 2771 0.172669000 0.759915000 0.00000000000000000000 1.00000000000000000000 2 0 8 130 131 132 150 152 170 171 172 
152 2772 0.208087000 0.769664000 0.00000000000000000000 1.00000000000000000000 2 0 8 131 132 133 151 153 171 172 173 
153 2773 0.243916000 0.778199000 0.00000000000000000000 1.00000000000000000000 2 0 8 132 133 134 152 154 172 173 174 
154 2774 0.280099000 0.785510000 0.00000000000000000000 1.00000000000000000000 2 0 8 133 134 135 153 155 173 174 175 
155 2775 0.316580000 0.791588000 0.00000000000000000000 1.00000000000000000000 2 0 8 134 135 136 154 156 174 175 176 
156 2776 0.353301000 0.796426000 0.00000000000000000000 1.00000000000000000000 2 0 8 135 136 137 155 157 175 176 177 
157 2777 0.390203000 0.800020000 0.00000000000000000000 1.00000000000000000000 2 0 8 136 137 138 156 158 176 177 178 
158 2778 0.427230000 0.802368000 0.00000000000000000000 1.00000000000000000000 2 0 8 137 138 139 157 159 177 178 179 
159 2779 0.464322000 0.803469000 0.00000000000000000000 1.00000000000000000000 2 0 8 138 139 140 158 160 178 179 180 
160 2780 0.501423000 0.803325000 0.00000000000000000000 1.00000000000000000000 2 0 8 139 140 141 159 161 179 180 181 
161 2781 0.538475000 0.801939000 0.00000000000000000000 1.00000000000000000000 2 0 8 140 141 142 160 162 180 181 182 
162 2782 0.575420000 0.799318000 0.00000000000000000000 1.00000000000000000000 2 0 8 141 142 143 161 163 181 182 183 
163 2783 0.612202000 0.795467000 0.00000000000000000000 1.00000000000000000000 2 0 8 142 143 144 162 164 182 183 287 
164 2784 0.648764000 0.790398000 0.00000000000000000000 1.00000000000000000000 2 0 8 143 144 282 163 285 183 287 288 
165 2785 -0.056255200 0.725711000 0.00000000000000000000 1.00000000000000000000 2 0 8 284 145 146 286 166 289 290 184 
166 2786 -0.022786400 0.743662000 0.00000000000000000000 1.00000000000000000000 2 0 8 145 146 147 165 167 290 184 185 
167 2787 0.011462500 0.760427000 0.00000000000000000000 1.00000000000000000000 2 0 8 146 147 148 166 168 184 185 186 
168 2788 0.046436200 0.775982000 0.00000000000000000000 1.00000000000000000000 2 0 8 147 148 149 167 169 185 186 187 
169 2789 0.082078400 0.790304000 0.00000000000000000000 1.00000000000000000000 2 0 8 148 149 150 168 170 186 187 188 
170 2790 0.118332000 0.803374000 0.00000000000000000000 1.00000000000000000000 2 0 8 149 150 151 169 171 187 188 189 
171 2791 0.155139000 0.815174000 0.00000000000000000000 1.00000000000000000000 2 0 8 150 151 152 170 172 188 189 190 
172 2792 0.192440000 0.825686000 0.00000000000000000000 1.00000000000000000000 2 0 8 151 152 153 171 173 189 190 191 
173 2793 0.230176000 0.834899000 0.00000000000000000000 1.00000000000000000000 2 0 8 152 153 154 172 174 190 191 192 
174 2794 0.268287000 0.842800000 0.00000000000000000000 1.00000000000000000000 2 0 8 153 154 155 173 175 191 192 193 
175 2795 0.306713000 0.849379000 0.00000000000000000000 1.00000000000000000000 2 0 8 154 155 156 174 176 192 193 194 
176 2796 0.345394000 0.854631000 0.00000000000000000000 1.00000000000000000000 2 0 8 155 156 157 175 177 193 194 195 
177 2797 0.384268000 0.858548000 0.00000000000000000000 1.00000000000000000000 2 0 8 156 157 158 176 178 194 195 196 
178 2798 0.423274000 0.861130000 0.00000000000000000000 1.00000000000000000000 2 0 8 157 158 159 177 179 195 196 197 
179 2799 0.462352000 0.862374000 0.00000000000000000000 1.00000000000000000000 2 0 8 158 159 160 178 180 196 197 198 
180 2800 0.501441000 0.862283000 0.00000000000000000000 1.00000000000000000000 2 0 8 159 160 161 179 181 197 198 199 
181 2801 0.540480000 0.860859000 0.00000000000000000000 1.00000000000000000000 2 0 8 160 161 162 180 182 198 199 291 
182 2802 0.579409000 0.858108000 0.00000000000000000000 1.00000000000000000000 2 0 8 161 162 163 181 183 199 291 292 
183 2803 0.618167000 0.854039000 0.00000000000000000000 1.00000000000000000000 2 0 8 162 163 164 182 287 291 292 293 
184 2804 -0.051203800 0.796594000 0.00000000000000000000 1.00000000000000000000 2 0 8 165 166 167 290 185 294 295 200 
185 2805 -0.015108100 0.814595000 0.00000000000000000000 1.00000000000000000000 2 0 8 166 167 168 184 186 295 200 201 
186 2806 0.021753000 0.831304000 0.00000000000000000000 1.00000000000000000000 2 0 8 167 168 169 185 187 200 201 202 
187 2807 0.059320300 0.846695000 0.00000000000000000000 1.00000000000000000000 2 0 8 168 169 170 186 188 201 202 203 
188 2808 0.097533600 0.860747000 0.00000000000000000000 1.00000000000000000000 2 0 8 169 170 171 187 189 202 203 204 
189 2809 0.136332000 0.873440000 0.00000000000000000000 1.00000000000000000000 2 0 8 170 171 172 188 190 203 204 205 
190 2810 0.175653000 0.884757000 0.00000000000000000000 1.00000000000000000000 2 0 8 171 172 173 189 191 204 205 206 
191 2811 0.215434000 0.894682000 0.00000000000000000000 1.00000000000000000000 2 0 8 172 173 174 190 192 205 206 207 
192 2812 0.255613000 0.903205000 0.00000000000000000000 1.00000000000000000000 2 0 8 173 174 175 191 193 206 207 208 
193 2813 0.296126000 0.910313000 0.00000000000000000000 1.00000000000000000000 2 0 8 174 175 176 192 194 207 208 209 
194 2814 0.336908000 0.915998000 0.00000000000000000000 1.00000000000000000000 2 0 8 175 176 177 193 195 208 209 210 
195 2815 0.377897000 0.920256000 0.00000000000000000000 1.00000000000000000000 2 0 8 176 177 178 194 196 209 210 211 
196 2816 0.419028000 0.923083000 0.00000000000000000000 1.00000000000000000000 2 0 8 177 178 179 195 197 210 211 212 
197 2817 0.460236000 0.924477000 0.00000000000000000000 1.00000000000000000000 2 0 8 178 179 180 196 198 211 212 213 
198 2818 0.501457000 0.924440000 0.00000000000000000000 1.00000000000000000000 2 0 8 179 180 181 197 199 212 213 296 
199 2819 0.542628000 0.922975000 0.00000000000000000000 1.00000000000000000000 2 0 8 180 181 182 198 291 213 296 297 
200 2820 -0.043576700 0.871763000 0.00000000000000000000 1.00000000000000000000 2 0 8 184 185 186 295 201 298 299 214 
201 2821 -0.004694130 0.889688000 0.00000000000000000000 1.00000000000000000000 2 0 8 185 186 187 200 202 299 214 215 
202 2822 0.034935000 0.906206000 0.00000000000000000000 1.00000000000000000000 2 0 8 186 187 188 201 203 214 215 216 
203 2823 0.075247300 0.921293000 0.00000000000000000000 1.00000000000000000000 2 0 8 187 188 189 202 204 215 216 217 
204 2824 0.116178000 0.934929000 0.00000000000000000000 1.00000000000000000000 2 0 8 188 189 190 203 205 216 217 218 
205 2825 0.157663000 0.947093000 0.00000000000000000000 1.00000000000000000000 2 0 8 189 190 191 204 206 217 218 219 
206 2826 0.199636000 0.957771000 0.00000000000000000000 1.00000000000000000000 2 0 8 190 191 192 205 207 218 219 220 
207 2827 0.242029000 0.966948000 0.00000000000000000000 1.00000000000000000000 2 0 8 191 192 193 206 208 219 220 221 
208 2828 0.284777000 0.974613000 0.00000000000000000000 1.00000000000000000000 2 0 8 192 193 194 207 209 220 221 222 
209 2829 0.327813000 0.980757000 0.00000000000000000000 1.00000000000000000000 2 0 8 193 194 195 208 210 221 222 223 
210 2830 0.371067000 0.985373000 0.00000000000000000000 1.00000000000000000000 2 0 8 194 195 196 209 211 222 223 224 
211 2831 0.414474000 0.988457000 0.00000000000000000000 1.00000000000000000000 2 0 8 195 196 197 210 212 223 224 225 
212 2832 0.457964000 0.990009000 0.00000000000000000000 1.00000000000000000000 2 0 8 196 197 198 211 213 224 225 300 
213 2833 0.501471000 0.990028000 0.00000000000000000000 1.00000000000000000000 2 0 8 197 198 199 212 296 225 300 301 
214 2834 -0.033003900 0.951351000 0.00000000000000000000 1.00000000000000000000 2 0 8 200 201 202 299 215 302 303 226 
215 2835 0.008831600 0.969058000 0.00000000000000000000 1.00000000000000000000 2 0 8 201 202 203 214 216 303 226 227 
216 2836 0.051390100 0.985239000 0.00000000000000000000 1.00000000000000000000 2 0 8 202 203 204 215 217 226 227 228 
217 2837 0.094603900 0.999869000 0.00000000000000000000 1.00000000000000000000 2 0 8 203 204 205 216 218 227 228 229 
218 2838 0.138404000 1.012930000 0.00000000000000000000 1.00000000000000000000 2 0 8 204 205 206 217 219 228 229 230 
219 2839 0.182722000 1.024400000 0.00000000000000000000 1.00000000000000000000 2 0 8 205 206 207 218 220 229 230 231 
220 2840 0.227486000 1.034270000 0.00000000000000000000 1.00000000000000000000 2 0 8 206 207 208 219 221 230 231 232 
221 2841 0.272627000 1.042520000 0.00000000000000000000 1.00000000000000000000 2 0 8 207 208 209 220 222 231 232 304 
222 2842 0.318073000 1.049150000 0.00000000000000000000 1.00000000000000000000 2 0 8 208 209 210 221 223 232 304 305 
223 2843 0.363753000 1.054140000 0.00000000000000000000 1.00000000000000000000 2 0 8 209 210 211 222 224 304 305 306 
224 2844 0.409595000 1.057500000 0.00000000000000000000 1.00000000000000000000 2 0 8 210 211 212 223 225 305 306 307 
225 2845 0.455529000 1.059210000 0.00000000000000000000 1.00000000000000000000 2 0 8 211 212 213 224 300 306 307 308 
226 2846 -0.019087100 1.035480000 0.00000000000000000000 1.00000000000000000000 2 0 8 214 215 216 303 227 309 310 233 
227 2847 0.025873200 1.052820000 0.00000000000000000000 1.00000000000000000000 2 0 8 215 216 217 226 228 310 233 234 
228 2848 0.071527800 1.068500000 0.00000000000000000000 1.00000000000000000000 2 0 8 216 217 218 227 229 233 234 235 
229 2849 0.117804000 1.082510000 0.00000000000000000000 1.00000000000000000000 2 0 8 217 218 219 228 230 234 235 236 
230 2850 0.164629000 1.094810000 0.00000000000000000000 1.00000000000000000000 2 0 8 218 219 220 229 231 235 236 237 
231 2851 0.211928000 1.105410000 0.00000000000000000000 1.00000000000000000000 2 0 8 219 220 221 230 232 236 237 311 
232 2852 0.259628000 1.114280000 0.00000000000000000000 1.00000000000000000000 2 0 8 220 221 222 231 304 237 311 312 
233 2853 -0.001398500 1.124290000 0.00000000000000000000 1.00000000000000000000 2 0 8 226 227 228 310 234 313 314 238 
234 2854 0.046864200 1.141080000 0.00000000000000000000 1.00000000000000000000 2 0 8 227 228 229 233 235 314 238 239 
235 2855 0.095786500 1.156080000 0.00000000000000000000 1.00000000000000000000 2 0 8 228 229 230 234 236 238 239 240 
236 2856 0.145291000 1.169280000 0.00000000000000000000 1.00000000000000000000 2 0 8 229 230 231 235 237 239 240 315 
237 2857 0.195299000 1.180650000 0.00000000000000000000 1.00000000000000000000 2 0 8 230 231 232 236 311 240 315 316 
238 2858 0.020521300 1.217870000 0.00000000000000000000 1.00000000000000000000 2 0 8 233 234 235 314 239 317 318 241 
239 2859 0.072269100 1.233930000 0.00000000000000000000 1.00000000000000000000 2 0 8 234 235 236 238 240 318 241 319 
240 2860 0.124635000 1.248070000 0.00000000000000000000 1.00000000000000000000 2 0 8 235 236 237 239 315 241 319 320 
241 2861 0.047164500 1.316350000 0.00000000000000000000 1.00000000000000000000 2 0 8 238 239 240 318 319 321 322 323 
242 1647 0.134954 0.361346 2 0
243 2603 0.156966 0.36995 2 0
244 2604 0.179487 0.377941 2 0
245 2605 0.20248 0.385306 2 0
246 2606 0.225906 0.392038 2 0
247 2607 0.24973 0.398127 2 0
248 2608 0.273911 0.403566 2 0
249 2609 0.298412 0.40835 2 0
250 2610 0.323193 0.412473 2 0
251 2611 0.348214 0.415933 2 0
252 2612 0.373437 0.418727 2 0
253 2613 0.39882 0.420853 2 0
254 2614 0.424323 0.422313 2 0
255 2615 0.449908 0.423106 2 0
256 2616 0.475533 0.423235 2 0
257 2617 0.501158 0.422704 2 0
258 2618 0.526744 0.421517 2 0
259 2619 0.55225 0.419678 2 0
260 2620 0.577639 0.417196 2 0
261 2979 0.602869 0.414077 2 0
262 1655 0.097547 0.384631 2 0
263 1656 0.119901 0.394751 2 0
264 2993 0.607107 0.454056 2 0
265 2994 0.633172 0.450046 2 0
266 1662 0.0574555 0.406773 2 0
267 1663 0.0801453 0.418534 2 0
268 3007 0.638928 0.491438 2 0
269 1667 0.0144945 0.427634 2 0
270 1668 0.0375062 0.441166 2 0
271 3020 0.645192 0.53466 2 0
272 1283 -0.00820887 0.462495 2 0
273 3032 0.65199 0.579872 2 0
274 3033 0.681476 0.574112 2 0
275 1300 -0.0327632 0.499051 2 0
276 1301 -0.00752593 0.514937 2 0
277 3043 0.690269 0.621089 2 0
278 1318 -0.032778 0.554586 2 0
279 1319 -0.0054909 0.570836 2 0
280 3052 0.699764 0.67038 2 0
281 1336 -0.031309 0.613782 2 0
282 3061 0.675845 0.729178 2 0
283 3062 0.709996 0.722168 2 0
284 1353 -0.059074 0.658982 2 0
285 3071 0.68505 0.784121 2 0
286 1370 -0.0888897 0.706601 2 0
287 4303 0.656696 0.848659 2 0
288 4304 0.694936 0.841982 2 0
289 1387 -0.120867 0.756817 2 0
290 1388 -0.0864759 0.777325 2 0
291 4305 0.583685 0.920087 2 0
292 4306 0.624565 0.915785 2 0
293 4307 0.665205 0.910078 2 0
294 475 -0.118853 0.831797 2 0
295 476 -0.0816502 0.852456 2 0
296 4310 0.544927 0.988518 2 0
297 4311 0.588265 0.985485 2 0
298 482 -0.114239 0.911457 2 0
299 483 -0.0740494 0.932141 2 0
300 4317 0.501483 1.05929 2 0
301 4318 0.547386 1.05773 2 0
302 491 -0.10664 0.995953 2 0
303 492 -0.0632816 1.01652 2 0
304 4326 0.307652 1.12142 2 0
305 4327 0.355927 1.12681 2 0
306 4328 0.404375 1.13045 2 0
307 4329 0.452923 1.13235 2 0
308 4330 0.501494 1.13249 2 0
309 502 -0.0956402 1.08544 2 0
310 503 -0.0489252 1.10573 2 0
311 4340 0.245733 1.19017 2 0
312 4341 0.296513 1.19785 2 0
313 517 -0.0807936 1.18006 2 0
314 518 -0.0305265 1.19991 2 0
315 4355 0.177537 1.26025 2 0
316 4356 0.230891 1.27047 2 0
317 534 -0.0616193 1.27996 2 0
318 535 -0.00759897 1.29917 2 0
319 4372 0.102585 1.33147 2 0
320 4373 0.158574 1.34452 2 0
321 553 -0.0376013 1.38527 2 0
322 4390 0.0203792 1.40363 2 0
323 4391 0.0790575 1.41981 2 0
