324 246 78
1 6469 1.464310000 -1.380640000 0.00000000000000000000 1.00000000000000000000 2 0 8 247 248 249 257 2 8 9 10 
2 6470 1.407300000 -1.416320000 0.00000000000000000000 1.00000000000000000000 2 0 8 248 249 250 1 3 9 10 11 
3 6471 1.348860000 -1.449850000 0.00000000000000000000 1.00000000000000000000 2 0 8 249 250 251 2 4 10 11 12 
4 6472 1.289080000 -1.481180000 0.00000000000000000000 1.00000000000000000000 2 0 8 250 251 252 3 258 11 12 13 
5 6473 1.747700000 -1.297970000 0.00000000000000000000 1.00000000000000000000 2 0 8 253 254 255 261 6 14 15 16 
6 6474 1.694150000 -1.344490000 0.00000000000000000000 1.00000000000000000000 2 0 8 254 255 256 5 7 15 16 17 
7 6475 1.638730000 -1.388980000 0.00000000000000000000 1.00000000000000000000 2 0 8 255 256 257 6 8 16 17 18 
8 6476 1.581550000 -1.431360000 0.00000000000000000000 1.00000000000000000000 2 0 8 256 257 1 7 9 17 18 19 
9 6477 1.522660000 -1.471580000 0.00000000000000000000 1.00000000000000000000 2 0 8 257 1 2 8 10 18 19 20 
10 6478 1.462180000 -1.509570000 0.00000000000000000000 1.00000000000000000000 2 0 8 1 2 3 9 11 19 20 21 
11 6479 1.400180000 -1.545270000 0.00000000000000000000 1.00000000000000000000 2 0 8 2 3 4 10 12 20 21 22 
12 6480 1.336760000 -1.578620000 0.00000000000000000000 1.00000000000000000000 2 0 8 3 4 258 11 13 21 22 23 
13 6481 1.272010000 -1.609570000 0.00000000000000000000 1.00000000000000000000 2 0 8 4 258 259 12 262 22 23 24 
14 6482 1.878440000 -1.331530000 0.00000000000000000000 1.00000000000000000000 2 0 8 260 261 5 265 15 25 26 27 
15 6483 1.823660000 -1.383160000 0.00000000000000000000 1.00000000000000000000 2 0 8 261 5 6 14 16 26 27 28 
16 6484 1.766820000 -1.432700000 0.00000000000000000000 1.00000000000000000000 2 0 8 5 6 7 15 17 27 28 29 
17 6485 1.708010000 -1.480070000 0.00000000000000000000 1.00000000000000000000 2 0 8 6 7 8 16 18 28 29 30 
18 6486 1.647320000 -1.525210000 0.00000000000000000000 1.00000000000000000000 2 0 8 7 8 9 17 19 29 30 31 
19 6487 1.584830000 -1.568030000 0.00000000000000000000 1.00000000000000000000 2 0 8 8 9 10 18 20 30 31 32 
20 6488 1.520640000 -1.608460000 0.00000000000000000000 1.00000000000000000000 2 0 8 9 10 11 19 21 31 32 33 
21 6489 1.454850000 -1.646460000 0.00000000000000000000 1.00000000000000000000 2 0 8 10 11 12 20 22 32 33 34 
22 6490 1.387550000 -1.681950000 0.00000000000000000000 1.00000000000000000000 2 0 8 11 12 13 21 23 33 34 35 
23 6491 1.318850000 -1.714880000 0.00000000000000000000 1.00000000000000000000 2 0 8 12 13 262 22 24 34 35 36 
24 6492 1.248850000 -1.745200000 0.00000000000000000000 1.00000000000000000000 2 0 8 13 262 263 23 266 35 36 37 
25 6493 2.018620000 -1.361430000 0.00000000000000000000 1.00000000000000000000 2 0 8 264 265 14 269 26 38 39 40 
26 6494 1.962730000 -1.418550000 0.00000000000000000000 1.00000000000000000000 2 0 8 265 14 15 25 27 39 40 41 
27 6495 1.904570000 -1.473530000 0.00000000000000000000 1.00000000000000000000 2 0 8 14 15 16 26 28 40 41 42 
28 6496 1.844230000 -1.526280000 0.00000000000000000000 1.00000000000000000000 2 0 8 15 16 17 27 29 41 42 43 
29 6497 1.781800000 -1.576710000 0.00000000000000000000 1.00000000000000000000 2 0 8 16 17 18 28 30 42 43 44 
30 6498 1.717380000 -1.624750000 0.00000000000000000000 1.00000000000000000000 2 0 8 17 18 19 29 31 43 44 45 
31 6499 1.651050000 -1.670330000 0.00000000000000000000 1.00000000000000000000 2 0 8 18 19 20 30 32 44 45 46 
32 6500 1.582910000 -1.713370000 0.00000000000000000000 1.00000000000000000000 2 0 8 19 20 21 31 33 45 46 47 
33 6501 1.513080000 -1.753800000 0.00000000000000000000 1.00000000000000000000 2 0 8 20 21 22 32 34 46 47 48 
34 6502 1.441660000 -1.791570000 0.00000000000000000000 1.00000000000000000000 2 0 8 21 22 23 33 35 47 48 49 
35 6503 1.368740000 -1.826600000 0.00000000000000000000 1.00000000000000000000 2 0 8 22 23 24 34 36 48 49 50 
36 6504 1.294450000 -1.858850000 0.00000000000000000000 1.00000000000000000000 2 0 8 23 24 266 35 37 49 50 51 
37 6505 1.218900000 -1.888260000 0.00000000000000000000 1.00000000000000000000 2 0 8 24 266 267 36 270 50 51 52 
38 6506 2.168690000 -1.387060000 0.00000000000000000000 1.00000000000000000000 2 0 8 268 269 25 272 39 275 53 54 
39 6507 2.111830000 -1.450070000 0.00000000000000000000 1.00000000000000000000 2 0 8 269 25 26 38 40 53 54 55 
40 6508 2.052490000 -1.510880000 0.00000000000000000000 1.00000000000000000000 2 0 8 25 26 27 39 41 54 55 56 
41 6509 1.990730000 -1.569410000 0.00000000000000000000 1.00000000000000000000 2 0 8 26 27 28 40 42 55 56 57 
42 6510 1.926670000 -1.625560000 0.00000000000000000000 1.00000000000000000000 2 0 8 27 28 29 41 43 56 57 58 
43 6511 1.860380000 -1.679240000 0.00000000000000000000 1.00000000000000000000 2 0 8 28 29 30 42 44 57 58 59 
44 6512 1.791980000 -1.730370000 0.00000000000000000000 1.00000000000000000000 2 0 8 29 30 31 43 45 58 59 60 
45 6513 1.721560000 -1.778880000 0.00000000000000000000 1.00000000000000000000 2 0 8 30 31 32 44 46 59 60 61 
46 6514 1.649230000 -1.824680000 0.00000000000000000000 1.00000000000000000000 2 0 8 31 32 33 45 47 60 61 62 
47 6515 1.575090000 -1.867700000 0.00000000000000000000 1.00000000000000000000 2 0 8 32 33 34 46 48 61 62 63 
48 6516 1.499270000 -1.907870000 0.00000000000000000000 1.00000000000000000000 2 0 8 33 34 35 47 49 62 63 64 
49 6517 1.421870000 -1.945140000 0.00000000000000000000 1.00000000000000000000 2 0 8 34 35 36 48 50 63 64 65 
50 6518 1.343010000 -1.979440000 0.00000000000000000000 1.00000000000000000000 2 0 8 35 36 37 49 51 64 65 66 
51 6519 1.262810000 -2.010710000 0.00000000000000000000 1.00000000000000000000 2 0 8 36 37 270 50 52 65 66 67 
52 6520 1.181400000 -2.038910000 0.00000000000000000000 1.00000000000000000000 2 0 8 37 270 271 51 273 66 67 68 
53 6521 2.271450000 -1.477060000 0.00000000000000000000 1.00000000000000000000 2 0 8 272 38 39 275 54 278 69 70 
54 6522 2.211070000 -1.544130000 0.00000000000000000000 1.00000000000000000000 2 0 8 38 39 40 53 55 69 70 71 
55 6523 2.148040000 -1.608870000 0.00000000000000000000 1.00000000000000000000 2 0 8 39 40 41 54 56 70 71 72 
56 6524 2.082460000 -1.671160000 0.00000000000000000000 1.00000000000000000000 2 0 8 40 41 42 55 57 71 72 73 
57 6525 2.014430000 -1.730920000 0.00000000000000000000 1.00000000000000000000 2 0 8 41 42 43 56 58 72 73 74 
58 6526 1.944040000 -1.788050000 0.00000000000000000000 1.00000000000000000000 2 0 8 42 43 44 57 59 73 74 75 
59 6527 1.871400000 -1.842460000 0.00000000000000000000 1.00000000000000000000 2 0 8 43 44 45 58 60 74 75 76 
60 6528 1.796620000 -1.894070000 0.00000000000000000000 1.00000000000000000000 2 0 8 44 45 46 59 61 75 76 77 
61 6529 1.719820000 -1.942800000 0.00000000000000000000 1.00000000000000000000 2 0 8 45 46 47 60 62 76 77 78 
62 6530 1.641110000 -1.988570000 0.00000000000000000000 1.00000000000000000000 2 0 8 46 47 48 61 63 77 78 79 
63 6531 1.560610000 -2.031300000 0.00000000000000000000 1.00000000000000000000 2 0 8 47 48 49 62 64 78 79 80 
64 6532 1.478430000 -2.070940000 0.00000000000000000000 1.00000000000000000000 2 0 8 48 49 50 63 65 79 80 81 
65 6533 1.394710000 -2.107410000 0.00000000000000000000 1.00000000000000000000 2 0 8 49 50 51 64 66 80 81 82 
66 6534 1.309570000 -2.140660000 0.00000000000000000000 1.00000000000000000000 2 0 8 50 51 52 65 67 81 82 83 
67 6535 1.223140000 -2.170630000 0.00000000000000000000 1.00000000000000000000 2 0 8 51 52 273 66 68 82 83 84 
68 6536 1.135550000 -2.197290000 0.00000000000000000000 1.00000000000000000000 2 0 8 52 273 274 67 276 83 84 85 
69 6537 2.380840000 -1.572590000 0.00000000000000000000 1.00000000000000000000 2 0 8 275 53 54 278 70 280 86 87 
70 6538 2.316710000 -1.643980000 0.00000000000000000000 1.00000000000000000000 2 0 8 53 54 55 69 71 86 87 88 
71 6539 2.249760000 -1.712880000 0.00000000000000000000 1.00000000000000000000 2 0 8 54 55 56 70 72 87 88 89 
72 6540 2.180110000 -1.779170000 0.00000000000000000000 1.00000000000000000000 2 0 8 55 56 57 71 73 88 89 90 
73 6541 2.107840000 -1.842760000 0.00000000000000000000 1.00000000000000000000 2 0 8 56 57 58 72 74 89 90 91 
74 6542 2.033090000 -1.903550000 0.00000000000000000000 1.00000000000000000000 2 0 8 57 58 59 73 75 90 91 92 
75 6543 1.955940000 -1.961440000 0.00000000000000000000 1.00000000000000000000 2 0 8 58 59 60 74 76 91 92 93 
76 6544 1.876530000 -2.016350000 0.00000000000000000000 1.00000000000000000000 2 0 8 59 60 61 75 77 92 93 94 
77 6545 1.794970000 -2.068180000 0.00000000000000000000 1.00000000000000000000 2 0 8 60 61 62 76 78 93 94 95 
78 6546 1.711380000 -2.116870000 0.00000000000000000000 1.00000000000000000000 2 0 8 61 62 63 77 79 94 95 96 
79 6547 1.625890000 -2.162320000 0.00000000000000000000 1.00000000000000000000 2 0 8 62 63 64 78 80 95 96 97 
80 6548 1.538640000 -2.204470000 0.00000000000000000000 1.00000000000000000000 2 0 8 63 64 65 79 81 96 97 98 
81 6549 1.449740000 -2.243250000 0.00000000000000000000 1.00000000000000000000 2 0 8 64 65 66 80 82 97 98 99 
82 6550 1.359340000 -2.278590000 0.00000000000000000000 1.00000000000000000000 2 0 8 65 66 67 81 83 98 99 100 
83 6551 1.267570000 -2.310450000 0.00000000000000000000 1.00000000000000000000 2 0 8 66 67 68 82 84 99 100 101 
84 6552 1.174580000 -2.338770000 0.00000000000000000000 1.00000000000000000000 2 0 8 67 68 276 83 85 100 101 102 
85 6553 1.080500000 -2.363510000 0.00000000000000000000 1.00000000000000000000 2 0 8 68 276 277 84 279 101 102 281 
86 6554 2.497270000 -1.674010000 0.00000000000000000000 1.00000000000000000000 2 0 8 278 69 70 280 87 282 103 104 
87 6555 2.429130000 -1.749980000 0.00000000000000000000 1.00000000000000000000 2 0 8 69 70 71 86 88 103 104 105 
88 6556 2.358020000 -1.823290000 0.00000000000000000000 1.00000000000000000000 2 0 8 70 71 72 87 89 104 105 106 
89 6557 2.284020000 -1.893830000 0.00000000000000000000 1.00000000000000000000 2 0 8 71 72 73 88 90 105 106 107 
90 6558 2.207270000 -1.961490000 0.00000000000000000000 1.00000000000000000000 2 0 8 72 73 74 89 91 106 107 108 
91 6559 2.127860000 -2.026160000 0.00000000000000000000 1.00000000000000000000 2 0 8 73 74 75 90 92 107 108 109 
92 6560 2.045920000 -2.087750000 0.00000000000000000000 1.00000000000000000000 2 0 8 74 75 76 91 93 108 109 110 
93 6561 1.961570000 -2.146160000 0.00000000000000000000 1.00000000000000000000 2 0 8 75 76 77 92 94 109 110 111 
94 6562 1.874940000 -2.201290000 0.00000000000000000000 1.00000000000000000000 2 0 8 76 77 78 93 95 110 111 112 
95 6563 1.786170000 -2.253070000 0.00000000000000000000 1.00000000000000000000 2 0 8 77 78 79 94 96 111 112 113 
96 6564 1.695380000 -2.301400000 0.00000000000000000000 1.00000000000000000000 2 0 8 78 79 80 95 97 112 113 114 
97 6565 1.602710000 -2.346220000 0.00000000000000000000 1.00000000000000000000 2 0 8 79 80 81 96 98 113 114 115 
98 6566 1.508300000 -2.387450000 0.00000000000000000000 1.00000000000000000000 2 0 8 80 81 82 97 99 114 115 116 
99 6567 1.412300000 -2.425030000 0.00000000000000000000 1.00000000000000000000 2 0 8 81 82 83 98 100 115 116 117 
100 6568 1.314860000 -2.458890000 0.00000000000000000000 1.00000000000000000000 2 0 8 82 83 84 99 101 116 117 118 
101 6569 1.216110000 -2.488980000 0.00000000000000000000 1.00000000000000000000 2 0 8 83 84 85 100 102 117 118 119 
102 6570 1.116220000 -2.515260000 0.00000000000000000000 1.00000000000000000000 2 0 8 84 85 279 101 281 118 119 283 
103 6571 2.621160000 -1.781700000 0.00000000000000000000 1.00000000000000000000 2 0 8 280 86 87 282 104 284 285 120 
104 6572 2.548770000 -1.862530000 0.00000000000000000000 1.00000000000000000000 2 0 8 86 87 88 103 105 285 120 121 
105 6573 2.473210000 -1.940530000 0.00000000000000000000 1.00000000000000000000 2 0 8 87 88 89 104 106 120 121 122 
106 6574 2.394610000 -2.015580000 0.00000000000000000000 1.00000000000000000000 2 0 8 88 89 90 105 107 121 122 123 
107 6575 2.313060000 -2.087550000 0.00000000000000000000 1.00000000000000000000 2 0 8 89 90 91 106 108 122 123 124 
108 6576 2.228700000 -2.156350000 0.00000000000000000000 1.00000000000000000000 2 0 8 90 91 92 107 109 123 124 125 
109 6577 2.141660000 -2.221860000 0.00000000000000000000 1.00000000000000000000 2 0 8 91 92 93 108 110 124 125 126 
110 6578 2.052060000 -2.283990000 0.00000000000000000000 1.00000000000000000000 2 0 8 92 93 94 109 111 125 126 127 
111 6579 1.960050000 -2.342630000 0.00000000000000000000 1.00000000000000000000 2 0 8 93 94 95 110 112 126 127 128 
112 6580 1.865750000 -2.397690000 0.00000000000000000000 1.00000000000000000000 2 0 8 94 95 96 111 113 127 128 129 
113 6581 1.769310000 -2.449080000 0.00000000000000000000 1.00000000000000000000 2 0 8 95 96 97 112 114 128 129 130 
114 6582 1.670890000 -2.496740000 0.00000000000000000000 1.00000000000000000000 2 0 8 96 97 98 113 115 129 130 131 
115 6583 1.570620000 -2.540570000 0.00000000000000000000 1.00000000000000000000 2 0 8 97 98 99 114 116 130 131 132 
116 6584 1.468660000 -2.580510000 0.00000000000000000000 1.00000000000000000000 2 0 8 98 99 100 115 117 131 132 133 
117 6585 1.365170000 -2.616490000 0.00000000000000000000 1.00000000000000000000 2 0 8 99 100 101 116 118 132 133 134 
118 6586 1.260310000 -2.648470000 0.00000000000000000000 1.00000000000000000000 2 0 8 100 101 102 117 119 133 134 135 
119 6587 1.154220000 -2.676380000 0.00000000000000000000 1.00000000000000000000 2 0 8 101 102 281 118 283 134 135 286 
120 6588 2.676060000 -1.982050000 0.00000000000000000000 1.00000000000000000000 2 0 8 103 104 105 285 121 288 289 136 
121 6589 2.595780000 -2.065030000 0.00000000000000000000 1.00000000000000000000 2 0 8 104 105 106 120 122 289 136 137 
122 6590 2.512260000 -2.144860000 0.00000000000000000000 1.00000000000000000000 2 0 8 105 106 107 121 123 136 137 138 
123 6591 2.425630000 -2.221430000 0.00000000000000000000 1.00000000000000000000 2 0 8 106 107 108 122 124 137 138 139 
124 6592 2.336010000 -2.294610000 0.00000000000000000000 1.00000000000000000000 2 0 8 107 108 109 123 125 138 139 140 
125 6593 2.243530000 -2.364280000 0.00000000000000000000 1.00000000000000000000 2 0 8 108 109 110 124 126 139 140 141 
126 6594 2.148350000 -2.430350000 0.00000000000000000000 1.00000000000000000000 2 0 8 109 110 111 125 127 140 141 142 
127 6595 2.050590000 -2.492710000 0.00000000000000000000 1.00000000000000000000 2 0 8 110 111 112 126 128 141 142 143 
128 6596 1.950420000 -2.551260000 0.00000000000000000000 1.00000000000000000000 2 0 8 111 112 113 127 129 142 143 144 
129 6597 1.847980000 -2.605910000 0.00000000000000000000 1.00000000000000000000 2 0 8 112 113 114 128 130 143 144 145 
130 6598 1.743430000 -2.656570000 0.00000000000000000000 1.00000000000000000000 2 0 8 113 114 115 129 131 144 145 146 
131 6599 1.636920000 -2.703160000 0.00000000000000000000 1.00000000000000000000 2 0 8 114 115 116 130 132 145 146 147 
132 6600 1.528630000 -2.745620000 0.00000000000000000000 1.00000000000000000000 2 0 8 115 116 117 131 133 146 147 148 
133 6601 1.418710000 -2.783860000 0.00000000000000000000 1.00000000000000000000 2 0 8 116 117 118 132 134 147 148 149 
134 6602 1.307330000 -2.817830000 0.00000000000000000000 1.00000000000000000000 2 0 8 117 118 119 133 135 148 149 150 
135 6603 1.194660000 -2.847480000 0.00000000000000000000 1.00000000000000000000 2 0 8 118 119 283 134 286 149 150 151 
136 6604 2.726180000 -2.197250000 0.00000000000000000000 1.00000000000000000000 2 0 8 120 121 122 289 137 292 152 153 
137 6605 2.637440000 -2.282170000 0.00000000000000000000 1.00000000000000000000 2 0 8 121 122 123 136 138 152 153 154 
138 6606 2.545380000 -2.363610000 0.00000000000000000000 1.00000000000000000000 2 0 8 122 123 124 137 139 153 154 155 
139 6607 2.450160000 -2.441440000 0.00000000000000000000 1.00000000000000000000 2 0 8 123 124 125 138 140 154 155 156 
140 6608 2.351910000 -2.515540000 0.00000000000000000000 1.00000000000000000000 2 0 8 124 125 126 139 141 155 156 157 
141 6609 2.250780000 -2.585800000 0.00000000000000000000 1.00000000000000000000 2 0 8 125 126 127 140 142 156 157 158 
142 6610 2.146920000 -2.652110000 0.00000000000000000000 1.00000000000000000000 2 0 8 126 127 128 141 143 157 158 159 
143 6611 2.040500000 -2.714360000 0.00000000000000000000 1.00000000000000000000 2 0 8 127 128 129 142 144 158 159 160 
144 6612 1.931670000 -2.772470000 0.00000000000000000000 1.00000000000000000000 2 0 8 128 129 130 143 145 159 160 161 
145 6613 1.820600000 -2.826320000 0.00000000000000000000 1.00000000000000000000 2 0 8 129 130 131 144 146 160 161 162 
146 6614 1.707460000 -2.875850000 0.00000000000000000000 1.00000000000000000000 2 0 8 130 131 132 145 147 161 162 163 
147 6615 1.592420000 -2.920970000 0.00000000000000000000 1.00000000000000000000 2 0 8 131 132 133 146 148 162 163 164 
148 6616 1.475660000 -2.961610000 0.00000000000000000000 1.00000000000000000000 2 0 8 132 133 134 147 149 163 164 165 
149 6617 1.357350000 -2.997700000 0.00000000000000000000 1.00000000000000000000 2 0 8 133 134 135 148 150 164 165 166 
150 6618 1.237670000 -3.029200000 0.00000000000000000000 1.00000000000000000000 2 0 8 134 135 286 149 151 165 166 167 
151 6619 1.116810000 -3.056030000 0.00000000000000000000 1.00000000000000000000 2 0 8 135 286 287 150 290 166 167 168 
152 6620 2.864890000 -2.337700000 0.00000000000000000000 1.00000000000000000000 2 0 8 289 136 137 292 153 294 169 170 
153 6621 2.770590000 -2.428020000 0.00000000000000000000 1.00000000000000000000 2 0 8 136 137 138 152 154 169 170 171 
154 6622 2.672780000 -2.514630000 0.00000000000000000000 1.00000000000000000000 2 0 8 137 138 139 153 155 170 171 172 
155 6623 2.571590000 -2.597400000 0.00000000000000000000 1.00000000000000000000 2 0 8 138 139 140 154 156 171 172 173 
156 6624 2.467190000 -2.676200000 0.00000000000000000000 1.00000000000000000000 2 0 8 139 140 141 155 157 172 173 174 
157 6625 2.359740000 -2.750910000 0.00000000000000000000 1.00000000000000000000 2 0 8 140 141 142 156 158 173 174 175 
158 6626 2.249390000 -2.821420000 0.00000000000000000000 1.00000000000000000000 2 0 8 141 142 143 157 159 174 175 176 
159 6627 2.136320000 -2.887610000 0.00000000000000000000 1.00000000000000000000 2 0 8 142 143 144 158 160 175 176 177 
160 6628 2.020700000 -2.949380000 0.00000000000000000000 1.00000000000000000000 2 0 8 143 144 145 159 161 176 177 178 
161 6629 1.902690000 -3.006630000 0.00000000000000000000 1.00000000000000000000 2 0 8 144 145 146 160 162 177 178 179 
162 6630 1.782490000 -3.059270000 0.00000000000000000000 1.00000000000000000000 2 0 8 145 146 147 161 163 178 179 180 
163 6631 1.660280000 -3.107220000 0.00000000000000000000 1.00000000000000000000 2 0 8 146 147 148 162 164 179 180 181 
164 6632 1.536240000 -3.150410000 0.00000000000000000000 1.00000000000000000000 2 0 8 147 148 149 163 165 180 181 182 
165 6633 1.410550000 -3.188750000 0.00000000000000000000 1.00000000000000000000 2 0 8 148 149 150 164 166 181 182 183 
166 6634 1.283430000 -3.222210000 0.00000000000000000000 1.00000000000000000000 2 0 8 149 150 151 165 167 182 183 184 
167 6635 1.155050000 -3.250700000 0.00000000000000000000 1.00000000000000000000 2 0 8 150 151 290 166 168 183 184 185 
168 6636 1.025610000 -3.274200000 0.00000000000000000000 1.00000000000000000000 2 0 8 151 290 291 167 293 184 185 295 
169 6637 3.012440000 -2.486890000 0.00000000000000000000 1.00000000000000000000 2 0 8 292 152 153 294 170 296 186 187 
170 6638 2.912230000 -2.582940000 0.00000000000000000000 1.00000000000000000000 2 0 8 152 153 154 169 171 186 187 188 
171 6639 2.808280000 -2.675050000 0.00000000000000000000 1.00000000000000000000 2 0 8 153 154 155 170 172 187 188 189 
172 6640 2.700750000 -2.763070000 0.00000000000000000000 1.00000000000000000000 2 0 8 154 155 156 171 173 188 189 190 
173 6641 2.589820000 -2.846870000 0.00000000000000000000 1.00000000000000000000 2 0 8 155 156 157 172 174 189 190 191 
174 6642 2.475640000 -2.926310000 0.00000000000000000000 1.00000000000000000000 2 0 8 156 157 158 173 175 190 191 192 
175 6643 2.358390000 -3.001270000 0.00000000000000000000 1.00000000000000000000 2 0 8 157 158 159 174 176 191 192 193 
176 6644 2.238240000 -3.071640000 0.00000000000000000000 1.00000000000000000000 2 0 8 158 159 160 175 177 192 193 194 
177 6645 2.115390000 -3.137300000 0.00000000000000000000 1.00000000000000000000 2 0 8 159 160 161 176 178 193 194 195 
178 6646 1.990010000 -3.198160000 0.00000000000000000000 1.00000000000000000000 2 0 8 160 161 162 177 179 194 195 196 
179 6647 1.862300000 -3.254110000 0.00000000000000000000 1.00000000000000000000 2 0 8 161 162 163 178 180 195 196 197 
180 6648 1.732460000 -3.305070000 0.00000000000000000000 1.00000000000000000000 2 0 8 162 163 164 179 181 196 197 198 
181 6649 1.600670000 -3.350960000 0.00000000000000000000 1.00000000000000000000 2 0 8 163 164 165 180 182 197 198 199 
182 6650 1.467150000 -3.391700000 0.00000000000000000000 1.00000000000000000000 2 0 8 164 165 166 181 183 198 199 200 
183 6651 1.332090000 -3.427230000 0.00000000000000000000 1.00000000000000000000 2 0 8 165 166 167 182 184 199 200 201 
184 6652 1.195710000 -3.457490000 0.00000000000000000000 1.00000000000000000000 2 0 8 166 167 168 183 185 200 201 297 
185 6653 1.058210000 -3.482440000 0.00000000000000000000 1.00000000000000000000 2 0 8 167 168 293 184 295 201 297 298 
186 6654 3.169370000 -2.645390000 0.00000000000000000000 1.00000000000000000000 2 0 8 294 169 170 296 187 299 202 203 
187 6655 3.062870000 -2.747540000 0.00000000000000000000 1.00000000000000000000 2 0 8 169 170 171 186 188 202 203 204 
188 6656 2.952400000 -2.845480000 0.00000000000000000000 1.00000000000000000000 2 0 8 170 171 172 187 189 203 204 205 
189 6657 2.838130000 -2.939080000 0.00000000000000000000 1.00000000000000000000 2 0 8 171 172 173 188 190 204 205 206 
190 6658 2.720240000 -3.028180000 0.00000000000000000000 1.00000000000000000000 2 0 8 172 173 174 189 191 205 206 207 
191 6659 2.598910000 -3.112640000 0.00000000000000000000 1.00000000000000000000 2 0 8 173 174 175 190 192 206 207 208 
192 6660 2.474310000 -3.192340000 0.00000000000000000000 1.00000000000000000000 2 0 8 174 175 176 191 193 207 208 209 
193 6661 2.346640000 -3.267150000 0.00000000000000000000 1.00000000000000000000 2 0 8 175 176 177 192 194 208 209 210 
194 6662 2.216100000 -3.336950000 0.00000000000000000000 1.00000000000000000000 2 0 8 176 177 178 193 195 209 210 211 
195 6663 2.082880000 -3.401640000 0.00000000000000000000 1.00000000000000000000 2 0 8 177 178 179 194 196 210 211 212 
196 6664 1.947180000 -3.461100000 0.00000000000000000000 1.00000000000000000000 2 0 8 178 179 180 195 197 211 212 213 
197 6665 1.809220000 -3.515260000 0.00000000000000000000 1.00000000000000000000 2 0 8 179 180 181 196 198 212 213 214 
198 6666 1.669200000 -3.564020000 0.00000000000000000000 1.00000000000000000000 2 0 8 180 181 182 197 199 213 214 215 
199 6667 1.527340000 -3.607300000 0.00000000000000000000 1.00000000000000000000 2 0 8 181 182 183 198 200 214 215 216 
200 6668 1.383850000 -3.645040000 0.00000000000000000000 1.00000000000000000000 2 0 8 182 183 184 199 201 215 216 300 
201 6669 1.238960000 -3.677180000 0.00000000000000000000 1.00000000000000000000 2 0 8 183 184 185 200 297 216 300 301 
202 6670 3.336270000 -2.813790000 0.00000000000000000000 1.00000000000000000000 2 0 8 296 186 187 299 203 302 217 218 
203 6671 3.223080000 -2.922410000 0.00000000000000000000 1.00000000000000000000 2 0 8 186 187 188 202 204 217 218 219 
204 6672 3.105670000 -3.026560000 0.00000000000000000000 1.00000000000000000000 2 0 8 187 188 189 203 205 218 219 220 
205 6673 2.984230000 -3.126080000 0.00000000000000000000 1.00000000000000000000 2 0 8 188 189 190 204 206 219 220 221 
206 6674 2.858950000 -3.220810000 0.00000000000000000000 1.00000000000000000000 2 0 8 189 190 191 205 207 220 221 222 
207 6675 2.730000000 -3.310610000 0.00000000000000000000 1.00000000000000000000 2 0 8 190 191 192 206 208 221 222 223 
208 6676 2.597600000 -3.395340000 0.00000000000000000000 1.00000000000000000000 2 0 8 191 192 193 207 209 222 223 224 
209 6677 2.461930000 -3.474870000 0.00000000000000000000 1.00000000000000000000 2 0 8 192 193 194 208 210 223 224 225 
210 6678 2.323210000 -3.549060000 0.00000000000000000000 1.00000000000000000000 2 0 8 193 194 195 209 211 224 225 226 
211 6679 2.181640000 -3.617820000 0.00000000000000000000 1.00000000000000000000 2 0 8 194 195 196 210 212 225 226 227 
212 6680 2.037450000 -3.681020000 0.00000000000000000000 1.00000000000000000000 2 0 8 195 196 197 211 213 226 227 228 
213 6681 1.890860000 -3.738570000 0.00000000000000000000 1.00000000000000000000 2 0 8 196 197 198 212 214 227 228 229 
214 6682 1.742080000 -3.790380000 0.00000000000000000000 1.00000000000000000000 2 0 8 197 198 199 213 215 228 229 230 
215 6683 1.591350000 -3.836360000 0.00000000000000000000 1.00000000000000000000 2 0 8 198 199 200 214 216 229 230 303 
216 6684 1.438900000 -3.876450000 0.00000000000000000000 1.00000000000000000000 2 0 8 199 200 201 215 300 230 303 304 
217 6685 3.513760000 -2.992720000 0.00000000000000000000 1.00000000000000000000 2 0 8 299 202 203 302 218 305 306 307 
218 6686 3.393450000 -3.108220000 0.00000000000000000000 1.00000000000000000000 2 0 8 202 203 204 217 219 306 307 308 
219 6687 3.268670000 -3.218960000 0.00000000000000000000 1.00000000000000000000 2 0 8 203 204 205 218 220 307 308 309 
220 6688 3.139610000 -3.324780000 0.00000000000000000000 1.00000000000000000000 2 0 8 204 205 206 219 221 308 309 231 
221 6689 3.006460000 -3.425490000 0.00000000000000000000 1.00000000000000000000 2 0 8 205 206 207 220 222 309 231 232 
222 6690 2.869420000 -3.520960000 0.00000000000000000000 1.00000000000000000000 2 0 8 206 207 208 221 223 231 232 233 
223 6691 2.728700000 -3.611040000 0.00000000000000000000 1.00000000000000000000 2 0 8 207 208 209 222 224 232 233 234 
224 6692 2.584530000 -3.695570000 0.00000000000000000000 1.00000000000000000000 2 0 8 208 209 210 223 225 233 234 235 
225 6693 2.437110000 -3.774440000 0.00000000000000000000 1.00000000000000000000 2 0 8 209 210 211 224 226 234 235 236 
226 6694 2.286670000 -3.847520000 0.00000000000000000000 1.00000000000000000000 2 0 8 210 211 212 225 227 235 236 237 
227 6695 2.133450000 -3.914680000 0.00000000000000000000 1.00000000000000000000 2 0 8 211 212 213 226 228 236 237 238 
228 6696 1.977670000 -3.975840000 0.00000000000000000000 1.00000000000000000000 2 0 8 212 213 214 227 229 237 238 239 
229 6697 1.819580000 -4.030890000 0.00000000000000000000 1.00000000000000000000 2 0 8 213 214 215 228 230 238 239 310 
230 6698 1.659420000 -4.079740000 0.00000000000000000000 1.00000000000000000000 2 0 8 214 215 216 229 303 239 310 311 
231 6699 3.163320000 -3.642990000 0.00000000000000000000 1.00000000000000000000 2 0 8 220 221 222 309 232 312 313 240 
232 6700 3.017670000 -3.744480000 0.00000000000000000000 1.00000000000000000000 2 0 8 221 222 223 231 233 313 240 241 
233 6701 2.868120000 -3.840240000 0.00000000000000000000 1.00000000000000000000 2 0 8 222 223 224 232 234 240 241 242 
234 6702 2.714890000 -3.930100000 0.00000000000000000000 1.00000000000000000000 2 0 8 223 224 225 233 235 241 242 243 
235 6703 2.558230000 -4.013920000 0.00000000000000000000 1.00000000000000000000 2 0 8 224 225 226 234 236 242 243 244 
236 6704 2.398350000 -4.091590000 0.00000000000000000000 1.00000000000000000000 2 0 8 225 226 227 235 237 243 244 245 
237 6705 2.235530000 -4.162970000 0.00000000000000000000 1.00000000000000000000 2 0 8 226 227 228 236 238 244 245 246 
238 6706 2.069990000 -4.227960000 0.00000000000000000000 1.00000000000000000000 2 0 8 227 228 229 237 239 245 246 314 
239 6707 1.901990000 -4.286450000 0.00000000000000000000 1.00000000000000000000 2 0 8 228 229 230 238 310 246 314 315 
240 6708 3.175310000 -3.982010000 0.00000000000000000000 1.00000000000000000000 2 0 8 231 232 233 313 241 316 317 318 
241 6709 3.016370000 -4.083800000 0.00000000000000000000 1.00000000000000000000 2 0 8 232 233 234 240 242 317 318 319 
242 6710 2.853520000 -4.179310000 0.00000000000000000000 1.00000000000000000000 2 0 8 233 234 235 241 243 318 319 320 
243 6711 2.687020000 -4.268410000 0.00000000000000000000 1.00000000000000000000 2 0 8 234 235 236 242 244 319 320 321 
244 6712 2.517110000 -4.350960000 0.00000000000000000000 1.00000000000000000000 2 0 8 235 236 237 243 245 320 321 322 
245 6713 2.344070000 -4.426820000 0.00000000000000000000 1.00000000000000000000 2 0 8 236 237 238 244 246 321 322 323 
246 6714 2.168150000 -4.495880000 0.00000000000000000000 1.00000000000000000000 2 0 8 237 238 239 245 314 322 323 324 
247 5721 1.46188 -1.2594 2 0
248 5722 1.40956 -1.29486 2 0
249 5723 1.35581 -1.32835 2 0
250 5724 1.30071 -1.35984 2 0
251 5725 1.24434 -1.38927 2 0
252 8212 1.18679 -1.41658 2 0
253 5732 1.72504 -1.17213 2 0
254 5733 1.6764 -1.21764 2 0
255 5734 1.62593 -1.2613 2 0
256 5735 1.57371 -1.30307 2 0
257 5736 1.51981 -1.34287 2 0
258 8229 1.22804 -1.51026 2 0
259 8230 1.16584 -1.53704 2 0
260 5741 1.84891 -1.19913 2 0
261 5742 1.79931 -1.24949 2 0
262 8247 1.20603 -1.63806 2 0
263 8248 1.13893 -1.66406 2 0
264 5745 1.98152 -1.22231 2 0
265 5746 1.93109 -1.27789 2 0
266 8265 1.17765 -1.77286 2 0
267 8266 1.10537 -1.79781 2 0
268 5747 2.12327 -1.2411 2 0
269 5748 2.07216 -1.30225 2 0
270 8283 1.14219 -1.91479 2 0
271 8284 1.06445 -1.93838 2 0
272 7003 2.22296 -1.32195 2 0
273 8301 1.09889 -2.06399 2 0
274 8302 1.01541 -2.0859 2 0
275 7015 2.3291 -1.40775 2 0
276 8318 1.04694 -2.22057 2 0
277 8319 0.957438 -2.24044 2 0
278 7028 2.44208 -1.49882 2 0
279 8333 0.985482 -2.38462 2 0
280 7041 2.56232 -1.5955 2 0
281 8346 1.01533 -2.53767 2 0
282 7054 2.69027 -1.69816 2 0
283 8358 1.04708 -2.70018 2 0
284 7067 2.82641 -1.80717 2 0
285 7068 2.75297 -1.89605 2 0
286 8369 1.08087 -2.87275 2 0
287 8370 0.966144 -2.89361 2 0
288 7083 2.89321 -2.01751 2 0
289 7084 2.81148 -2.10899 2 0
290 8379 0.99496 -3.07817 2 0
291 8380 0.872298 -3.09558 2 0
292 7101 2.95554 -2.24382 2 0
293 8387 0.895322 -3.29267 2 0
294 7117 3.10877 -2.38704 2 0
295 8398 0.91981 -3.50202 2 0
296 7132 3.27175 -2.5392 2 0
297 8399 1.09289 -3.70366 2 0
298 8400 0.945853 -3.72443 2 0
299 7146 3.44508 -2.70087 2 0
300 8403 1.28495 -3.91057 2 0
301 8404 1.12976 -3.93868 2 0
302 7159 3.62941 -2.87264 2 0
303 8409 1.49743 -4.12232 2 0
304 8410 1.33386 -4.15856 2 0
305 7171 3.82543 -3.05518 2 0
306 6715 3.70251 -3.18286 2 0
307 6716 3.57464 -3.30567 2 0
308 6717 3.44201 -3.42341 2 0
309 6718 3.30483 -3.53591 2 0
310 8417 1.7318 -4.33835 2 0
311 8418 1.55967 -4.38358 2 0
312 6723 3.48053 -3.76028 2 0
313 6724 3.33011 -3.87411 2 0
314 8427 1.98962 -4.55802 2 0
315 8428 1.80876 -4.61316 2 0
316 6731 3.50747 -4.11974 2 0
317 6732 3.34293 -4.23444 2 0
318 6733 3.174 -4.34263 2 0
319 6734 3.00092 -4.44416 2 0
320 6735 2.82396 -4.53886 2 0
321 6736 2.64338 -4.62659 2 0
322 6737 2.45948 -4.70721 2 0
323 6738 2.27252 -4.78059 2 0
324 8439 2.08279 -4.84662 2 0
