332 242 90
1 1188 -0.087761800 0.052141000 0.00000000000000000000 1.00000000000000000000 2 0 8 243 244 245 248 2 3 4 5 
2 1189 -0.083568900 0.064989300 0.00000000000000000000 1.00000000000000000000 2 0 8 244 245 246 1 249 4 5 6 
3 1190 -0.111461000 0.043360400 0.00000000000000000000 1.00000000000000000000 2 0 8 247 248 1 252 4 7 8 9 
4 1191 -0.108078000 0.057687700 0.00000000000000000000 1.00000000000000000000 2 0 8 248 1 2 3 5 8 9 10 
5 1192 -0.103739000 0.071908400 0.00000000000000000000 1.00000000000000000000 2 0 8 1 2 249 4 6 9 10 11 
6 1193 -0.098451300 0.085996700 0.00000000000000000000 1.00000000000000000000 2 0 8 2 249 250 5 253 10 11 12 
7 1194 -0.136556000 0.031841800 0.00000000000000000000 1.00000000000000000000 2 0 8 251 252 3 262 8 265 20 21 
8 1195 -0.134046000 0.047688300 0.00000000000000000000 1.00000000000000000000 2 0 8 252 3 4 7 9 20 21 22 
9 1196 -0.130537000 0.063448500 0.00000000000000000000 1.00000000000000000000 2 0 8 3 4 5 8 10 21 22 23 
10 1197 -0.126037000 0.079094200 0.00000000000000000000 1.00000000000000000000 2 0 8 4 5 6 9 11 22 23 24 
11 1198 -0.120553000 0.094597300 0.00000000000000000000 1.00000000000000000000 2 0 8 5 6 253 10 12 23 24 25 
12 1199 -0.114095000 0.109930000 0.00000000000000000000 1.00000000000000000000 2 0 8 6 253 254 11 13 24 25 26 
13 1200 -0.106674000 0.125066000 0.00000000000000000000 1.00000000000000000000 2 0 8 253 254 255 12 14 25 26 27 
14 1201 -0.098303100 0.139979000 0.00000000000000000000 1.00000000000000000000 2 0 8 254 255 256 13 15 26 27 28 
15 1202 -0.088996600 0.154641000 0.00000000000000000000 1.00000000000000000000 2 0 8 255 256 257 14 16 27 28 29 
16 1203 -0.078770500 0.169029000 0.00000000000000000000 1.00000000000000000000 2 0 8 256 257 258 15 17 28 29 30 
17 1204 -0.067642400 0.183117000 0.00000000000000000000 1.00000000000000000000 2 0 8 257 258 259 16 18 29 30 31 
18 1205 -0.055631200 0.196882000 0.00000000000000000000 1.00000000000000000000 2 0 8 258 259 260 17 19 30 31 32 
19 1206 -0.042757300 0.210301000 0.00000000000000000000 1.00000000000000000000 2 0 8 259 260 261 18 263 31 32 33 
20 1207 -0.161482000 0.034848300 0.00000000000000000000 1.00000000000000000000 2 0 8 262 7 8 265 21 268 34 35 
21 1208 -0.158873000 0.052192300 0.00000000000000000000 1.00000000000000000000 2 0 8 7 8 9 20 22 34 35 36 
22 1209 -0.155227000 0.069443600 0.00000000000000000000 1.00000000000000000000 2 0 8 8 9 10 21 23 35 36 37 
23 1210 -0.150551000 0.086571700 0.00000000000000000000 1.00000000000000000000 2 0 8 9 10 11 22 24 36 37 38 
24 1211 -0.144853000 0.103547000 0.00000000000000000000 1.00000000000000000000 2 0 8 10 11 12 23 25 37 38 39 
25 1212 -0.138142000 0.120338000 0.00000000000000000000 1.00000000000000000000 2 0 8 11 12 13 24 26 38 39 40 
26 1213 -0.130430000 0.136918000 0.00000000000000000000 1.00000000000000000000 2 0 8 12 13 14 25 27 39 40 41 
27 1214 -0.121731000 0.153257000 0.00000000000000000000 1.00000000000000000000 2 0 8 13 14 15 26 28 40 41 42 
28 1215 -0.112059000 0.169326000 0.00000000000000000000 1.00000000000000000000 2 0 8 14 15 16 27 29 41 42 43 
29 1216 -0.101431000 0.185099000 0.00000000000000000000 1.00000000000000000000 2 0 8 15 16 17 28 30 42 43 44 
30 1217 -0.089866300 0.200549000 0.00000000000000000000 1.00000000000000000000 2 0 8 16 17 18 29 31 43 44 45 
31 1218 -0.077383300 0.215650000 0.00000000000000000000 1.00000000000000000000 2 0 8 17 18 19 30 32 44 45 46 
32 1219 -0.064003500 0.230376000 0.00000000000000000000 1.00000000000000000000 2 0 8 18 19 263 31 33 45 46 47 
33 1220 -0.049749600 0.244704000 0.00000000000000000000 1.00000000000000000000 2 0 8 19 263 264 32 266 46 47 48 
34 1221 -0.188757000 0.037983000 0.00000000000000000000 1.00000000000000000000 2 0 8 265 20 21 268 35 271 272 49 
35 1222 -0.186041000 0.056888200 0.00000000000000000000 1.00000000000000000000 2 0 8 20 21 22 34 36 272 49 50 
36 1223 -0.182246000 0.075693900 0.00000000000000000000 1.00000000000000000000 2 0 8 21 22 23 35 37 49 50 51 
37 1224 -0.177377000 0.094367300 0.00000000000000000000 1.00000000000000000000 2 0 8 22 23 24 36 38 50 51 52 
38 1225 -0.171445000 0.112876000 0.00000000000000000000 1.00000000000000000000 2 0 8 23 24 25 37 39 51 52 53 
39 1226 -0.164458000 0.131188000 0.00000000000000000000 1.00000000000000000000 2 0 8 24 25 26 38 40 52 53 54 
40 1227 -0.156429000 0.149272000 0.00000000000000000000 1.00000000000000000000 2 0 8 25 26 27 39 41 53 54 55 
41 1228 -0.147372000 0.167097000 0.00000000000000000000 1.00000000000000000000 2 0 8 26 27 28 40 42 54 55 56 
42 1229 -0.137302000 0.184632000 0.00000000000000000000 1.00000000000000000000 2 0 8 27 28 29 41 43 55 56 57 
43 1230 -0.126237000 0.201848000 0.00000000000000000000 1.00000000000000000000 2 0 8 28 29 30 42 44 56 57 58 
44 1231 -0.114196000 0.218716000 0.00000000000000000000 1.00000000000000000000 2 0 8 29 30 31 43 45 57 58 59 
45 1232 -0.101198000 0.235208000 0.00000000000000000000 1.00000000000000000000 2 0 8 30 31 32 44 46 58 59 60 
46 1233 -0.087266900 0.251296000 0.00000000000000000000 1.00000000000000000000 2 0 8 31 32 33 45 47 59 60 61 
47 1234 -0.072425200 0.266954000 0.00000000000000000000 1.00000000000000000000 2 0 8 32 33 266 46 48 60 61 62 
48 1235 -0.056698200 0.282156000 0.00000000000000000000 1.00000000000000000000 2 0 8 33 266 267 47 269 61 62 63 
49 1236 -0.215655000 0.061792600 0.00000000000000000000 1.00000000000000000000 2 0 8 34 35 36 272 50 275 276 64 
50 1237 -0.211697000 0.082221600 0.00000000000000000000 1.00000000000000000000 2 0 8 35 36 37 49 51 276 64 65 
51 1238 -0.206620000 0.102509000 0.00000000000000000000 1.00000000000000000000 2 0 8 36 37 38 50 52 64 65 66 
52 1239 -0.200433000 0.122619000 0.00000000000000000000 1.00000000000000000000 2 0 8 37 38 39 51 53 65 66 67 
53 1240 -0.193146000 0.142518000 0.00000000000000000000 1.00000000000000000000 2 0 8 38 39 40 52 54 66 67 68 
54 1241 -0.184773000 0.162173000 0.00000000000000000000 1.00000000000000000000 2 0 8 39 40 41 53 55 67 68 69 
55 1242 -0.175327000 0.181549000 0.00000000000000000000 1.00000000000000000000 2 0 8 40 41 42 54 56 68 69 70 
56 1243 -0.164824000 0.200614000 0.00000000000000000000 1.00000000000000000000 2 0 8 41 42 43 55 57 69 70 71 
57 1244 -0.153284000 0.219336000 0.00000000000000000000 1.00000000000000000000 2 0 8 42 43 44 56 58 70 71 72 
58 1245 -0.140725000 0.237684000 0.00000000000000000000 1.00000000000000000000 2 0 8 43 44 45 57 59 71 72 73 
59 1246 -0.127168000 0.255627000 0.00000000000000000000 1.00000000000000000000 2 0 8 44 45 46 58 60 72 73 74 
60 1247 -0.112637000 0.273135000 0.00000000000000000000 1.00000000000000000000 2 0 8 45 46 47 59 61 73 74 75 
61 1248 -0.097156300 0.290181000 0.00000000000000000000 1.00000000000000000000 2 0 8 46 47 48 60 62 74 75 76 
62 1249 -0.080751900 0.306736000 0.00000000000000000000 1.00000000000000000000 2 0 8 47 48 269 61 63 75 76 77 
63 1250 -0.063451400 0.322773000 0.00000000000000000000 1.00000000000000000000 2 0 8 48 269 270 62 273 76 77 78 
64 1251 -0.243694000 0.089050100 0.00000000000000000000 1.00000000000000000000 2 0 8 49 50 51 276 65 282 283 79 
65 1252 -0.238391000 0.111025000 0.00000000000000000000 1.00000000000000000000 2 0 8 50 51 52 64 66 283 79 80 
66 1253 -0.231928000 0.132810000 0.00000000000000000000 1.00000000000000000000 2 0 8 51 52 53 65 67 79 80 81 
67 1254 -0.224316000 0.154370000 0.00000000000000000000 1.00000000000000000000 2 0 8 52 53 54 66 68 80 81 82 
68 1255 -0.215569000 0.175666000 0.00000000000000000000 1.00000000000000000000 2 0 8 53 54 55 67 69 81 82 83 
69 1256 -0.205702000 0.196665000 0.00000000000000000000 1.00000000000000000000 2 0 8 54 55 56 68 70 82 83 84 
70 1257 -0.194731000 0.217329000 0.00000000000000000000 1.00000000000000000000 2 0 8 55 56 57 69 71 83 84 85 
71 1258 -0.182675000 0.237625000 0.00000000000000000000 1.00000000000000000000 2 0 8 56 57 58 70 72 84 85 86 
72 1259 -0.169554000 0.257520000 0.00000000000000000000 1.00000000000000000000 2 0 8 57 58 59 71 73 85 86 87 
73 1260 -0.155392000 0.276980000 0.00000000000000000000 1.00000000000000000000 2 0 8 58 59 60 72 74 86 87 88 
74 1261 -0.140211000 0.295973000 0.00000000000000000000 1.00000000000000000000 2 0 8 59 60 61 73 75 87 88 89 
75 1262 -0.124037000 0.314469000 0.00000000000000000000 1.00000000000000000000 2 0 8 60 61 62 74 76 88 89 90 
76 1263 -0.106899000 0.332438000 0.00000000000000000000 1.00000000000000000000 2 0 8 61 62 63 75 77 89 90 91 
77 1264 -0.088823300 0.349850000 0.00000000000000000000 1.00000000000000000000 2 0 8 62 63 273 76 78 90 91 92 
78 1265 -0.069841600 0.366677000 0.00000000000000000000 1.00000000000000000000 2 0 8 63 273 274 77 277 91 92 93 
79 1266 -0.272812000 0.119947000 0.00000000000000000000 1.00000000000000000000 2 0 8 64 65 66 283 80 286 287 97 
80 1267 -0.266051000 0.143487000 0.00000000000000000000 1.00000000000000000000 2 0 8 65 66 67 79 81 287 97 98 
81 1268 -0.258088000 0.166785000 0.00000000000000000000 1.00000000000000000000 2 0 8 66 67 68 80 82 97 98 99 
82 1269 -0.248937000 0.189802000 0.00000000000000000000 1.00000000000000000000 2 0 8 67 68 69 81 83 98 99 100 
83 1270 -0.238614000 0.212499000 0.00000000000000000000 1.00000000000000000000 2 0 8 68 69 70 82 84 99 100 101 
84 1271 -0.227136000 0.234838000 0.00000000000000000000 1.00000000000000000000 2 0 8 69 70 71 83 85 100 101 102 
85 1272 -0.214522000 0.256783000 0.00000000000000000000 1.00000000000000000000 2 0 8 70 71 72 84 86 101 102 103 
86 1273 -0.200795000 0.278297000 0.00000000000000000000 1.00000000000000000000 2 0 8 71 72 73 85 87 102 103 104 
87 1274 -0.185977000 0.299345000 0.00000000000000000000 1.00000000000000000000 2 0 8 72 73 74 86 88 103 104 105 
88 1275 -0.170093000 0.319893000 0.00000000000000000000 1.00000000000000000000 2 0 8 73 74 75 87 89 104 105 106 
89 1276 -0.153171000 0.339907000 0.00000000000000000000 1.00000000000000000000 2 0 8 74 75 76 88 90 105 106 107 
90 1277 -0.135238000 0.359355000 0.00000000000000000000 1.00000000000000000000 2 0 8 75 76 77 89 91 106 107 108 
91 1278 -0.116324000 0.378206000 0.00000000000000000000 1.00000000000000000000 2 0 8 76 77 78 90 92 107 108 109 
92 1279 -0.096462000 0.396429000 0.00000000000000000000 1.00000000000000000000 2 0 8 77 78 277 91 93 108 109 110 
93 1280 -0.075684200 0.413997000 0.00000000000000000000 1.00000000000000000000 2 0 8 78 277 278 92 94 109 110 111 
94 1281 -0.054025200 0.430881000 0.00000000000000000000 1.00000000000000000000 2 0 8 277 278 279 93 95 110 111 112 
95 1282 -0.031521000 0.447055000 0.00000000000000000000 1.00000000000000000000 2 0 8 278 279 280 94 96 111 112 113 
96 1283 -0.008208870 0.462495000 0.00000000000000000000 1.00000000000000000000 2 0 8 279 280 281 95 284 112 113 114 
97 1284 -0.302931000 0.154687000 0.00000000000000000000 1.00000000000000000000 2 0 8 79 80 81 287 98 290 291 115 
98 1285 -0.294589000 0.179809000 0.00000000000000000000 1.00000000000000000000 2 0 8 80 81 82 97 99 291 115 116 
99 1286 -0.285002000 0.204630000 0.00000000000000000000 1.00000000000000000000 2 0 8 81 82 83 98 100 115 116 117 
100 1287 -0.274187000 0.229109000 0.00000000000000000000 1.00000000000000000000 2 0 8 82 83 84 99 101 116 117 118 
101 1288 -0.262162000 0.253205000 0.00000000000000000000 1.00000000000000000000 2 0 8 83 84 85 100 102 117 118 119 
102 1289 -0.248947000 0.276878000 0.00000000000000000000 1.00000000000000000000 2 0 8 84 85 86 101 103 118 119 120 
103 1290 -0.234565000 0.300091000 0.00000000000000000000 1.00000000000000000000 2 0 8 85 86 87 102 104 119 120 121 
104 1291 -0.219040000 0.322805000 0.00000000000000000000 1.00000000000000000000 2 0 8 86 87 88 103 105 120 121 122 
105 1292 -0.202397000 0.344982000 0.00000000000000000000 1.00000000000000000000 2 0 8 87 88 89 104 106 121 122 123 
106 1293 -0.184666000 0.366588000 0.00000000000000000000 1.00000000000000000000 2 0 8 88 89 90 105 107 122 123 124 
107 1294 -0.165876000 0.387587000 0.00000000000000000000 1.00000000000000000000 2 0 8 89 90 91 106 108 123 124 125 
108 1295 -0.146058000 0.407945000 0.00000000000000000000 1.00000000000000000000 2 0 8 90 91 92 107 109 124 125 126 
109 1296 -0.125246000 0.427632000 0.00000000000000000000 1.00000000000000000000 2 0 8 91 92 93 108 110 125 126 127 
110 1297 -0.103473000 0.446614000 0.00000000000000000000 1.00000000000000000000 2 0 8 92 93 94 109 111 126 127 128 
111 1298 -0.080776300 0.464864000 0.00000000000000000000 1.00000000000000000000 2 0 8 93 94 95 110 112 127 128 129 
112 1299 -0.057193400 0.482352000 0.00000000000000000000 1.00000000000000000000 2 0 8 94 95 96 111 113 128 129 130 
113 1300 -0.032763200 0.499051000 0.00000000000000000000 1.00000000000000000000 2 0 8 95 96 284 112 114 129 130 131 
114 1301 -0.007525930 0.514937000 0.00000000000000000000 1.00000000000000000000 2 0 8 96 284 285 113 288 130 131 132 
115 1302 -0.333958000 0.193490000 0.00000000000000000000 1.00000000000000000000 2 0 8 97 98 99 291 116 293 294 133 
116 1303 -0.323902000 0.220205000 0.00000000000000000000 1.00000000000000000000 2 0 8 98 99 100 115 117 294 133 134 
117 1304 -0.312557000 0.246555000 0.00000000000000000000 1.00000000000000000000 2 0 8 99 100 101 116 118 133 134 135 
118 1305 -0.299942000 0.272496000 0.00000000000000000000 1.00000000000000000000 2 0 8 100 101 102 117 119 134 135 136 
119 1306 -0.286079000 0.297985000 0.00000000000000000000 1.00000000000000000000 2 0 8 101 102 103 118 120 135 136 137 
120 1307 -0.270992000 0.322981000 0.00000000000000000000 1.00000000000000000000 2 0 8 102 103 104 119 121 136 137 138 
121 1308 -0.254705000 0.347443000 0.00000000000000000000 1.00000000000000000000 2 0 8 103 104 105 120 122 137 138 139 
122 1309 -0.237246000 0.371331000 0.00000000000000000000 1.00000000000000000000 2 0 8 104 105 106 121 123 138 139 140 
123 1310 -0.218644000 0.394608000 0.00000000000000000000 1.00000000000000000000 2 0 8 105 106 107 122 124 139 140 141 
124 1311 -0.198930000 0.417235000 0.00000000000000000000 1.00000000000000000000 2 0 8 106 107 108 123 125 140 141 142 
125 1312 -0.178137000 0.439177000 0.00000000000000000000 1.00000000000000000000 2 0 8 107 108 109 124 126 141 142 143 
126 1313 -0.156301000 0.460399000 0.00000000000000000000 1.00000000000000000000 2 0 8 108 109 110 125 127 142 143 144 
127 1314 -0.133456000 0.480867000 0.00000000000000000000 1.00000000000000000000 2 0 8 109 110 111 126 128 143 144 145 
128 1315 -0.109641000 0.500549000 0.00000000000000000000 1.00000000000000000000 2 0 8 110 111 112 127 129 144 145 146 
129 1316 -0.084896000 0.519416000 0.00000000000000000000 1.00000000000000000000 2 0 8 111 112 113 128 130 145 146 147 
130 1317 -0.059260800 0.537437000 0.00000000000000000000 1.00000000000000000000 2 0 8 112 113 114 129 131 146 147 148 
131 1318 -0.032778000 0.554586000 0.00000000000000000000 1.00000000000000000000 2 0 8 113 114 288 130 132 147 148 149 
132 1319 -0.005490900 0.570836000 0.00000000000000000000 1.00000000000000000000 2 0 8 114 288 289 131 292 148 149 295 
133 1320 -0.365782000 0.236584000 0.00000000000000000000 1.00000000000000000000 2 0 8 115 116 117 294 134 296 150 151 
134 1321 -0.353867000 0.264902000 0.00000000000000000000 1.00000000000000000000 2 0 8 116 117 118 133 135 150 151 152 
135 1322 -0.340619000 0.292782000 0.00000000000000000000 1.00000000000000000000 2 0 8 117 118 119 134 136 151 152 153 
136 1323 -0.326060000 0.320180000 0.00000000000000000000 1.00000000000000000000 2 0 8 118 119 120 135 137 152 153 154 
137 1324 -0.310213000 0.347051000 0.00000000000000000000 1.00000000000000000000 2 0 8 119 120 121 136 138 153 154 155 
138 1325 -0.293107000 0.373351000 0.00000000000000000000 1.00000000000000000000 2 0 8 120 121 122 137 139 154 155 156 
139 1326 -0.274769000 0.399038000 0.00000000000000000000 1.00000000000000000000 2 0 8 121 122 123 138 140 155 156 157 
140 1327 -0.255230000 0.424071000 0.00000000000000000000 1.00000000000000000000 2 0 8 122 123 124 139 141 156 157 158 
141 1328 -0.234523000 0.448410000 0.00000000000000000000 1.00000000000000000000 2 0 8 123 124 125 140 142 157 158 159 
142 1329 -0.212682000 0.472015000 0.00000000000000000000 1.00000000000000000000 2 0 8 124 125 126 141 143 158 159 160 
143 1330 -0.189744000 0.494851000 0.00000000000000000000 1.00000000000000000000 2 0 8 125 126 127 142 144 159 160 161 
144 1331 -0.165746000 0.516880000 0.00000000000000000000 1.00000000000000000000 2 0 8 126 127 128 143 145 160 161 162 
145 1332 -0.140729000 0.538068000 0.00000000000000000000 1.00000000000000000000 2 0 8 127 128 129 144 146 161 162 163 
146 1333 -0.114733000 0.558383000 0.00000000000000000000 1.00000000000000000000 2 0 8 128 129 130 145 147 162 163 164 
147 1334 -0.087801100 0.577793000 0.00000000000000000000 1.00000000000000000000 2 0 8 129 130 131 146 148 163 164 165 
148 1335 -0.059978000 0.596269000 0.00000000000000000000 1.00000000000000000000 2 0 8 130 131 132 147 149 164 165 166 
149 1336 -0.031309000 0.613782000 0.00000000000000000000 1.00000000000000000000 2 0 8 131 132 292 148 295 165 166 297 
150 1337 -0.410800000 0.253827000 0.00000000000000000000 1.00000000000000000000 2 0 8 294 133 134 296 151 298 167 168 
151 1338 -0.398274000 0.284216000 0.00000000000000000000 1.00000000000000000000 2 0 8 133 134 135 150 152 167 168 169 
152 1339 -0.384345000 0.314138000 0.00000000000000000000 1.00000000000000000000 2 0 8 134 135 136 151 153 168 169 170 
153 1340 -0.369037000 0.343544000 0.00000000000000000000 1.00000000000000000000 2 0 8 135 136 137 152 154 169 170 171 
154 1341 -0.352376000 0.372388000 0.00000000000000000000 1.00000000000000000000 2 0 8 136 137 138 153 155 170 171 172 
155 1342 -0.334390000 0.400623000 0.00000000000000000000 1.00000000000000000000 2 0 8 137 138 139 154 156 171 172 173 
156 1343 -0.315108000 0.428204000 0.00000000000000000000 1.00000000000000000000 2 0 8 138 139 140 155 157 172 173 174 
157 1344 -0.294563000 0.455085000 0.00000000000000000000 1.00000000000000000000 2 0 8 139 140 141 156 158 173 174 175 
158 1345 -0.272789000 0.481225000 0.00000000000000000000 1.00000000000000000000 2 0 8 140 141 142 157 159 174 175 176 
159 1346 -0.249823000 0.506581000 0.00000000000000000000 1.00000000000000000000 2 0 8 141 142 143 158 160 175 176 177 
160 1347 -0.225701000 0.531114000 0.00000000000000000000 1.00000000000000000000 2 0 8 142 143 144 159 161 176 177 178 
161 1348 -0.200465000 0.554786000 0.00000000000000000000 1.00000000000000000000 2 0 8 143 144 145 160 162 177 178 179 
162 1349 -0.174155000 0.577558000 0.00000000000000000000 1.00000000000000000000 2 0 8 144 145 146 161 163 178 179 180 
163 1350 -0.146815000 0.599397000 0.00000000000000000000 1.00000000000000000000 2 0 8 145 146 147 162 164 179 180 181 
164 1351 -0.118491000 0.620268000 0.00000000000000000000 1.00000000000000000000 2 0 8 146 147 148 163 165 180 181 182 
165 1352 -0.089227900 0.640140000 0.00000000000000000000 1.00000000000000000000 2 0 8 147 148 149 164 166 181 182 183 
166 1353 -0.059074000 0.658982000 0.00000000000000000000 1.00000000000000000000 2 0 8 148 149 295 165 297 182 183 299 
167 1354 -0.459126000 0.271997000 0.00000000000000000000 1.00000000000000000000 2 0 8 296 150 151 298 168 301 184 185 
168 1355 -0.445944000 0.304568000 0.00000000000000000000 1.00000000000000000000 2 0 8 150 151 152 167 169 184 185 186 
169 1356 -0.431285000 0.336641000 0.00000000000000000000 1.00000000000000000000 2 0 8 151 152 153 168 170 185 186 187 
170 1357 -0.415175000 0.368164000 0.00000000000000000000 1.00000000000000000000 2 0 8 152 153 154 169 171 186 187 188 
171 1358 -0.397640000 0.399088000 0.00000000000000000000 1.00000000000000000000 2 0 8 153 154 155 170 172 187 188 189 
172 1359 -0.378709000 0.429361000 0.00000000000000000000 1.00000000000000000000 2 0 8 154 155 156 171 173 188 189 190 
173 1360 -0.358415000 0.458935000 0.00000000000000000000 1.00000000000000000000 2 0 8 155 156 157 172 174 189 190 191 
174 1361 -0.336791000 0.487764000 0.00000000000000000000 1.00000000000000000000 2 0 8 156 157 158 173 175 190 191 192 
175 1362 -0.313872000 0.515801000 0.00000000000000000000 1.00000000000000000000 2 0 8 157 158 159 174 176 191 192 193 
176 1363 -0.289698000 0.543001000 0.00000000000000000000 1.00000000000000000000 2 0 8 158 159 160 175 177 192 193 194 
177 1364 -0.264307000 0.569323000 0.00000000000000000000 1.00000000000000000000 2 0 8 159 160 161 176 178 193 194 195 
178 1365 -0.237741000 0.594724000 0.00000000000000000000 1.00000000000000000000 2 0 8 160 161 162 177 179 194 195 196 
179 1366 -0.210045000 0.619166000 0.00000000000000000000 1.00000000000000000000 2 0 8 161 162 163 178 180 195 196 197 
180 1367 -0.181264000 0.642609000 0.00000000000000000000 1.00000000000000000000 2 0 8 162 163 164 179 181 196 197 198 
181 1368 -0.151445000 0.665019000 0.00000000000000000000 1.00000000000000000000 2 0 8 163 164 165 180 182 197 198 199 
182 1369 -0.120637000 0.686360000 0.00000000000000000000 1.00000000000000000000 2 0 8 164 165 166 181 183 198 199 200 
183 1370 -0.088889700 0.706601000 0.00000000000000000000 1.00000000000000000000 2 0 8 165 166 297 182 299 199 200 201 
184 1371 -0.510941000 0.291161000 0.00000000000000000000 1.00000000000000000000 2 0 8 298 167 168 301 185 303 304 202 
185 1372 -0.497055000 0.326033000 0.00000000000000000000 1.00000000000000000000 2 0 8 167 168 169 184 186 304 202 203 
186 1373 -0.481614000 0.360375000 0.00000000000000000000 1.00000000000000000000 2 0 8 168 169 170 185 187 202 203 204 
187 1374 -0.464644000 0.394131000 0.00000000000000000000 1.00000000000000000000 2 0 8 169 170 171 186 188 203 204 205 
188 1375 -0.446173000 0.427246000 0.00000000000000000000 1.00000000000000000000 2 0 8 170 171 172 187 189 204 205 206 
189 1376 -0.426231000 0.459669000 0.00000000000000000000 1.00000000000000000000 2 0 8 171 172 173 188 190 205 206 207 
190 1377 -0.404852000 0.491346000 0.00000000000000000000 1.00000000000000000000 2 0 8 172 173 174 189 191 206 207 208 
191 1378 -0.382071000 0.522228000 0.00000000000000000000 1.00000000000000000000 2 0 8 173 174 175 190 192 207 208 209 
192 1379 -0.357926000 0.552265000 0.00000000000000000000 1.00000000000000000000 2 0 8 174 175 176 191 193 208 209 210 
193 1380 -0.332457000 0.581411000 0.00000000000000000000 1.00000000000000000000 2 0 8 175 176 177 192 194 209 210 211 
194 1381 -0.305706000 0.609618000 0.00000000000000000000 1.00000000000000000000 2 0 8 176 177 178 193 195 210 211 212 
195 1382 -0.277716000 0.636843000 0.00000000000000000000 1.00000000000000000000 2 0 8 177 178 179 194 196 211 212 213 
196 1383 -0.248534000 0.663044000 0.00000000000000000000 1.00000000000000000000 2 0 8 178 179 180 195 197 212 213 214 
197 1384 -0.218208000 0.688179000 0.00000000000000000000 1.00000000000000000000 2 0 8 179 180 181 196 198 213 214 215 
198 1385 -0.186787000 0.712211000 0.00000000000000000000 1.00000000000000000000 2 0 8 180 181 182 197 199 214 215 305 
199 1386 -0.154323000 0.735102000 0.00000000000000000000 1.00000000000000000000 2 0 8 181 182 183 198 200 215 305 306 
200 1387 -0.120867000 0.756817000 0.00000000000000000000 1.00000000000000000000 2 0 8 182 183 299 199 201 305 306 307 
201 1388 -0.086475900 0.777325000 0.00000000000000000000 1.00000000000000000000 2 0 8 183 299 300 200 302 306 307 308 
202 1389 -0.551800000 0.348691000 0.00000000000000000000 1.00000000000000000000 2 0 8 184 185 186 304 203 309 310 216 
203 1390 -0.535522000 0.385427000 0.00000000000000000000 1.00000000000000000000 2 0 8 185 186 187 202 204 310 216 217 
204 1391 -0.517631000 0.421539000 0.00000000000000000000 1.00000000000000000000 2 0 8 186 187 188 203 205 216 217 218 
205 1392 -0.498157000 0.456968000 0.00000000000000000000 1.00000000000000000000 2 0 8 187 188 189 204 206 217 218 219 
206 1393 -0.477132000 0.491659000 0.00000000000000000000 1.00000000000000000000 2 0 8 188 189 190 205 207 218 219 220 
207 1394 -0.454592000 0.525556000 0.00000000000000000000 1.00000000000000000000 2 0 8 189 190 191 206 208 219 220 221 
208 1395 -0.430573000 0.558605000 0.00000000000000000000 1.00000000000000000000 2 0 8 190 191 192 207 209 220 221 222 
209 1396 -0.405115000 0.590753000 0.00000000000000000000 1.00000000000000000000 2 0 8 191 192 193 208 210 221 222 223 
210 1397 -0.378260000 0.621951000 0.00000000000000000000 1.00000000000000000000 2 0 8 192 193 194 209 211 222 223 224 
211 1398 -0.350052000 0.652148000 0.00000000000000000000 1.00000000000000000000 2 0 8 193 194 195 210 212 223 224 225 
212 1399 -0.320538000 0.681297000 0.00000000000000000000 1.00000000000000000000 2 0 8 194 195 196 211 213 224 225 226 
213 1400 -0.289765000 0.709354000 0.00000000000000000000 1.00000000000000000000 2 0 8 195 196 197 212 214 225 226 311 
214 1401 -0.257785000 0.736275000 0.00000000000000000000 1.00000000000000000000 2 0 8 196 197 198 213 215 226 311 312 
215 1402 -0.224648000 0.762018000 0.00000000000000000000 1.00000000000000000000 2 0 8 197 198 199 214 305 311 312 313 
216 1403 -0.593209000 0.411890000 0.00000000000000000000 1.00000000000000000000 2 0 8 202 203 204 310 217 314 315 316 
217 1404 -0.574333000 0.450490000 0.00000000000000000000 1.00000000000000000000 2 0 8 203 204 205 216 218 315 316 227 
218 1405 -0.553787000 0.488364000 0.00000000000000000000 1.00000000000000000000 2 0 8 204 205 206 217 219 316 227 228 
219 1406 -0.531604000 0.525450000 0.00000000000000000000 1.00000000000000000000 2 0 8 205 206 207 218 220 227 228 229 
220 1407 -0.507821000 0.561691000 0.00000000000000000000 1.00000000000000000000 2 0 8 206 207 208 219 221 228 229 230 
221 1408 -0.482478000 0.597029000 0.00000000000000000000 1.00000000000000000000 2 0 8 207 208 209 220 222 229 230 231 
222 1409 -0.455615000 0.631407000 0.00000000000000000000 1.00000000000000000000 2 0 8 208 209 210 221 223 230 231 232 
223 1410 -0.427278000 0.664771000 0.00000000000000000000 1.00000000000000000000 2 0 8 209 210 211 222 224 231 232 233 
224 1411 -0.397512000 0.697070000 0.00000000000000000000 1.00000000000000000000 2 0 8 210 211 212 223 225 232 233 234 
225 1412 -0.366366000 0.728252000 0.00000000000000000000 1.00000000000000000000 2 0 8 211 212 213 224 226 233 234 317 
226 1413 -0.333892000 0.758269000 0.00000000000000000000 1.00000000000000000000 2 0 8 212 213 214 225 311 234 317 318 
227 1414 -0.613270000 0.521548000 0.00000000000000000000 1.00000000000000000000 2 0 8 217 218 219 316 228 319 320 235 
228 1415 -0.589849000 0.561167000 0.00000000000000000000 1.00000000000000000000 2 0 8 218 219 220 227 229 320 235 236 
229 1416 -0.564739000 0.599885000 0.00000000000000000000 1.00000000000000000000 2 0 8 219 220 221 228 230 235 236 237 
230 1417 -0.537979000 0.637642000 0.00000000000000000000 1.00000000000000000000 2 0 8 220 221 222 229 231 236 237 238 
231 1418 -0.509616000 0.674376000 0.00000000000000000000 1.00000000000000000000 2 0 8 221 222 223 230 232 237 238 239 
232 1419 -0.479694000 0.710031000 0.00000000000000000000 1.00000000000000000000 2 0 8 222 223 224 231 233 238 239 240 
233 1420 -0.448262000 0.744550000 0.00000000000000000000 1.00000000000000000000 2 0 8 223 224 225 232 234 239 240 321 
234 1421 -0.415373000 0.777880000 0.00000000000000000000 1.00000000000000000000 2 0 8 224 225 226 233 317 240 321 322 
235 1422 -0.652085000 0.598942000 0.00000000000000000000 1.00000000000000000000 2 0 8 227 228 229 320 236 323 324 241 
236 1423 -0.625556000 0.640280000 0.00000000000000000000 1.00000000000000000000 2 0 8 228 229 230 235 237 324 241 242 
237 1424 -0.597285000 0.680594000 0.00000000000000000000 1.00000000000000000000 2 0 8 229 230 231 236 238 241 242 325 
238 1425 -0.567318000 0.719820000 0.00000000000000000000 1.00000000000000000000 2 0 8 230 231 232 237 239 242 325 326 
239 1426 -0.535703000 0.757897000 0.00000000000000000000 1.00000000000000000000 2 0 8 231 232 233 238 240 325 326 327 
240 1427 -0.502493000 0.794765000 0.00000000000000000000 1.00000000000000000000 2 0 8 232 233 234 239 321 326 327 328 
241 1428 -0.690501000 0.683024000 0.00000000000000000000 1.00000000000000000000 2 0 8 235 236 237 324 242 329 330 331 
242 1429 -0.660615000 0.726045000 0.00000000000000000000 1.00000000000000000000 2 0 8 236 237 238 241 325 330 331 332 
243 2073 -0.0726717 0.035174 2 0
244 2074 -0.0695058 0.0467896 2 0
245 1570 -0.0654454 0.0583132 2 0
246 1571 -0.0604978 0.0697228 2 0
247 2093 -0.0933703 0.0261718 2 0
248 2094 -0.0910309 0.0391937 2 0
249 1590 -0.0784596 0.0777148 2 0
250 1591 -0.0724431 0.0902939 2 0
251 2112 -0.115337 0.0144918 2 0
252 2113 -0.113882 0.028953 2 0
253 1609 -0.0922244 0.0999272 2 0
254 1610 -0.0850692 0.113675 2 0
255 1611 -0.0769983 0.127215 2 0
256 1612 -0.0680256 0.140525 2 0
257 1613 -0.0581664 0.15358 2 0
258 1614 -0.0474377 0.166358 2 0
259 1615 -0.0358577 0.178838 2 0
260 1616 -0.023446 0.190998 2 0
261 1617 -0.0102235 0.202818 2 0
262 2131 -0.138065 0.0159377 2 0
263 1627 -0.0290424 0.223351 2 0
264 1628 -0.0145095 0.23601 2 0
265 2161 -0.163049 0.0174424 2 0
266 1638 -0.0346456 0.258609 2 0
267 1639 -0.0187168 0.272069 2 0
268 2172 -0.190389 0.0190114 2 0
269 1648 -0.0401122 0.296877 2 0
270 1649 -0.0226951 0.311095 2 0
271 2184 -0.220189 0.0206501 2 0
272 2185 -0.218487 0.041257 2 0
273 1657 -0.0452837 0.338267 2 0
274 1658 -0.0262792 0.353194 2 0
275 2199 -0.250787 0.044682 2 0
276 2200 -0.247828 0.0669232 2 0
277 1664 -0.0499853 0.382895 2 0
278 1665 -0.0292874 0.398476 2 0
279 1666 -0.00778226 0.413396 2 0
280 1667 0.0144945 0.427634 2 0
281 1668 0.0375062 0.441166 2 0
282 2216 -0.282685 0.0722982 2 0
283 2217 -0.27836 0.0962039 2 0
284 2680 0.0158728 0.477177 2 0
285 2681 0.0406845 0.491078 2 0
286 2234 -0.315825 0.103709 2 0
287 2235 -0.310014 0.129307 2 0
288 2702 0.018477 0.529985 2 0
289 2703 0.045203 0.544173 2 0
290 2253 -0.350137 0.139138 2 0
291 2254 -0.342708 0.166452 2 0
292 2724 0.0225558 0.586164 2 0
293 2272 -0.385532 0.178825 2 0
294 2273 -0.376343 0.207876 2 0
295 2745 -0.00184098 0.630307 2 0
296 2291 -0.421903 0.223022 2 0
297 2765 -0.0280786 0.676766 2 0
298 2309 -0.470811 0.238982 2 0
299 2785 -0.0562552 0.725711 2 0
300 2786 -0.0227864 0.743662 2 0
301 2327 -0.523249 0.255816 2 0
302 2804 -0.0512038 0.796594 2 0
303 2344 -0.579413 0.273584 2 0
304 1669 -0.566439 0.31139 2 0
305 473 -0.190411 0.786543 2 0
306 474 -0.155126 0.809815 2 0
307 475 -0.118853 0.831797 2 0
308 476 -0.0816502 0.852456 2 0
309 1671 -0.625826 0.332758 2 0
310 1672 -0.610382 0.372625 2 0
311 477 -0.300142 0.787075 2 0
312 478 -0.265171 0.814625 2 0
313 479 -0.229035 0.840877 2 0
314 1676 -0.673021 0.397922 2 0
315 1677 -0.65489 0.439861 2 0
316 1678 -0.634962 0.481091 2 0
317 484 -0.38108 0.809969 2 0
318 485 -0.345438 0.840767 2 0
319 1685 -0.699744 0.513456 2 0
320 1686 -0.676828 0.556644 2 0
321 493 -0.467741 0.830366 2 0
322 494 -0.431504 0.864645 2 0
323 1704 -0.744698 0.593783 2 0
324 1705 -0.718544 0.638914 2 0
325 504 -0.628936 0.767908 2 0
326 505 -0.595514 0.808547 2 0
327 506 -0.560405 0.8479 2 0
328 507 -0.523665 0.885904 2 0
329 1725 -0.789473 0.681231 2 0
330 1726 -0.759815 0.728277 2 0
331 519 -0.728207 0.774162 2 0
332 520 -0.694701 0.818817 2 0
