301 246 55
1 1906 0.095491500 -0.045790100 -0.17258160514598719359 -0.98499522311797771401 1 1 8 247 2 250 22 23 43 44 45 
2 1907 0.084265200 -0.043700900 -0.19377498132558371169 -0.98104600127224916850 1 1 8 1 3 22 23 24 44 45 46 
3 1908 0.073679900 -0.041481900 -0.21710327690304251358 -0.97614863988941802386 1 1 8 2 4 23 24 25 45 46 47 
4 1909 0.063752000 -0.039138600 -0.24296869112632485388 -0.97003413091105228361 1 1 8 3 5 24 25 26 46 47 48 
5 1910 0.054496700 -0.036677000 -0.27187678892410499509 -0.96233206932135306744 1 1 8 4 6 25 26 27 47 48 49 
6 1911 0.045928400 -0.034103100 -0.30447712317726122189 -0.95251964885859385923 1 1 8 5 7 26 27 28 48 49 50 
7 1912 0.038060200 -0.031423000 -0.34157127800295350450 -0.93985587301640516333 1 1 8 6 8 27 28 29 49 50 51 
8 1913 0.030904300 -0.028642900 -0.38418259129095816418 -0.92325713457788383121 1 1 8 7 9 28 29 30 50 51 52 
9 1914 0.024471700 -0.025768600 -0.43354514667512245030 -0.90113184706481586073 1 1 8 8 10 29 30 31 51 52 53 
10 1915 0.018772400 -0.022806100 -0.49109968401260284399 -0.87110338098455442069 1 1 8 9 11 30 31 32 52 53 54 
11 1916 0.013815000 -0.019760700 -0.55836492774177581833 -0.82959544807569995939 1 1 8 10 12 31 32 33 53 54 55 
12 1917 0.009607350 -0.016637500 -0.63641749991800211639 -0.77134477751399865841 1 1 8 11 13 32 33 34 54 55 56 
13 1918 0.006155820 -0.013441300 -0.72481203655252612883 -0.68894666823243988496 1 1 8 12 14 33 34 35 55 56 57 
14 1919 0.003465770 -0.010176200 -0.81937412642494089621 -0.57325913943465811595 1 1 8 13 15 34 35 36 56 57 58 
15 1920 0.001541330 -0.006845690 -0.90912859824928027308 -0.41651553613916808549 1 1 8 14 16 35 36 37 57 58 59 
16 1921 0.000385480 -0.003452850 -0.97557776068967227978 -0.21965434857458335238 1 1 8 15 17 36 37 38 58 59 60 
17 1922 0.000000000 0.000000008 -0.99999999999983224530 0.00000057922997167683 1 1 8 16 18 37 38 39 59 60 61 
18 1923 0.000385484 0.003452870 -0.97557741810952258721 0.21965587011222303948 1 1 8 17 19 38 39 40 60 61 62 
19 1924 0.001541340 0.006845700 -0.90912782185563356663 0.41651723076966629122 1 1 8 18 20 39 40 41 61 62 63 
20 1925 0.003465780 0.010176200 -0.81937313464413219499 0.57326055701002920362 1 1 8 19 21 40 41 42 62 63 64 
21 1926 0.006155840 0.013441300 -0.72481147638704601643 0.68894725755868302386 1 1 8 20 248 41 42 251 63 64 253 
22 1927 0.091247300 -0.062889400 0.00000000000000000000 1.00000000000000000000 2 0 8 247 1 2 250 23 43 44 45 
23 1928 0.079863000 -0.059842200 0.00000000000000000000 1.00000000000000000000 2 0 8 1 2 3 22 24 44 45 46 
24 1929 0.069126500 -0.056642500 0.00000000000000000000 1.00000000000000000000 2 0 8 2 3 4 23 25 45 46 47 
25 1930 0.059054500 -0.053297200 0.00000000000000000000 1.00000000000000000000 2 0 8 3 4 5 24 26 46 47 48 
26 1931 0.049662700 -0.049813400 0.00000000000000000000 1.00000000000000000000 2 0 8 4 5 6 25 27 47 48 49 
27 1932 0.040965800 -0.046198400 0.00000000000000000000 1.00000000000000000000 2 0 8 5 6 7 26 28 48 49 50 
28 1933 0.032977400 -0.042459800 0.00000000000000000000 1.00000000000000000000 2 0 8 6 7 8 27 29 49 50 51 
29 1934 0.025709800 -0.038605100 0.00000000000000000000 1.00000000000000000000 2 0 8 7 8 9 28 30 50 51 52 
30 1935 0.019174600 -0.034642200 0.00000000000000000000 1.00000000000000000000 2 0 8 8 9 10 29 31 51 52 53 
31 1936 0.013381900 -0.030578700 0.00000000000000000000 1.00000000000000000000 2 0 8 9 10 11 30 32 52 53 54 
32 1937 0.008341030 -0.026422100 0.00000000000000000000 1.00000000000000000000 2 0 8 10 11 12 31 33 53 54 55 
33 1938 0.004060040 -0.022180400 0.00000000000000000000 1.00000000000000000000 2 0 8 11 12 13 32 34 54 55 56 
34 1939 0.000546003 -0.017861100 0.00000000000000000000 1.00000000000000000000 2 0 8 12 13 14 33 35 55 56 57 
35 1940 -0.002194960 -0.013472600 0.00000000000000000000 1.00000000000000000000 2 0 8 13 14 15 34 36 56 57 58 
36 1941 -0.004157630 -0.009024210 0.00000000000000000000 1.00000000000000000000 2 0 8 14 15 16 35 37 57 58 59 
37 1942 -0.005337590 -0.004527500 0.00000000000000000000 1.00000000000000000000 2 0 8 15 16 17 36 38 58 59 60 
38 1943 -0.005731350 0.000000149 0.00000000000000000000 1.00000000000000000000 2 0 8 16 17 18 37 39 59 60 61 
39 1944 -0.005337540 0.004527790 0.00000000000000000000 1.00000000000000000000 2 0 8 17 18 19 38 40 60 61 62 
40 1945 -0.004157530 0.009024500 0.00000000000000000000 1.00000000000000000000 2 0 8 18 19 20 39 41 61 62 63 
41 1946 -0.002194810 0.013472900 0.00000000000000000000 1.00000000000000000000 2 0 8 19 20 21 40 42 62 63 64 
42 1947 0.000546206 0.017861400 0.00000000000000000000 1.00000000000000000000 2 0 8 20 21 248 41 251 63 64 253 
43 1948 0.097812500 -0.084086000 0.00000000000000000000 1.00000000000000000000 2 0 8 249 250 22 252 44 254 255 65 
44 1949 0.085596700 -0.080251000 0.00000000000000000000 1.00000000000000000000 2 0 8 250 22 23 43 45 255 65 66 
45 1950 0.074019400 -0.076232600 0.00000000000000000000 1.00000000000000000000 2 0 8 22 23 24 44 46 65 66 67 
46 1951 0.063098900 -0.072038600 0.00000000000000000000 1.00000000000000000000 2 0 8 23 24 25 45 47 66 67 68 
47 1952 0.052852500 -0.067677000 0.00000000000000000000 1.00000000000000000000 2 0 8 24 25 26 46 48 67 68 69 
48 1953 0.043296300 -0.063156400 0.00000000000000000000 1.00000000000000000000 2 0 8 25 26 27 47 49 68 69 70 
49 1954 0.034445400 -0.058485500 0.00000000000000000000 1.00000000000000000000 2 0 8 26 27 28 48 50 69 70 71 
50 1955 0.026314000 -0.053673600 0.00000000000000000000 1.00000000000000000000 2 0 8 27 28 29 49 51 70 71 72 
51 1956 0.018914900 -0.048729800 0.00000000000000000000 1.00000000000000000000 2 0 8 28 29 30 50 52 71 72 73 
52 1957 0.012260100 -0.043663700 0.00000000000000000000 1.00000000000000000000 2 0 8 29 30 31 51 53 72 73 74 
53 1958 0.006360160 -0.038485100 0.00000000000000000000 1.00000000000000000000 2 0 8 30 31 32 52 54 73 74 75 
54 1959 0.001224920 -0.033203800 0.00000000000000000000 1.00000000000000000000 2 0 8 31 32 33 53 55 74 75 76 
55 1960 -0.003136990 -0.027830200 0.00000000000000000000 1.00000000000000000000 2 0 8 32 33 34 54 56 75 76 77 
56 1961 -0.006717960 -0.022375100 0.00000000000000000000 1.00000000000000000000 2 0 8 33 34 35 55 57 76 77 78 
57 1962 -0.009511310 -0.016850100 0.00000000000000000000 1.00000000000000000000 2 0 8 34 35 36 56 58 77 78 79 
58 1963 -0.011511400 -0.011268400 0.00000000000000000000 1.00000000000000000000 2 0 8 35 36 37 57 59 78 79 80 
59 1964 -0.012713600 -0.005645320 0.00000000000000000000 1.00000000000000000000 2 0 8 36 37 38 58 60 79 80 81 
60 1965 -0.013114600 0.000000357 0.00000000000000000000 1.00000000000000000000 2 0 8 37 38 39 59 61 80 81 82 
61 1966 -0.012713500 0.005646040 0.00000000000000000000 1.00000000000000000000 2 0 8 38 39 40 60 62 81 82 83 
62 1967 -0.011511200 0.011269100 0.00000000000000000000 1.00000000000000000000 2 0 8 39 40 41 61 63 82 83 84 
63 1968 -0.009511010 0.016850800 0.00000000000000000000 1.00000000000000000000 2 0 8 40 41 42 62 64 83 84 85 
64 1969 -0.006717560 0.022375800 0.00000000000000000000 1.00000000000000000000 2 0 8 41 42 251 63 253 84 85 256 
65 1970 0.078513100 -0.097933200 0.00000000000000000000 1.00000000000000000000 2 0 8 43 44 45 255 66 257 86 87 
66 1971 0.066706800 -0.092927500 0.00000000000000000000 1.00000000000000000000 2 0 8 44 45 46 65 67 86 87 88 
67 1972 0.055568800 -0.087722300 0.00000000000000000000 1.00000000000000000000 2 0 8 45 46 47 66 68 87 88 89 
68 1973 0.045116700 -0.082327100 0.00000000000000000000 1.00000000000000000000 2 0 8 46 47 48 67 69 88 89 90 
69 1974 0.035367400 -0.076752000 0.00000000000000000000 1.00000000000000000000 2 0 8 47 48 49 68 70 89 90 91 
70 1975 0.026336500 -0.071007300 0.00000000000000000000 1.00000000000000000000 2 0 8 48 49 50 69 71 90 91 92 
71 1976 0.018038600 -0.065103800 0.00000000000000000000 1.00000000000000000000 2 0 8 49 50 51 70 72 91 92 93 
72 1977 0.010487200 -0.059052600 0.00000000000000000000 1.00000000000000000000 2 0 8 50 51 52 71 73 92 93 94 
73 1978 0.003694670 -0.052865100 0.00000000000000000000 1.00000000000000000000 2 0 8 51 52 53 72 74 93 94 95 
74 1979 -0.002327770 -0.046553000 0.00000000000000000000 1.00000000000000000000 2 0 8 52 53 54 73 75 94 95 96 
75 1980 -0.007569930 -0.040128700 0.00000000000000000000 1.00000000000000000000 2 0 8 53 54 55 74 76 95 96 97 
76 1981 -0.012022700 -0.033604800 0.00000000000000000000 1.00000000000000000000 2 0 8 54 55 56 75 77 96 97 98 
77 1982 -0.015678100 -0.026994700 0.00000000000000000000 1.00000000000000000000 2 0 8 55 56 57 76 78 97 98 99 
78 1983 -0.018529200 -0.020312700 0.00000000000000000000 1.00000000000000000000 2 0 8 56 57 58 77 79 98 99 100 
79 1984 -0.020570200 -0.013574500 0.00000000000000000000 1.00000000000000000000 2 0 8 57 58 59 78 80 99 100 101 
80 1985 -0.021796600 -0.006797060 0.00000000000000000000 1.00000000000000000000 2 0 8 58 59 60 79 81 100 101 102 
81 1986 -0.022205800 0.000000636 0.00000000000000000000 1.00000000000000000000 2 0 8 59 60 61 80 82 101 102 103 
82 1987 -0.021796500 0.006798330 0.00000000000000000000 1.00000000000000000000 2 0 8 60 61 62 81 83 102 103 104 
83 1988 -0.020569900 0.013575700 0.00000000000000000000 1.00000000000000000000 2 0 8 61 62 63 82 84 103 104 105 
84 1989 -0.018528700 0.020314000 0.00000000000000000000 1.00000000000000000000 2 0 8 62 63 64 83 85 104 105 106 
85 1990 -0.015677500 0.026996000 0.00000000000000000000 1.00000000000000000000 2 0 8 63 64 253 84 256 105 106 258 
86 1991 0.069964800 -0.115996000 0.00000000000000000000 1.00000000000000000000 2 0 8 255 65 66 257 87 259 107 108 
87 1992 0.057892500 -0.109984000 0.00000000000000000000 1.00000000000000000000 2 0 8 65 66 67 86 88 107 108 109 
88 1993 0.046502200 -0.103747000 0.00000000000000000000 1.00000000000000000000 2 0 8 66 67 68 87 89 108 109 110 
89 1994 0.035812200 -0.097297900 0.00000000000000000000 1.00000000000000000000 2 0 8 67 68 69 88 90 109 110 111 
90 1995 0.025840100 -0.090647200 0.00000000000000000000 1.00000000000000000000 2 0 8 68 69 70 89 91 110 111 112 
91 1996 0.016602000 -0.083807100 0.00000000000000000000 1.00000000000000000000 2 0 8 69 70 71 90 92 111 112 113 
92 1997 0.008113130 -0.076790200 0.00000000000000000000 1.00000000000000000000 2 0 8 70 71 72 91 93 112 113 114 
93 1998 0.000387454 -0.069609400 0.00000000000000000000 1.00000000000000000000 2 0 8 71 72 73 92 94 113 114 115 
94 1999 -0.006562140 -0.062278000 0.00000000000000000000 1.00000000000000000000 2 0 8 72 73 74 93 95 114 115 116 
95 2000 -0.012723900 -0.054809900 0.00000000000000000000 1.00000000000000000000 2 0 8 73 74 75 94 96 115 116 117 
96 2001 -0.018087200 -0.047219400 0.00000000000000000000 1.00000000000000000000 2 0 8 74 75 76 95 97 116 117 118 
97 2002 -0.022642700 -0.039521500 0.00000000000000000000 1.00000000000000000000 2 0 8 75 76 77 96 98 117 118 119 
98 2003 -0.026382100 -0.031731800 0.00000000000000000000 1.00000000000000000000 2 0 8 76 77 78 97 99 118 119 120 
99 2004 -0.029298200 -0.023866800 0.00000000000000000000 1.00000000000000000000 2 0 8 77 78 79 98 100 119 120 121 
100 2005 -0.031385500 -0.015943800 0.00000000000000000000 1.00000000000000000000 2 0 8 78 79 80 99 101 120 121 122 
101 2006 -0.032639600 -0.007981450 0.00000000000000000000 1.00000000000000000000 2 0 8 79 80 81 100 102 121 122 123 
102 2007 -0.033057900 0.000000985 0.00000000000000000000 1.00000000000000000000 2 0 8 80 81 82 101 103 122 123 124 
103 2008 -0.032639400 0.007983410 0.00000000000000000000 1.00000000000000000000 2 0 8 81 82 83 102 104 123 124 125 
104 2009 -0.031385100 0.015945800 0.00000000000000000000 1.00000000000000000000 2 0 8 82 83 84 103 105 124 125 126 
105 2010 -0.029297600 0.023868700 0.00000000000000000000 1.00000000000000000000 2 0 8 83 84 85 104 106 125 126 127 
106 2011 -0.026381200 0.031733800 0.00000000000000000000 1.00000000000000000000 2 0 8 84 85 256 105 258 126 127 260 
107 2012 0.059915200 -0.134502000 0.00000000000000000000 1.00000000000000000000 2 0 8 257 86 87 259 108 261 128 129 
108 2013 0.047538400 -0.127460000 0.00000000000000000000 1.00000000000000000000 2 0 8 86 87 88 107 109 128 129 130 
109 2014 0.035859800 -0.120169000 0.00000000000000000000 1.00000000000000000000 2 0 8 87 88 89 108 110 129 130 131 
110 2015 0.024898600 -0.112641000 0.00000000000000000000 1.00000000000000000000 2 0 8 88 89 90 109 111 130 131 132 
111 2016 0.014672700 -0.104890000 0.00000000000000000000 1.00000000000000000000 2 0 8 89 90 91 110 112 131 132 133 
112 2017 0.005198980 -0.096929300 0.00000000000000000000 1.00000000000000000000 2 0 8 90 91 92 111 113 132 133 134 
113 2018 -0.003506750 -0.088773100 0.00000000000000000000 1.00000000000000000000 2 0 8 91 92 93 112 114 133 134 135 
114 2019 -0.011430000 -0.080436400 0.00000000000000000000 1.00000000000000000000 2 0 8 92 93 94 113 115 134 135 136 
115 2020 -0.018557300 -0.071934500 0.00000000000000000000 1.00000000000000000000 2 0 8 93 94 95 114 116 135 136 137 
116 2021 -0.024876600 -0.063283100 0.00000000000000000000 1.00000000000000000000 2 0 8 94 95 96 115 117 136 137 138 
117 2022 -0.030376800 -0.054498700 0.00000000000000000000 1.00000000000000000000 2 0 8 95 96 97 116 118 137 138 139 
118 2023 -0.035048200 -0.045598200 0.00000000000000000000 1.00000000000000000000 2 0 8 96 97 98 117 119 138 139 140 
119 2024 -0.038882400 -0.036599400 0.00000000000000000000 1.00000000000000000000 2 0 8 97 98 99 118 120 139 140 141 
120 2025 -0.041872200 -0.027520600 0.00000000000000000000 1.00000000000000000000 2 0 8 98 99 100 119 121 140 141 142 
121 2026 -0.044012000 -0.018380900 0.00000000000000000000 1.00000000000000000000 2 0 8 99 100 101 120 122 141 142 143 
122 2027 -0.045297500 -0.009200110 0.00000000000000000000 1.00000000000000000000 2 0 8 100 101 102 121 123 142 143 144 
123 2028 -0.045726200 0.000001406 0.00000000000000000000 1.00000000000000000000 2 0 8 101 102 103 122 124 143 144 145 
124 2029 -0.045297200 0.009202920 0.00000000000000000000 1.00000000000000000000 2 0 8 102 103 104 123 125 144 145 146 
125 2030 -0.044011500 0.018383700 0.00000000000000000000 1.00000000000000000000 2 0 8 103 104 105 124 126 145 146 147 
126 2031 -0.041871400 0.027523400 0.00000000000000000000 1.00000000000000000000 2 0 8 104 105 106 125 127 146 147 148 
127 2032 -0.038881300 0.036602200 0.00000000000000000000 1.00000000000000000000 2 0 8 105 106 258 126 260 147 148 262 
128 2033 0.048322200 -0.153514000 0.00000000000000000000 1.00000000000000000000 2 0 8 259 107 108 261 129 263 149 150 
129 2034 0.035601000 -0.145417000 0.00000000000000000000 1.00000000000000000000 2 0 8 107 108 109 128 130 149 150 151 
130 2035 0.023596800 -0.137044000 0.00000000000000000000 1.00000000000000000000 2 0 8 108 109 110 129 131 150 151 152 
131 2036 0.012329300 -0.128410000 0.00000000000000000000 1.00000000000000000000 2 0 8 109 110 111 130 132 151 152 153 
132 2037 0.001817330 -0.119530000 0.00000000000000000000 1.00000000000000000000 2 0 8 110 111 112 131 133 152 153 154 
133 2038 -0.007921720 -0.110419000 0.00000000000000000000 1.00000000000000000000 2 0 8 111 112 113 132 134 153 154 155 
134 2039 -0.016871500 -0.101094000 0.00000000000000000000 1.00000000000000000000 2 0 8 112 113 114 133 135 154 155 156 
135 2040 -0.025016800 -0.091570900 0.00000000000000000000 1.00000000000000000000 2 0 8 113 114 115 134 136 155 156 157 
136 2041 -0.032343900 -0.081867200 0.00000000000000000000 1.00000000000000000000 2 0 8 114 115 116 135 137 156 157 158 
137 2042 -0.038840000 -0.072000800 0.00000000000000000000 1.00000000000000000000 2 0 8 115 116 117 136 138 157 158 159 
138 2043 -0.044493900 -0.061990000 0.00000000000000000000 1.00000000000000000000 2 0 8 116 117 118 137 139 158 159 160 
139 2044 -0.049295600 -0.051853800 0.00000000000000000000 1.00000000000000000000 2 0 8 117 118 119 138 140 159 160 161 
140 2045 -0.053236500 -0.041611800 0.00000000000000000000 1.00000000000000000000 2 0 8 118 119 120 139 141 160 161 162 
141 2046 -0.056309300 -0.031284300 0.00000000000000000000 1.00000000000000000000 2 0 8 119 120 121 140 142 161 162 163 
142 2047 -0.058508200 -0.020891900 0.00000000000000000000 1.00000000000000000000 2 0 8 120 121 122 141 143 162 163 164 
143 2048 -0.059829200 -0.010455900 0.00000000000000000000 1.00000000000000000000 2 0 8 121 122 123 142 144 163 164 165 
144 2049 -0.060269700 0.000001901 0.00000000000000000000 1.00000000000000000000 2 0 8 122 123 124 143 145 164 165 166 
145 2050 -0.059828900 0.010459700 0.00000000000000000000 1.00000000000000000000 2 0 8 123 124 125 144 146 165 166 167 
146 2051 -0.058507600 0.020895700 0.00000000000000000000 1.00000000000000000000 2 0 8 124 125 126 145 147 166 167 168 
147 2052 -0.056308300 0.031288000 0.00000000000000000000 1.00000000000000000000 2 0 8 125 126 127 146 148 167 168 169 
148 2053 -0.053235200 0.041615600 0.00000000000000000000 1.00000000000000000000 2 0 8 126 127 260 147 262 168 169 264 
149 2054 0.035138300 -0.173100000 0.00000000000000000000 1.00000000000000000000 2 0 8 261 128 129 263 150 265 170 171 
150 2055 0.022031300 -0.163917000 0.00000000000000000000 1.00000000000000000000 2 0 8 128 129 130 149 151 170 171 172 
151 2056 0.009662430 -0.154432000 0.00000000000000000000 1.00000000000000000000 2 0 8 129 130 131 150 152 171 172 173 
152 2057 -0.001947670 -0.144660000 0.00000000000000000000 1.00000000000000000000 2 0 8 130 131 132 151 153 172 173 174 
153 2058 -0.012779600 -0.134618000 0.00000000000000000000 1.00000000000000000000 2 0 8 131 132 133 152 154 173 174 175 
154 2059 -0.022815200 -0.124324000 0.00000000000000000000 1.00000000000000000000 2 0 8 132 133 134 153 155 174 175 176 
155 2060 -0.032037500 -0.113795000 0.00000000000000000000 1.00000000000000000000 2 0 8 133 134 135 154 156 175 176 177 
156 2061 -0.040430800 -0.103051000 0.00000000000000000000 1.00000000000000000000 2 0 8 134 135 136 155 157 176 177 178 
157 2062 -0.047980800 -0.092110000 0.00000000000000000000 1.00000000000000000000 2 0 8 135 136 137 156 158 177 178 179 
158 2063 -0.054674400 -0.080992200 0.00000000000000000000 1.00000000000000000000 2 0 8 136 137 138 157 159 178 179 180 
159 2064 -0.060500000 -0.069718000 0.00000000000000000000 1.00000000000000000000 2 0 8 137 138 139 158 160 179 180 181 
160 2065 -0.065447200 -0.058308400 0.00000000000000000000 1.00000000000000000000 2 0 8 138 139 140 159 161 180 181 182 
161 2066 -0.069507300 -0.046784700 0.00000000000000000000 1.00000000000000000000 2 0 8 139 140 141 160 162 181 182 183 
162 2067 -0.072672900 -0.035169100 0.00000000000000000000 1.00000000000000000000 2 0 8 140 141 142 161 163 182 183 184 
163 2068 -0.074938100 -0.023484100 0.00000000000000000000 1.00000000000000000000 2 0 8 141 142 143 162 164 183 184 185 
164 2069 -0.076298900 -0.011752500 0.00000000000000000000 1.00000000000000000000 2 0 8 142 143 144 163 165 184 185 186 
165 2070 -0.076752600 0.000002470 0.00000000000000000000 1.00000000000000000000 2 0 8 143 144 145 164 166 185 186 187 
166 2071 -0.076298500 0.011757400 0.00000000000000000000 1.00000000000000000000 2 0 8 144 145 146 165 167 186 187 188 
167 2072 -0.074937400 0.023489000 0.00000000000000000000 1.00000000000000000000 2 0 8 145 146 147 166 168 187 188 189 
168 2073 -0.072671700 0.035174000 0.00000000000000000000 1.00000000000000000000 2 0 8 146 147 148 167 169 188 189 266 
169 2074 -0.069505800 0.046789600 0.00000000000000000000 1.00000000000000000000 2 0 8 147 148 262 168 264 189 266 267 
170 2075 0.020310600 -0.193329000 0.00000000000000000000 1.00000000000000000000 2 0 8 263 149 150 265 171 268 190 191 
171 2076 0.006774350 -0.183026000 0.00000000000000000000 1.00000000000000000000 2 0 8 149 150 151 170 172 190 191 192 
172 2077 -0.005999860 -0.172393000 0.00000000000000000000 1.00000000000000000000 2 0 8 150 151 152 171 173 191 192 193 
173 2078 -0.017990600 -0.161447000 0.00000000000000000000 1.00000000000000000000 2 0 8 151 152 153 172 174 192 193 194 
174 2079 -0.029177900 -0.150207000 0.00000000000000000000 1.00000000000000000000 2 0 8 152 153 154 173 175 193 194 195 
175 2080 -0.039542700 -0.138692000 0.00000000000000000000 1.00000000000000000000 2 0 8 153 154 155 174 176 194 195 196 
176 2081 -0.049067500 -0.126921000 0.00000000000000000000 1.00000000000000000000 2 0 8 154 155 156 175 177 195 196 197 
177 2082 -0.057736000 -0.114916000 0.00000000000000000000 1.00000000000000000000 2 0 8 155 156 157 176 178 196 197 198 
178 2083 -0.065533400 -0.102698000 0.00000000000000000000 1.00000000000000000000 2 0 8 156 157 158 177 179 197 198 199 
179 2084 -0.072446200 -0.090288000 0.00000000000000000000 1.00000000000000000000 2 0 8 157 158 159 178 180 198 199 200 
180 2085 -0.078462300 -0.077708700 0.00000000000000000000 1.00000000000000000000 2 0 8 158 159 160 179 181 199 200 201 
181 2086 -0.083571100 -0.064983200 0.00000000000000000000 1.00000000000000000000 2 0 8 159 160 161 180 182 200 201 202 
182 2087 -0.087763600 -0.052134800 0.00000000000000000000 1.00000000000000000000 2 0 8 160 161 162 181 183 201 202 203 
183 2088 -0.091032300 -0.039187500 0.00000000000000000000 1.00000000000000000000 2 0 8 161 162 163 182 184 202 203 204 
184 2089 -0.093371200 -0.026165600 0.00000000000000000000 1.00000000000000000000 2 0 8 162 163 164 183 185 203 204 205 
185 2090 -0.094776200 -0.013093800 0.00000000000000000000 1.00000000000000000000 2 0 8 163 164 165 184 186 204 205 206 
186 2091 -0.095244700 0.000003115 0.00000000000000000000 1.00000000000000000000 2 0 8 164 165 166 185 187 205 206 207 
187 2092 -0.094775800 0.013100000 0.00000000000000000000 1.00000000000000000000 2 0 8 165 166 167 186 188 206 207 208 
188 2093 -0.093370300 0.026171800 0.00000000000000000000 1.00000000000000000000 2 0 8 166 167 168 187 189 207 208 269 
189 2094 -0.091030900 0.039193700 0.00000000000000000000 1.00000000000000000000 2 0 8 167 168 169 188 266 208 269 270 
190 2095 0.003780060 -0.214271000 0.00000000000000000000 1.00000000000000000000 2 0 8 265 170 171 268 191 271 209 210 
191 2096 -0.010230600 -0.202811000 0.00000000000000000000 1.00000000000000000000 2 0 8 170 171 172 190 192 209 210 211 
192 2097 -0.023452700 -0.190991000 0.00000000000000000000 1.00000000000000000000 2 0 8 171 172 173 191 193 210 211 212 
193 2098 -0.035864000 -0.178831000 0.00000000000000000000 1.00000000000000000000 2 0 8 172 173 174 192 194 211 212 213 
194 2099 -0.047443500 -0.166352000 0.00000000000000000000 1.00000000000000000000 2 0 8 173 174 175 193 195 212 213 214 
195 2100 -0.058171800 -0.153573000 0.00000000000000000000 1.00000000000000000000 2 0 8 174 175 176 194 196 213 214 215 
196 2101 -0.068030500 -0.140518000 0.00000000000000000000 1.00000000000000000000 2 0 8 175 176 177 195 197 214 215 216 
197 2102 -0.077002800 -0.127208000 0.00000000000000000000 1.00000000000000000000 2 0 8 176 177 178 196 198 215 216 217 
198 2103 -0.085073200 -0.113668000 0.00000000000000000000 1.00000000000000000000 2 0 8 177 178 179 197 199 216 217 218 
199 2104 -0.092227900 -0.099919900 0.00000000000000000000 1.00000000000000000000 2 0 8 178 179 180 198 200 217 218 219 
200 2105 -0.098454300 -0.085989300 0.00000000000000000000 1.00000000000000000000 2 0 8 179 180 181 199 201 218 219 220 
201 2106 -0.103742000 -0.071900900 0.00000000000000000000 1.00000000000000000000 2 0 8 180 181 182 200 202 219 220 221 
202 2107 -0.108080000 -0.057680100 0.00000000000000000000 1.00000000000000000000 2 0 8 181 182 183 201 203 220 221 222 
203 2108 -0.111463000 -0.043352800 0.00000000000000000000 1.00000000000000000000 2 0 8 182 183 184 202 204 221 222 223 
204 2109 -0.113883000 -0.028945300 0.00000000000000000000 1.00000000000000000000 2 0 8 183 184 185 203 205 222 223 224 
205 2110 -0.115337000 -0.014484200 0.00000000000000000000 1.00000000000000000000 2 0 8 184 185 186 204 206 223 224 225 
206 2111 -0.115822000 0.000003837 0.00000000000000000000 1.00000000000000000000 2 0 8 185 186 187 205 207 224 225 226 
207 2112 -0.115337000 0.014491800 0.00000000000000000000 1.00000000000000000000 2 0 8 186 187 188 206 208 225 226 272 
208 2113 -0.113882000 0.028953000 0.00000000000000000000 1.00000000000000000000 2 0 8 187 188 189 207 269 226 272 273 
209 2114 -0.014518200 -0.236002000 0.00000000000000000000 1.00000000000000000000 2 0 8 268 190 191 271 210 274 227 228 
210 2115 -0.029050500 -0.223343000 0.00000000000000000000 1.00000000000000000000 2 0 8 190 191 192 209 211 227 228 229 
211 2116 -0.042765000 -0.210293000 0.00000000000000000000 1.00000000000000000000 2 0 8 191 192 193 210 212 228 229 230 
212 2117 -0.055638400 -0.196874000 0.00000000000000000000 1.00000000000000000000 2 0 8 192 193 194 211 213 229 230 231 
213 2118 -0.067649100 -0.183109000 0.00000000000000000000 1.00000000000000000000 2 0 8 193 194 195 212 214 230 231 232 
214 2119 -0.078776700 -0.169021000 0.00000000000000000000 1.00000000000000000000 2 0 8 194 195 196 213 215 231 232 233 
215 2120 -0.089002200 -0.154633000 0.00000000000000000000 1.00000000000000000000 2 0 8 195 196 197 214 216 232 233 234 
216 2121 -0.098308200 -0.139970000 0.00000000000000000000 1.00000000000000000000 2 0 8 196 197 198 215 217 233 234 275 
217 2122 -0.106679000 -0.125057000 0.00000000000000000000 1.00000000000000000000 2 0 8 197 198 199 216 218 234 275 276 
218 2123 -0.114099000 -0.109921000 0.00000000000000000000 1.00000000000000000000 2 0 8 198 199 200 217 219 275 276 277 
219 2124 -0.120557000 -0.094588300 0.00000000000000000000 1.00000000000000000000 2 0 8 199 200 201 218 220 276 277 278 
220 2125 -0.126040000 -0.079085100 0.00000000000000000000 1.00000000000000000000 2 0 8 200 201 202 219 221 277 278 279 
221 2126 -0.130540000 -0.063439400 0.00000000000000000000 1.00000000000000000000 2 0 8 201 202 203 220 222 278 279 280 
222 2127 -0.134047000 -0.047679100 0.00000000000000000000 1.00000000000000000000 2 0 8 202 203 204 221 223 279 280 281 
223 2128 -0.136557000 -0.031832600 0.00000000000000000000 1.00000000000000000000 2 0 8 203 204 205 222 224 280 281 282 
224 2129 -0.138065000 -0.015928400 0.00000000000000000000 1.00000000000000000000 2 0 8 204 205 206 223 225 281 282 283 
225 2130 -0.138568000 0.000004637 0.00000000000000000000 1.00000000000000000000 2 0 8 205 206 207 224 226 282 283 284 
226 2131 -0.138065000 0.015937700 0.00000000000000000000 1.00000000000000000000 2 0 8 206 207 208 225 272 283 284 285 
227 2132 -0.034655300 -0.258600000 0.00000000000000000000 1.00000000000000000000 2 0 8 271 209 210 274 228 286 287 235 
228 2133 -0.049758800 -0.244695000 0.00000000000000000000 1.00000000000000000000 2 0 8 209 210 211 227 229 287 235 236 
229 2134 -0.064012200 -0.230367000 0.00000000000000000000 1.00000000000000000000 2 0 8 210 211 212 228 230 235 236 237 
230 2135 -0.077391400 -0.215640000 0.00000000000000000000 1.00000000000000000000 2 0 8 211 212 213 229 231 236 237 238 
231 2136 -0.089873900 -0.200540000 0.00000000000000000000 1.00000000000000000000 2 0 8 212 213 214 230 232 237 238 239 
232 2137 -0.101438000 -0.185089000 0.00000000000000000000 1.00000000000000000000 2 0 8 213 214 215 231 233 238 239 240 
233 2138 -0.112065000 -0.169316000 0.00000000000000000000 1.00000000000000000000 2 0 8 214 215 216 232 234 239 240 288 
234 2139 -0.121736000 -0.153246000 0.00000000000000000000 1.00000000000000000000 2 0 8 215 216 217 233 275 240 288 289 
235 2140 -0.072435600 -0.266943000 0.00000000000000000000 1.00000000000000000000 2 0 8 227 228 229 287 236 290 291 241 
236 2141 -0.087276700 -0.251285000 0.00000000000000000000 1.00000000000000000000 2 0 8 228 229 230 235 237 291 241 242 
237 2142 -0.101207000 -0.235197000 0.00000000000000000000 1.00000000000000000000 2 0 8 229 230 231 236 238 241 242 243 
238 2143 -0.114204000 -0.218705000 0.00000000000000000000 1.00000000000000000000 2 0 8 230 231 232 237 239 242 243 244 
239 2144 -0.126245000 -0.201837000 0.00000000000000000000 1.00000000000000000000 2 0 8 231 232 233 238 240 243 244 292 
240 2145 -0.137309000 -0.184620000 0.00000000000000000000 1.00000000000000000000 2 0 8 232 233 234 239 288 244 292 293 
241 2146 -0.112648000 -0.273122000 0.00000000000000000000 1.00000000000000000000 2 0 8 235 236 237 291 242 294 295 245 
242 2147 -0.127178000 -0.255614000 0.00000000000000000000 1.00000000000000000000 2 0 8 236 237 238 241 243 295 245 246 
243 2148 -0.140734000 -0.237670000 0.00000000000000000000 1.00000000000000000000 2 0 8 237 238 239 242 244 245 246 296 
244 2149 -0.153292000 -0.219322000 0.00000000000000000000 1.00000000000000000000 2 0 8 238 239 240 243 292 246 296 297 
245 2150 -0.155403000 -0.276965000 0.00000000000000000000 1.00000000000000000000 2 0 8 241 242 243 295 246 298 299 300 
246 2151 -0.169565000 -0.257505000 0.00000000000000000000 1.00000000000000000000 2 0 8 242 243 244 245 296 299 300 301 
247 7220 0.107342 -0.0477442 1 1
248 1430 0.00960737 0.0166375 1 1
249 7240 0.115887 -0.068501 2 0
250 7241 0.103262 -0.0657776 2 0
251 1450 0.00406029 0.0221806 2 0
252 7260 0.110647 -0.0877303 2 0
253 1470 -0.0031365 0.0278309 2 0
254 7279 0.104054 -0.10731 2 0
255 7280 0.0909686 -0.10273 2 0
256 1490 -0.012022 0.033606 2 0
257 7300 0.0826996 -0.121774 2 0
258 1510 -0.0226417 0.0395234 2 0
259 7319 0.07297 -0.141282 2 0
260 1530 -0.0350469 0.045601 2 0
261 7337 0.0617393 -0.161323 2 0
262 1550 -0.0492941 0.0518575 2 0
263 7354 0.0489618 -0.181966 2 0
264 1570 -0.0654454 0.0583132 2 0
265 7370 0.0345863 -0.203284 2 0
266 1188 -0.0877618 0.052141 2 0
267 1189 -0.0835689 0.0649893 2 0
268 7385 0.0185559 -0.225353 2 0
269 1190 -0.111461 0.0433604 2 0
270 1191 -0.108078 0.0576877 2 0
271 7399 0.000807704 -0.248251 2 0
272 1194 -0.136556 0.0318418 2 0
273 1195 -0.134046 0.0476883 2 0
274 7413 -0.0187271 -0.27206 2 0
275 2152 -0.130435 -0.136908 2 0
276 2153 -0.138146 -0.120328 2 0
277 2154 -0.144856 -0.103536 2 0
278 2155 -0.150554 -0.0865609 2 0
279 2156 -0.15523 -0.0694327 2 0
280 2157 -0.158875 -0.0521813 2 0
281 2158 -0.161483 -0.0348373 2 0
282 2159 -0.16305 -0.0174314 2 0
283 2160 -0.163572 5.51608e-06 2 0
284 2161 -0.163049 0.0174424 2 0
285 1207 -0.161482 0.0348483 2 0
286 7683 -0.0401237 -0.296867 2 0
287 7684 -0.0567091 -0.282145 2 0
288 2162 -0.147378 -0.167085 2 0
289 2163 -0.156435 -0.14926 2 0
290 7689 -0.0807641 -0.306724 2 0
291 7690 -0.0971679 -0.290168 2 0
292 2173 -0.164832 -0.2006 2 0
293 2174 -0.175334 -0.181535 2 0
294 7697 -0.12405 -0.314455 2 0
295 7698 -0.140223 -0.295959 2 0
296 2186 -0.182684 -0.23761 2 0
297 2187 -0.19474 -0.217313 2 0
298 7707 -0.170106 -0.319877 2 0
299 7708 -0.185989 -0.299328 2 0
300 2201 -0.200806 -0.27828 2 0
301 2202 -0.214533 -0.256765 2 0
