323 241 82
1 5987 1.697230000 0.217142000 0.00000000000000000000 1.00000000000000000000 2 0 8 242 243 244 247 2 3 4 5 
2 5988 1.705520000 0.174088000 0.00000000000000000000 1.00000000000000000000 2 0 8 243 244 245 1 248 4 5 6 
3 5989 1.756380000 0.277991000 0.00000000000000000000 1.00000000000000000000 2 0 8 246 247 1 251 4 7 8 9 
4 5990 1.767080000 0.232278000 0.00000000000000000000 1.00000000000000000000 2 0 8 247 1 2 3 5 8 9 10 
5 5991 1.775860000 0.186226000 0.00000000000000000000 1.00000000000000000000 2 0 8 1 2 248 4 6 9 10 11 
6 5992 1.782700000 0.139901000 0.00000000000000000000 1.00000000000000000000 2 0 8 2 248 249 5 252 10 11 12 
7 5993 1.816990000 0.345572000 0.00000000000000000000 1.00000000000000000000 2 0 8 250 251 3 256 8 13 14 15 
8 5994 1.830360000 0.297149000 0.00000000000000000000 1.00000000000000000000 2 0 8 251 3 4 7 9 14 15 16 
9 5995 1.841710000 0.248289000 0.00000000000000000000 1.00000000000000000000 2 0 8 3 4 5 8 10 15 16 17 
10 5996 1.851010000 0.199064000 0.00000000000000000000 1.00000000000000000000 2 0 8 4 5 6 9 11 16 17 18 
11 5997 1.858260000 0.149546000 0.00000000000000000000 1.00000000000000000000 2 0 8 5 6 252 10 12 17 18 19 
12 5998 1.863450000 0.099809100 0.00000000000000000000 1.00000000000000000000 2 0 8 6 252 253 11 257 18 19 20 
13 5999 1.878870000 0.420325000 0.00000000000000000000 1.00000000000000000000 2 0 8 255 256 7 261 14 22 23 24 
14 6000 1.895180000 0.369147000 0.00000000000000000000 1.00000000000000000000 2 0 8 256 7 8 13 15 23 24 25 
15 6001 1.909350000 0.317424000 0.00000000000000000000 1.00000000000000000000 2 0 8 7 8 9 14 16 24 25 26 
16 6002 1.921380000 0.265233000 0.00000000000000000000 1.00000000000000000000 2 0 8 8 9 10 15 17 25 26 27 
17 6003 1.931250000 0.212650000 0.00000000000000000000 1.00000000000000000000 2 0 8 9 10 11 16 18 26 27 28 
18 6004 1.938940000 0.159754000 0.00000000000000000000 1.00000000000000000000 2 0 8 10 11 12 17 19 27 28 29 
19 6005 1.944440000 0.106622000 0.00000000000000000000 1.00000000000000000000 2 0 8 11 12 257 18 20 28 29 30 
20 6006 1.947740000 0.053333700 0.00000000000000000000 1.00000000000000000000 2 0 8 12 257 254 19 258 29 30 21 
21 6007 2.035530000 -0.000036300 0.00000000000000000000 1.00000000000000000000 2 0 8 20 258 259 30 262 42 31 32 
22 6008 1.941790000 0.502711000 0.00000000000000000000 1.00000000000000000000 2 0 8 260 261 13 265 23 33 34 35 
23 6009 1.961320000 0.448743000 0.00000000000000000000 1.00000000000000000000 2 0 8 261 13 14 22 24 34 35 36 
24 6010 1.978610000 0.394110000 0.00000000000000000000 1.00000000000000000000 2 0 8 13 14 15 23 25 35 36 37 
25 6011 1.993650000 0.338893000 0.00000000000000000000 1.00000000000000000000 2 0 8 14 15 16 24 26 36 37 38 
26 6012 2.006410000 0.283174000 0.00000000000000000000 1.00000000000000000000 2 0 8 15 16 17 25 27 37 38 39 
27 6013 2.016870000 0.227036000 0.00000000000000000000 1.00000000000000000000 2 0 8 16 17 18 26 28 38 39 40 
28 6014 2.025030000 0.170563000 0.00000000000000000000 1.00000000000000000000 2 0 8 17 18 19 27 29 39 40 41 
29 6015 2.030860000 0.113837000 0.00000000000000000000 1.00000000000000000000 2 0 8 18 19 20 28 30 40 41 42 
30 6016 2.034360000 0.056942400 0.00000000000000000000 1.00000000000000000000 2 0 8 19 20 258 29 21 41 42 31 
31 6017 2.127990000 -0.000038801 0.00000000000000000000 1.00000000000000000000 2 0 8 30 21 262 42 32 56 43 44 
32 6018 2.126750000 -0.060842500 0.00000000000000000000 1.00000000000000000000 2 0 8 21 262 263 31 266 43 44 45 
33 6019 2.005490000 0.593211000 0.00000000000000000000 1.00000000000000000000 2 0 8 264 265 22 269 34 46 47 48 
34 6020 2.028540000 0.536427000 0.00000000000000000000 1.00000000000000000000 2 0 8 265 22 23 33 35 47 48 49 
35 6021 2.049250000 0.478846000 0.00000000000000000000 1.00000000000000000000 2 0 8 22 23 24 34 36 48 49 50 
36 6022 2.067600000 0.420553000 0.00000000000000000000 1.00000000000000000000 2 0 8 23 24 25 35 37 49 50 51 
37 6023 2.083550000 0.361635000 0.00000000000000000000 1.00000000000000000000 2 0 8 24 25 26 36 38 50 51 52 
38 6024 2.097090000 0.302180000 0.00000000000000000000 1.00000000000000000000 2 0 8 25 26 27 37 39 51 52 53 
39 6025 2.108200000 0.242276000 0.00000000000000000000 1.00000000000000000000 2 0 8 26 27 28 38 40 52 53 54 
40 6026 2.116850000 0.182012000 0.00000000000000000000 1.00000000000000000000 2 0 8 27 28 29 39 41 53 54 55 
41 6027 2.123040000 0.121479000 0.00000000000000000000 1.00000000000000000000 2 0 8 28 29 30 40 42 54 55 56 
42 6028 2.126750000 0.060765300 0.00000000000000000000 1.00000000000000000000 2 0 8 29 30 21 41 31 55 56 43 
43 6029 2.226580000 -0.000041339 0.00000000000000000000 1.00000000000000000000 2 0 8 42 31 32 56 44 71 57 58 
44 6030 2.225260000 -0.064898800 0.00000000000000000000 1.00000000000000000000 2 0 8 31 32 266 43 45 57 58 59 
45 6031 2.221310000 -0.129660000 0.00000000000000000000 1.00000000000000000000 2 0 8 32 266 267 44 270 58 59 60 
46 6032 2.069650000 0.692329000 0.00000000000000000000 1.00000000000000000000 2 0 8 268 269 33 272 47 275 61 62 
47 6033 2.096560000 0.632716000 0.00000000000000000000 1.00000000000000000000 2 0 8 269 33 34 46 48 61 62 63 
48 6034 2.121020000 0.572159000 0.00000000000000000000 1.00000000000000000000 2 0 8 33 34 35 47 49 62 63 64 
49 6035 2.143000000 0.510748000 0.00000000000000000000 1.00000000000000000000 2 0 8 34 35 36 48 50 63 64 65 
50 6036 2.162480000 0.448576000 0.00000000000000000000 1.00000000000000000000 2 0 8 35 36 37 49 51 64 65 66 
51 6037 2.179410000 0.385735000 0.00000000000000000000 1.00000000000000000000 2 0 8 36 37 38 50 52 65 66 67 
52 6038 2.193780000 0.322320000 0.00000000000000000000 1.00000000000000000000 2 0 8 37 38 39 51 53 66 67 68 
53 6039 2.205560000 0.258426000 0.00000000000000000000 1.00000000000000000000 2 0 8 38 39 40 52 54 67 68 69 
54 6040 2.214750000 0.194146000 0.00000000000000000000 1.00000000000000000000 2 0 8 39 40 41 53 55 68 69 70 
55 6041 2.221310000 0.129578000 0.00000000000000000000 1.00000000000000000000 2 0 8 40 41 42 54 56 69 70 71 
56 6042 2.225260000 0.064816600 0.00000000000000000000 1.00000000000000000000 2 0 8 41 42 31 55 43 70 71 57 
57 6043 2.331640000 -0.000043903 0.00000000000000000000 1.00000000000000000000 2 0 8 56 43 44 71 58 87 72 73 
58 6044 2.330240000 -0.069198800 0.00000000000000000000 1.00000000000000000000 2 0 8 43 44 45 57 59 72 73 74 
59 6045 2.326050000 -0.138250000 0.00000000000000000000 1.00000000000000000000 2 0 8 44 45 270 58 60 73 74 75 
60 6046 2.319070000 -0.207096000 0.00000000000000000000 1.00000000000000000000 2 0 8 45 270 271 59 273 74 75 76 
61 6047 2.165060000 0.738145000 0.00000000000000000000 1.00000000000000000000 2 0 8 272 46 47 275 62 278 77 78 
62 6048 2.193620000 0.674596000 0.00000000000000000000 1.00000000000000000000 2 0 8 46 47 48 61 63 77 78 79 
63 6049 2.219590000 0.610038000 0.00000000000000000000 1.00000000000000000000 2 0 8 47 48 49 62 64 78 79 80 
64 6050 2.242920000 0.544567000 0.00000000000000000000 1.00000000000000000000 2 0 8 48 49 50 63 65 79 80 81 
65 6051 2.263590000 0.478283000 0.00000000000000000000 1.00000000000000000000 2 0 8 49 50 51 64 66 80 81 82 
66 6052 2.281570000 0.411285000 0.00000000000000000000 1.00000000000000000000 2 0 8 50 51 52 65 67 81 82 83 
67 6053 2.296820000 0.343672000 0.00000000000000000000 1.00000000000000000000 2 0 8 51 52 53 66 68 82 83 84 
68 6054 2.309330000 0.275546000 0.00000000000000000000 1.00000000000000000000 2 0 8 52 53 54 67 69 83 84 85 
69 6055 2.319080000 0.207009000 0.00000000000000000000 1.00000000000000000000 2 0 8 53 54 55 68 70 84 85 86 
70 6056 2.326060000 0.138163000 0.00000000000000000000 1.00000000000000000000 2 0 8 54 55 56 69 71 85 86 87 
71 6057 2.330240000 0.069111400 0.00000000000000000000 1.00000000000000000000 2 0 8 55 56 43 70 57 86 87 72 
72 6058 2.443590000 -0.000046478 0.00000000000000000000 1.00000000000000000000 2 0 8 71 57 58 87 73 104 88 89 
73 6059 2.442100000 -0.073758500 0.00000000000000000000 1.00000000000000000000 2 0 8 57 58 59 72 74 88 89 90 
74 6060 2.437650000 -0.147360000 0.00000000000000000000 1.00000000000000000000 2 0 8 58 59 60 73 75 89 90 91 
75 6061 2.430240000 -0.220741000 0.00000000000000000000 1.00000000000000000000 2 0 8 59 60 273 74 76 90 91 92 
76 6062 2.419880000 -0.293792000 0.00000000000000000000 1.00000000000000000000 2 0 8 60 273 274 75 276 91 92 93 
77 6063 2.266710000 0.786731000 0.00000000000000000000 1.00000000000000000000 2 0 8 275 61 62 278 78 280 94 95 
78 6064 2.297040000 0.719007000 0.00000000000000000000 1.00000000000000000000 2 0 8 61 62 63 77 79 94 95 96 
79 6065 2.324610000 0.650206000 0.00000000000000000000 1.00000000000000000000 2 0 8 62 63 64 78 80 95 96 97 
80 6066 2.349380000 0.580431000 0.00000000000000000000 1.00000000000000000000 2 0 8 63 64 65 79 81 96 97 98 
81 6067 2.371330000 0.509786000 0.00000000000000000000 1.00000000000000000000 2 0 8 64 65 66 80 82 97 98 99 
82 6068 2.390420000 0.438378000 0.00000000000000000000 1.00000000000000000000 2 0 8 65 66 67 81 83 98 99 100 
83 6069 2.406610000 0.366314000 0.00000000000000000000 1.00000000000000000000 2 0 8 66 67 68 82 84 99 100 101 
84 6070 2.419900000 0.293702000 0.00000000000000000000 1.00000000000000000000 2 0 8 67 68 69 83 85 100 101 102 
85 6071 2.430250000 0.220650000 0.00000000000000000000 1.00000000000000000000 2 0 8 68 69 70 84 86 101 102 103 
86 6072 2.437650000 0.147268000 0.00000000000000000000 1.00000000000000000000 2 0 8 69 70 71 85 87 102 103 104 
87 6073 2.442100000 0.073666000 0.00000000000000000000 1.00000000000000000000 2 0 8 70 71 57 86 72 103 104 88 
88 6074 2.562820000 -0.000049049 0.00000000000000000000 1.00000000000000000000 2 0 8 87 72 73 104 89 121 105 106 
89 6075 2.561240000 -0.078594900 0.00000000000000000000 1.00000000000000000000 2 0 8 72 73 74 88 90 105 106 107 
90 6076 2.556520000 -0.157023000 0.00000000000000000000 1.00000000000000000000 2 0 8 73 74 75 89 91 106 107 108 
91 6077 2.548650000 -0.235215000 0.00000000000000000000 1.00000000000000000000 2 0 8 74 75 76 90 92 107 108 109 
92 6078 2.537650000 -0.313055000 0.00000000000000000000 1.00000000000000000000 2 0 8 75 76 276 91 93 108 109 110 
93 6079 2.523540000 -0.390426000 0.00000000000000000000 1.00000000000000000000 2 0 8 76 276 277 92 279 109 110 281 
94 6080 2.374990000 0.838267000 0.00000000000000000000 1.00000000000000000000 2 0 8 278 77 78 280 95 282 111 112 
95 6081 2.407190000 0.766116000 0.00000000000000000000 1.00000000000000000000 2 0 8 77 78 79 94 96 111 112 113 
96 6082 2.436470000 0.692815000 0.00000000000000000000 1.00000000000000000000 2 0 8 78 79 80 95 97 112 113 114 
97 6083 2.462780000 0.618473000 0.00000000000000000000 1.00000000000000000000 2 0 8 79 80 81 96 98 113 114 115 
98 6084 2.486090000 0.543202000 0.00000000000000000000 1.00000000000000000000 2 0 8 80 81 82 97 99 114 115 116 
99 6085 2.506350000 0.467117000 0.00000000000000000000 1.00000000000000000000 2 0 8 81 82 83 98 100 115 116 117 
100 6086 2.523560000 0.390331000 0.00000000000000000000 1.00000000000000000000 2 0 8 82 83 84 99 101 116 117 118 
101 6087 2.537660000 0.312959000 0.00000000000000000000 1.00000000000000000000 2 0 8 83 84 85 100 102 117 118 119 
102 6088 2.548660000 0.235119000 0.00000000000000000000 1.00000000000000000000 2 0 8 84 85 86 101 103 118 119 120 
103 6089 2.556520000 0.156926000 0.00000000000000000000 1.00000000000000000000 2 0 8 85 86 87 102 104 119 120 121 
104 6090 2.561250000 0.078497300 0.00000000000000000000 1.00000000000000000000 2 0 8 86 87 72 103 88 120 121 105 
105 6091 2.689800000 -0.000051598 0.00000000000000000000 1.00000000000000000000 2 0 8 104 88 89 121 106 138 122 123 
106 6092 2.688120000 -0.083726000 0.00000000000000000000 1.00000000000000000000 2 0 8 88 89 90 105 107 122 123 124 
107 6093 2.683100000 -0.167275000 0.00000000000000000000 1.00000000000000000000 2 0 8 89 90 91 106 108 123 124 125 
108 6094 2.674740000 -0.250572000 0.00000000000000000000 1.00000000000000000000 2 0 8 90 91 92 107 109 124 125 126 
109 6095 2.663060000 -0.333493000 0.00000000000000000000 1.00000000000000000000 2 0 8 91 92 93 108 110 125 126 127 
110 6096 2.648070000 -0.415913000 0.00000000000000000000 1.00000000000000000000 2 0 8 92 93 279 109 281 126 127 283 
111 6097 2.490290000 0.892948000 0.00000000000000000000 1.00000000000000000000 2 0 8 280 94 95 282 112 285 128 129 
112 6098 2.524490000 0.816099000 0.00000000000000000000 1.00000000000000000000 2 0 8 94 95 96 111 113 128 129 130 
113 6099 2.555580000 0.738022000 0.00000000000000000000 1.00000000000000000000 2 0 8 95 96 97 112 114 129 130 131 
114 6100 2.583530000 0.658835000 0.00000000000000000000 1.00000000000000000000 2 0 8 96 97 98 113 115 130 131 132 
115 6101 2.608290000 0.578657000 0.00000000000000000000 1.00000000000000000000 2 0 8 97 98 99 114 116 131 132 133 
116 6102 2.629820000 0.497609000 0.00000000000000000000 1.00000000000000000000 2 0 8 98 99 100 115 117 132 133 134 
117 6103 2.648090000 0.415813000 0.00000000000000000000 1.00000000000000000000 2 0 8 99 100 101 116 118 133 134 135 
118 6104 2.663070000 0.333392000 0.00000000000000000000 1.00000000000000000000 2 0 8 100 101 102 117 119 134 135 136 
119 6105 2.674750000 0.250470000 0.00000000000000000000 1.00000000000000000000 2 0 8 101 102 103 118 120 135 136 137 
120 6106 2.683100000 0.167173000 0.00000000000000000000 1.00000000000000000000 2 0 8 102 103 104 119 121 136 137 138 
121 6107 2.688120000 0.083623400 0.00000000000000000000 1.00000000000000000000 2 0 8 103 104 88 120 105 137 138 122 
122 6108 2.824980000 -0.000054105 0.00000000000000000000 1.00000000000000000000 2 0 8 121 105 106 138 123 155 139 140 
123 6109 2.823200000 -0.089171200 0.00000000000000000000 1.00000000000000000000 2 0 8 105 106 107 122 124 139 140 141 
124 6110 2.817860000 -0.178154000 0.00000000000000000000 1.00000000000000000000 2 0 8 106 107 108 123 125 140 141 142 
125 6111 2.808990000 -0.266869000 0.00000000000000000000 1.00000000000000000000 2 0 8 107 108 109 124 126 141 142 143 
126 6112 2.796580000 -0.355182000 0.00000000000000000000 1.00000000000000000000 2 0 8 108 109 110 125 127 142 143 286 
127 6113 2.780650000 -0.442960000 0.00000000000000000000 1.00000000000000000000 2 0 8 109 110 281 126 283 143 286 287 
128 6114 2.613040000 0.950976000 0.00000000000000000000 1.00000000000000000000 2 0 8 282 111 112 285 129 144 145 146 
129 6115 2.649370000 0.869142000 0.00000000000000000000 1.00000000000000000000 2 0 8 111 112 113 128 130 145 146 147 
130 6116 2.682400000 0.785998000 0.00000000000000000000 1.00000000000000000000 2 0 8 112 113 114 129 131 146 147 148 
131 6117 2.712090000 0.701669000 0.00000000000000000000 1.00000000000000000000 2 0 8 113 114 115 130 132 147 148 149 
132 6118 2.738390000 0.616282000 0.00000000000000000000 1.00000000000000000000 2 0 8 114 115 116 131 133 148 149 150 
133 6119 2.761260000 0.529968000 0.00000000000000000000 1.00000000000000000000 2 0 8 115 116 117 132 134 149 150 151 
134 6120 2.780670000 0.442855000 0.00000000000000000000 1.00000000000000000000 2 0 8 116 117 118 133 135 150 151 152 
135 6121 2.796590000 0.355076000 0.00000000000000000000 1.00000000000000000000 2 0 8 117 118 119 134 136 151 152 153 
136 6122 2.809000000 0.266762000 0.00000000000000000000 1.00000000000000000000 2 0 8 118 119 120 135 137 152 153 154 
137 6123 2.817870000 0.178047000 0.00000000000000000000 1.00000000000000000000 2 0 8 119 120 121 136 138 153 154 155 
138 6124 2.823200000 0.089063500 0.00000000000000000000 1.00000000000000000000 2 0 8 120 121 105 137 122 154 155 139 
139 6125 2.968880000 -0.000056547 0.00000000000000000000 1.00000000000000000000 2 0 8 138 122 123 155 140 172 156 157 
140 6126 2.966990000 -0.094950500 0.00000000000000000000 1.00000000000000000000 2 0 8 122 123 124 139 141 156 157 158 
141 6127 2.961320000 -0.189701000 0.00000000000000000000 1.00000000000000000000 2 0 8 123 124 125 140 142 157 158 159 
142 6128 2.951890000 -0.284166000 0.00000000000000000000 1.00000000000000000000 2 0 8 124 125 126 141 143 158 159 160 
143 6129 2.938700000 -0.378202000 0.00000000000000000000 1.00000000000000000000 2 0 8 125 126 127 142 286 159 160 289 
144 6130 2.701670000 1.098170000 0.00000000000000000000 1.00000000000000000000 2 0 8 284 285 128 288 145 290 161 162 
145 6131 2.743710000 1.012570000 0.00000000000000000000 1.00000000000000000000 2 0 8 285 128 129 144 146 161 162 163 
146 6132 2.782300000 0.925444000 0.00000000000000000000 1.00000000000000000000 2 0 8 128 129 130 145 147 162 163 164 
147 6133 2.817400000 0.836921000 0.00000000000000000000 1.00000000000000000000 2 0 8 129 130 131 146 148 163 164 165 
148 6134 2.848940000 0.747134000 0.00000000000000000000 1.00000000000000000000 2 0 8 130 131 132 147 149 164 165 166 
149 6135 2.876880000 0.656219000 0.00000000000000000000 1.00000000000000000000 2 0 8 131 132 133 148 150 165 166 167 
150 6136 2.901180000 0.564315000 0.00000000000000000000 1.00000000000000000000 2 0 8 132 133 134 149 151 166 167 168 
151 6137 2.921800000 0.471559000 0.00000000000000000000 1.00000000000000000000 2 0 8 133 134 135 150 152 167 168 169 
152 6138 2.938720000 0.378092000 0.00000000000000000000 1.00000000000000000000 2 0 8 134 135 136 151 153 168 169 170 
153 6139 2.951900000 0.284055000 0.00000000000000000000 1.00000000000000000000 2 0 8 135 136 137 152 154 169 170 171 
154 6140 2.961330000 0.189589000 0.00000000000000000000 1.00000000000000000000 2 0 8 136 137 138 153 155 170 171 172 
155 6141 2.966990000 0.094838000 0.00000000000000000000 1.00000000000000000000 2 0 8 137 138 122 154 139 171 172 156 
156 6142 3.122030000 -0.000058901 0.00000000000000000000 1.00000000000000000000 2 0 8 155 139 140 172 157 188 173 174 
157 6143 3.120020000 -0.101086000 0.00000000000000000000 1.00000000000000000000 2 0 8 139 140 141 156 158 173 174 175 
158 6144 3.114000000 -0.201960000 0.00000000000000000000 1.00000000000000000000 2 0 8 140 141 142 157 159 174 175 176 
159 6145 3.103970000 -0.302529000 0.00000000000000000000 1.00000000000000000000 2 0 8 141 142 143 158 160 175 176 177 
160 6146 3.089960000 -0.402641000 0.00000000000000000000 1.00000000000000000000 2 0 8 142 143 286 159 289 176 177 291 
161 6147 2.838110000 1.169070000 0.00000000000000000000 1.00000000000000000000 2 0 8 288 144 145 290 162 292 293 178 
162 6148 2.882780000 1.077960000 0.00000000000000000000 1.00000000000000000000 2 0 8 144 145 146 161 163 293 178 179 
163 6149 2.923790000 0.985215000 0.00000000000000000000 1.00000000000000000000 2 0 8 145 146 147 162 164 178 179 180 
164 6150 2.961070000 0.890982000 0.00000000000000000000 1.00000000000000000000 2 0 8 146 147 148 163 165 179 180 181 
165 6151 2.994590000 0.795401000 0.00000000000000000000 1.00000000000000000000 2 0 8 147 148 149 164 166 180 181 182 
166 6152 3.024280000 0.698617000 0.00000000000000000000 1.00000000000000000000 2 0 8 148 149 150 165 167 181 182 183 
167 6153 3.050100000 0.600778000 0.00000000000000000000 1.00000000000000000000 2 0 8 149 150 151 166 168 182 183 184 
168 6154 3.072010000 0.502031000 0.00000000000000000000 1.00000000000000000000 2 0 8 150 151 152 167 169 183 184 185 
169 6155 3.089980000 0.402526000 0.00000000000000000000 1.00000000000000000000 2 0 8 151 152 153 168 170 184 185 186 
170 6156 3.103990000 0.302413000 0.00000000000000000000 1.00000000000000000000 2 0 8 152 153 154 169 171 185 186 187 
171 6157 3.114010000 0.201843000 0.00000000000000000000 1.00000000000000000000 2 0 8 153 154 155 170 172 186 187 188 
172 6158 3.120020000 0.100969000 0.00000000000000000000 1.00000000000000000000 2 0 8 154 155 139 171 156 187 188 173 
173 6159 3.285010000 -0.000061140 0.00000000000000000000 1.00000000000000000000 2 0 8 172 156 157 188 174 203 189 190 
174 6160 3.282870000 -0.107600000 0.00000000000000000000 1.00000000000000000000 2 0 8 156 157 158 173 175 189 190 191 
175 6161 3.276470000 -0.214976000 0.00000000000000000000 1.00000000000000000000 2 0 8 157 158 159 174 176 190 191 192 
176 6162 3.265820000 -0.322027000 0.00000000000000000000 1.00000000000000000000 2 0 8 158 159 160 175 177 191 192 193 
177 6163 3.250930000 -0.428590000 0.00000000000000000000 1.00000000000000000000 2 0 8 159 160 289 176 291 192 193 294 
178 6164 3.030760000 1.147390000 0.00000000000000000000 1.00000000000000000000 2 0 8 161 162 163 293 179 295 296 194 
179 6165 3.074340000 1.048680000 0.00000000000000000000 1.00000000000000000000 2 0 8 162 163 164 178 180 296 194 195 
180 6166 3.113960000 0.948383000 0.00000000000000000000 1.00000000000000000000 2 0 8 163 164 165 179 181 194 195 196 
181 6167 3.149580000 0.846650000 0.00000000000000000000 1.00000000000000000000 2 0 8 164 165 166 180 182 195 196 197 
182 6168 3.181130000 0.743635000 0.00000000000000000000 1.00000000000000000000 2 0 8 165 166 167 181 183 196 197 198 
183 6169 3.208560000 0.639495000 0.00000000000000000000 1.00000000000000000000 2 0 8 166 167 168 182 184 197 198 199 
184 6170 3.231850000 0.534387000 0.00000000000000000000 1.00000000000000000000 2 0 8 167 168 169 183 185 198 199 200 
185 6171 3.250950000 0.428471000 0.00000000000000000000 1.00000000000000000000 2 0 8 168 169 170 184 186 199 200 201 
186 6172 3.265830000 0.321906000 0.00000000000000000000 1.00000000000000000000 2 0 8 169 170 171 185 187 200 201 202 
187 6173 3.276480000 0.214855000 0.00000000000000000000 1.00000000000000000000 2 0 8 170 171 172 186 188 201 202 203 
188 6174 3.282870000 0.107478000 0.00000000000000000000 1.00000000000000000000 2 0 8 171 172 156 187 173 202 203 189 
189 6175 3.458410000 -0.000063233 0.00000000000000000000 1.00000000000000000000 2 0 8 188 173 174 203 190 216 204 205 
190 6176 3.456140000 -0.114517000 0.00000000000000000000 1.00000000000000000000 2 0 8 173 174 175 189 191 204 205 206 
191 6177 3.449340000 -0.228797000 0.00000000000000000000 1.00000000000000000000 2 0 8 174 175 176 190 192 205 206 207 
192 6178 3.438020000 -0.342731000 0.00000000000000000000 1.00000000000000000000 2 0 8 175 176 177 191 193 206 207 297 
193 6179 3.422200000 -0.456146000 0.00000000000000000000 1.00000000000000000000 2 0 8 176 177 291 192 294 207 297 298 
194 6180 3.234530000 1.116080000 0.00000000000000000000 1.00000000000000000000 2 0 8 178 179 180 296 195 299 300 208 
195 6181 3.276640000 1.009340000 0.00000000000000000000 1.00000000000000000000 2 0 8 179 180 181 194 196 300 208 209 
196 6182 3.314490000 0.901073000 0.00000000000000000000 1.00000000000000000000 2 0 8 180 181 182 195 197 208 209 210 
197 6183 3.348010000 0.791441000 0.00000000000000000000 1.00000000000000000000 2 0 8 181 182 183 196 198 209 210 211 
198 6184 3.377170000 0.680610000 0.00000000000000000000 1.00000000000000000000 2 0 8 182 183 184 197 199 210 211 212 
199 6185 3.401920000 0.568747000 0.00000000000000000000 1.00000000000000000000 2 0 8 183 184 185 198 200 211 212 213 
200 6186 3.422220000 0.456022000 0.00000000000000000000 1.00000000000000000000 2 0 8 184 185 186 199 201 212 213 214 
201 6187 3.438030000 0.342607000 0.00000000000000000000 1.00000000000000000000 2 0 8 185 186 187 200 202 213 214 215 
202 6188 3.449350000 0.228672000 0.00000000000000000000 1.00000000000000000000 2 0 8 186 187 188 201 203 214 215 216 
203 6189 3.456140000 0.114391000 0.00000000000000000000 1.00000000000000000000 2 0 8 187 188 173 202 189 215 216 204 
204 6190 3.642900000 -0.000065148 0.00000000000000000000 1.00000000000000000000 2 0 8 203 189 190 216 205 227 217 218 
205 6191 3.640480000 -0.121863000 0.00000000000000000000 1.00000000000000000000 2 0 8 189 190 191 204 206 217 218 219 
206 6192 3.633260000 -0.243477000 0.00000000000000000000 1.00000000000000000000 2 0 8 190 191 192 205 207 218 219 301 
207 6193 3.621230000 -0.364720000 0.00000000000000000000 1.00000000000000000000 2 0 8 191 192 193 206 297 219 301 302 
208 6194 3.449710000 1.074080000 0.00000000000000000000 1.00000000000000000000 2 0 8 194 195 196 300 209 303 304 220 
209 6195 3.489930000 0.958875000 0.00000000000000000000 1.00000000000000000000 2 0 8 195 196 197 208 210 304 220 221 
210 6196 3.525560000 0.842215000 0.00000000000000000000 1.00000000000000000000 2 0 8 196 197 198 209 211 220 221 222 
211 6197 3.556550000 0.724276000 0.00000000000000000000 1.00000000000000000000 2 0 8 197 198 199 210 212 221 222 223 
212 6198 3.582850000 0.605239000 0.00000000000000000000 1.00000000000000000000 2 0 8 198 199 200 211 213 222 223 224 
213 6199 3.604430000 0.485284000 0.00000000000000000000 1.00000000000000000000 2 0 8 199 200 201 212 214 223 224 225 
214 6200 3.621240000 0.364592000 0.00000000000000000000 1.00000000000000000000 2 0 8 200 201 202 213 215 224 225 226 
215 6201 3.633260000 0.243347000 0.00000000000000000000 1.00000000000000000000 2 0 8 201 202 203 214 216 225 226 227 
216 6202 3.640490000 0.121734000 0.00000000000000000000 1.00000000000000000000 2 0 8 202 203 189 215 204 226 227 217 
217 6203 3.839150000 -0.000066851 0.00000000000000000000 1.00000000000000000000 2 0 8 216 204 205 227 218 234 305 306 
218 6204 3.836590000 -0.129666000 0.00000000000000000000 1.00000000000000000000 2 0 8 204 205 206 217 219 305 306 307 
219 6205 3.828900000 -0.259068000 0.00000000000000000000 1.00000000000000000000 2 0 8 205 206 207 218 301 306 307 308 
220 6206 3.676570000 1.020270000 0.00000000000000000000 1.00000000000000000000 2 0 8 208 209 210 304 221 309 310 228 
221 6207 3.714440000 0.896146000 0.00000000000000000000 1.00000000000000000000 2 0 8 209 210 211 220 222 310 228 229 
222 6208 3.747380000 0.770659000 0.00000000000000000000 1.00000000000000000000 2 0 8 210 211 212 221 223 228 229 230 
223 6209 3.775330000 0.644001000 0.00000000000000000000 1.00000000000000000000 2 0 8 211 212 213 222 224 229 230 231 
224 6210 3.798260000 0.516365000 0.00000000000000000000 1.00000000000000000000 2 0 8 212 213 214 223 225 230 231 232 
225 6211 3.816130000 0.387945000 0.00000000000000000000 1.00000000000000000000 2 0 8 213 214 215 224 226 231 232 233 
226 6212 3.828910000 0.258936000 0.00000000000000000000 1.00000000000000000000 2 0 8 214 215 216 225 227 232 233 234 
227 6213 3.836590000 0.129533000 0.00000000000000000000 1.00000000000000000000 2 0 8 215 216 204 226 217 233 234 305 
228 6214 3.915350000 0.953437000 0.00000000000000000000 1.00000000000000000000 2 0 8 220 221 222 310 229 312 313 235 
229 6215 3.950360000 0.819931000 0.00000000000000000000 1.00000000000000000000 2 0 8 221 222 223 228 230 313 235 236 
230 6216 3.980070000 0.685178000 0.00000000000000000000 1.00000000000000000000 2 0 8 222 223 224 229 231 235 236 237 
231 6217 4.004440000 0.549384000 0.00000000000000000000 1.00000000000000000000 2 0 8 223 224 225 230 232 236 237 238 
232 6218 4.023440000 0.412753000 0.00000000000000000000 1.00000000000000000000 2 0 8 224 225 226 231 233 237 238 239 
233 6219 4.037020000 0.275495000 0.00000000000000000000 1.00000000000000000000 2 0 8 225 226 227 232 234 238 239 314 
234 6220 4.045180000 0.137818000 0.00000000000000000000 1.00000000000000000000 2 0 8 226 227 217 233 305 239 314 311 
235 6221 4.166250000 0.872278000 0.00000000000000000000 1.00000000000000000000 2 0 8 228 229 230 313 236 315 316 240 
236 6222 4.197830000 0.728925000 0.00000000000000000000 1.00000000000000000000 2 0 8 229 230 231 235 237 316 240 241 
237 6223 4.223740000 0.584462000 0.00000000000000000000 1.00000000000000000000 2 0 8 230 231 232 236 238 240 241 317 
238 6224 4.243930000 0.439110000 0.00000000000000000000 1.00000000000000000000 2 0 8 231 232 233 237 239 241 317 318 
239 6225 4.258370000 0.293089000 0.00000000000000000000 1.00000000000000000000 2 0 8 232 233 234 238 314 317 318 319 
240 6226 4.429440000 0.775406000 0.00000000000000000000 1.00000000000000000000 2 0 8 235 236 237 316 241 320 321 322 
241 6227 4.456980000 0.621733000 0.00000000000000000000 1.00000000000000000000 2 0 8 236 237 238 240 317 321 322 323 
242 3539 1.62235 0.242744 2 0
243 3540 1.6319 0.202822 2 0
244 5169 1.63972 0.162606 2 0
245 5170 1.64582 0.122155 2 0
246 3552 1.67522 0.302237 2 0
247 3553 1.68713 0.259879 2 0
248 5185 1.71197 0.130782 2 0
249 5186 1.71659 0.0872847 2 0
250 3562 1.72925 0.368129 2 0
251 3563 1.74376 0.323297 2 0
252 5200 1.78759 0.0933712 2 0
253 5201 1.79053 0.0467053 2 0
254 5202 1.8676 -3.14541e-05 2 0
255 3570 1.78425 0.440823 2 0
256 3571 1.80162 0.393487 2 0
257 5214 1.86656 0.0499256 2 0
258 5215 1.94884 -3.38482e-05 2 0
259 5216 1.94774 -0.053401 2 0
260 3576 1.83998 0.520743 2 0
261 3577 1.86047 0.470882 2 0
262 5227 2.03436 -0.0570147 2 0
263 5228 2.03085 -0.113909 2 0
264 3579 1.89617 0.60833 2 0
265 3580 1.92007 0.555933 2 0
266 5238 2.12303 -0.121556 2 0
267 5239 2.11684 -0.182089 2 0
268 4174 1.95251 0.704045 2 0
269 3581 1.98013 0.649111 2 0
270 5246 2.21474 -0.194228 2 0
271 5247 2.20555 -0.258507 2 0
272 4192 2.04034 0.750908 2 0
273 5252 2.30932 -0.275632 2 0
274 5253 2.29681 -0.343757 2 0
275 4210 2.13395 0.800589 2 0
276 5256 2.4066 -0.366404 2 0
277 5257 2.3904 -0.438467 2 0
278 4227 2.23368 0.853274 2 0
279 6981 2.50633 -0.467211 2 0
280 4243 2.33991 0.909158 2 0
281 6992 2.62979 -0.497708 2 0
282 4258 2.45303 0.968451 2 0
283 7004 2.76124 -0.530071 2 0
284 4271 2.53071 1.11022 2 0
285 4272 2.57347 1.03138 2 0
286 7016 2.92178 -0.471668 2 0
287 7017 2.90116 -0.564423 2 0
288 4284 2.65624 1.1821 2 0
289 7029 3.07199 -0.502146 2 0
290 3584 2.78985 1.25842 2 0
291 7042 3.23183 -0.534505 2 0
292 3588 2.93202 1.33944 2 0
293 3589 2.9833 1.24436 2 0
294 7055 3.4019 -0.568869 2 0
295 3595 3.13779 1.32431 2 0
296 3596 3.18822 1.22112 2 0
297 7069 3.60441 -0.485411 2 0
298 7070 3.58283 -0.605365 2 0
299 3606 3.35574 1.29943 2 0
300 3607 3.40496 1.18765 2 0
301 7085 3.81612 -0.388077 2 0
302 7086 3.79824 -0.516496 2 0
303 3618 3.58625 1.26368 2 0
304 3619 3.63382 1.14285 2 0
305 6228 4.04791 -6.83022e-05 2 0
306 6229 4.04518 -0.137954 2 0
307 6230 4.03701 -0.275631 2 0
308 6231 4.02342 -0.412888 2 0
309 3631 3.82965 1.2159 2 0
310 3632 3.87509 1.08549 2 0
311 6232 4.26994 -6.94603e-05 2 0
312 3644 4.08624 1.15478 2 0
313 3645 4.12903 1.0143 2 0
314 6237 4.26705 0.146621 2 0
315 3657 4.3563 1.07897 2 0
316 3658 4.39586 0.927896 2 0
317 6244 4.47844 0.467113 2 0
318 6245 4.49379 0.311782 2 0
319 6246 4.50301 0.155975 2 0
320 3670 4.64005 0.986994 2 0
321 3671 4.67574 0.824794 2 0
322 6254 4.70502 0.661336 2 0
323 6255 4.72783 0.496869 2 0
