313 235 78
1 716 -0.105665000 1.808260000 0.00000000000000000000 1.00000000000000000000 2 0 8 236 237 238 241 2 3 4 5 
2 717 -0.031658000 1.829300000 0.00000000000000000000 1.00000000000000000000 2 0 8 237 238 239 1 242 4 5 6 
3 718 -0.220022000 1.899740000 0.00000000000000000000 1.00000000000000000000 2 0 8 240 241 1 245 4 7 8 9 
4 719 -0.142487000 1.925170000 0.00000000000000000000 1.00000000000000000000 2 0 8 241 1 2 3 5 8 9 10 
5 720 -0.064003800 1.947610000 0.00000000000000000000 1.00000000000000000000 2 0 8 1 2 242 4 6 9 10 11 
6 721 0.015305900 1.967030000 0.00000000000000000000 1.00000000000000000000 2 0 8 2 242 243 5 246 10 11 12 
7 722 -0.345042000 1.991840000 0.00000000000000000000 1.00000000000000000000 2 0 8 244 245 3 249 8 13 14 15 
8 723 -0.263939000 2.022100000 0.00000000000000000000 1.00000000000000000000 2 0 8 245 3 4 7 9 14 15 16 
9 724 -0.181697000 2.049220000 0.00000000000000000000 1.00000000000000000000 2 0 8 3 4 5 8 10 15 16 17 
10 725 -0.098446500 2.073150000 0.00000000000000000000 1.00000000000000000000 2 0 8 4 5 6 9 11 16 17 18 
11 726 -0.014316500 2.093860000 0.00000000000000000000 1.00000000000000000000 2 0 8 5 6 246 10 12 17 18 19 
12 727 0.070561400 2.111330000 0.00000000000000000000 1.00000000000000000000 2 0 8 6 246 247 11 250 18 19 20 
13 728 -0.481428000 2.084170000 0.00000000000000000000 1.00000000000000000000 2 0 8 248 249 7 253 14 21 22 23 
14 729 -0.396732000 2.119710000 0.00000000000000000000 1.00000000000000000000 2 0 8 249 7 8 13 15 22 23 24 
15 730 -0.310691000 2.151960000 0.00000000000000000000 1.00000000000000000000 2 0 8 7 8 9 14 16 23 24 25 
16 731 -0.223440000 2.180860000 0.00000000000000000000 1.00000000000000000000 2 0 8 8 9 10 15 17 24 25 26 
17 732 -0.135114000 2.206370000 0.00000000000000000000 1.00000000000000000000 2 0 8 9 10 11 16 18 25 26 27 
18 733 -0.045853000 2.228460000 0.00000000000000000000 1.00000000000000000000 2 0 8 10 11 12 17 19 26 27 28 
19 734 0.044205000 2.247100000 0.00000000000000000000 1.00000000000000000000 2 0 8 11 12 250 18 20 27 28 29 
20 735 0.134920000 2.262250000 0.00000000000000000000 1.00000000000000000000 2 0 8 12 250 251 19 254 28 29 30 
21 736 -0.629913000 2.176270000 0.00000000000000000000 1.00000000000000000000 2 0 8 252 253 13 257 22 31 32 33 
22 737 -0.541617000 2.217580000 0.00000000000000000000 1.00000000000000000000 2 0 8 253 13 14 21 23 32 33 34 
23 738 -0.451751000 2.255440000 0.00000000000000000000 1.00000000000000000000 2 0 8 13 14 15 22 24 33 34 35 
24 739 -0.360454000 2.289790000 0.00000000000000000000 1.00000000000000000000 2 0 8 14 15 16 23 25 34 35 36 
25 740 -0.267870000 2.320590000 0.00000000000000000000 1.00000000000000000000 2 0 8 15 16 17 24 26 35 36 37 
26 741 -0.174144000 2.347780000 0.00000000000000000000 1.00000000000000000000 2 0 8 16 17 18 25 27 36 37 38 
27 742 -0.079421000 2.371330000 0.00000000000000000000 1.00000000000000000000 2 0 8 17 18 19 26 28 37 38 39 
28 743 0.016150500 2.391210000 0.00000000000000000000 1.00000000000000000000 2 0 8 18 19 20 27 29 38 39 40 
29 744 0.112422000 2.407390000 0.00000000000000000000 1.00000000000000000000 2 0 8 19 20 254 28 30 39 40 41 
30 745 0.209244000 2.419830000 0.00000000000000000000 1.00000000000000000000 2 0 8 20 254 255 29 258 40 41 42 
31 746 -0.791252000 2.267630000 0.00000000000000000000 1.00000000000000000000 2 0 8 256 257 21 261 32 43 44 45 
32 747 -0.699370000 2.315220000 0.00000000000000000000 1.00000000000000000000 2 0 8 257 21 22 31 33 44 45 46 
33 748 -0.605671000 2.359210000 0.00000000000000000000 1.00000000000000000000 2 0 8 21 22 23 32 34 45 46 47 
34 749 -0.510303000 2.399530000 0.00000000000000000000 1.00000000000000000000 2 0 8 22 23 24 33 35 46 47 48 
35 750 -0.413413000 2.436120000 0.00000000000000000000 1.00000000000000000000 2 0 8 23 24 25 34 36 47 48 49 
36 751 -0.315155000 2.468930000 0.00000000000000000000 1.00000000000000000000 2 0 8 24 25 26 35 37 48 49 50 
37 752 -0.215681000 2.497900000 0.00000000000000000000 1.00000000000000000000 2 0 8 25 26 27 36 38 49 50 51 
38 753 -0.115146000 2.523010000 0.00000000000000000000 1.00000000000000000000 2 0 8 26 27 28 37 39 50 51 52 
39 754 -0.013706700 2.544200000 0.00000000000000000000 1.00000000000000000000 2 0 8 27 28 29 38 40 51 52 53 
40 755 0.088478600 2.561460000 0.00000000000000000000 1.00000000000000000000 2 0 8 28 29 30 39 41 52 53 54 
41 756 0.191251000 2.574750000 0.00000000000000000000 1.00000000000000000000 2 0 8 29 30 258 40 42 53 54 55 
42 757 0.294453000 2.584070000 0.00000000000000000000 1.00000000000000000000 2 0 8 30 258 259 41 262 54 55 56 
43 758 -0.966225000 2.357690000 0.00000000000000000000 1.00000000000000000000 2 0 8 260 261 31 265 44 57 58 59 
44 759 -0.870792000 2.412100000 0.00000000000000000000 1.00000000000000000000 2 0 8 261 31 32 43 45 58 59 60 
45 760 -0.773276000 2.462750000 0.00000000000000000000 1.00000000000000000000 2 0 8 31 32 33 44 46 59 60 61 
46 761 -0.673828000 2.509580000 0.00000000000000000000 1.00000000000000000000 2 0 8 32 33 34 45 47 60 61 62 
47 762 -0.572605000 2.552510000 0.00000000000000000000 1.00000000000000000000 2 0 8 33 34 35 46 48 61 62 63 
48 763 -0.469765000 2.591480000 0.00000000000000000000 1.00000000000000000000 2 0 8 34 35 36 47 49 62 63 64 
49 764 -0.365469000 2.626420000 0.00000000000000000000 1.00000000000000000000 2 0 8 35 36 37 48 50 63 64 65 
50 765 -0.259879000 2.657300000 0.00000000000000000000 1.00000000000000000000 2 0 8 36 37 38 49 51 64 65 66 
51 766 -0.153160000 2.684050000 0.00000000000000000000 1.00000000000000000000 2 0 8 37 38 39 50 52 65 66 67 
52 767 -0.045477900 2.706640000 0.00000000000000000000 1.00000000000000000000 2 0 8 38 39 40 51 53 66 67 68 
53 768 0.062999800 2.725050000 0.00000000000000000000 1.00000000000000000000 2 0 8 39 40 41 52 54 67 68 69 
54 769 0.172105000 2.739240000 0.00000000000000000000 1.00000000000000000000 2 0 8 40 41 42 53 55 68 69 70 
55 770 0.281668000 2.749200000 0.00000000000000000000 1.00000000000000000000 2 0 8 41 42 262 54 56 69 70 71 
56 771 0.391520000 2.754910000 0.00000000000000000000 1.00000000000000000000 2 0 8 42 262 263 55 266 70 71 72 
57 772 -1.155640000 2.445780000 0.00000000000000000000 1.00000000000000000000 2 0 8 264 265 43 269 58 73 74 75 
58 773 -1.056710000 2.507590000 0.00000000000000000000 1.00000000000000000000 2 0 8 265 43 44 57 59 74 75 76 
59 774 -0.955416000 2.565500000 0.00000000000000000000 1.00000000000000000000 2 0 8 43 44 45 58 60 75 76 77 
60 775 -0.851905000 2.619420000 0.00000000000000000000 1.00000000000000000000 2 0 8 44 45 46 59 61 76 77 78 
61 776 -0.746342000 2.669270000 0.00000000000000000000 1.00000000000000000000 2 0 8 45 46 47 60 62 77 78 79 
62 777 -0.638891000 2.714970000 0.00000000000000000000 1.00000000000000000000 2 0 8 46 47 48 61 63 78 79 80 
63 778 -0.529720000 2.756460000 0.00000000000000000000 1.00000000000000000000 2 0 8 47 48 49 62 64 79 80 81 
64 779 -0.419000000 2.793670000 0.00000000000000000000 1.00000000000000000000 2 0 8 48 49 50 63 65 80 81 82 
65 780 -0.306904000 2.826550000 0.00000000000000000000 1.00000000000000000000 2 0 8 49 50 51 64 66 81 82 83 
66 781 -0.193606000 2.855060000 0.00000000000000000000 1.00000000000000000000 2 0 8 50 51 52 65 67 82 83 84 
67 782 -0.079281600 2.879140000 0.00000000000000000000 1.00000000000000000000 2 0 8 51 52 53 66 68 83 84 85 
68 783 0.035890700 2.898770000 0.00000000000000000000 1.00000000000000000000 2 0 8 52 53 54 67 69 84 85 86 
69 784 0.151732000 2.913910000 0.00000000000000000000 1.00000000000000000000 2 0 8 53 54 55 68 70 85 86 87 
70 785 0.268064000 2.924560000 0.00000000000000000000 1.00000000000000000000 2 0 8 54 55 56 69 71 86 87 88 
71 786 0.384706000 2.930680000 0.00000000000000000000 1.00000000000000000000 2 0 8 55 56 266 70 72 87 88 89 
72 787 0.501477000 2.932290000 0.00000000000000000000 1.00000000000000000000 2 0 8 56 266 267 71 270 88 89 90 
73 788 -1.360310000 2.531210000 0.00000000000000000000 1.00000000000000000000 2 0 8 268 269 57 273 74 91 92 93 
74 789 -1.257980000 2.601030000 0.00000000000000000000 1.00000000000000000000 2 0 8 269 57 58 73 75 92 93 94 
75 790 -1.152970000 2.666790000 0.00000000000000000000 1.00000000000000000000 2 0 8 57 58 59 74 76 93 94 95 
76 791 -1.045440000 2.728410000 0.00000000000000000000 1.00000000000000000000 2 0 8 58 59 60 75 77 94 95 96 
77 792 -0.935552000 2.785790000 0.00000000000000000000 1.00000000000000000000 2 0 8 59 60 61 76 78 95 96 97 
78 793 -0.823482000 2.838850000 0.00000000000000000000 1.00000000000000000000 2 0 8 60 61 62 77 79 96 97 98 
79 794 -0.709406000 2.887500000 0.00000000000000000000 1.00000000000000000000 2 0 8 61 62 63 78 80 97 98 99 
80 795 -0.593501000 2.931670000 0.00000000000000000000 1.00000000000000000000 2 0 8 62 63 64 79 81 98 99 100 
81 796 -0.475948000 2.971290000 0.00000000000000000000 1.00000000000000000000 2 0 8 63 64 65 80 82 99 100 101 
82 797 -0.356931000 3.006310000 0.00000000000000000000 1.00000000000000000000 2 0 8 64 65 66 81 83 100 101 102 
83 798 -0.236633000 3.036670000 0.00000000000000000000 1.00000000000000000000 2 0 8 65 66 67 82 84 101 102 103 
84 799 -0.115244000 3.062340000 0.00000000000000000000 1.00000000000000000000 2 0 8 66 67 68 83 85 102 103 104 
85 800 0.007050210 3.083260000 0.00000000000000000000 1.00000000000000000000 2 0 8 67 68 69 84 86 103 104 105 
86 801 0.130059000 3.099420000 0.00000000000000000000 1.00000000000000000000 2 0 8 68 69 70 85 87 104 105 106 
87 802 0.253591000 3.110790000 0.00000000000000000000 1.00000000000000000000 2 0 8 69 70 71 86 88 105 106 107 
88 803 0.377456000 3.117360000 0.00000000000000000000 1.00000000000000000000 2 0 8 70 71 72 87 89 106 107 108 
89 804 0.501463000 3.119110000 0.00000000000000000000 1.00000000000000000000 2 0 8 71 72 270 88 90 107 108 109 
90 805 0.625419000 3.116060000 0.00000000000000000000 1.00000000000000000000 2 0 8 72 270 271 89 274 108 109 277 
91 806 -1.581090000 2.613180000 0.00000000000000000000 1.00000000000000000000 2 0 8 272 273 73 276 92 110 111 112 
92 807 -1.475480000 2.691640000 0.00000000000000000000 1.00000000000000000000 2 0 8 273 73 74 91 93 111 112 113 
93 808 -1.366850000 2.765910000 0.00000000000000000000 1.00000000000000000000 2 0 8 73 74 75 92 94 112 113 114 
94 809 -1.255360000 2.835880000 0.00000000000000000000 1.00000000000000000000 2 0 8 74 75 76 93 95 113 114 115 
95 810 -1.141200000 2.901450000 0.00000000000000000000 1.00000000000000000000 2 0 8 75 76 77 94 96 114 115 116 
96 811 -1.024530000 2.962510000 0.00000000000000000000 1.00000000000000000000 2 0 8 76 77 78 95 97 115 116 117 
97 812 -0.905536000 3.018970000 0.00000000000000000000 1.00000000000000000000 2 0 8 77 78 79 96 98 116 117 118 
98 813 -0.784413000 3.070740000 0.00000000000000000000 1.00000000000000000000 2 0 8 78 79 80 97 99 117 118 119 
99 814 -0.661345000 3.117760000 0.00000000000000000000 1.00000000000000000000 2 0 8 79 80 81 98 100 118 119 120 
100 815 -0.536525000 3.159940000 0.00000000000000000000 1.00000000000000000000 2 0 8 80 81 82 99 101 119 120 121 
101 816 -0.410145000 3.197230000 0.00000000000000000000 1.00000000000000000000 2 0 8 81 82 83 100 102 120 121 122 
102 817 -0.282404000 3.229570000 0.00000000000000000000 1.00000000000000000000 2 0 8 82 83 84 101 103 121 122 123 
103 818 -0.153498000 3.256910000 0.00000000000000000000 1.00000000000000000000 2 0 8 83 84 85 102 104 122 123 124 
104 819 -0.023629200 3.279220000 0.00000000000000000000 1.00000000000000000000 2 0 8 84 85 86 103 105 123 124 125 
105 820 0.107002000 3.296450000 0.00000000000000000000 1.00000000000000000000 2 0 8 85 86 87 104 106 124 125 126 
106 821 0.238194000 3.308600000 0.00000000000000000000 1.00000000000000000000 2 0 8 86 87 88 105 107 125 126 127 
107 822 0.369742000 3.315630000 0.00000000000000000000 1.00000000000000000000 2 0 8 87 88 89 106 108 126 127 128 
108 823 0.501445000 3.317550000 0.00000000000000000000 1.00000000000000000000 2 0 8 88 89 90 107 109 127 128 129 
109 824 0.633098000 3.314350000 0.00000000000000000000 1.00000000000000000000 2 0 8 89 90 274 108 277 128 129 279 
110 825 -1.818850000 2.690820000 0.00000000000000000000 1.00000000000000000000 2 0 8 275 276 91 278 111 280 130 131 
111 826 -1.710110000 2.778590000 0.00000000000000000000 1.00000000000000000000 2 0 8 276 91 92 110 112 130 131 132 
112 827 -1.597980000 2.862040000 0.00000000000000000000 1.00000000000000000000 2 0 8 91 92 93 111 113 131 132 133 
113 828 -1.482640000 2.941050000 0.00000000000000000000 1.00000000000000000000 2 0 8 92 93 94 112 114 132 133 134 
114 829 -1.364270000 3.015490000 0.00000000000000000000 1.00000000000000000000 2 0 8 93 94 95 113 115 133 134 135 
115 830 -1.243040000 3.085240000 0.00000000000000000000 1.00000000000000000000 2 0 8 94 95 96 114 116 134 135 136 
116 831 -1.119160000 3.150210000 0.00000000000000000000 1.00000000000000000000 2 0 8 95 96 97 115 117 135 136 137 
117 832 -0.992810000 3.210290000 0.00000000000000000000 1.00000000000000000000 2 0 8 96 97 98 116 118 136 137 138 
118 833 -0.864192000 3.265390000 0.00000000000000000000 1.00000000000000000000 2 0 8 97 98 99 117 119 137 138 139 
119 834 -0.733506000 3.315430000 0.00000000000000000000 1.00000000000000000000 2 0 8 98 99 100 118 120 138 139 140 
120 835 -0.600956000 3.360330000 0.00000000000000000000 1.00000000000000000000 2 0 8 99 100 101 119 121 139 140 141 
121 836 -0.466746000 3.400030000 0.00000000000000000000 1.00000000000000000000 2 0 8 100 101 102 120 122 140 141 142 
122 837 -0.331087000 3.434470000 0.00000000000000000000 1.00000000000000000000 2 0 8 101 102 103 121 123 141 142 143 
123 838 -0.194188000 3.463600000 0.00000000000000000000 1.00000000000000000000 2 0 8 102 103 104 122 124 142 143 144 
124 839 -0.056262000 3.487370000 0.00000000000000000000 1.00000000000000000000 2 0 8 103 104 105 123 125 143 144 145 
125 840 0.082477300 3.505750000 0.00000000000000000000 1.00000000000000000000 2 0 8 104 105 106 124 126 144 145 146 
126 841 0.221815000 3.518710000 0.00000000000000000000 1.00000000000000000000 2 0 8 105 106 107 125 127 145 146 147 
127 842 0.361536000 3.526250000 0.00000000000000000000 1.00000000000000000000 2 0 8 106 107 108 126 128 146 147 148 
128 843 0.501424000 3.528340000 0.00000000000000000000 1.00000000000000000000 2 0 8 107 108 109 127 129 147 148 149 
129 844 0.641264000 3.524990000 0.00000000000000000000 1.00000000000000000000 2 0 8 108 109 277 128 279 148 149 281 
130 845 -1.962780000 2.860940000 0.00000000000000000000 1.00000000000000000000 2 0 8 278 110 111 280 131 282 150 151 
131 846 -1.847320000 2.954300000 0.00000000000000000000 1.00000000000000000000 2 0 8 110 111 112 130 132 150 151 152 
132 847 -1.728260000 3.043060000 0.00000000000000000000 1.00000000000000000000 2 0 8 111 112 113 131 133 151 152 153 
133 848 -1.605780000 3.127100000 0.00000000000000000000 1.00000000000000000000 2 0 8 112 113 114 132 134 152 153 154 
134 849 -1.480080000 3.206280000 0.00000000000000000000 1.00000000000000000000 2 0 8 113 114 115 133 135 153 154 155 
135 850 -1.351360000 3.280490000 0.00000000000000000000 1.00000000000000000000 2 0 8 114 115 116 134 136 154 155 156 
136 851 -1.219800000 3.349610000 0.00000000000000000000 1.00000000000000000000 2 0 8 115 116 117 135 137 155 156 157 
137 852 -1.085630000 3.413530000 0.00000000000000000000 1.00000000000000000000 2 0 8 116 117 118 136 138 156 157 158 
138 853 -0.949039000 3.472160000 0.00000000000000000000 1.00000000000000000000 2 0 8 117 118 119 137 139 157 158 159 
139 854 -0.810252000 3.525420000 0.00000000000000000000 1.00000000000000000000 2 0 8 118 119 120 138 140 158 159 160 
140 855 -0.669481000 3.573210000 0.00000000000000000000 1.00000000000000000000 2 0 8 119 120 121 139 141 159 160 161 
141 856 -0.526944000 3.615470000 0.00000000000000000000 1.00000000000000000000 2 0 8 120 121 122 140 142 160 161 162 
142 857 -0.382864000 3.652140000 0.00000000000000000000 1.00000000000000000000 2 0 8 121 122 123 141 143 161 162 163 
143 858 -0.237464000 3.683160000 0.00000000000000000000 1.00000000000000000000 2 0 8 122 123 124 142 144 162 163 164 
144 859 -0.090970000 3.708490000 0.00000000000000000000 1.00000000000000000000 2 0 8 123 124 125 143 145 163 164 165 
145 860 0.056392200 3.728080000 0.00000000000000000000 1.00000000000000000000 2 0 8 124 125 126 144 146 164 165 166 
146 861 0.204394000 3.741920000 0.00000000000000000000 1.00000000000000000000 2 0 8 125 126 127 145 147 165 166 167 
147 862 0.352807000 3.749990000 0.00000000000000000000 1.00000000000000000000 2 0 8 126 127 128 146 148 166 167 168 
148 863 0.501401000 3.752260000 0.00000000000000000000 1.00000000000000000000 2 0 8 127 128 129 147 149 167 168 169 
149 864 0.649947000 3.748750000 0.00000000000000000000 1.00000000000000000000 2 0 8 128 129 279 148 281 168 169 283 
150 865 -2.115840000 3.041680000 0.00000000000000000000 1.00000000000000000000 2 0 8 280 130 131 282 151 284 170 171 
151 866 -1.993230000 3.140960000 0.00000000000000000000 1.00000000000000000000 2 0 8 130 131 132 150 152 170 171 172 
152 867 -1.866800000 3.235370000 0.00000000000000000000 1.00000000000000000000 2 0 8 131 132 133 151 153 171 172 173 
153 868 -1.736740000 3.324750000 0.00000000000000000000 1.00000000000000000000 2 0 8 132 133 134 152 154 172 173 174 
154 869 -1.603250000 3.408980000 0.00000000000000000000 1.00000000000000000000 2 0 8 133 134 135 153 155 173 174 175 
155 870 -1.466540000 3.487910000 0.00000000000000000000 1.00000000000000000000 2 0 8 134 135 136 154 156 174 175 176 
156 871 -1.326830000 3.561440000 0.00000000000000000000 1.00000000000000000000 2 0 8 135 136 137 155 157 175 176 177 
157 872 -1.184330000 3.629450000 0.00000000000000000000 1.00000000000000000000 2 0 8 136 137 138 156 158 176 177 178 
158 873 -1.039270000 3.691840000 0.00000000000000000000 1.00000000000000000000 2 0 8 137 138 139 157 159 177 178 179 
159 874 -0.891868000 3.748510000 0.00000000000000000000 1.00000000000000000000 2 0 8 138 139 140 158 160 178 179 180 
160 875 -0.742355000 3.799370000 0.00000000000000000000 1.00000000000000000000 2 0 8 139 140 141 159 161 179 180 181 
161 876 -0.590964000 3.844350000 0.00000000000000000000 1.00000000000000000000 2 0 8 140 141 142 160 162 180 181 182 
162 877 -0.437929000 3.883390000 0.00000000000000000000 1.00000000000000000000 2 0 8 141 142 143 161 163 181 182 183 
163 878 -0.283489000 3.916430000 0.00000000000000000000 1.00000000000000000000 2 0 8 142 143 144 162 164 182 183 184 
164 879 -0.127883000 3.943410000 0.00000000000000000000 1.00000000000000000000 2 0 8 143 144 145 163 165 183 184 185 
165 880 0.028649500 3.964300000 0.00000000000000000000 1.00000000000000000000 2 0 8 144 145 146 164 166 184 185 186 
166 881 0.185865000 3.979070000 0.00000000000000000000 1.00000000000000000000 2 0 8 145 146 147 165 167 185 186 187 
167 882 0.343521000 3.987690000 0.00000000000000000000 1.00000000000000000000 2 0 8 146 147 148 166 168 186 187 188 
168 883 0.501373000 3.990170000 0.00000000000000000000 1.00000000000000000000 2 0 8 147 148 149 167 169 187 188 285 
169 884 0.659179000 3.986490000 0.00000000000000000000 1.00000000000000000000 2 0 8 148 149 281 168 283 188 285 286 
170 885 -2.278590000 3.233700000 0.00000000000000000000 1.00000000000000000000 2 0 8 282 150 151 284 171 287 189 190 
171 886 -2.148390000 3.339280000 0.00000000000000000000 1.00000000000000000000 2 0 8 150 151 152 170 172 189 190 191 
172 887 -2.014120000 3.439680000 0.00000000000000000000 1.00000000000000000000 2 0 8 151 152 153 171 173 190 191 192 
173 888 -1.875990000 3.534750000 0.00000000000000000000 1.00000000000000000000 2 0 8 152 153 154 172 174 191 192 193 
174 889 -1.734220000 3.624330000 0.00000000000000000000 1.00000000000000000000 2 0 8 153 154 155 173 175 192 193 194 
175 890 -1.589030000 3.708290000 0.00000000000000000000 1.00000000000000000000 2 0 8 154 155 156 174 176 193 194 195 
176 891 -1.440640000 3.786510000 0.00000000000000000000 1.00000000000000000000 2 0 8 155 156 157 175 177 194 195 196 
177 892 -1.289300000 3.858860000 0.00000000000000000000 1.00000000000000000000 2 0 8 156 157 158 176 178 195 196 197 
178 893 -1.135220000 3.925230000 0.00000000000000000000 1.00000000000000000000 2 0 8 157 158 159 177 179 196 197 198 
179 894 -0.978659000 3.985530000 0.00000000000000000000 1.00000000000000000000 2 0 8 158 159 160 178 180 197 198 199 
180 895 -0.819850000 4.039650000 0.00000000000000000000 1.00000000000000000000 2 0 8 159 160 161 179 181 198 199 200 
181 896 -0.659043000 4.087530000 0.00000000000000000000 1.00000000000000000000 2 0 8 160 161 162 180 182 199 200 201 
182 897 -0.496487000 4.129090000 0.00000000000000000000 1.00000000000000000000 2 0 8 161 162 163 181 183 200 201 202 
183 898 -0.332433000 4.164260000 0.00000000000000000000 1.00000000000000000000 2 0 8 162 163 164 182 184 201 202 203 
184 899 -0.167137000 4.193000000 0.00000000000000000000 1.00000000000000000000 2 0 8 163 164 165 183 185 202 203 204 
185 900 -0.000854222 4.215270000 0.00000000000000000000 1.00000000000000000000 2 0 8 164 165 166 184 186 203 204 205 
186 901 0.166159000 4.231020000 0.00000000000000000000 1.00000000000000000000 2 0 8 165 166 167 185 187 204 205 206 
187 902 0.333644000 4.240250000 0.00000000000000000000 1.00000000000000000000 2 0 8 166 167 168 186 188 205 206 207 
188 903 0.501341000 4.242930000 0.00000000000000000000 1.00000000000000000000 2 0 8 167 168 169 187 285 206 207 288 
189 904 -2.451650000 3.437720000 0.00000000000000000000 1.00000000000000000000 2 0 8 284 170 171 287 190 289 208 209 
190 905 -2.313360000 3.549990000 0.00000000000000000000 1.00000000000000000000 2 0 8 170 171 172 189 191 208 209 210 
191 906 -2.170760000 3.656760000 0.00000000000000000000 1.00000000000000000000 2 0 8 171 172 173 190 192 209 210 211 
192 907 -2.024050000 3.757860000 0.00000000000000000000 1.00000000000000000000 2 0 8 172 173 174 191 193 210 211 212 
193 908 -1.873480000 3.853140000 0.00000000000000000000 1.00000000000000000000 2 0 8 173 174 175 192 194 211 212 213 
194 909 -1.719270000 3.942440000 0.00000000000000000000 1.00000000000000000000 2 0 8 174 175 176 193 195 212 213 214 
195 910 -1.561660000 4.025640000 0.00000000000000000000 1.00000000000000000000 2 0 8 175 176 177 194 196 213 214 215 
196 911 -1.400910000 4.102600000 0.00000000000000000000 1.00000000000000000000 2 0 8 176 177 178 195 197 214 215 216 
197 912 -1.237250000 4.173210000 0.00000000000000000000 1.00000000000000000000 2 0 8 177 178 179 196 198 215 216 217 
198 913 -1.070950000 4.237360000 0.00000000000000000000 1.00000000000000000000 2 0 8 178 179 180 197 199 216 217 218 
199 914 -0.902254000 4.294960000 0.00000000000000000000 1.00000000000000000000 2 0 8 179 180 181 198 200 217 218 219 
200 915 -0.731435000 4.345910000 0.00000000000000000000 1.00000000000000000000 2 0 8 180 181 182 199 201 218 219 220 
201 916 -0.558755000 4.390150000 0.00000000000000000000 1.00000000000000000000 2 0 8 181 182 183 200 202 219 220 221 
202 917 -0.384480000 4.427600000 0.00000000000000000000 1.00000000000000000000 2 0 8 182 183 184 201 203 220 221 222 
203 918 -0.208881000 4.458210000 0.00000000000000000000 1.00000000000000000000 2 0 8 183 184 185 202 204 221 222 223 
204 919 -0.032229300 4.481930000 0.00000000000000000000 1.00000000000000000000 2 0 8 184 185 186 203 205 222 223 224 
205 920 0.145202000 4.498740000 0.00000000000000000000 1.00000000000000000000 2 0 8 185 186 187 204 206 223 224 225 
206 921 0.323138000 4.508600000 0.00000000000000000000 1.00000000000000000000 2 0 8 186 187 188 205 207 224 225 226 
207 922 0.501305000 4.511510000 0.00000000000000000000 1.00000000000000000000 2 0 8 187 188 285 206 288 225 226 290 
208 923 -2.635640000 3.654490000 0.00000000000000000000 1.00000000000000000000 2 0 8 287 189 190 289 209 291 292 293 
209 924 -2.488770000 3.773880000 0.00000000000000000000 1.00000000000000000000 2 0 8 189 190 191 208 210 292 293 294 
210 925 -2.337310000 3.887420000 0.00000000000000000000 1.00000000000000000000 2 0 8 190 191 192 209 211 293 294 295 
211 926 -2.181490000 3.994940000 0.00000000000000000000 1.00000000000000000000 2 0 8 191 192 193 210 212 294 295 296 
212 927 -2.021550000 4.096260000 0.00000000000000000000 1.00000000000000000000 2 0 8 192 193 194 211 213 295 296 297 
213 928 -1.857750000 4.191240000 0.00000000000000000000 1.00000000000000000000 2 0 8 193 194 195 212 214 296 297 298 
214 929 -1.690340000 4.279730000 0.00000000000000000000 1.00000000000000000000 2 0 8 194 195 196 213 215 297 298 299 
215 930 -1.519580000 4.361600000 0.00000000000000000000 1.00000000000000000000 2 0 8 195 196 197 214 216 298 299 300 
216 931 -1.345740000 4.436710000 0.00000000000000000000 1.00000000000000000000 2 0 8 196 197 198 215 217 299 300 301 
217 932 -1.169080000 4.504960000 0.00000000000000000000 1.00000000000000000000 2 0 8 197 198 199 216 218 300 301 227 
218 933 -0.989875000 4.566250000 0.00000000000000000000 1.00000000000000000000 2 0 8 198 199 200 217 219 301 227 228 
219 934 -0.808411000 4.620470000 0.00000000000000000000 1.00000000000000000000 2 0 8 199 200 201 218 220 227 228 229 
220 935 -0.624966000 4.667550000 0.00000000000000000000 1.00000000000000000000 2 0 8 200 201 202 219 221 228 229 230 
221 936 -0.439823000 4.707420000 0.00000000000000000000 1.00000000000000000000 2 0 8 201 202 203 220 222 229 230 231 
222 937 -0.253269000 4.740020000 0.00000000000000000000 1.00000000000000000000 2 0 8 202 203 204 221 223 230 231 232 
223 938 -0.065592900 4.765300000 0.00000000000000000000 1.00000000000000000000 2 0 8 203 204 205 222 224 231 232 233 
224 939 0.122915000 4.783220000 0.00000000000000000000 1.00000000000000000000 2 0 8 204 205 206 223 225 232 233 234 
225 940 0.311965000 4.793760000 0.00000000000000000000 1.00000000000000000000 2 0 8 205 206 207 224 226 233 234 235 
226 941 0.501263000 4.796910000 0.00000000000000000000 1.00000000000000000000 2 0 8 206 207 288 225 290 234 235 302 
227 942 -1.083040000 4.854520000 0.00000000000000000000 1.00000000000000000000 2 0 8 217 218 219 301 228 303 304 305 
228 943 -0.890256000 4.912220000 0.00000000000000000000 1.00000000000000000000 2 0 8 218 219 220 227 229 304 305 306 
229 944 -0.695366000 4.962330000 0.00000000000000000000 1.00000000000000000000 2 0 8 219 220 221 228 230 305 306 307 
230 945 -0.498668000 5.004770000 0.00000000000000000000 1.00000000000000000000 2 0 8 220 221 222 229 231 306 307 308 
231 946 -0.300467000 5.039480000 0.00000000000000000000 1.00000000000000000000 2 0 8 221 222 223 230 232 307 308 309 
232 947 -0.101070000 5.066410000 0.00000000000000000000 1.00000000000000000000 2 0 8 222 223 224 231 233 308 309 310 
233 948 0.099216400 5.085520000 0.00000000000000000000 1.00000000000000000000 2 0 8 223 224 225 232 234 309 310 311 
234 949 0.300082000 5.096790000 0.00000000000000000000 1.00000000000000000000 2 0 8 224 225 226 233 235 310 311 312 
235 950 0.501216000 5.100190000 0.00000000000000000000 1.00000000000000000000 2 0 8 225 226 290 234 302 311 312 313 
236 607 -0.140055 1.6757 2 0
237 4447 -0.0710912 1.69805 2 0
238 4448 -0.00128864 1.71776 2 0
239 4449 0.0692432 1.7348 2 0
240 624 -0.250887 1.75778 2 0
241 625 -0.178779 1.78441 2 0
242 4466 0.0431246 1.84749 2 0
243 4467 0.118566 1.86282 2 0
244 642 -0.371761 1.84004 2 0
245 643 -0.296487 1.87135 2 0
246 4483 0.0953178 1.98339 2 0
247 4484 0.175907 1.99668 2 0
248 658 -0.503327 1.92207 2 0
249 659 -0.42488 1.95848 2 0
250 4498 0.156055 2.12552 2 0
251 4499 0.242031 2.13642 2 0
252 672 -0.646255 2.00341 2 0
253 673 -0.564646 2.04538 2 0
254 4511 0.22615 2.27391 2 0
255 4512 0.317754 2.28204 2 0
256 684 -0.801239 2.08355 2 0
257 685 -0.716499 2.13157 2 0
258 4522 0.306466 2.42854 2 0
259 4523 0.403938 2.4335 2 0
260 694 -0.968991 2.16194 2 0
261 695 -0.881172 2.21652 2 0
262 4531 0.397922 2.58939 2 0
263 4532 0.5015 2.59072 2 0
264 702 -1.15024 2.23794 2 0
265 703 -1.05942 2.2996 2 0
266 4537 0.50149 2.75638 2 0
267 4538 0.611409 2.75359 2 0
268 708 -1.34574 2.31085 2 0
269 709 -1.25203 2.38017 2 0
270 4541 0.618198 2.92937 2 0
271 4542 0.734688 2.92194 2 0
272 712 -1.55626 2.37989 2 0
273 713 -1.45979 2.45746 2 0
274 4610 0.749134 3.1082 2 0
275 714 -1.78258 2.4442 2 0
276 715 -1.68351 2.53066 2 0
277 4628 0.764499 3.30605 2 0
278 123 -1.92402 2.59886 2 0
279 4646 0.78084 3.51621 2 0
280 144 -2.07445 2.76314 2 0
281 4664 0.798217 3.73947 2 0
282 164 -2.23442 2.93767 2 0
283 4680 0.816695 3.97666 2 0
284 183 -2.40452 3.1231 2 0
285 4695 0.668994 4.23907 2 0
286 4696 0.836342 4.22868 2 0
287 201 -2.58539 3.32011 2 0
288 4710 0.679428 4.50746 2 0
289 218 -2.7777 3.52944 2 0
290 4724 0.690519 4.79266 2 0
291 235 -2.98215 3.75187 2 0
292 951 -2.83127 3.88484 2 0
293 952 -2.67527 4.01179 2 0
294 953 -2.51438 4.13252 2 0
295 954 -2.34887 4.24685 2 0
296 955 -2.17898 4.35461 2 0
297 956 -2.00499 4.45562 2 0
298 957 -1.82715 4.54974 2 0
299 958 -1.64576 4.63681 2 0
300 959 -1.46108 4.71671 2 0
301 960 -1.27341 4.78932 2 0
302 4737 0.702309 5.09573 2 0
303 971 -1.38434 5.0915 2 0
304 972 -1.18209 5.16087 2 0
305 973 -0.977275 5.22226 2 0
306 974 -0.770217 5.27558 2 0
307 975 -0.561235 5.32076 2 0
308 976 -0.350651 5.35772 2 0
309 977 -0.138792 5.38641 2 0
310 978 0.074016 5.40678 2 0
311 979 0.287444 5.41882 2 0
312 980 0.501161 5.42249 2 0
313 981 0.71484 5.41781 2 0
