297 237 60
1 951 -2.831270000 3.884840000 0.00000000000000000000 1.00000000000000000000 2 0 8 238 239 240 251 2 11 12 13 
2 952 -2.675270000 4.011790000 0.00000000000000000000 1.00000000000000000000 2 0 8 239 240 241 1 3 12 13 14 
3 953 -2.514380000 4.132520000 0.00000000000000000000 1.00000000000000000000 2 0 8 240 241 242 2 4 13 14 15 
4 954 -2.348870000 4.246850000 0.00000000000000000000 1.00000000000000000000 2 0 8 241 242 243 3 5 14 15 16 
5 955 -2.178980000 4.354610000 0.00000000000000000000 1.00000000000000000000 2 0 8 242 243 244 4 6 15 16 17 
6 956 -2.004990000 4.455620000 0.00000000000000000000 1.00000000000000000000 2 0 8 243 244 245 5 7 16 17 18 
7 957 -1.827150000 4.549740000 0.00000000000000000000 1.00000000000000000000 2 0 8 244 245 246 6 8 17 18 19 
8 958 -1.645760000 4.636810000 0.00000000000000000000 1.00000000000000000000 2 0 8 245 246 247 7 9 18 19 20 
9 959 -1.461080000 4.716710000 0.00000000000000000000 1.00000000000000000000 2 0 8 246 247 248 8 10 19 20 21 
10 960 -1.273410000 4.789320000 0.00000000000000000000 1.00000000000000000000 2 0 8 247 248 249 9 252 20 21 22 
11 961 -3.199520000 3.988240000 0.00000000000000000000 1.00000000000000000000 2 0 8 250 251 1 263 12 266 267 32 
12 962 -3.039250000 4.129620000 0.00000000000000000000 1.00000000000000000000 2 0 8 251 1 2 11 13 267 32 33 
13 963 -2.873540000 4.264600000 0.00000000000000000000 1.00000000000000000000 2 0 8 1 2 3 12 14 32 33 34 
14 964 -2.702640000 4.392980000 0.00000000000000000000 1.00000000000000000000 2 0 8 2 3 4 13 15 33 34 35 
15 965 -2.526820000 4.514560000 0.00000000000000000000 1.00000000000000000000 2 0 8 3 4 5 14 16 34 35 36 
16 966 -2.346360000 4.629140000 0.00000000000000000000 1.00000000000000000000 2 0 8 4 5 6 15 17 35 36 37 
17 967 -2.161520000 4.736570000 0.00000000000000000000 1.00000000000000000000 2 0 8 5 6 7 16 18 36 37 38 
18 968 -1.972610000 4.836660000 0.00000000000000000000 1.00000000000000000000 2 0 8 6 7 8 17 19 37 38 39 
19 969 -1.779910000 4.929270000 0.00000000000000000000 1.00000000000000000000 2 0 8 7 8 9 18 20 38 39 40 
20 970 -1.583710000 5.014260000 0.00000000000000000000 1.00000000000000000000 2 0 8 8 9 10 19 21 39 40 41 
21 971 -1.384340000 5.091500000 0.00000000000000000000 1.00000000000000000000 2 0 8 9 10 252 20 22 40 41 42 
22 972 -1.182090000 5.160870000 0.00000000000000000000 1.00000000000000000000 2 0 8 10 252 253 21 23 41 42 43 
23 973 -0.977275000 5.222260000 0.00000000000000000000 1.00000000000000000000 2 0 8 252 253 254 22 24 42 43 44 
24 974 -0.770217000 5.275580000 0.00000000000000000000 1.00000000000000000000 2 0 8 253 254 255 23 25 43 44 45 
25 975 -0.561235000 5.320760000 0.00000000000000000000 1.00000000000000000000 2 0 8 254 255 256 24 26 44 45 46 
26 976 -0.350651000 5.357720000 0.00000000000000000000 1.00000000000000000000 2 0 8 255 256 257 25 27 45 46 47 
27 977 -0.138792000 5.386410000 0.00000000000000000000 1.00000000000000000000 2 0 8 256 257 258 26 28 46 47 48 
28 978 0.074016000 5.406780000 0.00000000000000000000 1.00000000000000000000 2 0 8 257 258 259 27 29 47 48 49 
29 979 0.287444000 5.418820000 0.00000000000000000000 1.00000000000000000000 2 0 8 258 259 260 28 30 48 49 50 
30 980 0.501161000 5.422490000 0.00000000000000000000 1.00000000000000000000 2 0 8 259 260 261 29 31 49 50 51 
31 981 0.714840000 5.417810000 0.00000000000000000000 1.00000000000000000000 2 0 8 260 261 262 30 264 50 51 52 
32 982 -3.260350000 4.389740000 0.00000000000000000000 1.00000000000000000000 2 0 8 11 12 13 267 33 270 271 53 
33 983 -3.084330000 4.533260000 0.00000000000000000000 1.00000000000000000000 2 0 8 12 13 14 32 34 271 53 54 
34 984 -2.902780000 4.669760000 0.00000000000000000000 1.00000000000000000000 2 0 8 13 14 15 33 35 53 54 55 
35 985 -2.716010000 4.799040000 0.00000000000000000000 1.00000000000000000000 2 0 8 14 15 16 34 36 54 55 56 
36 986 -2.524300000 4.920890000 0.00000000000000000000 1.00000000000000000000 2 0 8 15 16 17 35 37 55 56 57 
37 987 -2.327940000 5.035130000 0.00000000000000000000 1.00000000000000000000 2 0 8 16 17 18 36 38 56 57 58 
38 988 -2.127250000 5.141580000 0.00000000000000000000 1.00000000000000000000 2 0 8 17 18 19 37 39 57 58 59 
39 989 -1.922530000 5.240080000 0.00000000000000000000 1.00000000000000000000 2 0 8 18 19 20 38 40 58 59 60 
40 990 -1.714090000 5.330480000 0.00000000000000000000 1.00000000000000000000 2 0 8 19 20 21 39 41 59 60 61 
41 991 -1.502270000 5.412640000 0.00000000000000000000 1.00000000000000000000 2 0 8 20 21 22 40 42 60 61 62 
42 992 -1.287400000 5.486430000 0.00000000000000000000 1.00000000000000000000 2 0 8 21 22 23 41 43 61 62 63 
43 993 -1.069790000 5.551750000 0.00000000000000000000 1.00000000000000000000 2 0 8 22 23 24 42 44 62 63 64 
44 994 -0.849799000 5.608500000 0.00000000000000000000 1.00000000000000000000 2 0 8 23 24 25 43 45 63 64 65 
45 995 -0.627757000 5.656580000 0.00000000000000000000 1.00000000000000000000 2 0 8 24 25 26 44 46 64 65 66 
46 996 -0.404009000 5.695930000 0.00000000000000000000 1.00000000000000000000 2 0 8 25 26 27 45 47 65 66 67 
47 997 -0.178901000 5.726490000 0.00000000000000000000 1.00000000000000000000 2 0 8 26 27 28 46 48 66 67 68 
48 998 0.047219700 5.748210000 0.00000000000000000000 1.00000000000000000000 2 0 8 27 28 29 47 49 67 68 69 
49 999 0.274003000 5.761060000 0.00000000000000000000 1.00000000000000000000 2 0 8 28 29 30 48 50 68 69 70 
50 1000 0.501100000 5.765030000 0.00000000000000000000 1.00000000000000000000 2 0 8 29 30 31 49 51 69 70 71 
51 1001 0.728159000 5.760100000 0.00000000000000000000 1.00000000000000000000 2 0 8 30 31 264 50 52 70 71 72 
52 1002 0.954831000 5.746300000 0.00000000000000000000 1.00000000000000000000 2 0 8 31 264 265 51 268 71 72 73 
53 1003 -3.308400000 4.818780000 0.00000000000000000000 1.00000000000000000000 2 0 8 32 33 34 271 54 274 275 74 
54 1004 -3.115550000 4.963910000 0.00000000000000000000 1.00000000000000000000 2 0 8 33 34 35 53 55 275 74 75 
55 1005 -2.917130000 5.101380000 0.00000000000000000000 1.00000000000000000000 2 0 8 34 35 36 54 56 74 75 76 
56 1006 -2.713470000 5.230950000 0.00000000000000000000 1.00000000000000000000 2 0 8 35 36 37 55 57 75 76 77 
57 1007 -2.504860000 5.352430000 0.00000000000000000000 1.00000000000000000000 2 0 8 36 37 38 56 58 76 77 78 
58 1008 -2.291640000 5.465630000 0.00000000000000000000 1.00000000000000000000 2 0 8 37 38 39 57 59 77 78 79 
59 1009 -2.074150000 5.570390000 0.00000000000000000000 1.00000000000000000000 2 0 8 38 39 40 58 60 78 79 80 
60 1010 -1.852700000 5.666540000 0.00000000000000000000 1.00000000000000000000 2 0 8 39 40 41 59 61 79 80 81 
61 1011 -1.627650000 5.753930000 0.00000000000000000000 1.00000000000000000000 2 0 8 40 41 42 60 62 80 81 82 
62 1012 -1.399350000 5.832430000 0.00000000000000000000 1.00000000000000000000 2 0 8 41 42 43 61 63 81 82 83 
63 1013 -1.168150000 5.901930000 0.00000000000000000000 1.00000000000000000000 2 0 8 42 43 44 62 64 82 83 84 
64 1014 -0.934407000 5.962310000 0.00000000000000000000 1.00000000000000000000 2 0 8 43 44 45 63 65 83 84 85 
65 1015 -0.698481000 6.013480000 0.00000000000000000000 1.00000000000000000000 2 0 8 44 45 46 64 66 84 85 86 
66 1016 -0.460738000 6.055370000 0.00000000000000000000 1.00000000000000000000 2 0 8 45 46 47 65 67 85 86 87 
67 1017 -0.221545000 6.087920000 0.00000000000000000000 1.00000000000000000000 2 0 8 46 47 48 66 68 86 87 88 
68 1018 0.018727500 6.111070000 0.00000000000000000000 1.00000000000000000000 2 0 8 47 48 49 67 69 87 88 89 
69 1019 0.259710000 6.124800000 0.00000000000000000000 1.00000000000000000000 2 0 8 48 49 50 68 70 88 89 90 
70 1020 0.501029000 6.129080000 0.00000000000000000000 1.00000000000000000000 2 0 8 49 50 51 69 71 89 90 91 
71 1021 0.742314000 6.123910000 0.00000000000000000000 1.00000000000000000000 2 0 8 50 51 52 70 72 90 91 92 
72 1022 0.983192000 6.109290000 0.00000000000000000000 1.00000000000000000000 2 0 8 51 52 268 71 73 91 92 93 
73 1023 1.223290000 6.085260000 0.00000000000000000000 1.00000000000000000000 2 0 8 52 268 269 72 272 92 93 94 
74 1024 -3.341730000 5.276530000 0.00000000000000000000 1.00000000000000000000 2 0 8 53 54 55 275 75 278 279 95 
75 1025 -3.130930000 5.422690000 0.00000000000000000000 1.00000000000000000000 2 0 8 54 55 56 74 76 279 95 96 
76 1026 -2.914560000 5.560470000 0.00000000000000000000 1.00000000000000000000 2 0 8 55 56 57 75 77 95 96 97 
77 1027 -2.692940000 5.689650000 0.00000000000000000000 1.00000000000000000000 2 0 8 56 57 58 76 78 96 97 98 
78 1028 -2.466410000 5.810040000 0.00000000000000000000 1.00000000000000000000 2 0 8 57 58 59 77 79 97 98 99 
79 1029 -2.235330000 5.921450000 0.00000000000000000000 1.00000000000000000000 2 0 8 58 59 60 78 80 98 99 100 
80 1030 -2.000050000 6.023710000 0.00000000000000000000 1.00000000000000000000 2 0 8 59 60 61 79 81 99 100 101 
81 1031 -1.760940000 6.116660000 0.00000000000000000000 1.00000000000000000000 2 0 8 60 61 62 80 82 100 101 102 
82 1032 -1.518380000 6.200170000 0.00000000000000000000 1.00000000000000000000 2 0 8 61 62 63 81 83 101 102 103 
83 1033 -1.272720000 6.274100000 0.00000000000000000000 1.00000000000000000000 2 0 8 62 63 64 82 84 102 103 104 
84 1034 -1.024360000 6.338350000 0.00000000000000000000 1.00000000000000000000 2 0 8 63 64 65 83 85 103 104 105 
85 1035 -0.773671000 6.392810000 0.00000000000000000000 1.00000000000000000000 2 0 8 64 65 66 84 86 104 105 106 
86 1036 -0.521051000 6.437410000 0.00000000000000000000 1.00000000000000000000 2 0 8 65 66 67 85 87 105 106 107 
87 1037 -0.266886000 6.472070000 0.00000000000000000000 1.00000000000000000000 2 0 8 66 67 68 86 88 106 107 108 
88 1038 -0.011567500 6.496750000 0.00000000000000000000 1.00000000000000000000 2 0 8 67 68 69 87 89 107 108 109 
89 1039 0.244509000 6.511400000 0.00000000000000000000 1.00000000000000000000 2 0 8 68 69 70 88 90 108 109 110 
90 1040 0.500949000 6.516010000 0.00000000000000000000 1.00000000000000000000 2 0 8 69 70 71 89 91 109 110 111 
91 1041 0.757357000 6.510580000 0.00000000000000000000 1.00000000000000000000 2 0 8 70 71 72 90 92 110 111 112 
92 1042 1.013340000 6.495100000 0.00000000000000000000 1.00000000000000000000 2 0 8 71 72 73 91 93 111 112 113 
93 1043 1.268500000 6.469620000 0.00000000000000000000 1.00000000000000000000 2 0 8 72 73 272 92 94 112 113 114 
94 1044 1.522440000 6.434170000 0.00000000000000000000 1.00000000000000000000 2 0 8 73 272 273 93 276 113 114 115 
95 1045 -3.358210000 5.764190000 0.00000000000000000000 1.00000000000000000000 2 0 8 74 75 76 279 96 282 283 116 
96 1046 -3.128330000 5.910690000 0.00000000000000000000 1.00000000000000000000 2 0 8 75 76 77 95 97 283 116 117 
97 1047 -2.892870000 6.048050000 0.00000000000000000000 1.00000000000000000000 2 0 8 76 77 78 96 98 116 117 118 
98 1048 -2.652190000 6.176080000 0.00000000000000000000 1.00000000000000000000 2 0 8 77 78 79 97 99 117 118 119 
99 1049 -2.406670000 6.294560000 0.00000000000000000000 1.00000000000000000000 2 0 8 78 79 80 98 100 118 119 120 
100 1050 -2.156690000 6.403320000 0.00000000000000000000 1.00000000000000000000 2 0 8 79 80 81 99 101 119 120 121 
101 1051 -1.902640000 6.502190000 0.00000000000000000000 1.00000000000000000000 2 0 8 80 81 82 100 102 120 121 122 
102 1052 -1.644900000 6.591020000 0.00000000000000000000 1.00000000000000000000 2 0 8 81 82 83 101 103 121 122 123 
103 1053 -1.383880000 6.669670000 0.00000000000000000000 1.00000000000000000000 2 0 8 82 83 84 102 104 122 123 124 
104 1054 -1.119980000 6.738030000 0.00000000000000000000 1.00000000000000000000 2 0 8 83 84 85 103 105 123 124 125 
105 1055 -0.853608000 6.795990000 0.00000000000000000000 1.00000000000000000000 2 0 8 84 85 86 104 106 124 125 126 
106 1056 -0.585172000 6.843460000 0.00000000000000000000 1.00000000000000000000 2 0 8 85 86 87 105 107 125 126 127 
107 1057 -0.315090000 6.880370000 0.00000000000000000000 1.00000000000000000000 2 0 8 86 87 88 106 108 126 127 128 
108 1058 -0.043778500 6.906670000 0.00000000000000000000 1.00000000000000000000 2 0 8 87 88 89 107 109 127 128 129 
109 1059 0.228344000 6.922320000 0.00000000000000000000 1.00000000000000000000 2 0 8 88 89 90 108 110 128 129 130 
110 1060 0.500859000 6.927290000 0.00000000000000000000 1.00000000000000000000 2 0 8 89 90 91 109 111 129 130 131 
111 1061 0.773344000 6.921570000 0.00000000000000000000 1.00000000000000000000 2 0 8 90 91 92 110 112 130 131 132 
112 1062 1.045380000 6.905190000 0.00000000000000000000 1.00000000000000000000 2 0 8 91 92 93 111 113 131 132 133 
113 1063 1.316550000 6.878160000 0.00000000000000000000 1.00000000000000000000 2 0 8 92 93 94 112 114 132 133 134 
114 1064 1.586430000 6.840530000 0.00000000000000000000 1.00000000000000000000 2 0 8 93 94 276 113 115 133 134 135 
115 1065 1.854610000 6.792360000 0.00000000000000000000 1.00000000000000000000 2 0 8 94 276 277 114 280 134 135 136 
116 1066 -3.355560000 6.282920000 0.00000000000000000000 1.00000000000000000000 2 0 8 95 96 97 283 117 285 286 137 
117 1067 -3.105390000 6.428990000 0.00000000000000000000 1.00000000000000000000 2 0 8 96 97 98 116 118 286 137 138 
118 1068 -2.849680000 6.565130000 0.00000000000000000000 1.00000000000000000000 2 0 8 97 98 99 117 119 137 138 139 
119 1069 -2.588810000 6.691130000 0.00000000000000000000 1.00000000000000000000 2 0 8 98 99 100 118 120 138 139 140 
120 1070 -2.323210000 6.806800000 0.00000000000000000000 1.00000000000000000000 2 0 8 99 100 101 119 121 139 140 141 
121 1071 -2.053270000 6.911960000 0.00000000000000000000 1.00000000000000000000 2 0 8 100 101 102 120 122 140 141 142 
122 1072 -1.779410000 7.006450000 0.00000000000000000000 1.00000000000000000000 2 0 8 101 102 103 121 123 141 142 143 
123 1073 -1.502060000 7.090120000 0.00000000000000000000 1.00000000000000000000 2 0 8 102 103 104 122 124 142 143 144 
124 1074 -1.221640000 7.162850000 0.00000000000000000000 1.00000000000000000000 2 0 8 103 104 105 123 125 143 144 145 
125 1075 -0.938587000 7.224530000 0.00000000000000000000 1.00000000000000000000 2 0 8 104 105 106 124 126 144 145 146 
126 1076 -0.653341000 7.275060000 0.00000000000000000000 1.00000000000000000000 2 0 8 105 106 107 125 127 145 146 147 
127 1077 -0.366340000 7.314370000 0.00000000000000000000 1.00000000000000000000 2 0 8 106 107 108 126 128 146 147 148 
128 1078 -0.078026200 7.342390000 0.00000000000000000000 1.00000000000000000000 2 0 8 107 108 109 127 129 147 148 149 
129 1079 0.211154000 7.359090000 0.00000000000000000000 1.00000000000000000000 2 0 8 108 109 110 128 130 148 149 150 
130 1080 0.500756000 7.364440000 0.00000000000000000000 1.00000000000000000000 2 0 8 109 110 111 129 131 149 150 151 
131 1081 0.790332000 7.358440000 0.00000000000000000000 1.00000000000000000000 2 0 8 110 111 112 130 132 150 151 152 
132 1082 1.079440000 7.341090000 0.00000000000000000000 1.00000000000000000000 2 0 8 111 112 113 131 133 151 152 153 
133 1083 1.367620000 7.312420000 0.00000000000000000000 1.00000000000000000000 2 0 8 112 113 114 132 134 152 153 154 
134 1084 1.654450000 7.272480000 0.00000000000000000000 1.00000000000000000000 2 0 8 113 114 115 133 135 153 154 155 
135 1085 1.939470000 7.221340000 0.00000000000000000000 1.00000000000000000000 2 0 8 114 115 280 134 136 154 155 156 
136 1086 2.222250000 7.159060000 0.00000000000000000000 1.00000000000000000000 2 0 8 115 280 281 135 284 155 156 287 
137 1087 -3.331290000 6.833880000 0.00000000000000000000 1.00000000000000000000 2 0 8 116 117 118 286 138 289 157 158 
138 1088 -3.059600000 6.978650000 0.00000000000000000000 1.00000000000000000000 2 0 8 117 118 119 137 139 157 158 159 
139 1089 -2.782430000 7.112650000 0.00000000000000000000 1.00000000000000000000 2 0 8 118 119 120 138 140 158 159 160 
140 1090 -2.500210000 7.235660000 0.00000000000000000000 1.00000000000000000000 2 0 8 119 120 121 139 141 159 160 161 
141 1091 -2.213380000 7.347510000 0.00000000000000000000 1.00000000000000000000 2 0 8 120 121 122 140 142 160 161 162 
142 1092 -1.922390000 7.448020000 0.00000000000000000000 1.00000000000000000000 2 0 8 121 122 123 141 143 161 162 163 
143 1093 -1.627680000 7.537030000 0.00000000000000000000 1.00000000000000000000 2 0 8 122 123 124 142 144 162 163 164 
144 1094 -1.329700000 7.614410000 0.00000000000000000000 1.00000000000000000000 2 0 8 123 124 125 143 145 163 164 165 
145 1095 -1.028930000 7.680050000 0.00000000000000000000 1.00000000000000000000 2 0 8 124 125 126 144 146 164 165 166 
146 1096 -0.725810000 7.733830000 0.00000000000000000000 1.00000000000000000000 2 0 8 125 126 127 145 147 165 166 167 
147 1097 -0.420824000 7.775690000 0.00000000000000000000 1.00000000000000000000 2 0 8 126 127 128 146 148 166 167 168 
148 1098 -0.114439000 7.805550000 0.00000000000000000000 1.00000000000000000000 2 0 8 127 128 129 147 149 167 168 169 
149 1099 0.192874000 7.823370000 0.00000000000000000000 1.00000000000000000000 2 0 8 128 129 130 148 150 168 169 170 
150 1100 0.500640000 7.829130000 0.00000000000000000000 1.00000000000000000000 2 0 8 129 130 131 149 151 169 170 171 
151 1101 0.808384000 7.822820000 0.00000000000000000000 1.00000000000000000000 2 0 8 130 131 132 150 152 170 171 172 
152 1102 1.115630000 7.804450000 0.00000000000000000000 1.00000000000000000000 2 0 8 131 132 133 151 153 171 172 173 
153 1103 1.421910000 7.774040000 0.00000000000000000000 1.00000000000000000000 2 0 8 132 133 134 152 154 172 173 174 
154 1104 1.726750000 7.731650000 0.00000000000000000000 1.00000000000000000000 2 0 8 133 134 135 153 155 173 174 175 
155 1105 2.029670000 7.677350000 0.00000000000000000000 1.00000000000000000000 2 0 8 134 135 136 154 156 174 175 176 
156 1106 2.330220000 7.611210000 0.00000000000000000000 1.00000000000000000000 2 0 8 135 136 284 155 287 175 176 177 
157 1107 -3.571410000 7.264260000 0.00000000000000000000 1.00000000000000000000 2 0 8 286 137 138 289 158 291 292 178 
158 1108 -3.282730000 7.418200000 0.00000000000000000000 1.00000000000000000000 2 0 8 137 138 139 157 159 292 178 179 
159 1109 -2.988230000 7.560690000 0.00000000000000000000 1.00000000000000000000 2 0 8 138 139 140 158 160 178 179 180 
160 1110 -2.688360000 7.691520000 0.00000000000000000000 1.00000000000000000000 2 0 8 139 140 141 159 161 179 180 181 
161 1111 -2.383580000 7.810480000 0.00000000000000000000 1.00000000000000000000 2 0 8 140 141 142 160 162 180 181 182 
162 1112 -2.074370000 7.917390000 0.00000000000000000000 1.00000000000000000000 2 0 8 141 142 143 161 163 181 182 183 
163 1113 -1.761210000 8.012080000 0.00000000000000000000 1.00000000000000000000 2 0 8 142 143 144 162 164 182 183 184 
164 1114 -1.444580000 8.094410000 0.00000000000000000000 1.00000000000000000000 2 0 8 143 144 145 163 165 183 184 185 
165 1115 -1.124960000 8.164250000 0.00000000000000000000 1.00000000000000000000 2 0 8 144 145 146 164 166 184 185 186 
166 1116 -0.802850000 8.221500000 0.00000000000000000000 1.00000000000000000000 2 0 8 145 146 147 165 167 185 186 187 
167 1117 -0.478747000 8.266070000 0.00000000000000000000 1.00000000000000000000 2 0 8 146 147 148 166 168 186 187 188 
168 1118 -0.153152000 8.297890000 0.00000000000000000000 1.00000000000000000000 2 0 8 147 148 149 167 169 187 188 189 
169 1119 0.173434000 8.316910000 0.00000000000000000000 1.00000000000000000000 2 0 8 148 149 150 168 170 188 189 190 
170 1120 0.500508000 8.323110000 0.00000000000000000000 1.00000000000000000000 2 0 8 149 150 151 169 171 189 190 191 
171 1121 0.827564000 8.316470000 0.00000000000000000000 1.00000000000000000000 2 0 8 150 151 152 170 172 190 191 192 
172 1122 1.154100000 8.297010000 0.00000000000000000000 1.00000000000000000000 2 0 8 151 152 153 171 173 191 192 193 
173 1123 1.479610000 8.264760000 0.00000000000000000000 1.00000000000000000000 2 0 8 152 153 154 172 174 192 193 194 
174 1124 1.803590000 8.219770000 0.00000000000000000000 1.00000000000000000000 2 0 8 153 154 155 173 175 193 194 195 
175 1125 2.125550000 8.162110000 0.00000000000000000000 1.00000000000000000000 2 0 8 154 155 156 174 176 194 195 196 
176 1126 2.444990000 8.091870000 0.00000000000000000000 1.00000000000000000000 2 0 8 155 156 287 175 177 195 196 197 
177 1127 2.761410000 8.009150000 0.00000000000000000000 1.00000000000000000000 2 0 8 156 287 288 176 290 196 197 293 
178 1128 -3.519900000 7.885430000 0.00000000000000000000 1.00000000000000000000 2 0 8 157 158 159 292 179 294 198 199 
179 1129 -3.206970000 8.036960000 0.00000000000000000000 1.00000000000000000000 2 0 8 158 159 160 178 180 198 199 200 
180 1130 -2.888340000 8.176090000 0.00000000000000000000 1.00000000000000000000 2 0 8 159 160 161 179 181 199 200 201 
181 1131 -2.564490000 8.302620000 0.00000000000000000000 1.00000000000000000000 2 0 8 160 161 162 180 182 200 201 202 
182 1132 -2.235930000 8.416330000 0.00000000000000000000 1.00000000000000000000 2 0 8 161 162 163 181 183 201 202 203 
183 1133 -1.903160000 8.517060000 0.00000000000000000000 1.00000000000000000000 2 0 8 162 163 164 182 184 202 203 204 
184 1134 -1.566690000 8.604650000 0.00000000000000000000 1.00000000000000000000 2 0 8 163 164 165 183 185 203 204 205 
185 1135 -1.227040000 8.678970000 0.00000000000000000000 1.00000000000000000000 2 0 8 164 165 166 184 186 204 205 206 
186 1136 -0.884746000 8.739910000 0.00000000000000000000 1.00000000000000000000 2 0 8 165 166 167 185 187 205 206 207 
187 1137 -0.540325000 8.787360000 0.00000000000000000000 1.00000000000000000000 2 0 8 166 167 168 186 188 206 207 208 
188 1138 -0.194311000 8.821270000 0.00000000000000000000 1.00000000000000000000 2 0 8 167 168 169 187 189 207 208 209 
189 1139 0.152762000 8.841570000 0.00000000000000000000 1.00000000000000000000 2 0 8 168 169 170 188 190 208 209 210 
190 1140 0.500359000 8.848230000 0.00000000000000000000 1.00000000000000000000 2 0 8 169 170 171 189 191 209 210 211 
191 1141 0.847944000 8.841260000 0.00000000000000000000 1.00000000000000000000 2 0 8 170 171 172 190 192 210 211 212 
192 1142 1.194980000 8.820650000 0.00000000000000000000 1.00000000000000000000 2 0 8 171 172 173 191 193 211 212 213 
193 1143 1.540930000 8.786440000 0.00000000000000000000 1.00000000000000000000 2 0 8 172 173 174 192 194 212 213 214 
194 1144 1.885270000 8.738680000 0.00000000000000000000 1.00000000000000000000 2 0 8 173 174 175 193 195 213 214 215 
195 1145 2.227460000 8.677460000 0.00000000000000000000 1.00000000000000000000 2 0 8 174 175 176 194 196 214 215 216 
196 1146 2.566980000 8.602860000 0.00000000000000000000 1.00000000000000000000 2 0 8 175 176 177 195 197 215 216 217 
197 1147 2.903300000 8.514990000 0.00000000000000000000 1.00000000000000000000 2 0 8 176 177 290 196 293 216 217 295 
198 1148 -3.771980000 8.382090000 0.00000000000000000000 1.00000000000000000000 2 0 8 292 178 179 294 199 296 218 219 
199 1149 -3.439480000 8.543240000 0.00000000000000000000 1.00000000000000000000 2 0 8 178 179 180 198 200 218 219 220 
200 1150 -3.100910000 8.691200000 0.00000000000000000000 1.00000000000000000000 2 0 8 179 180 181 199 201 219 220 221 
201 1151 -2.756790000 8.825770000 0.00000000000000000000 1.00000000000000000000 2 0 8 180 181 182 200 202 220 221 222 
202 1152 -2.407650000 8.946720000 0.00000000000000000000 1.00000000000000000000 2 0 8 181 182 183 201 203 221 222 223 
203 1153 -2.054030000 9.053870000 0.00000000000000000000 1.00000000000000000000 2 0 8 182 183 184 202 204 222 223 224 
204 1154 -1.696490000 9.147060000 0.00000000000000000000 1.00000000000000000000 2 0 8 183 184 185 203 205 223 224 225 
205 1155 -1.335560000 9.226150000 0.00000000000000000000 1.00000000000000000000 2 0 8 184 185 186 204 206 224 225 226 
206 1156 -0.971803000 9.291010000 0.00000000000000000000 1.00000000000000000000 2 0 8 185 186 187 205 207 225 226 227 
207 1157 -0.605786000 9.341540000 0.00000000000000000000 1.00000000000000000000 2 0 8 186 187 188 206 208 226 227 228 
208 1158 -0.238070000 9.377660000 0.00000000000000000000 1.00000000000000000000 2 0 8 187 188 189 207 209 227 228 229 
209 1159 0.130779000 9.399320000 0.00000000000000000000 1.00000000000000000000 2 0 8 188 189 190 208 210 228 229 230 
210 1160 0.500190000 9.406490000 0.00000000000000000000 1.00000000000000000000 2 0 8 189 190 191 209 211 229 230 231 
211 1161 0.869596000 9.399160000 0.00000000000000000000 1.00000000000000000000 2 0 8 190 191 192 210 212 230 231 232 
212 1162 1.238420000 9.377330000 0.00000000000000000000 1.00000000000000000000 2 0 8 191 192 193 211 213 231 232 233 
213 1163 1.606110000 9.341050000 0.00000000000000000000 1.00000000000000000000 2 0 8 192 193 194 212 214 232 233 234 
214 1164 1.972080000 9.290360000 0.00000000000000000000 1.00000000000000000000 2 0 8 193 194 195 213 215 233 234 235 
215 1165 2.335780000 9.225350000 0.00000000000000000000 1.00000000000000000000 2 0 8 194 195 196 214 216 234 235 236 
216 1166 2.696640000 9.146110000 0.00000000000000000000 1.00000000000000000000 2 0 8 195 196 197 215 217 235 236 237 
217 1167 3.054110000 9.052780000 0.00000000000000000000 1.00000000000000000000 2 0 8 196 197 293 216 295 236 237 297 
218 1168 -4.039910000 8.910070000 -0.45399140999548764919 0.89100606038921470464 3 0 8 294 198 199 296 219 292 178 179 
219 1169 -3.686600000 9.081430000 -0.41865513425978917450 0.90814529595099369175 3 0 8 198 199 200 218 220 178 179 180 
220 1170 -3.326830000 9.238800000 -0.38268023147519480975 0.92388085835679656377 3 0 8 199 200 201 219 221 179 180 181 
221 1171 -2.961170000 9.381910000 -0.34611905021161554208 0.93819060061408054985 3 0 8 200 201 202 220 222 180 181 182 
222 1172 -2.590170000 9.510570000 -0.30901667003776622789 0.95105662167863069811 3 0 8 201 202 203 221 223 181 182 183 
223 1173 -2.214400000 9.624550000 -0.27143445322643250384 0.96245692766048884792 3 0 8 202 203 204 222 224 182 183 184 
224 1174 -1.834450000 9.723700000 -0.23344520423477366222 0.97236995871930587132 3 0 8 203 204 205 223 225 183 184 185 
225 1175 -1.450900000 9.807850000 -0.19508492762544765720 0.98078635339882969113 3 0 8 204 205 206 224 226 184 185 186 
226 1176 -1.064340000 9.876880000 -0.15643291020981753281 0.98768858685482807669 3 0 8 205 206 207 225 227 185 186 187 
227 1177 -0.675374000 9.930680000 -0.11753818129968457429 0.99306836418081634310 3 0 8 206 207 208 226 228 186 187 188 
228 1178 -0.284591000 9.969170000 -0.07846440258575274052 0.99691691606014043447 3 0 8 207 208 209 227 229 187 188 189 
229 1179 0.107402000 9.992290000 -0.03926405738669001139 0.99922886957770318261 3 0 8 208 209 210 228 230 188 189 190 
230 1180 0.500000000 10.000000000 -0.00000000000000000000 1.00000000000000000000 3 0 8 209 210 211 229 231 189 190 191 
231 1181 0.892598000 9.992290000 0.03926410735358380755 0.99922886761428486579 3 0 8 210 211 212 230 232 190 191 192 
232 1182 1.284590000 9.969170000 0.07846480107379300017 0.99691688469623684909 3 0 8 211 212 213 231 233 191 192 193 
233 1183 1.675370000 9.930680000 0.11753803264387427396 0.99306838177549872082 3 0 8 212 213 214 232 234 192 193 194 
234 1184 2.064340000 9.876880000 0.15643212311026291617 0.98768871151755877058 3 0 8 213 214 215 233 235 193 194 195 
235 1185 2.450900000 9.807850000 0.19508492762544765720 0.98078635339882969113 3 0 8 214 215 216 234 236 194 195 196 
236 1186 2.834450000 9.723700000 0.23344520423477357896 0.97236995871930587132 3 0 8 215 216 217 235 237 195 196 197 
237 1187 3.214400000 9.624550000 0.27143445322643250384 0.96245692766048884792 3 0 8 216 217 295 236 297 196 197 293 
238 218 -2.7777 3.52944 2 0
239 923 -2.63564 3.65449 2 0
240 924 -2.48877 3.77388 2 0
241 925 -2.33731 3.88742 2 0
242 926 -2.18149 3.99494 2 0
243 927 -2.02155 4.09626 2 0
244 928 -1.85775 4.19124 2 0
245 929 -1.69034 4.27973 2 0
246 930 -1.51958 4.3616 2 0
247 931 -1.34574 4.43671 2 0
248 932 -1.16908 4.50496 2 0
249 933 -0.989875 4.56625 2 0
250 234 -3.12767 3.61309 2 0
251 235 -2.98215 3.75187 2 0
252 942 -1.08304 4.85452 2 0
253 943 -0.890256 4.91222 2 0
254 944 -0.695366 4.96233 2 0
255 945 -0.498668 5.00477 2 0
256 946 -0.300467 5.03948 2 0
257 947 -0.10107 5.06641 2 0
258 948 0.0992164 5.08552 2 0
259 949 0.300082 5.09679 2 0
260 950 0.501216 5.10019 2 0
261 4737 0.702309 5.09573 2 0
262 4738 0.90305 5.08341 2 0
263 251 -3.35409 3.84068 2 0
264 4749 0.92815 5.40477 2 0
265 4750 1.14076 5.3834 2 0
266 267 -3.59479 4.08254 2 0
267 268 -3.4306 4.23943 2 0
268 4759 1.18077 5.72364 2 0
269 4760 1.40562 5.69216 2 0
270 285 -3.67625 4.50636 2 0
271 286 -3.4954 4.66618 2 0
272 4767 1.46224 6.05186 2 0
273 4768 1.69968 6.00913 2 0
274 304 -3.74526 4.95997 2 0
275 305 -3.54661 5.12221 2 0
276 4773 1.77478 6.3888 2 0
277 4774 2.02512 6.33359 2 0
278 325 -3.79982 5.4447 2 0
279 326 -3.58215 5.60878 2 0
280 4777 2.12067 6.73372 2 0
281 4778 2.38421 6.66472 2 0
282 348 -3.83772 5.96191 2 0
283 349 -3.59979 6.12715 2 0
284 3949 2.50235 7.08576 2 0
285 372 -3.85659 6.51293 2 0
286 373 -3.59709 6.67856 2 0
287 3968 2.62792 7.53334 2 0
288 3969 2.92233 7.44387 2 0
289 397 -3.85382 7.0991 2 0
290 3987 3.07433 7.91409 2 0
291 421 -4.1267 7.54611 2 0
292 422 -3.82663 7.72173 2 0
293 4005 3.2359 8.414 2 0
294 447 -4.0979 8.20802 2 0
295 4023 3.40763 8.94549 2 0
296 472 -4.38621 8.72496 3 0
297 4041 3.59017 9.51057 3 0
