293 239 54
1 1430 0.009607370 0.016637500 -0.63641354493036150775 0.77134804065944884144 1 1 8 240 2 242 21 22 244 41 42 
2 1431 0.013815100 0.019760700 -0.55836576632566370382 0.82959488366042521967 1 1 8 1 3 21 22 23 41 42 43 
3 1432 0.018772400 0.022806100 -0.49109968401260289950 0.87110338098455442069 1 1 8 2 4 22 23 24 42 43 44 
4 1433 0.024471800 0.025768600 -0.43354514667512245030 0.90113184706481586073 1 1 8 3 5 23 24 25 43 44 45 
5 1434 0.030904300 0.028642900 -0.38418259129095821969 0.92325713457788372018 1 1 8 4 6 24 25 26 44 45 46 
6 1435 0.038060300 0.031423000 -0.34157127800295350450 0.93985587301640516333 1 1 8 5 7 25 26 27 45 46 47 
7 1436 0.045928400 0.034103100 -0.30447712317726122189 0.95251964885859385923 1 1 8 6 8 26 27 28 46 47 48 
8 1437 0.054496800 0.036677000 -0.27187678892410499509 0.96233206932135306744 1 1 8 7 9 27 28 29 47 48 49 
9 1438 0.063752000 0.039138600 -0.24296988293173765738 0.97003383239356022472 1 1 8 8 10 28 29 30 48 49 50 
10 1439 0.073679900 0.041481900 -0.21710327690304251358 0.97614863988941802386 1 1 8 9 11 29 30 31 49 50 51 
11 1440 0.084265200 0.043700900 -0.19377498132558371169 0.98104600127224916850 1 1 8 10 12 30 31 32 50 51 52 
12 1441 0.095491500 0.045790100 -0.17258160514598719359 0.98499522311797771401 1 1 8 11 13 31 32 33 51 52 53 
13 1442 0.107342000 0.047744200 -0.15320063262743277566 0.98819510531197951586 1 1 8 12 14 32 33 34 52 53 54 
14 1443 0.119797000 0.049558200 -0.13537400638470598047 0.99079456921975184169 1 1 8 13 15 33 34 35 53 54 55 
15 1444 0.132839000 0.051227900 -0.11889179065823295145 0.99290721727363773219 1 1 8 14 16 34 35 36 54 55 56 
16 1445 0.146447000 0.052749300 -0.10359294066850163740 0.99461977792704903134 1 1 8 15 17 35 36 37 55 56 57 
17 1446 0.160600000 0.054119300 -0.08934604967822146193 0.99600064428036227948 1 1 8 16 18 36 37 38 56 57 58 
18 1447 0.175276000 0.055335400 -0.07603623282026070185 0.99710505529683435277 1 1 8 17 19 37 38 39 57 58 59 
19 1448 0.190453000 0.056395800 -0.06356681202896688476 0.99797758512327017222 1 1 8 18 20 38 39 40 58 59 60 
20 1449 0.206107000 0.057299200 -0.05186637158812959503 0.99865403393681939637 1 1 8 19 241 39 40 243 59 60 245 
21 1450 0.004060290 0.022180600 0.00000000000000000000 1.00000000000000000000 2 0 8 240 1 2 242 22 244 41 42 
22 1451 0.008341340 0.026422400 0.00000000000000000000 1.00000000000000000000 2 0 8 1 2 3 21 23 41 42 43 
23 1452 0.013382300 0.030578900 0.00000000000000000000 1.00000000000000000000 2 0 8 2 3 4 22 24 42 43 44 
24 1453 0.019175000 0.034642500 0.00000000000000000000 1.00000000000000000000 2 0 8 3 4 5 23 25 43 44 45 
25 1454 0.025710300 0.038605400 0.00000000000000000000 1.00000000000000000000 2 0 8 4 5 6 24 26 44 45 46 
26 1455 0.032977900 0.042460000 0.00000000000000000000 1.00000000000000000000 2 0 8 5 6 7 25 27 45 46 47 
27 1456 0.040966400 0.046198600 0.00000000000000000000 1.00000000000000000000 2 0 8 6 7 8 26 28 46 47 48 
28 1457 0.049663300 0.049813600 0.00000000000000000000 1.00000000000000000000 2 0 8 7 8 9 27 29 47 48 49 
29 1458 0.059055100 0.053297400 0.00000000000000000000 1.00000000000000000000 2 0 8 8 9 10 28 30 48 49 50 
30 1459 0.069127200 0.056642800 0.00000000000000000000 1.00000000000000000000 2 0 8 9 10 11 29 31 49 50 51 
31 1460 0.079863700 0.059842400 0.00000000000000000000 1.00000000000000000000 2 0 8 10 11 12 30 32 50 51 52 
32 1461 0.091248000 0.062889600 0.00000000000000000000 1.00000000000000000000 2 0 8 11 12 13 31 33 51 52 53 
33 1462 0.103262000 0.065777800 0.00000000000000000000 1.00000000000000000000 2 0 8 12 13 14 32 34 52 53 54 
34 1463 0.115888000 0.068501100 0.00000000000000000000 1.00000000000000000000 2 0 8 13 14 15 33 35 53 54 55 
35 1464 0.129105000 0.071054000 0.00000000000000000000 1.00000000000000000000 2 0 8 14 15 16 34 36 54 55 56 
36 1465 0.142893000 0.073431600 0.00000000000000000000 1.00000000000000000000 2 0 8 15 16 17 35 37 55 56 57 
37 1466 0.157230000 0.075629500 0.00000000000000000000 1.00000000000000000000 2 0 8 16 17 18 36 38 56 57 58 
38 1467 0.172095000 0.077644100 0.00000000000000000000 1.00000000000000000000 2 0 8 17 18 19 37 39 57 58 59 
39 1468 0.187463000 0.079472500 0.00000000000000000000 1.00000000000000000000 2 0 8 18 19 20 38 40 58 59 60 
40 1469 0.203311000 0.081112300 0.00000000000000000000 1.00000000000000000000 2 0 8 19 20 241 39 243 59 60 245 
41 1470 -0.003136500 0.027830900 0.00000000000000000000 1.00000000000000000000 2 0 8 242 21 22 244 42 246 61 62 
42 1471 0.001225520 0.033204500 0.00000000000000000000 1.00000000000000000000 2 0 8 21 22 23 41 43 61 62 63 
43 1472 0.006360850 0.038485700 0.00000000000000000000 1.00000000000000000000 2 0 8 22 23 24 42 44 62 63 64 
44 1473 0.012260800 0.043664400 0.00000000000000000000 1.00000000000000000000 2 0 8 23 24 25 43 45 63 64 65 
45 1474 0.018915800 0.048730400 0.00000000000000000000 1.00000000000000000000 2 0 8 24 25 26 44 46 64 65 66 
46 1475 0.026315000 0.053674200 0.00000000000000000000 1.00000000000000000000 2 0 8 25 26 27 45 47 65 66 67 
47 1476 0.034446500 0.058486100 0.00000000000000000000 1.00000000000000000000 2 0 8 26 27 28 46 48 66 67 68 
48 1477 0.043297400 0.063157000 0.00000000000000000000 1.00000000000000000000 2 0 8 27 28 29 47 49 67 68 69 
49 1478 0.052853700 0.067677600 0.00000000000000000000 1.00000000000000000000 2 0 8 28 29 30 48 50 68 69 70 
50 1479 0.063100300 0.072039200 0.00000000000000000000 1.00000000000000000000 2 0 8 29 30 31 49 51 69 70 71 
51 1480 0.074020800 0.076233200 0.00000000000000000000 1.00000000000000000000 2 0 8 30 31 32 50 52 70 71 72 
52 1481 0.085598200 0.080251500 0.00000000000000000000 1.00000000000000000000 2 0 8 31 32 33 51 53 71 72 73 
53 1482 0.097814000 0.084086400 0.00000000000000000000 1.00000000000000000000 2 0 8 32 33 34 52 54 72 73 74 
54 1483 0.110649000 0.087730800 0.00000000000000000000 1.00000000000000000000 2 0 8 33 34 35 53 55 73 74 75 
55 1484 0.124083000 0.091177700 0.00000000000000000000 1.00000000000000000000 2 0 8 34 35 36 54 56 74 75 76 
56 1485 0.138095000 0.094421300 0.00000000000000000000 1.00000000000000000000 2 0 8 35 36 37 55 57 75 76 77 
57 1486 0.152662000 0.097455900 0.00000000000000000000 1.00000000000000000000 2 0 8 36 37 38 56 58 76 77 78 
58 1487 0.167762000 0.100277000 0.00000000000000000000 1.00000000000000000000 2 0 8 37 38 39 57 59 77 78 79 
59 1488 0.183371000 0.102880000 0.00000000000000000000 1.00000000000000000000 2 0 8 38 39 40 58 60 78 79 80 
60 1489 0.199463000 0.105262000 0.00000000000000000000 1.00000000000000000000 2 0 8 39 40 243 59 245 79 80 247 
61 1490 -0.012022000 0.033606000 0.00000000000000000000 1.00000000000000000000 2 0 8 244 41 42 246 62 248 81 82 
62 1491 -0.007569030 0.040129900 0.00000000000000000000 1.00000000000000000000 2 0 8 41 42 43 61 63 81 82 83 
63 1492 -0.002326730 0.046554200 0.00000000000000000000 1.00000000000000000000 2 0 8 42 43 44 62 64 82 83 84 
64 1493 0.003695850 0.052866200 0.00000000000000000000 1.00000000000000000000 2 0 8 43 44 45 63 65 83 84 85 
65 1494 0.010488500 0.059053700 0.00000000000000000000 1.00000000000000000000 2 0 8 44 45 46 64 66 84 85 86 
66 1495 0.018040100 0.065104900 0.00000000000000000000 1.00000000000000000000 2 0 8 45 46 47 65 67 85 86 87 
67 1496 0.026338100 0.071008400 0.00000000000000000000 1.00000000000000000000 2 0 8 46 47 48 66 68 86 87 88 
68 1497 0.035369100 0.076753100 0.00000000000000000000 1.00000000000000000000 2 0 8 47 48 49 67 69 87 88 89 
69 1498 0.045118600 0.082328200 0.00000000000000000000 1.00000000000000000000 2 0 8 48 49 50 68 70 88 89 90 
70 1499 0.055570800 0.087723300 0.00000000000000000000 1.00000000000000000000 2 0 8 49 50 51 69 71 89 90 91 
71 1500 0.066709000 0.092928500 0.00000000000000000000 1.00000000000000000000 2 0 8 50 51 52 70 72 90 91 92 
72 1501 0.078515300 0.097934100 0.00000000000000000000 1.00000000000000000000 2 0 8 51 52 53 71 73 91 92 93 
73 1502 0.090971000 0.102731000 0.00000000000000000000 1.00000000000000000000 2 0 8 52 53 54 72 74 92 93 94 
74 1503 0.104056000 0.107311000 0.00000000000000000000 1.00000000000000000000 2 0 8 53 54 55 73 75 93 94 95 
75 1504 0.117750000 0.111666000 0.00000000000000000000 1.00000000000000000000 2 0 8 54 55 56 74 76 94 95 96 
76 1505 0.132030000 0.115788000 0.00000000000000000000 1.00000000000000000000 2 0 8 55 56 57 75 77 95 96 97 
77 1506 0.146874000 0.119671000 0.00000000000000000000 1.00000000000000000000 2 0 8 56 57 58 76 78 96 97 98 
78 1507 0.162258000 0.123309000 0.00000000000000000000 1.00000000000000000000 2 0 8 57 58 59 77 79 97 98 99 
79 1508 0.178158000 0.126697000 0.00000000000000000000 1.00000000000000000000 2 0 8 58 59 60 78 80 98 99 100 
80 1509 0.194549000 0.129829000 0.00000000000000000000 1.00000000000000000000 2 0 8 59 60 245 79 247 99 100 249 
81 1510 -0.022641700 0.039523400 0.00000000000000000000 1.00000000000000000000 2 0 8 246 61 62 248 82 250 101 102 
82 1511 -0.018086000 0.047221300 0.00000000000000000000 1.00000000000000000000 2 0 8 61 62 63 81 83 101 102 103 
83 1512 -0.012722500 0.054811800 0.00000000000000000000 1.00000000000000000000 2 0 8 62 63 64 82 84 102 103 104 
84 1513 -0.006560540 0.062279800 0.00000000000000000000 1.00000000000000000000 2 0 8 63 64 65 83 85 103 104 105 
85 1514 0.000389245 0.069611200 0.00000000000000000000 1.00000000000000000000 2 0 8 64 65 66 84 86 104 105 106 
86 1515 0.008115110 0.076792000 0.00000000000000000000 1.00000000000000000000 2 0 8 65 66 67 85 87 105 106 107 
87 1516 0.016604200 0.083808800 0.00000000000000000000 1.00000000000000000000 2 0 8 66 67 68 86 88 106 107 108 
88 1517 0.025842400 0.090648900 0.00000000000000000000 1.00000000000000000000 2 0 8 67 68 69 87 89 107 108 109 
89 1518 0.035814800 0.097299500 0.00000000000000000000 1.00000000000000000000 2 0 8 68 69 70 88 90 108 109 110 
90 1519 0.046504900 0.103749000 0.00000000000000000000 1.00000000000000000000 2 0 8 69 70 71 89 91 109 110 111 
91 1520 0.057895400 0.109985000 0.00000000000000000000 1.00000000000000000000 2 0 8 70 71 72 90 92 110 111 112 
92 1521 0.069967900 0.115998000 0.00000000000000000000 1.00000000000000000000 2 0 8 71 72 73 91 93 111 112 113 
93 1522 0.082702800 0.121775000 0.00000000000000000000 1.00000000000000000000 2 0 8 72 73 74 92 94 112 113 114 
94 1523 0.096079600 0.127309000 0.00000000000000000000 1.00000000000000000000 2 0 8 73 74 75 93 95 113 114 115 
95 1524 0.110077000 0.132588000 0.00000000000000000000 1.00000000000000000000 2 0 8 74 75 76 94 96 114 115 116 
96 1525 0.124672000 0.137605000 0.00000000000000000000 1.00000000000000000000 2 0 8 75 76 77 95 97 115 116 117 
97 1526 0.139841000 0.142351000 0.00000000000000000000 1.00000000000000000000 2 0 8 76 77 78 96 98 116 117 118 
98 1527 0.155560000 0.146820000 0.00000000000000000000 1.00000000000000000000 2 0 8 77 78 79 97 99 117 118 119 
99 1528 0.171803000 0.151004000 0.00000000000000000000 1.00000000000000000000 2 0 8 78 79 80 98 100 118 119 120 
100 1529 0.188546000 0.154899000 0.00000000000000000000 1.00000000000000000000 2 0 8 79 80 247 99 249 119 120 251 
101 1530 -0.035046900 0.045601000 0.00000000000000000000 1.00000000000000000000 2 0 8 248 81 82 250 102 252 121 122 
102 1531 -0.030375200 0.054501400 0.00000000000000000000 1.00000000000000000000 2 0 8 81 82 83 101 103 121 122 123 
103 1532 -0.024874800 0.063285800 0.00000000000000000000 1.00000000000000000000 2 0 8 82 83 84 102 104 122 123 124 
104 1533 -0.018555300 0.071937100 0.00000000000000000000 1.00000000000000000000 2 0 8 83 84 85 103 105 123 124 125 
105 1534 -0.011427700 0.080439000 0.00000000000000000000 1.00000000000000000000 2 0 8 84 85 86 104 106 124 125 126 
106 1535 -0.003504240 0.088775700 0.00000000000000000000 1.00000000000000000000 2 0 8 85 86 87 105 107 125 126 127 
107 1536 0.005201730 0.096931700 0.00000000000000000000 1.00000000000000000000 2 0 8 86 87 88 106 108 126 127 128 
108 1537 0.014675600 0.104892000 0.00000000000000000000 1.00000000000000000000 2 0 8 87 88 89 107 109 127 128 129 
109 1538 0.024901800 0.112643000 0.00000000000000000000 1.00000000000000000000 2 0 8 88 89 90 108 110 128 129 130 
110 1539 0.035863200 0.120171000 0.00000000000000000000 1.00000000000000000000 2 0 8 89 90 91 109 111 129 130 131 
111 1540 0.047542000 0.127462000 0.00000000000000000000 1.00000000000000000000 2 0 8 90 91 92 110 112 130 131 132 
112 1541 0.059919000 0.134504000 0.00000000000000000000 1.00000000000000000000 2 0 8 91 92 93 111 113 131 132 133 
113 1542 0.072974000 0.141284000 0.00000000000000000000 1.00000000000000000000 2 0 8 92 93 94 112 114 132 133 134 
114 1543 0.086685700 0.147792000 0.00000000000000000000 1.00000000000000000000 2 0 8 93 94 95 113 115 133 134 135 
115 1544 0.101032000 0.154016000 0.00000000000000000000 1.00000000000000000000 2 0 8 94 95 96 114 116 134 135 136 
116 1545 0.115989000 0.159946000 0.00000000000000000000 1.00000000000000000000 2 0 8 95 96 97 115 117 135 136 137 
117 1546 0.131533000 0.165574000 0.00000000000000000000 1.00000000000000000000 2 0 8 96 97 98 116 118 136 137 138 
118 1547 0.147639000 0.170890000 0.00000000000000000000 1.00000000000000000000 2 0 8 97 98 99 117 119 137 138 139 
119 1548 0.164280000 0.175887000 0.00000000000000000000 1.00000000000000000000 2 0 8 98 99 100 118 120 138 139 140 
120 1549 0.181430000 0.180557000 0.00000000000000000000 1.00000000000000000000 2 0 8 99 100 249 119 251 139 140 253 
121 1550 -0.049294100 0.051857500 0.00000000000000000000 1.00000000000000000000 2 0 8 250 101 102 252 122 254 141 142 
122 1551 -0.044492100 0.061993700 0.00000000000000000000 1.00000000000000000000 2 0 8 101 102 103 121 123 141 142 143 
123 1552 -0.038837800 0.072004400 0.00000000000000000000 1.00000000000000000000 2 0 8 102 103 104 122 124 142 143 144 
124 1553 -0.032341400 0.081870800 0.00000000000000000000 1.00000000000000000000 2 0 8 103 104 105 123 125 143 144 145 
125 1554 -0.025014000 0.091574400 0.00000000000000000000 1.00000000000000000000 2 0 8 104 105 106 124 126 144 145 146 
126 1555 -0.016868400 0.101097000 0.00000000000000000000 1.00000000000000000000 2 0 8 105 106 107 125 127 145 146 147 
127 1556 -0.007918360 0.110423000 0.00000000000000000000 1.00000000000000000000 2 0 8 106 107 108 126 128 146 147 148 
128 1557 0.001820970 0.119533000 0.00000000000000000000 1.00000000000000000000 2 0 8 107 108 109 127 129 147 148 149 
129 1558 0.012333300 0.128413000 0.00000000000000000000 1.00000000000000000000 2 0 8 108 109 110 128 130 148 149 150 
130 1559 0.023601000 0.137047000 0.00000000000000000000 1.00000000000000000000 2 0 8 109 110 111 129 131 149 150 151 
131 1560 0.035605500 0.145420000 0.00000000000000000000 1.00000000000000000000 2 0 8 110 111 112 130 132 150 151 152 
132 1561 0.048326900 0.153517000 0.00000000000000000000 1.00000000000000000000 2 0 8 111 112 113 131 133 151 152 153 
133 1562 0.061744300 0.161326000 0.00000000000000000000 1.00000000000000000000 2 0 8 112 113 114 132 134 152 153 154 
134 1563 0.075835600 0.168832000 0.00000000000000000000 1.00000000000000000000 2 0 8 113 114 115 133 135 153 154 155 
135 1564 0.090577700 0.176024000 0.00000000000000000000 1.00000000000000000000 2 0 8 114 115 116 134 136 154 155 156 
136 1565 0.105947000 0.182890000 0.00000000000000000000 1.00000000000000000000 2 0 8 115 116 117 135 137 155 156 157 
137 1566 0.121917000 0.189420000 0.00000000000000000000 1.00000000000000000000 2 0 8 116 117 118 136 138 156 157 158 
138 1567 0.138463000 0.195603000 0.00000000000000000000 1.00000000000000000000 2 0 8 117 118 119 137 139 157 158 159 
139 1568 0.155558000 0.201430000 0.00000000000000000000 1.00000000000000000000 2 0 8 118 119 120 138 140 158 159 160 
140 1569 0.173174000 0.206894000 0.00000000000000000000 1.00000000000000000000 2 0 8 119 120 251 139 253 159 160 255 
141 1570 -0.065445400 0.058313200 0.00000000000000000000 1.00000000000000000000 2 0 8 252 121 122 254 142 256 257 161 
142 1571 -0.060497800 0.069722800 0.00000000000000000000 1.00000000000000000000 2 0 8 121 122 123 141 143 257 161 162 
143 1572 -0.054671800 0.080997000 0.00000000000000000000 1.00000000000000000000 2 0 8 122 123 124 142 144 161 162 163 
144 1573 -0.047977900 0.092114600 0.00000000000000000000 1.00000000000000000000 2 0 8 123 124 125 143 145 162 163 164 
145 1574 -0.040427500 0.103056000 0.00000000000000000000 1.00000000000000000000 2 0 8 124 125 126 144 146 163 164 165 
146 1575 -0.032033800 0.113800000 0.00000000000000000000 1.00000000000000000000 2 0 8 125 126 127 145 147 164 165 166 
147 1576 -0.022811200 0.124328000 0.00000000000000000000 1.00000000000000000000 2 0 8 126 127 128 146 148 165 166 167 
148 1577 -0.012775300 0.134622000 0.00000000000000000000 1.00000000000000000000 2 0 8 127 128 129 147 149 166 167 168 
149 1578 -0.001943000 0.144664000 0.00000000000000000000 1.00000000000000000000 2 0 8 128 129 130 148 150 167 168 169 
150 1579 0.009667420 0.154436000 0.00000000000000000000 1.00000000000000000000 2 0 8 129 130 131 149 151 168 169 170 
151 1580 0.022036600 0.163921000 0.00000000000000000000 1.00000000000000000000 2 0 8 130 131 132 150 152 169 170 171 
152 1581 0.035144000 0.173104000 0.00000000000000000000 1.00000000000000000000 2 0 8 131 132 133 151 153 170 171 172 
153 1582 0.048967700 0.181969000 0.00000000000000000000 1.00000000000000000000 2 0 8 132 133 134 152 154 171 172 173 
154 1583 0.063485100 0.190502000 0.00000000000000000000 1.00000000000000000000 2 0 8 133 134 135 153 155 172 173 174 
155 1584 0.078672100 0.198689000 0.00000000000000000000 1.00000000000000000000 2 0 8 134 135 136 154 156 173 174 175 
156 1585 0.094503800 0.206516000 0.00000000000000000000 1.00000000000000000000 2 0 8 135 136 137 155 157 174 175 176 
157 1586 0.110954000 0.213972000 0.00000000000000000000 1.00000000000000000000 2 0 8 136 137 138 156 158 175 176 177 
158 1587 0.127996000 0.221046000 0.00000000000000000000 1.00000000000000000000 2 0 8 137 138 139 157 159 176 177 178 
159 1588 0.145602000 0.227726000 0.00000000000000000000 1.00000000000000000000 2 0 8 138 139 140 158 160 177 178 179 
160 1589 0.163743000 0.234003000 0.00000000000000000000 1.00000000000000000000 2 0 8 139 140 253 159 255 178 179 258 
161 1590 -0.078459600 0.077714800 0.00000000000000000000 1.00000000000000000000 2 0 8 141 142 143 257 162 259 260 180 
162 1591 -0.072443100 0.090293900 0.00000000000000000000 1.00000000000000000000 2 0 8 142 143 144 161 163 260 180 181 
163 1592 -0.065529900 0.102704000 0.00000000000000000000 1.00000000000000000000 2 0 8 143 144 145 162 164 180 181 182 
164 1593 -0.057732100 0.114922000 0.00000000000000000000 1.00000000000000000000 2 0 8 144 145 146 163 165 181 182 183 
165 1594 -0.049063200 0.126927000 0.00000000000000000000 1.00000000000000000000 2 0 8 145 146 147 164 166 182 183 184 
166 1595 -0.039538000 0.138697000 0.00000000000000000000 1.00000000000000000000 2 0 8 146 147 148 165 167 183 184 185 
167 1596 -0.029172800 0.150212000 0.00000000000000000000 1.00000000000000000000 2 0 8 147 148 149 166 168 184 185 186 
168 1597 -0.017985200 0.161452000 0.00000000000000000000 1.00000000000000000000 2 0 8 148 149 150 167 169 185 186 187 
169 1598 -0.005994020 0.172398000 0.00000000000000000000 1.00000000000000000000 2 0 8 149 150 151 168 170 186 187 188 
170 1599 0.006780550 0.183031000 0.00000000000000000000 1.00000000000000000000 2 0 8 150 151 152 169 171 187 188 189 
171 1600 0.020317200 0.193334000 0.00000000000000000000 1.00000000000000000000 2 0 8 151 152 153 170 172 188 189 190 
172 1601 0.034593200 0.203288000 0.00000000000000000000 1.00000000000000000000 2 0 8 152 153 154 171 173 189 190 191 
173 1602 0.049585100 0.212879000 0.00000000000000000000 1.00000000000000000000 2 0 8 153 154 155 172 174 190 191 192 
174 1603 0.065267800 0.222091000 0.00000000000000000000 1.00000000000000000000 2 0 8 154 155 156 173 175 191 192 193 
175 1604 0.081615500 0.230909000 0.00000000000000000000 1.00000000000000000000 2 0 8 155 156 157 174 176 192 193 194 
176 1605 0.098601300 0.239319000 0.00000000000000000000 1.00000000000000000000 2 0 8 156 157 158 175 177 193 194 195 
177 1606 0.116197000 0.247308000 0.00000000000000000000 1.00000000000000000000 2 0 8 157 158 159 176 178 194 195 196 
178 1607 0.134374000 0.254866000 0.00000000000000000000 1.00000000000000000000 2 0 8 158 159 160 177 179 195 196 197 
179 1608 0.153103000 0.261979000 0.00000000000000000000 1.00000000000000000000 2 0 8 159 160 255 178 258 196 197 261 
180 1609 -0.092224400 0.099927200 0.00000000000000000000 1.00000000000000000000 2 0 8 161 162 163 260 181 263 264 265 
181 1610 -0.085069200 0.113675000 0.00000000000000000000 1.00000000000000000000 2 0 8 162 163 164 180 182 264 265 266 
182 1611 -0.076998300 0.127215000 0.00000000000000000000 1.00000000000000000000 2 0 8 163 164 165 181 183 265 266 267 
183 1612 -0.068025600 0.140525000 0.00000000000000000000 1.00000000000000000000 2 0 8 164 165 166 182 184 266 267 268 
184 1613 -0.058166400 0.153580000 0.00000000000000000000 1.00000000000000000000 2 0 8 165 166 167 183 185 267 268 269 
185 1614 -0.047437700 0.166358000 0.00000000000000000000 1.00000000000000000000 2 0 8 166 167 168 184 186 268 269 270 
186 1615 -0.035857700 0.178838000 0.00000000000000000000 1.00000000000000000000 2 0 8 167 168 169 185 187 269 270 271 
187 1616 -0.023446000 0.190998000 0.00000000000000000000 1.00000000000000000000 2 0 8 168 169 170 186 188 270 271 198 
188 1617 -0.010223500 0.202818000 0.00000000000000000000 1.00000000000000000000 2 0 8 169 170 171 187 189 271 198 199 
189 1618 0.003787630 0.214277000 0.00000000000000000000 1.00000000000000000000 2 0 8 170 171 172 188 190 198 199 200 
190 1619 0.018563800 0.225358000 0.00000000000000000000 1.00000000000000000000 2 0 8 171 172 173 189 191 199 200 201 
191 1620 0.034080500 0.236043000 0.00000000000000000000 1.00000000000000000000 2 0 8 172 173 174 190 192 200 201 202 
192 1621 0.050311900 0.246313000 0.00000000000000000000 1.00000000000000000000 2 0 8 173 174 175 191 193 201 202 203 
193 1622 0.067231100 0.256154000 0.00000000000000000000 1.00000000000000000000 2 0 8 174 175 176 192 194 202 203 204 
194 1623 0.084810100 0.265549000 0.00000000000000000000 1.00000000000000000000 2 0 8 175 176 177 193 195 203 204 205 
195 1624 0.103020000 0.274485000 0.00000000000000000000 1.00000000000000000000 2 0 8 176 177 178 194 196 204 205 206 
196 1625 0.121830000 0.282947000 0.00000000000000000000 1.00000000000000000000 2 0 8 177 178 179 195 197 205 206 207 
197 1626 0.141211000 0.290924000 0.00000000000000000000 1.00000000000000000000 2 0 8 178 179 258 196 261 206 207 208 
198 1627 -0.029042400 0.223351000 0.00000000000000000000 1.00000000000000000000 2 0 8 187 188 189 271 199 273 274 209 
199 1628 -0.014509500 0.236010000 0.00000000000000000000 1.00000000000000000000 2 0 8 188 189 190 198 200 274 209 210 
200 1629 0.000816796 0.248258000 0.00000000000000000000 1.00000000000000000000 2 0 8 189 190 191 199 201 209 210 211 
201 1630 0.016911000 0.260075000 0.00000000000000000000 1.00000000000000000000 2 0 8 190 191 192 200 202 210 211 212 
202 1631 0.033746400 0.271442000 0.00000000000000000000 1.00000000000000000000 2 0 8 191 192 193 201 203 211 212 213 
203 1632 0.051294800 0.282342000 0.00000000000000000000 1.00000000000000000000 2 0 8 192 193 194 202 204 212 213 214 
204 1633 0.069527200 0.292757000 0.00000000000000000000 1.00000000000000000000 2 0 8 193 194 195 203 205 213 214 215 
205 1634 0.088413400 0.302672000 0.00000000000000000000 1.00000000000000000000 2 0 8 194 195 196 204 206 214 215 216 
206 1635 0.107922000 0.312071000 0.00000000000000000000 1.00000000000000000000 2 0 8 195 196 197 205 207 215 216 217 
207 1636 0.128022000 0.320941000 0.00000000000000000000 1.00000000000000000000 2 0 8 196 197 261 206 208 216 217 218 
208 1637 0.148680000 0.329269000 0.00000000000000000000 1.00000000000000000000 2 0 8 197 261 262 207 272 217 218 275 
209 1638 -0.034645600 0.258609000 0.00000000000000000000 1.00000000000000000000 2 0 8 198 199 200 274 210 276 277 219 
210 1639 -0.018716800 0.272069000 0.00000000000000000000 1.00000000000000000000 2 0 8 199 200 201 209 211 277 219 220 
211 1640 -0.001989960 0.285062000 0.00000000000000000000 1.00000000000000000000 2 0 8 200 201 202 210 212 219 220 221 
212 1641 0.015507000 0.297569000 0.00000000000000000000 1.00000000000000000000 2 0 8 201 202 203 211 213 220 221 222 
213 1642 0.033745000 0.309568000 0.00000000000000000000 1.00000000000000000000 2 0 8 202 203 204 212 214 221 222 223 
214 1643 0.052693800 0.321042000 0.00000000000000000000 1.00000000000000000000 2 0 8 203 204 205 213 215 222 223 224 
215 1644 0.072321900 0.331972000 0.00000000000000000000 1.00000000000000000000 2 0 8 204 205 206 214 216 223 224 225 
216 1645 0.092597100 0.342343000 0.00000000000000000000 1.00000000000000000000 2 0 8 205 206 207 215 217 224 225 226 
217 1646 0.113486000 0.352139000 0.00000000000000000000 1.00000000000000000000 2 0 8 206 207 208 216 218 225 226 227 
218 1647 0.134954000 0.361346000 0.00000000000000000000 1.00000000000000000000 2 0 8 207 208 272 217 275 226 227 278 
219 1648 -0.040112200 0.296877000 0.00000000000000000000 1.00000000000000000000 2 0 8 209 210 211 277 220 279 280 228 
220 1649 -0.022695100 0.311095000 0.00000000000000000000 1.00000000000000000000 2 0 8 210 211 212 219 221 280 228 229 
221 1650 -0.004476060 0.324786000 0.00000000000000000000 1.00000000000000000000 2 0 8 211 212 213 220 222 228 229 230 
222 1651 0.014514700 0.337929000 0.00000000000000000000 1.00000000000000000000 2 0 8 212 213 214 221 223 229 230 231 
223 1652 0.034245600 0.350504000 0.00000000000000000000 1.00000000000000000000 2 0 8 213 214 215 222 224 230 231 232 
224 1653 0.054684000 0.362491000 0.00000000000000000000 1.00000000000000000000 2 0 8 214 215 216 223 225 231 232 233 
225 1654 0.075796000 0.373872000 0.00000000000000000000 1.00000000000000000000 2 0 8 215 216 217 224 226 232 233 234 
226 1655 0.097547000 0.384631000 0.00000000000000000000 1.00000000000000000000 2 0 8 216 217 218 225 227 233 234 281 
227 1656 0.119901000 0.394751000 0.00000000000000000000 1.00000000000000000000 2 0 8 217 218 275 226 278 234 281 282 
228 1657 -0.045283700 0.338267000 0.00000000000000000000 1.00000000000000000000 2 0 8 219 220 221 280 229 283 284 235 
229 1658 -0.026279200 0.353194000 0.00000000000000000000 1.00000000000000000000 2 0 8 220 221 222 228 230 284 235 236 
230 1659 -0.006469550 0.367529000 0.00000000000000000000 1.00000000000000000000 2 0 8 221 222 223 229 231 235 236 237 
231 1660 0.014112400 0.381252000 0.00000000000000000000 1.00000000000000000000 2 0 8 222 223 224 230 232 236 237 238 
232 1661 0.035432500 0.394340000 0.00000000000000000000 1.00000000000000000000 2 0 8 223 224 225 231 233 237 238 239 
233 1662 0.057455500 0.406773000 0.00000000000000000000 1.00000000000000000000 2 0 8 224 225 226 232 234 238 239 285 
234 1663 0.080145300 0.418534000 0.00000000000000000000 1.00000000000000000000 2 0 8 225 226 227 233 281 239 285 286 
235 1664 -0.049985300 0.382895000 0.00000000000000000000 1.00000000000000000000 2 0 8 228 229 230 284 236 287 288 289 
236 1665 -0.029287400 0.398476000 0.00000000000000000000 1.00000000000000000000 2 0 8 229 230 231 235 237 288 289 290 
237 1666 -0.007782260 0.413396000 0.00000000000000000000 1.00000000000000000000 2 0 8 230 231 232 236 238 289 290 291 
238 1667 0.014494500 0.427634000 0.00000000000000000000 1.00000000000000000000 2 0 8 231 232 233 237 239 290 291 292 
239 1668 0.037506200 0.441166000 0.00000000000000000000 1.00000000000000000000 2 0 8 232 233 234 238 285 291 292 293 
240 1926 0.00615584 0.0134413 1 1
241 2384 0.222215 0.0580454 1 1
242 1947 0.000546206 0.0178614 2 0
243 2404 0.219613 0.0825621 2 0
244 1969 -0.00671756 0.0223758 2 0
245 2424 0.216015 0.10742 2 0
246 1990 -0.0156775 0.026996 2 0
247 2444 0.211403 0.132703 2 0
248 2011 -0.0263812 0.0317338 2 0
249 2464 0.20576 0.158498 2 0
250 2032 -0.0388813 0.0366022 2 0
251 2484 0.199062 0.184895 2 0
252 2053 -0.0532352 0.0416156 2 0
253 2504 0.191282 0.211986 2 0
254 2074 -0.0695058 0.0467896 2 0
255 2524 0.18239 0.239868 2 0
256 1188 -0.0877618 0.052141 2 0
257 1189 -0.0835689 0.0649893 2 0
258 2544 0.172353 0.26864 2 0
259 1192 -0.103739 0.0719084 2 0
260 1193 -0.0984513 0.0859967 2 0
261 2564 0.16113 0.298405 2 0
262 2565 0.181555 0.305378 2 0
263 1198 -0.120553 0.0945973 2 0
264 1199 -0.114095 0.10993 2 0
265 1200 -0.106674 0.125066 2 0
266 1201 -0.0983031 0.139979 2 0
267 1202 -0.0889966 0.154641 2 0
268 1203 -0.0787705 0.169029 2 0
269 1204 -0.0676424 0.183117 2 0
270 1205 -0.0556312 0.196882 2 0
271 1206 -0.0427573 0.210301 2 0
272 2584 0.169861 0.337044 2 0
273 1219 -0.0640035 0.230376 2 0
274 1220 -0.0497496 0.244704 2 0
275 2603 0.156966 0.36995 2 0
276 1234 -0.0724252 0.266954 2 0
277 1235 -0.0566982 0.282156 2 0
278 2621 0.142822 0.404217 2 0
279 1249 -0.0807519 0.306736 2 0
280 1250 -0.0634514 0.322773 2 0
281 2639 0.103464 0.429605 2 0
282 2640 0.127375 0.43997 2 0
283 1264 -0.0888233 0.34985 2 0
284 1265 -0.0698416 0.366677 2 0
285 2659 0.0612148 0.453974 2 0
286 2660 0.0855816 0.466037 2 0
287 1279 -0.096462 0.396429 2 0
288 1280 -0.0756842 0.413997 2 0
289 1281 -0.0540252 0.430881 2 0
290 1282 -0.031521 0.447055 2 0
291 1283 -0.00820887 0.462495 2 0
292 2680 0.0158728 0.477177 2 0
293 2681 0.0406845 0.491078 2 0
