308 240 68
1 9361 -2.280450000 -0.433709000 0.00000000000000000000 1.00000000000000000000 2 0 8 241 242 243 246 2 3 4 5 
2 9362 -2.295680000 -0.325865000 0.00000000000000000000 1.00000000000000000000 2 0 8 242 243 244 1 247 4 5 6 
3 9363 -2.430680000 -0.575154000 0.00000000000000000000 1.00000000000000000000 2 0 8 245 246 1 250 4 7 8 9 
4 9364 -2.451420000 -0.461197000 0.00000000000000000000 1.00000000000000000000 2 0 8 246 1 2 3 5 8 9 10 
5 9365 -2.467590000 -0.346518000 0.00000000000000000000 1.00000000000000000000 2 0 8 1 2 247 4 6 9 10 11 
6 9366 -2.479160000 -0.231295000 0.00000000000000000000 1.00000000000000000000 2 0 8 2 247 248 5 251 10 11 12 
7 9367 -2.584450000 -0.731774000 0.00000000000000000000 1.00000000000000000000 2 0 8 249 250 3 255 8 14 15 16 
8 9368 -2.611280000 -0.611560000 0.00000000000000000000 1.00000000000000000000 2 0 8 250 3 4 7 9 15 16 17 
9 9369 -2.633300000 -0.490389000 0.00000000000000000000 1.00000000000000000000 2 0 8 3 4 5 8 10 16 17 18 
10 9370 -2.650450000 -0.368451000 0.00000000000000000000 1.00000000000000000000 2 0 8 4 5 6 9 11 17 18 19 
11 9371 -2.662730000 -0.245935000 0.00000000000000000000 1.00000000000000000000 2 0 8 5 6 251 10 12 18 19 20 
12 9372 -2.670100000 -0.123035000 0.00000000000000000000 1.00000000000000000000 2 0 8 6 251 252 11 13 19 20 21 
13 9373 -2.672560000 0.000057961 0.00000000000000000000 1.00000000000000000000 2 0 8 251 252 253 12 256 20 21 259 
14 9374 -2.741340000 -0.904643000 0.00000000000000000000 1.00000000000000000000 2 0 8 254 255 7 258 15 22 23 24 
15 9375 -2.774900000 -0.778043000 0.00000000000000000000 1.00000000000000000000 2 0 8 255 7 8 14 16 23 24 25 
16 9376 -2.803380000 -0.650227000 0.00000000000000000000 1.00000000000000000000 2 0 8 7 8 9 15 17 24 25 26 
17 9377 -2.826740000 -0.521394000 0.00000000000000000000 1.00000000000000000000 2 0 8 8 9 10 16 18 25 26 27 
18 9378 -2.844950000 -0.391746000 0.00000000000000000000 1.00000000000000000000 2 0 8 9 10 11 17 19 26 27 28 
19 9379 -2.857980000 -0.261485000 0.00000000000000000000 1.00000000000000000000 2 0 8 10 11 12 18 20 27 28 29 
20 9380 -2.865800000 -0.130815000 0.00000000000000000000 1.00000000000000000000 2 0 8 11 12 13 19 21 28 29 30 
21 9381 -2.868410000 0.000059438 0.00000000000000000000 1.00000000000000000000 2 0 8 12 13 256 20 259 29 30 262 
22 9382 -2.900890000 -1.094890000 0.00000000000000000000 1.00000000000000000000 2 0 8 257 258 14 261 23 31 32 33 
23 9383 -2.941830000 -0.961789000 0.00000000000000000000 1.00000000000000000000 2 0 8 258 14 15 22 24 32 33 34 
24 9384 -2.977450000 -0.827190000 0.00000000000000000000 1.00000000000000000000 2 0 8 14 15 16 23 25 33 34 35 
25 9385 -3.007680000 -0.691298000 0.00000000000000000000 1.00000000000000000000 2 0 8 15 16 17 24 26 34 35 36 
26 9386 -3.032480000 -0.554326000 0.00000000000000000000 1.00000000000000000000 2 0 8 16 17 18 25 27 35 36 37 
27 9387 -3.051810000 -0.416489000 0.00000000000000000000 1.00000000000000000000 2 0 8 17 18 19 26 28 36 37 38 
28 9388 -3.065630000 -0.278001000 0.00000000000000000000 1.00000000000000000000 2 0 8 18 19 20 27 29 37 38 39 
29 9389 -3.073940000 -0.139079000 0.00000000000000000000 1.00000000000000000000 2 0 8 19 20 21 28 30 38 39 40 
30 9390 -3.076710000 0.000060692 0.00000000000000000000 1.00000000000000000000 2 0 8 20 21 259 29 262 39 40 265 
31 9391 -3.062520000 -1.303680000 0.00000000000000000000 1.00000000000000000000 2 0 8 260 261 22 264 32 41 42 43 
32 9392 -3.111570000 -1.164000000 0.00000000000000000000 1.00000000000000000000 2 0 8 261 22 23 31 33 42 43 44 
33 9393 -3.155040000 -1.022490000 0.00000000000000000000 1.00000000000000000000 2 0 8 22 23 24 32 34 43 44 45 
34 9394 -3.192850000 -0.879396000 0.00000000000000000000 1.00000000000000000000 2 0 8 23 24 25 33 35 44 45 46 
35 9395 -3.224940000 -0.734926000 0.00000000000000000000 1.00000000000000000000 2 0 8 24 25 26 34 36 45 46 47 
36 9396 -3.251270000 -0.589309000 0.00000000000000000000 1.00000000000000000000 2 0 8 25 26 27 35 37 46 47 48 
37 9397 -3.271790000 -0.442773000 0.00000000000000000000 1.00000000000000000000 2 0 8 26 27 28 36 38 47 48 49 
38 9398 -3.286470000 -0.295546000 0.00000000000000000000 1.00000000000000000000 2 0 8 27 28 29 37 39 48 49 50 
39 9399 -3.295280000 -0.147857000 0.00000000000000000000 1.00000000000000000000 2 0 8 28 29 30 38 40 49 50 51 
40 9400 -3.298220000 0.000061685 0.00000000000000000000 1.00000000000000000000 2 0 8 29 30 262 39 265 50 51 52 
41 9401 -3.225600000 -1.532260000 0.00000000000000000000 1.00000000000000000000 2 0 8 263 264 31 268 42 53 54 55 
42 9402 -3.283530000 -1.385920000 0.00000000000000000000 1.00000000000000000000 2 0 8 264 31 32 41 43 54 55 56 
43 9403 -3.335610000 -1.237410000 0.00000000000000000000 1.00000000000000000000 2 0 8 31 32 33 42 44 55 56 57 
44 9404 -3.381760000 -1.086980000 0.00000000000000000000 1.00000000000000000000 2 0 8 32 33 34 43 45 56 57 58 
45 9405 -3.421900000 -0.934856000 0.00000000000000000000 1.00000000000000000000 2 0 8 33 34 35 44 46 57 58 59 
46 9406 -3.455970000 -0.781274000 0.00000000000000000000 1.00000000000000000000 2 0 8 34 35 36 45 47 58 59 60 
47 9407 -3.483920000 -0.626473000 0.00000000000000000000 1.00000000000000000000 2 0 8 35 36 37 46 48 59 60 61 
48 9408 -3.505710000 -0.470696000 0.00000000000000000000 1.00000000000000000000 2 0 8 36 37 38 47 49 60 61 62 
49 9409 -3.521290000 -0.314185000 0.00000000000000000000 1.00000000000000000000 2 0 8 37 38 39 48 50 61 62 63 
50 9410 -3.530650000 -0.157184000 0.00000000000000000000 1.00000000000000000000 2 0 8 38 39 40 49 51 62 63 64 
51 9411 -3.533770000 0.000062379 0.00000000000000000000 1.00000000000000000000 2 0 8 39 40 265 50 52 63 64 65 
52 9412 -3.530650000 0.157308000 0.00000000000000000000 1.00000000000000000000 2 0 8 40 265 266 51 269 64 65 66 
53 9413 -3.389400000 -1.781900000 0.00000000000000000000 1.00000000000000000000 2 0 8 267 268 41 271 54 274 275 67 
54 9414 -3.457030000 -1.628860000 0.00000000000000000000 1.00000000000000000000 2 0 8 268 41 42 53 55 275 67 68 
55 9415 -3.518540000 -1.473280000 0.00000000000000000000 1.00000000000000000000 2 0 8 41 42 43 54 56 67 68 69 
56 9416 -3.573840000 -1.315410000 0.00000000000000000000 1.00000000000000000000 2 0 8 42 43 44 55 57 68 69 70 
57 9417 -3.622830000 -1.155490000 0.00000000000000000000 1.00000000000000000000 2 0 8 43 44 45 56 58 69 70 71 
58 9418 -3.665450000 -0.993778000 0.00000000000000000000 1.00000000000000000000 2 0 8 44 45 46 57 59 70 71 72 
59 9419 -3.701630000 -0.830514000 0.00000000000000000000 1.00000000000000000000 2 0 8 45 46 47 58 60 71 72 73 
60 9420 -3.731310000 -0.665956000 0.00000000000000000000 1.00000000000000000000 2 0 8 46 47 48 59 61 72 73 74 
61 9421 -3.754440000 -0.500361000 0.00000000000000000000 1.00000000000000000000 2 0 8 47 48 49 60 62 73 74 75 
62 9422 -3.770990000 -0.333987000 0.00000000000000000000 1.00000000000000000000 2 0 8 48 49 50 61 63 74 75 76 
63 9423 -3.780930000 -0.167092000 0.00000000000000000000 1.00000000000000000000 2 0 8 49 50 51 62 64 75 76 77 
64 9424 -3.784240000 0.000062731 0.00000000000000000000 1.00000000000000000000 2 0 8 50 51 52 63 65 76 77 78 
65 9425 -3.780920000 0.167218000 0.00000000000000000000 1.00000000000000000000 2 0 8 51 52 269 64 66 77 78 79 
66 9426 -3.770980000 0.334112000 0.00000000000000000000 1.00000000000000000000 2 0 8 52 269 270 65 272 78 79 80 
67 9427 -3.703090000 -1.731490000 0.00000000000000000000 1.00000000000000000000 2 0 8 53 54 55 275 68 278 279 81 
68 9428 -3.768410000 -1.566100000 0.00000000000000000000 1.00000000000000000000 2 0 8 54 55 56 67 69 279 81 82 
69 9429 -3.827130000 -1.398280000 0.00000000000000000000 1.00000000000000000000 2 0 8 55 56 57 68 70 81 82 83 
70 9430 -3.879160000 -1.228290000 0.00000000000000000000 1.00000000000000000000 2 0 8 56 57 58 69 71 82 83 84 
71 9431 -3.924410000 -1.056380000 0.00000000000000000000 1.00000000000000000000 2 0 8 57 58 59 70 72 83 84 85 
72 9432 -3.962830000 -0.882830000 0.00000000000000000000 1.00000000000000000000 2 0 8 58 59 60 71 73 84 85 86 
73 9433 -3.994340000 -0.707906000 0.00000000000000000000 1.00000000000000000000 2 0 8 59 60 61 72 74 85 86 87 
74 9434 -4.018900000 -0.531880000 0.00000000000000000000 1.00000000000000000000 2 0 8 60 61 62 73 75 86 87 88 
75 9435 -4.036470000 -0.355026000 0.00000000000000000000 1.00000000000000000000 2 0 8 61 62 63 74 76 87 88 89 
76 9436 -4.047030000 -0.177620000 0.00000000000000000000 1.00000000000000000000 2 0 8 62 63 64 75 77 88 89 90 
77 9437 -4.050540000 0.000062694 0.00000000000000000000 1.00000000000000000000 2 0 8 63 64 65 76 78 89 90 91 
78 9438 -4.047020000 0.177745000 0.00000000000000000000 1.00000000000000000000 2 0 8 64 65 66 77 79 90 91 92 
79 9439 -4.036460000 0.355151000 0.00000000000000000000 1.00000000000000000000 2 0 8 65 66 272 78 80 91 92 93 
80 9440 -4.018890000 0.532004000 0.00000000000000000000 1.00000000000000000000 2 0 8 66 272 273 79 276 92 93 94 
81 9441 -4.034070000 -1.664730000 0.00000000000000000000 1.00000000000000000000 2 0 8 67 68 69 279 82 281 282 95 
82 9442 -4.096430000 -1.486330000 0.00000000000000000000 1.00000000000000000000 2 0 8 68 69 70 81 83 282 95 96 
83 9443 -4.151680000 -1.305630000 0.00000000000000000000 1.00000000000000000000 2 0 8 69 70 71 82 84 95 96 97 
84 9444 -4.199740000 -1.122900000 0.00000000000000000000 1.00000000000000000000 2 0 8 70 71 72 83 85 96 97 98 
85 9445 -4.240530000 -0.938417000 0.00000000000000000000 1.00000000000000000000 2 0 8 71 72 73 84 86 97 98 99 
86 9446 -4.274000000 -0.752478000 0.00000000000000000000 1.00000000000000000000 2 0 8 72 73 74 85 87 98 99 100 
87 9447 -4.300080000 -0.565369000 0.00000000000000000000 1.00000000000000000000 2 0 8 73 74 75 86 88 99 100 101 
88 9448 -4.318740000 -0.377381000 0.00000000000000000000 1.00000000000000000000 2 0 8 74 75 76 87 89 100 101 102 
89 9449 -4.329940000 -0.188806000 0.00000000000000000000 1.00000000000000000000 2 0 8 75 76 77 88 90 101 102 103 
90 9450 -4.333680000 0.000062219 0.00000000000000000000 1.00000000000000000000 2 0 8 76 77 78 89 91 102 103 104 
91 9451 -4.329940000 0.188931000 0.00000000000000000000 1.00000000000000000000 2 0 8 77 78 79 90 92 103 104 105 
92 9452 -4.318730000 0.377505000 0.00000000000000000000 1.00000000000000000000 2 0 8 78 79 80 91 93 104 105 106 
93 9453 -4.300060000 0.565493000 0.00000000000000000000 1.00000000000000000000 2 0 8 79 80 276 92 94 105 106 107 
94 9454 -4.273980000 0.752601000 0.00000000000000000000 1.00000000000000000000 2 0 8 80 276 277 93 280 106 107 283 
95 9455 -4.382730000 -1.579900000 0.00000000000000000000 1.00000000000000000000 2 0 8 81 82 83 282 96 284 108 109 
96 9456 -4.441410000 -1.387810000 0.00000000000000000000 1.00000000000000000000 2 0 8 82 83 84 95 97 108 109 110 
97 9457 -4.492450000 -1.193570000 0.00000000000000000000 1.00000000000000000000 2 0 8 83 84 85 96 98 109 110 111 
98 9458 -4.535770000 -0.997482000 0.00000000000000000000 1.00000000000000000000 2 0 8 84 85 86 97 99 110 111 112 
99 9459 -4.571310000 -0.799839000 0.00000000000000000000 1.00000000000000000000 2 0 8 85 86 87 98 100 111 112 113 
100 9460 -4.599010000 -0.600954000 0.00000000000000000000 1.00000000000000000000 2 0 8 86 87 88 99 101 112 113 114 
101 9461 -4.618820000 -0.401135000 0.00000000000000000000 1.00000000000000000000 2 0 8 87 88 89 100 102 113 114 115 
102 9462 -4.630720000 -0.200693000 0.00000000000000000000 1.00000000000000000000 2 0 8 88 89 90 101 103 114 115 116 
103 9463 -4.634690000 0.000061256 0.00000000000000000000 1.00000000000000000000 2 0 8 89 90 91 102 104 115 116 117 
104 9464 -4.630720000 0.200815000 0.00000000000000000000 1.00000000000000000000 2 0 8 90 91 92 103 105 116 117 118 
105 9465 -4.618810000 0.401257000 0.00000000000000000000 1.00000000000000000000 2 0 8 91 92 93 104 106 117 118 119 
106 9466 -4.598990000 0.601076000 0.00000000000000000000 1.00000000000000000000 2 0 8 92 93 94 105 107 118 119 120 
107 9467 -4.571290000 0.799960000 0.00000000000000000000 1.00000000000000000000 2 0 8 93 94 280 106 283 119 120 285 
108 9468 -4.687100000 -1.679310000 0.00000000000000000000 1.00000000000000000000 2 0 8 282 95 96 284 109 286 121 122 
109 9469 -4.749420000 -1.475140000 0.00000000000000000000 1.00000000000000000000 2 0 8 95 96 97 108 110 121 122 123 
110 9470 -4.803620000 -1.268680000 0.00000000000000000000 1.00000000000000000000 2 0 8 96 97 98 109 111 122 123 124 
111 9471 -4.849630000 -1.060240000 0.00000000000000000000 1.00000000000000000000 2 0 8 97 98 99 110 112 123 124 125 
112 9472 -4.887380000 -0.850166000 0.00000000000000000000 1.00000000000000000000 2 0 8 98 99 100 111 113 124 125 126 
113 9473 -4.916790000 -0.638767000 0.00000000000000000000 1.00000000000000000000 2 0 8 99 100 101 112 114 125 126 127 
114 9474 -4.937840000 -0.426376000 0.00000000000000000000 1.00000000000000000000 2 0 8 100 101 102 113 115 126 127 128 
115 9475 -4.950480000 -0.213324000 0.00000000000000000000 1.00000000000000000000 2 0 8 101 102 103 114 116 127 128 129 
116 9476 -4.954690000 0.000059747 0.00000000000000000000 1.00000000000000000000 2 0 8 102 103 104 115 117 128 129 130 
117 9477 -4.950470000 0.213443000 0.00000000000000000000 1.00000000000000000000 2 0 8 103 104 105 116 118 129 130 131 
118 9478 -4.937830000 0.426496000 0.00000000000000000000 1.00000000000000000000 2 0 8 104 105 106 117 119 130 131 132 
119 9479 -4.916780000 0.638886000 0.00000000000000000000 1.00000000000000000000 2 0 8 105 106 107 118 120 131 132 133 
120 9480 -4.887360000 0.850284000 0.00000000000000000000 1.00000000000000000000 2 0 8 106 107 283 119 285 132 133 287 
121 9481 -5.010660000 -1.784960000 0.00000000000000000000 1.00000000000000000000 2 0 8 284 108 109 286 122 288 134 135 
122 9482 -5.076850000 -1.567940000 0.00000000000000000000 1.00000000000000000000 2 0 8 108 109 110 121 123 134 135 136 
123 9483 -5.134420000 -1.348490000 0.00000000000000000000 1.00000000000000000000 2 0 8 109 110 111 122 124 135 136 137 
124 9484 -5.183290000 -1.126940000 0.00000000000000000000 1.00000000000000000000 2 0 8 110 111 112 123 125 136 137 138 
125 9485 -5.223380000 -0.903646000 0.00000000000000000000 1.00000000000000000000 2 0 8 111 112 113 124 126 137 138 139 
126 9486 -5.254620000 -0.678949000 0.00000000000000000000 1.00000000000000000000 2 0 8 112 113 114 125 127 138 139 140 
127 9487 -5.276970000 -0.453200000 0.00000000000000000000 1.00000000000000000000 2 0 8 113 114 115 126 128 139 140 141 
128 9488 -5.290390000 -0.226747000 0.00000000000000000000 1.00000000000000000000 2 0 8 114 115 116 127 129 140 141 142 
129 9489 -5.294870000 0.000057634 0.00000000000000000000 1.00000000000000000000 2 0 8 115 116 117 128 130 141 142 143 
130 9490 -5.290390000 0.226862000 0.00000000000000000000 1.00000000000000000000 2 0 8 116 117 118 129 131 142 143 144 
131 9491 -5.276960000 0.453315000 0.00000000000000000000 1.00000000000000000000 2 0 8 117 118 119 130 132 143 144 145 
132 9492 -5.254600000 0.679064000 0.00000000000000000000 1.00000000000000000000 2 0 8 118 119 120 131 133 144 145 146 
133 9493 -5.223360000 0.903759000 0.00000000000000000000 1.00000000000000000000 2 0 8 119 120 285 132 287 145 146 289 
134 9494 -5.354610000 -1.897230000 0.00000000000000000000 1.00000000000000000000 2 0 8 286 121 122 288 135 290 147 148 
135 9495 -5.424910000 -1.666560000 0.00000000000000000000 1.00000000000000000000 2 0 8 121 122 123 134 136 147 148 149 
136 9496 -5.486060000 -1.433300000 0.00000000000000000000 1.00000000000000000000 2 0 8 122 123 124 135 137 148 149 150 
137 9497 -5.537970000 -1.197820000 0.00000000000000000000 1.00000000000000000000 2 0 8 123 124 125 136 138 149 150 151 
138 9498 -5.580540000 -0.960478000 0.00000000000000000000 1.00000000000000000000 2 0 8 124 125 126 137 139 150 151 152 
139 9499 -5.613730000 -0.721651000 0.00000000000000000000 1.00000000000000000000 2 0 8 125 126 127 138 140 151 152 153 
140 9500 -5.637470000 -0.481705000 0.00000000000000000000 1.00000000000000000000 2 0 8 126 127 128 139 141 152 153 154 
141 9501 -5.651730000 -0.241012000 0.00000000000000000000 1.00000000000000000000 2 0 8 127 128 129 140 142 153 154 155 
142 9502 -5.656480000 0.000054854 0.00000000000000000000 1.00000000000000000000 2 0 8 128 129 130 141 143 154 155 156 
143 9503 -5.651720000 0.241121000 0.00000000000000000000 1.00000000000000000000 2 0 8 129 130 131 142 144 155 156 157 
144 9504 -5.637460000 0.481814000 0.00000000000000000000 1.00000000000000000000 2 0 8 130 131 132 143 145 156 157 158 
145 9505 -5.613720000 0.721760000 0.00000000000000000000 1.00000000000000000000 2 0 8 131 132 133 144 146 157 158 159 
146 9506 -5.580530000 0.960586000 0.00000000000000000000 1.00000000000000000000 2 0 8 132 133 287 145 289 158 159 291 
147 9507 -5.720220000 -2.016550000 0.00000000000000000000 1.00000000000000000000 2 0 8 288 134 135 290 148 292 160 161 
148 9508 -5.794900000 -1.771360000 0.00000000000000000000 1.00000000000000000000 2 0 8 134 135 136 147 149 160 161 162 
149 9509 -5.859850000 -1.523430000 0.00000000000000000000 1.00000000000000000000 2 0 8 135 136 137 148 150 161 162 163 
150 9510 -5.914980000 -1.273140000 0.00000000000000000000 1.00000000000000000000 2 0 8 136 137 138 149 151 162 163 164 
151 9511 -5.960200000 -1.020880000 0.00000000000000000000 1.00000000000000000000 2 0 8 137 138 139 150 152 163 164 165 
152 9512 -5.995450000 -0.767031000 0.00000000000000000000 1.00000000000000000000 2 0 8 138 139 140 151 153 164 165 166 
153 9513 -6.020670000 -0.511998000 0.00000000000000000000 1.00000000000000000000 2 0 8 139 140 141 152 154 165 166 167 
154 9514 -6.035810000 -0.256172000 0.00000000000000000000 1.00000000000000000000 2 0 8 140 141 142 153 155 166 167 168 
155 9515 -6.040860000 0.000051342 0.00000000000000000000 1.00000000000000000000 2 0 8 141 142 143 154 156 167 168 169 
156 9516 -6.035810000 0.256274000 0.00000000000000000000 1.00000000000000000000 2 0 8 142 143 144 155 157 168 169 170 
157 9517 -6.020660000 0.512100000 0.00000000000000000000 1.00000000000000000000 2 0 8 143 144 145 156 158 169 170 171 
158 9518 -5.995440000 0.767133000 0.00000000000000000000 1.00000000000000000000 2 0 8 144 145 146 157 159 170 171 293 
159 9519 -5.960190000 1.020980000 0.00000000000000000000 1.00000000000000000000 2 0 8 145 146 289 158 291 171 293 294 
160 9520 -6.108840000 -2.143350000 0.00000000000000000000 1.00000000000000000000 2 0 8 290 147 148 292 161 295 172 173 
161 9521 -6.188160000 -1.882740000 0.00000000000000000000 1.00000000000000000000 2 0 8 147 148 149 160 162 172 173 174 
162 9522 -6.257160000 -1.619220000 0.00000000000000000000 1.00000000000000000000 2 0 8 148 149 150 161 163 173 174 175 
163 9523 -6.315720000 -1.353190000 0.00000000000000000000 1.00000000000000000000 2 0 8 149 150 151 162 164 174 175 176 
164 9524 -6.363750000 -1.085060000 0.00000000000000000000 1.00000000000000000000 2 0 8 150 151 152 163 165 175 176 177 
165 9525 -6.401190000 -0.815259000 0.00000000000000000000 1.00000000000000000000 2 0 8 151 152 153 164 166 176 177 178 
166 9526 -6.427980000 -0.544192000 0.00000000000000000000 1.00000000000000000000 2 0 8 152 153 154 165 167 177 178 179 
167 9527 -6.444070000 -0.272284000 0.00000000000000000000 1.00000000000000000000 2 0 8 153 154 155 166 168 178 179 180 
168 9528 -6.449430000 0.000047028 0.00000000000000000000 1.00000000000000000000 2 0 8 154 155 156 167 169 179 180 181 
169 9529 -6.444060000 0.272377000 0.00000000000000000000 1.00000000000000000000 2 0 8 155 156 157 168 170 180 181 182 
170 9530 -6.427970000 0.544286000 0.00000000000000000000 1.00000000000000000000 2 0 8 156 157 158 169 171 181 182 296 
171 9531 -6.401180000 0.815352000 0.00000000000000000000 1.00000000000000000000 2 0 8 157 158 159 170 293 182 296 297 
172 9532 -6.521910000 -2.278120000 0.00000000000000000000 1.00000000000000000000 2 0 8 292 160 161 295 173 298 183 184 
173 9533 -6.606160000 -2.001120000 0.00000000000000000000 1.00000000000000000000 2 0 8 160 161 162 172 174 183 184 185 
174 9534 -6.679450000 -1.721020000 0.00000000000000000000 1.00000000000000000000 2 0 8 161 162 163 173 175 184 185 186 
175 9535 -6.741660000 -1.438260000 0.00000000000000000000 1.00000000000000000000 2 0 8 162 163 164 174 176 185 186 187 
176 9536 -6.792690000 -1.153280000 0.00000000000000000000 1.00000000000000000000 2 0 8 163 164 165 175 177 186 187 188 
177 9537 -6.832460000 -0.866516000 0.00000000000000000000 1.00000000000000000000 2 0 8 164 165 166 176 178 187 188 189 
178 9538 -6.860910000 -0.578409000 0.00000000000000000000 1.00000000000000000000 2 0 8 165 166 167 177 179 188 189 190 
179 9539 -6.878000000 -0.289407000 0.00000000000000000000 1.00000000000000000000 2 0 8 166 167 168 178 180 189 190 191 
180 9540 -6.883690000 0.000041839 0.00000000000000000000 1.00000000000000000000 2 0 8 167 168 169 179 181 190 191 192 
181 9541 -6.877990000 0.289491000 0.00000000000000000000 1.00000000000000000000 2 0 8 168 169 170 180 182 191 192 193 
182 9542 -6.860900000 0.578492000 0.00000000000000000000 1.00000000000000000000 2 0 8 169 170 171 181 296 192 193 299 
183 9543 -6.960940000 -2.421350000 0.00000000000000000000 1.00000000000000000000 2 0 8 295 172 173 298 184 301 194 195 
184 9544 -7.050440000 -2.126930000 0.00000000000000000000 1.00000000000000000000 2 0 8 172 173 174 183 185 194 195 196 
185 9545 -7.128290000 -1.829220000 0.00000000000000000000 1.00000000000000000000 2 0 8 173 174 175 184 186 195 196 197 
186 9546 -7.194370000 -1.528680000 0.00000000000000000000 1.00000000000000000000 2 0 8 174 175 176 185 187 196 197 198 
187 9547 -7.248580000 -1.225790000 0.00000000000000000000 1.00000000000000000000 2 0 8 175 176 177 186 188 197 198 199 
188 9548 -7.290830000 -0.920992000 0.00000000000000000000 1.00000000000000000000 2 0 8 176 177 178 187 189 198 199 200 
189 9549 -7.321050000 -0.614775000 0.00000000000000000000 1.00000000000000000000 2 0 8 177 178 179 188 190 199 200 201 
190 9550 -7.339200000 -0.307607000 0.00000000000000000000 1.00000000000000000000 2 0 8 178 179 180 189 191 200 201 202 
191 9551 -7.345250000 0.000035699 0.00000000000000000000 1.00000000000000000000 2 0 8 179 180 181 190 192 201 202 203 
192 9552 -7.339200000 0.307679000 0.00000000000000000000 1.00000000000000000000 2 0 8 180 181 182 191 193 202 203 204 
193 9553 -7.321040000 0.614846000 0.00000000000000000000 1.00000000000000000000 2 0 8 181 182 296 192 299 203 204 302 
194 9554 -7.427550000 -2.573580000 0.00000000000000000000 1.00000000000000000000 2 0 8 298 183 184 301 195 205 206 207 
195 9555 -7.522630000 -2.260640000 0.00000000000000000000 1.00000000000000000000 2 0 8 183 184 185 194 196 206 207 208 
196 9556 -7.605330000 -1.944220000 0.00000000000000000000 1.00000000000000000000 2 0 8 184 185 186 195 197 207 208 209 
197 9557 -7.675530000 -1.624790000 0.00000000000000000000 1.00000000000000000000 2 0 8 185 186 187 196 198 208 209 210 
198 9558 -7.733110000 -1.302850000 0.00000000000000000000 1.00000000000000000000 2 0 8 186 187 188 197 199 209 210 211 
199 9559 -7.777990000 -0.978892000 0.00000000000000000000 1.00000000000000000000 2 0 8 187 188 189 198 200 210 211 212 
200 9560 -7.810090000 -0.653427000 0.00000000000000000000 1.00000000000000000000 2 0 8 188 189 190 199 201 211 212 213 
201 9561 -7.829370000 -0.326952000 0.00000000000000000000 1.00000000000000000000 2 0 8 189 190 191 200 202 212 213 214 
202 9562 -7.835800000 0.000028530 0.00000000000000000000 1.00000000000000000000 2 0 8 190 191 192 201 203 213 214 215 
203 9563 -7.829370000 0.327009000 0.00000000000000000000 1.00000000000000000000 2 0 8 191 192 193 202 204 214 215 216 
204 9564 -7.810090000 0.653484000 0.00000000000000000000 1.00000000000000000000 2 0 8 192 193 299 203 302 215 216 304 
205 9565 -7.809470000 -3.063770000 0.00000000000000000000 1.00000000000000000000 2 0 8 300 301 194 303 206 305 217 218 
206 9566 -7.923460000 -2.735380000 0.00000000000000000000 1.00000000000000000000 2 0 8 301 194 195 205 207 217 218 219 
207 9567 -8.024470000 -2.402770000 0.00000000000000000000 1.00000000000000000000 2 0 8 194 195 196 206 208 218 219 220 
208 9568 -8.112320000 -2.066440000 0.00000000000000000000 1.00000000000000000000 2 0 8 195 196 197 207 209 219 220 221 
209 9569 -8.186890000 -1.726930000 0.00000000000000000000 1.00000000000000000000 2 0 8 196 197 198 208 210 220 221 222 
210 9570 -8.248060000 -1.384750000 0.00000000000000000000 1.00000000000000000000 2 0 8 197 198 199 209 211 221 222 223 
211 9571 -8.295730000 -1.040430000 0.00000000000000000000 1.00000000000000000000 2 0 8 198 199 200 210 212 222 223 224 
212 9572 -8.329840000 -0.694509000 0.00000000000000000000 1.00000000000000000000 2 0 8 199 200 201 211 213 223 224 225 
213 9573 -8.350320000 -0.347513000 0.00000000000000000000 1.00000000000000000000 2 0 8 200 201 202 212 214 224 225 226 
214 9574 -8.357150000 0.000020247 0.00000000000000000000 1.00000000000000000000 2 0 8 201 202 203 213 215 225 226 227 
215 9575 -8.350320000 0.347553000 0.00000000000000000000 1.00000000000000000000 2 0 8 202 203 204 214 216 226 227 228 
216 9576 -8.329830000 0.694549000 0.00000000000000000000 1.00000000000000000000 2 0 8 203 204 302 215 304 227 228 306 
217 9577 -8.329390000 -3.256410000 0.00000000000000000000 1.00000000000000000000 2 0 8 303 205 206 305 218 307 229 230 
218 9578 -8.450490000 -2.907360000 0.00000000000000000000 1.00000000000000000000 2 0 8 205 206 207 217 219 229 230 231 
219 9579 -8.557790000 -2.553830000 0.00000000000000000000 1.00000000000000000000 2 0 8 206 207 208 218 220 230 231 232 
220 9580 -8.651120000 -2.196360000 0.00000000000000000000 1.00000000000000000000 2 0 8 207 208 209 219 221 231 232 233 
221 9581 -8.730330000 -1.835500000 0.00000000000000000000 1.00000000000000000000 2 0 8 208 209 210 220 222 232 233 234 
222 9582 -8.795320000 -1.471810000 0.00000000000000000000 1.00000000000000000000 2 0 8 209 210 211 221 223 233 234 235 
223 9583 -8.845960000 -1.105850000 0.00000000000000000000 1.00000000000000000000 2 0 8 210 211 212 222 224 234 235 236 
224 9584 -8.882190000 -0.738176000 0.00000000000000000000 1.00000000000000000000 2 0 8 211 212 213 223 225 235 236 237 
225 9585 -8.903950000 -0.369368000 0.00000000000000000000 1.00000000000000000000 2 0 8 212 213 214 224 226 236 237 238 
226 9586 -8.911210000 0.000010767 0.00000000000000000000 1.00000000000000000000 2 0 8 213 214 215 225 227 237 238 239 
227 9587 -8.903950000 0.369389000 0.00000000000000000000 1.00000000000000000000 2 0 8 214 215 216 226 228 238 239 240 
228 9588 -8.882190000 0.738197000 0.00000000000000000000 1.00000000000000000000 2 0 8 215 216 304 227 306 239 240 308 
229 9589 -8.881910000 -3.461170000 -0.93819060061408054985 -0.34611905021161554208 3 0 8 305 217 218 307 230 303 205 206 
230 9590 -9.010570000 -3.090170000 -0.95105662167863069811 -0.30901667003776622789 3 0 8 217 218 219 229 231 205 206 207 
231 9591 -9.124550000 -2.714400000 -0.96245692766048884792 -0.27143445322643250384 3 0 8 218 219 220 230 232 206 207 208 
232 9592 -9.223700000 -2.334450000 -0.97236995871930587132 -0.23344520423477366222 3 0 8 219 220 221 231 233 207 208 209 
233 9593 -9.307850000 -1.950900000 -0.98078635339882969113 -0.19508492762544765720 3 0 8 220 221 222 232 234 208 209 210 
234 9594 -9.376880000 -1.564340000 -0.98768871151755888160 -0.15643212311026288841 3 0 8 221 222 223 233 235 209 210 211 
235 9595 -9.430680000 -1.175370000 -0.99306836418081634310 -0.11753818129968457429 3 0 8 222 223 224 234 236 210 211 212 
236 9596 -9.469170000 -0.784591000 -0.99691688469623684909 -0.07846480107379300017 3 0 8 223 224 225 235 237 211 212 213 
237 9597 -9.492290000 -0.392598000 -0.99922886957770329364 -0.03926405738668995588 3 0 8 224 225 226 236 238 212 213 214 
238 9598 -9.500000000 0.000000000 -1.00000000000000000000 0.00000000000000000000 3 0 8 225 226 227 237 239 213 214 215 
239 9599 -9.492290000 0.392598000 -0.99922886957770318261 0.03926405738669006690 3 0 8 226 227 228 238 240 214 215 216 
240 9600 -9.469170000 0.784591000 -0.99691688469623684909 0.07846480107379300017 3 0 8 227 228 306 239 308 215 216 304 
241 9017 -2.1013 -0.508588 2 0
242 9018 -2.11973 -0.407822 2 0
243 1889 -2.13409 -0.306416 2 0
244 1890 -2.14437 -0.204527 2 0
245 9036 -2.23707 -0.647188 2 0
246 9037 -2.2609 -0.540873 2 0
247 1897 -2.30658 -0.21751 2 0
248 1898 -2.31313 -0.108813 2 0
249 9054 -2.3756 -0.800187 2 0
250 9055 -2.40539 -0.688209 2 0
251 1903 -2.4861 -0.11571 2 0
252 1904 -2.48842 5.62934e-05 2 0
253 1905 -2.4861 0.115823 2 0
254 9071 -2.51649 -0.96858 2 0
255 9072 -2.55283 -0.850843 2 0
256 64 -2.67009 0.123151 2 0
257 9086 -2.65924 -1.15341 2 0
258 9087 -2.70277 -1.02983 2 0
259 83 -2.8658 0.130934 2 0
260 9099 -2.80328 -1.35575 2 0
261 9100 -2.85468 -1.22628 2 0
262 103 -3.07393 0.1392 2 0
263 9110 -2.94797 -1.57674 2 0
264 9111 -3.00796 -1.44134 2 0
265 124 -3.29528 0.147981 2 0
266 125 -3.28646 0.295669 2 0
267 9120 -3.09256 -1.81756 2 0
268 9121 -3.16191 -1.67622 2 0
269 145 -3.52128 0.314309 2 0
270 146 -3.50569 0.47082 2 0
271 9130 -3.31577 -1.93216 2 0
272 165 -3.75443 0.500486 2 0
273 166 -3.73129 0.66608 2 0
274 9140 -3.55309 -2.05392 2 0
275 9141 -3.63128 -1.89418 2 0
276 184 -3.99432 0.70803 2 0
277 185 -3.9628 0.882953 2 0
278 9153 -3.88845 -2.01348 2 0
279 9154 -3.96471 -1.84053 2 0
280 202 -4.24051 0.938539 2 0
281 9167 -4.24285 -1.9564 2 0
282 9168 -4.31651 -1.76952 2 0
283 219 -4.53575 0.997602 2 0
284 9182 -4.61677 -1.88088 2 0
285 236 -4.84961 1.06036 2 0
286 9197 -4.93596 -1.99922 2 0
287 252 -5.18327 1.12705 2 0
288 9213 -5.27527 -2.12497 2 0
289 269 -5.53795 1.19792 2 0
290 9230 -5.63595 -2.25861 2 0
291 287 -5.91496 1.27324 2 0
292 9248 -6.01932 -2.40064 2 0
293 306 -6.36374 1.08516 2 0
294 307 -6.3157 1.35328 2 0
295 9267 -6.42682 -2.55159 2 0
296 327 -6.83245 0.866599 2 0
297 328 -6.79267 1.15336 2 0
298 9287 -6.85992 -2.71202 2 0
299 350 -7.29082 0.921063 2 0
300 9306 -7.20087 -3.18704 2 0
301 9307 -7.32024 -2.88254 2 0
302 374 -7.77798 0.978949 2 0
303 9325 -7.68265 -3.38743 2 0
304 398 -8.29573 1.04047 2 0
305 9343 -8.19467 -3.60043 2 0
306 423 -8.84596 1.10587 2 0
307 9360 -8.7388 -3.82683 3 0
308 448 -9.43068 1.17537 3 0
