323 241 82
1 3341 0.955130000 0.373106000 0.00000000000000000000 1.00000000000000000000 2 0 8 242 243 244 256 2 12 13 14 
2 3342 0.975320000 0.359776000 0.00000000000000000000 1.00000000000000000000 2 0 8 243 244 245 1 3 13 14 15 
3 3343 0.994761000 0.345942000 0.00000000000000000000 1.00000000000000000000 2 0 8 244 245 246 2 4 14 15 16 
4 3344 1.013420000 0.331627000 0.00000000000000000000 1.00000000000000000000 2 0 8 245 246 247 3 5 15 16 17 
5 3345 1.031280000 0.316854000 0.00000000000000000000 1.00000000000000000000 2 0 8 246 247 248 4 6 16 17 18 
6 3346 1.048310000 0.301645000 0.00000000000000000000 1.00000000000000000000 2 0 8 247 248 249 5 7 17 18 19 
7 3347 1.064490000 0.286025000 0.00000000000000000000 1.00000000000000000000 2 0 8 248 249 250 6 8 18 19 20 
8 3348 1.079800000 0.270017000 0.00000000000000000000 1.00000000000000000000 2 0 8 249 250 251 7 9 19 20 21 
9 3349 1.094210000 0.253645000 0.00000000000000000000 1.00000000000000000000 2 0 8 250 251 252 8 10 20 21 22 
10 3350 1.107710000 0.236935000 0.00000000000000000000 1.00000000000000000000 2 0 8 251 252 253 9 11 21 22 23 
11 3351 1.120280000 0.219911000 0.00000000000000000000 1.00000000000000000000 2 0 8 252 253 254 10 257 22 23 24 
12 3352 0.953903000 0.420674000 0.00000000000000000000 1.00000000000000000000 2 0 8 255 256 1 264 13 29 30 31 
13 3353 0.975771000 0.406781000 0.00000000000000000000 1.00000000000000000000 2 0 8 256 1 2 12 14 30 31 32 
14 3354 0.996886000 0.392311000 0.00000000000000000000 1.00000000000000000000 2 0 8 1 2 3 13 15 31 32 33 
15 3355 1.017220000 0.377285000 0.00000000000000000000 1.00000000000000000000 2 0 8 2 3 4 14 16 32 33 34 
16 3356 1.036740000 0.361729000 0.00000000000000000000 1.00000000000000000000 2 0 8 3 4 5 15 17 33 34 35 
17 3357 1.055420000 0.345667000 0.00000000000000000000 1.00000000000000000000 2 0 8 4 5 6 16 18 34 35 36 
18 3358 1.073230000 0.329124000 0.00000000000000000000 1.00000000000000000000 2 0 8 5 6 7 17 19 35 36 37 
19 3359 1.090160000 0.312126000 0.00000000000000000000 1.00000000000000000000 2 0 8 6 7 8 18 20 36 37 38 
20 3360 1.106170000 0.294699000 0.00000000000000000000 1.00000000000000000000 2 0 8 7 8 9 19 21 37 38 39 
21 3361 1.121250000 0.276869000 0.00000000000000000000 1.00000000000000000000 2 0 8 8 9 10 20 22 38 39 40 
22 3362 1.135370000 0.258663000 0.00000000000000000000 1.00000000000000000000 2 0 8 9 10 11 21 23 39 40 41 
23 3363 1.148520000 0.240107000 0.00000000000000000000 1.00000000000000000000 2 0 8 10 11 257 22 24 40 41 42 
24 3364 1.160680000 0.221229000 0.00000000000000000000 1.00000000000000000000 2 0 8 11 257 258 23 25 41 42 43 
25 3365 1.171840000 0.202055000 0.00000000000000000000 1.00000000000000000000 2 0 8 257 258 259 24 26 42 43 44 
26 3366 1.181970000 0.182612000 0.00000000000000000000 1.00000000000000000000 2 0 8 258 259 260 25 27 43 44 45 
27 3367 1.191070000 0.162928000 0.00000000000000000000 1.00000000000000000000 2 0 8 259 260 261 26 28 44 45 46 
28 3368 1.199130000 0.143029000 0.00000000000000000000 1.00000000000000000000 2 0 8 260 261 262 27 265 45 46 47 
29 3369 0.951637000 0.471390000 0.00000000000000000000 1.00000000000000000000 2 0 8 263 264 12 268 30 48 49 50 
30 3370 0.975303000 0.457016000 0.00000000000000000000 1.00000000000000000000 2 0 8 264 12 13 29 31 49 50 51 
31 3371 0.998213000 0.441984000 0.00000000000000000000 1.00000000000000000000 2 0 8 12 13 14 30 32 50 51 52 
32 3372 1.020330000 0.426319000 0.00000000000000000000 1.00000000000000000000 2 0 8 13 14 15 31 33 51 52 53 
33 3373 1.041640000 0.410045000 0.00000000000000000000 1.00000000000000000000 2 0 8 14 15 16 32 34 52 53 54 
34 3374 1.062090000 0.393190000 0.00000000000000000000 1.00000000000000000000 2 0 8 15 16 17 33 35 53 54 55 
35 3375 1.081660000 0.375779000 0.00000000000000000000 1.00000000000000000000 2 0 8 16 17 18 34 36 54 55 56 
36 3376 1.100330000 0.357840000 0.00000000000000000000 1.00000000000000000000 2 0 8 17 18 19 35 37 55 56 57 
37 3377 1.118070000 0.339401000 0.00000000000000000000 1.00000000000000000000 2 0 8 18 19 20 36 38 56 57 58 
38 3378 1.134850000 0.320489000 0.00000000000000000000 1.00000000000000000000 2 0 8 19 20 21 37 39 57 58 59 
39 3379 1.150660000 0.301133000 0.00000000000000000000 1.00000000000000000000 2 0 8 20 21 22 38 40 58 59 60 
40 3380 1.165460000 0.281362000 0.00000000000000000000 1.00000000000000000000 2 0 8 21 22 23 39 41 59 60 61 
41 3381 1.179250000 0.261206000 0.00000000000000000000 1.00000000000000000000 2 0 8 22 23 24 40 42 60 61 62 
42 3382 1.192000000 0.240692000 0.00000000000000000000 1.00000000000000000000 2 0 8 23 24 25 41 43 61 62 63 
43 3383 1.203690000 0.219852000 0.00000000000000000000 1.00000000000000000000 2 0 8 24 25 26 42 44 62 63 64 
44 3384 1.214320000 0.198714000 0.00000000000000000000 1.00000000000000000000 2 0 8 25 26 27 43 45 63 64 65 
45 3385 1.223860000 0.177308000 0.00000000000000000000 1.00000000000000000000 2 0 8 26 27 28 44 46 64 65 66 
46 3386 1.232310000 0.155663000 0.00000000000000000000 1.00000000000000000000 2 0 8 27 28 265 45 47 65 66 67 
47 3387 1.239660000 0.133811000 0.00000000000000000000 1.00000000000000000000 2 0 8 28 265 266 46 269 66 67 68 
48 3388 0.948077000 0.525351000 0.00000000000000000000 1.00000000000000000000 2 0 8 267 268 29 271 49 274 69 70 
49 3389 0.973664000 0.510584000 0.00000000000000000000 1.00000000000000000000 2 0 8 268 29 30 48 50 69 70 71 
50 3390 0.998496000 0.495074000 0.00000000000000000000 1.00000000000000000000 2 0 8 29 30 31 49 51 70 71 72 
51 3391 1.022540000 0.478847000 0.00000000000000000000 1.00000000000000000000 2 0 8 30 31 32 50 52 71 72 73 
52 3392 1.045750000 0.461928000 0.00000000000000000000 1.00000000000000000000 2 0 8 31 32 33 51 53 72 73 74 
53 3393 1.068110000 0.444346000 0.00000000000000000000 1.00000000000000000000 2 0 8 32 33 34 52 54 73 74 75 
54 3394 1.089570000 0.426128000 0.00000000000000000000 1.00000000000000000000 2 0 8 33 34 35 53 55 74 75 76 
55 3395 1.110120000 0.407304000 0.00000000000000000000 1.00000000000000000000 2 0 8 34 35 36 54 56 75 76 77 
56 3396 1.129710000 0.387901000 0.00000000000000000000 1.00000000000000000000 2 0 8 35 36 37 55 57 76 77 78 
57 3397 1.148330000 0.367951000 0.00000000000000000000 1.00000000000000000000 2 0 8 36 37 38 56 58 77 78 79 
58 3398 1.165950000 0.347483000 0.00000000000000000000 1.00000000000000000000 2 0 8 37 38 39 57 59 78 79 80 
59 3399 1.182550000 0.326529000 0.00000000000000000000 1.00000000000000000000 2 0 8 38 39 40 58 60 79 80 81 
60 3400 1.198090000 0.305119000 0.00000000000000000000 1.00000000000000000000 2 0 8 39 40 41 59 61 80 81 82 
61 3401 1.212570000 0.283285000 0.00000000000000000000 1.00000000000000000000 2 0 8 40 41 42 60 62 81 82 83 
62 3402 1.225960000 0.261060000 0.00000000000000000000 1.00000000000000000000 2 0 8 41 42 43 61 63 82 83 84 
63 3403 1.238240000 0.238474000 0.00000000000000000000 1.00000000000000000000 2 0 8 42 43 44 62 64 83 84 85 
64 3404 1.249400000 0.215561000 0.00000000000000000000 1.00000000000000000000 2 0 8 43 44 45 63 65 84 85 86 
65 3405 1.259430000 0.192353000 0.00000000000000000000 1.00000000000000000000 2 0 8 44 45 46 64 66 85 86 87 
66 3406 1.268300000 0.168882000 0.00000000000000000000 1.00000000000000000000 2 0 8 45 46 47 65 67 86 87 88 
67 3407 1.276020000 0.145181000 0.00000000000000000000 1.00000000000000000000 2 0 8 46 47 269 66 68 87 88 89 
68 3408 1.282560000 0.121284000 0.00000000000000000000 1.00000000000000000000 2 0 8 47 269 270 67 272 88 89 90 
69 3409 0.970587000 0.567590000 0.00000000000000000000 1.00000000000000000000 2 0 8 271 48 49 274 70 276 91 92 
70 3410 0.997474000 0.551693000 0.00000000000000000000 1.00000000000000000000 2 0 8 48 49 50 69 71 91 92 93 
71 3411 1.023570000 0.534990000 0.00000000000000000000 1.00000000000000000000 2 0 8 49 50 51 70 72 92 93 94 
72 3412 1.048830000 0.517506000 0.00000000000000000000 1.00000000000000000000 2 0 8 50 51 52 71 73 93 94 95 
73 3413 1.073230000 0.499272000 0.00000000000000000000 1.00000000000000000000 2 0 8 51 52 53 72 74 94 95 96 
74 3414 1.096730000 0.480316000 0.00000000000000000000 1.00000000000000000000 2 0 8 52 53 54 73 75 95 96 97 
75 3415 1.119290000 0.460668000 0.00000000000000000000 1.00000000000000000000 2 0 8 53 54 55 74 76 96 97 98 
76 3416 1.140880000 0.440359000 0.00000000000000000000 1.00000000000000000000 2 0 8 54 55 56 75 77 97 98 99 
77 3417 1.161490000 0.419421000 0.00000000000000000000 1.00000000000000000000 2 0 8 55 56 57 76 78 98 99 100 
78 3418 1.181060000 0.397885000 0.00000000000000000000 1.00000000000000000000 2 0 8 56 57 58 77 79 99 100 101 
79 3419 1.199580000 0.375784000 0.00000000000000000000 1.00000000000000000000 2 0 8 57 58 59 78 80 100 101 102 
80 3420 1.217030000 0.353152000 0.00000000000000000000 1.00000000000000000000 2 0 8 58 59 60 79 81 101 102 103 
81 3421 1.233380000 0.330023000 0.00000000000000000000 1.00000000000000000000 2 0 8 59 60 61 80 82 102 103 104 
82 3422 1.248600000 0.306430000 0.00000000000000000000 1.00000000000000000000 2 0 8 60 61 62 81 83 103 104 105 
83 3423 1.262680000 0.282409000 0.00000000000000000000 1.00000000000000000000 2 0 8 61 62 63 82 84 104 105 106 
84 3424 1.275600000 0.257993000 0.00000000000000000000 1.00000000000000000000 2 0 8 62 63 64 83 85 105 106 107 
85 3425 1.287340000 0.233219000 0.00000000000000000000 1.00000000000000000000 2 0 8 63 64 65 84 86 106 107 108 
86 3426 1.297880000 0.208121000 0.00000000000000000000 1.00000000000000000000 2 0 8 64 65 66 85 87 107 108 109 
87 3427 1.307220000 0.182735000 0.00000000000000000000 1.00000000000000000000 2 0 8 65 66 67 86 88 108 109 110 
88 3428 1.315330000 0.157097000 0.00000000000000000000 1.00000000000000000000 2 0 8 66 67 68 87 89 109 110 111 
89 3429 1.322220000 0.131243000 0.00000000000000000000 1.00000000000000000000 2 0 8 67 68 272 88 90 110 111 277 
90 3430 1.327860000 0.105208000 0.00000000000000000000 1.00000000000000000000 2 0 8 68 272 273 89 275 111 277 278 
91 3431 0.994863000 0.611956000 0.00000000000000000000 1.00000000000000000000 2 0 8 274 69 70 276 92 279 280 112 
92 3432 1.023150000 0.594871000 0.00000000000000000000 1.00000000000000000000 2 0 8 69 70 71 91 93 280 112 113 
93 3433 1.050610000 0.576912000 0.00000000000000000000 1.00000000000000000000 2 0 8 70 71 72 92 94 112 113 114 
94 3434 1.077190000 0.558109000 0.00000000000000000000 1.00000000000000000000 2 0 8 71 72 73 93 95 113 114 115 
95 3435 1.102870000 0.538491000 0.00000000000000000000 1.00000000000000000000 2 0 8 72 73 74 94 96 114 115 116 
96 3436 1.127600000 0.518091000 0.00000000000000000000 1.00000000000000000000 2 0 8 73 74 75 95 97 115 116 117 
97 3437 1.151340000 0.496939000 0.00000000000000000000 1.00000000000000000000 2 0 8 74 75 76 96 98 116 117 118 
98 3438 1.174080000 0.475070000 0.00000000000000000000 1.00000000000000000000 2 0 8 75 76 77 97 99 117 118 119 
99 3439 1.195760000 0.452517000 0.00000000000000000000 1.00000000000000000000 2 0 8 76 77 78 98 100 118 119 120 
100 3440 1.216370000 0.429315000 0.00000000000000000000 1.00000000000000000000 2 0 8 77 78 79 99 101 119 120 121 
101 3441 1.235870000 0.405499000 0.00000000000000000000 1.00000000000000000000 2 0 8 78 79 80 100 102 120 121 122 
102 3442 1.254240000 0.381105000 0.00000000000000000000 1.00000000000000000000 2 0 8 79 80 81 101 103 121 122 123 
103 3443 1.271450000 0.356169000 0.00000000000000000000 1.00000000000000000000 2 0 8 80 81 82 102 104 122 123 124 
104 3444 1.287480000 0.330728000 0.00000000000000000000 1.00000000000000000000 2 0 8 81 82 83 103 105 123 124 125 
105 3445 1.302310000 0.304820000 0.00000000000000000000 1.00000000000000000000 2 0 8 82 83 84 104 106 124 125 126 
106 3446 1.315910000 0.278483000 0.00000000000000000000 1.00000000000000000000 2 0 8 83 84 85 105 107 125 126 127 
107 3447 1.328270000 0.251754000 0.00000000000000000000 1.00000000000000000000 2 0 8 84 85 86 106 108 126 127 128 
108 3448 1.339380000 0.224672000 0.00000000000000000000 1.00000000000000000000 2 0 8 85 86 87 107 109 127 128 129 
109 3449 1.349210000 0.197276000 0.00000000000000000000 1.00000000000000000000 2 0 8 86 87 88 108 110 128 129 130 
110 3450 1.357760000 0.169604000 0.00000000000000000000 1.00000000000000000000 2 0 8 87 88 89 109 111 129 130 131 
111 3451 1.365010000 0.141696000 0.00000000000000000000 1.00000000000000000000 2 0 8 88 89 90 110 277 130 131 281 
112 3452 1.050800000 0.640280000 0.00000000000000000000 1.00000000000000000000 2 0 8 91 92 93 280 113 282 283 132 
113 3453 1.079720000 0.621000000 0.00000000000000000000 1.00000000000000000000 2 0 8 92 93 94 112 114 283 132 133 
114 3454 1.107730000 0.600806000 0.00000000000000000000 1.00000000000000000000 2 0 8 93 94 95 113 115 132 133 134 
115 3455 1.134780000 0.579732000 0.00000000000000000000 1.00000000000000000000 2 0 8 94 95 96 114 116 133 134 135 
116 3456 1.160840000 0.557811000 0.00000000000000000000 1.00000000000000000000 2 0 8 95 96 97 115 117 134 135 136 
117 3457 1.185860000 0.535078000 0.00000000000000000000 1.00000000000000000000 2 0 8 96 97 98 116 118 135 136 137 
118 3458 1.209810000 0.511567000 0.00000000000000000000 1.00000000000000000000 2 0 8 97 98 99 117 119 136 137 138 
119 3459 1.232670000 0.487315000 0.00000000000000000000 1.00000000000000000000 2 0 8 98 99 100 118 120 137 138 139 
120 3460 1.254390000 0.462360000 0.00000000000000000000 1.00000000000000000000 2 0 8 99 100 101 119 121 138 139 140 
121 3461 1.274940000 0.436739000 0.00000000000000000000 1.00000000000000000000 2 0 8 100 101 102 120 122 139 140 141 
122 3462 1.294300000 0.410490000 0.00000000000000000000 1.00000000000000000000 2 0 8 101 102 103 121 123 140 141 142 
123 3463 1.312450000 0.383654000 0.00000000000000000000 1.00000000000000000000 2 0 8 102 103 104 122 124 141 142 143 
124 3464 1.329340000 0.356270000 0.00000000000000000000 1.00000000000000000000 2 0 8 103 104 105 123 125 142 143 144 
125 3465 1.344980000 0.328379000 0.00000000000000000000 1.00000000000000000000 2 0 8 104 105 106 124 126 143 144 145 
126 3466 1.359320000 0.300020000 0.00000000000000000000 1.00000000000000000000 2 0 8 105 106 107 125 127 144 145 146 
127 3467 1.372350000 0.271236000 0.00000000000000000000 1.00000000000000000000 2 0 8 106 107 108 126 128 145 146 147 
128 3468 1.384060000 0.242068000 0.00000000000000000000 1.00000000000000000000 2 0 8 107 108 109 127 129 146 147 148 
129 3469 1.394430000 0.212559000 0.00000000000000000000 1.00000000000000000000 2 0 8 108 109 110 128 130 147 148 149 
130 3470 1.403450000 0.182749000 0.00000000000000000000 1.00000000000000000000 2 0 8 109 110 111 129 131 148 149 150 
131 3471 1.411090000 0.152682000 0.00000000000000000000 1.00000000000000000000 2 0 8 110 111 277 130 281 149 150 284 
132 3472 1.111010000 0.667416000 0.00000000000000000000 1.00000000000000000000 2 0 8 112 113 114 283 133 285 286 151 
133 3473 1.140550000 0.645758000 0.00000000000000000000 1.00000000000000000000 2 0 8 113 114 115 132 134 286 151 152 
134 3474 1.169080000 0.623150000 0.00000000000000000000 1.00000000000000000000 2 0 8 114 115 116 133 135 151 152 153 
135 3475 1.196560000 0.599627000 0.00000000000000000000 1.00000000000000000000 2 0 8 115 116 117 134 136 152 153 154 
136 3476 1.222960000 0.575226000 0.00000000000000000000 1.00000000000000000000 2 0 8 116 117 118 135 137 153 154 155 
137 3477 1.248230000 0.549986000 0.00000000000000000000 1.00000000000000000000 2 0 8 117 118 119 136 138 154 155 156 
138 3478 1.272340000 0.523945000 0.00000000000000000000 1.00000000000000000000 2 0 8 118 119 120 137 139 155 156 157 
139 3479 1.295250000 0.497143000 0.00000000000000000000 1.00000000000000000000 2 0 8 119 120 121 138 140 156 157 158 
140 3480 1.316940000 0.469621000 0.00000000000000000000 1.00000000000000000000 2 0 8 120 121 122 139 141 157 158 159 
141 3481 1.337370000 0.441421000 0.00000000000000000000 1.00000000000000000000 2 0 8 121 122 123 140 142 158 159 160 
142 3482 1.356520000 0.412584000 0.00000000000000000000 1.00000000000000000000 2 0 8 122 123 124 141 143 159 160 161 
143 3483 1.374350000 0.383153000 0.00000000000000000000 1.00000000000000000000 2 0 8 123 124 125 142 144 160 161 162 
144 3484 1.390850000 0.353173000 0.00000000000000000000 1.00000000000000000000 2 0 8 124 125 126 143 145 161 162 163 
145 3485 1.405980000 0.322687000 0.00000000000000000000 1.00000000000000000000 2 0 8 125 126 127 144 146 162 163 164 
146 3486 1.419740000 0.291740000 0.00000000000000000000 1.00000000000000000000 2 0 8 126 127 128 145 147 163 164 165 
147 3487 1.432100000 0.260376000 0.00000000000000000000 1.00000000000000000000 2 0 8 127 128 129 146 148 164 165 166 
148 3488 1.443050000 0.228642000 0.00000000000000000000 1.00000000000000000000 2 0 8 128 129 130 147 149 165 166 167 
149 3489 1.452560000 0.196582000 0.00000000000000000000 1.00000000000000000000 2 0 8 129 130 131 148 150 166 167 168 
150 3490 1.460630000 0.164243000 0.00000000000000000000 1.00000000000000000000 2 0 8 130 131 281 149 284 167 168 287 
151 3491 1.175780000 0.693132000 0.00000000000000000000 1.00000000000000000000 2 0 8 132 133 134 286 152 288 289 169 
152 3492 1.205900000 0.668906000 0.00000000000000000000 1.00000000000000000000 2 0 8 133 134 135 151 153 289 169 170 
153 3493 1.234910000 0.643694000 0.00000000000000000000 1.00000000000000000000 2 0 8 134 135 136 152 154 169 170 171 
154 3494 1.262780000 0.617535000 0.00000000000000000000 1.00000000000000000000 2 0 8 135 136 137 153 155 170 171 172 
155 3495 1.289470000 0.590472000 0.00000000000000000000 1.00000000000000000000 2 0 8 136 137 138 154 156 171 172 173 
156 3496 1.314920000 0.562544000 0.00000000000000000000 1.00000000000000000000 2 0 8 137 138 139 155 157 172 173 174 
157 3497 1.339120000 0.533796000 0.00000000000000000000 1.00000000000000000000 2 0 8 138 139 140 156 158 173 174 175 
158 3498 1.362030000 0.504270000 0.00000000000000000000 1.00000000000000000000 2 0 8 139 140 141 157 159 174 175 176 
159 3499 1.383600000 0.474011000 0.00000000000000000000 1.00000000000000000000 2 0 8 140 141 142 158 160 175 176 177 
160 3500 1.403820000 0.443065000 0.00000000000000000000 1.00000000000000000000 2 0 8 141 142 143 159 161 176 177 178 
161 3501 1.422660000 0.411478000 0.00000000000000000000 1.00000000000000000000 2 0 8 142 143 144 160 162 177 178 179 
162 3502 1.440090000 0.379297000 0.00000000000000000000 1.00000000000000000000 2 0 8 143 144 145 161 163 178 179 180 
163 3503 1.456080000 0.346569000 0.00000000000000000000 1.00000000000000000000 2 0 8 144 145 146 162 164 179 180 181 
164 3504 1.470610000 0.313342000 0.00000000000000000000 1.00000000000000000000 2 0 8 145 146 147 163 165 180 181 182 
165 3505 1.483670000 0.279664000 0.00000000000000000000 1.00000000000000000000 2 0 8 146 147 148 164 166 181 182 183 
166 3506 1.495230000 0.245586000 0.00000000000000000000 1.00000000000000000000 2 0 8 147 148 149 165 167 182 183 184 
167 3507 1.505290000 0.211155000 0.00000000000000000000 1.00000000000000000000 2 0 8 148 149 150 166 168 183 184 185 
168 3508 1.513810000 0.176422000 0.00000000000000000000 1.00000000000000000000 2 0 8 149 150 284 167 287 184 185 290 
169 3509 1.245360000 0.717172000 0.00000000000000000000 1.00000000000000000000 2 0 8 151 152 153 289 170 291 292 293 
170 3510 1.276020000 0.690177000 0.00000000000000000000 1.00000000000000000000 2 0 8 152 153 154 169 171 292 293 186 
171 3511 1.305470000 0.662163000 0.00000000000000000000 1.00000000000000000000 2 0 8 153 154 155 170 172 293 186 187 
172 3512 1.333670000 0.633175000 0.00000000000000000000 1.00000000000000000000 2 0 8 154 155 156 171 173 186 187 188 
173 3513 1.360580000 0.603257000 0.00000000000000000000 1.00000000000000000000 2 0 8 155 156 157 172 174 187 188 189 
174 3514 1.386150000 0.572455000 0.00000000000000000000 1.00000000000000000000 2 0 8 156 157 158 173 175 188 189 190 
175 3515 1.410360000 0.540814000 0.00000000000000000000 1.00000000000000000000 2 0 8 157 158 159 174 176 189 190 191 
176 3516 1.433170000 0.508384000 0.00000000000000000000 1.00000000000000000000 2 0 8 158 159 160 175 177 190 191 192 
177 3517 1.454540000 0.475213000 0.00000000000000000000 1.00000000000000000000 2 0 8 159 160 161 176 178 191 192 193 
178 3518 1.474460000 0.441351000 0.00000000000000000000 1.00000000000000000000 2 0 8 160 161 162 177 179 192 193 194 
179 3519 1.492880000 0.406848000 0.00000000000000000000 1.00000000000000000000 2 0 8 161 162 163 178 180 193 194 195 
180 3520 1.509780000 0.371754000 0.00000000000000000000 1.00000000000000000000 2 0 8 162 163 164 179 181 194 195 196 
181 3521 1.525150000 0.336123000 0.00000000000000000000 1.00000000000000000000 2 0 8 163 164 165 180 182 195 196 197 
182 3522 1.538960000 0.300005000 0.00000000000000000000 1.00000000000000000000 2 0 8 164 165 166 181 183 196 197 198 
183 3523 1.551180000 0.263454000 0.00000000000000000000 1.00000000000000000000 2 0 8 165 166 167 182 184 197 198 199 
184 3524 1.561810000 0.226523000 0.00000000000000000000 1.00000000000000000000 2 0 8 166 167 168 183 185 198 199 200 
185 3525 1.570830000 0.189266000 0.00000000000000000000 1.00000000000000000000 2 0 8 167 168 287 184 290 199 200 294 
186 3526 1.351190000 0.709277000 0.00000000000000000000 1.00000000000000000000 2 0 8 170 171 172 293 187 295 296 201 
187 3527 1.381020000 0.678257000 0.00000000000000000000 1.00000000000000000000 2 0 8 171 172 173 186 188 296 201 202 
188 3528 1.409470000 0.646236000 0.00000000000000000000 1.00000000000000000000 2 0 8 172 173 174 187 189 201 202 203 
189 3529 1.436520000 0.613264000 0.00000000000000000000 1.00000000000000000000 2 0 8 173 174 175 188 190 202 203 204 
190 3530 1.462130000 0.579392000 0.00000000000000000000 1.00000000000000000000 2 0 8 174 175 176 189 191 203 204 205 
191 3531 1.486250000 0.544669000 0.00000000000000000000 1.00000000000000000000 2 0 8 175 176 177 190 192 204 205 206 
192 3532 1.508860000 0.509149000 0.00000000000000000000 1.00000000000000000000 2 0 8 176 177 178 191 193 205 206 207 
193 3533 1.529930000 0.472884000 0.00000000000000000000 1.00000000000000000000 2 0 8 177 178 179 192 194 206 207 208 
194 3534 1.549420000 0.435929000 0.00000000000000000000 1.00000000000000000000 2 0 8 178 179 180 193 195 207 208 209 
195 3535 1.567300000 0.398339000 0.00000000000000000000 1.00000000000000000000 2 0 8 179 180 181 194 196 208 209 210 
196 3536 1.583560000 0.360169000 0.00000000000000000000 1.00000000000000000000 2 0 8 180 181 182 195 197 209 210 211 
197 3537 1.598170000 0.321475000 0.00000000000000000000 1.00000000000000000000 2 0 8 181 182 183 196 198 210 211 212 
198 3538 1.611100000 0.282314000 0.00000000000000000000 1.00000000000000000000 2 0 8 182 183 184 197 199 211 212 213 
199 3539 1.622350000 0.242744000 0.00000000000000000000 1.00000000000000000000 2 0 8 183 184 185 198 200 212 213 297 
200 3540 1.631900000 0.202822000 0.00000000000000000000 1.00000000000000000000 2 0 8 184 185 290 199 294 213 297 298 
201 3541 1.431670000 0.725885000 0.00000000000000000000 1.00000000000000000000 2 0 8 186 187 188 296 202 299 300 301 
202 3542 1.461780000 0.691642000 0.00000000000000000000 1.00000000000000000000 2 0 8 187 188 189 201 203 300 301 214 
203 3543 1.490410000 0.656378000 0.00000000000000000000 1.00000000000000000000 2 0 8 188 189 190 202 204 301 214 215 
204 3544 1.517510000 0.620146000 0.00000000000000000000 1.00000000000000000000 2 0 8 189 190 191 203 205 214 215 216 
205 3545 1.543050000 0.583001000 0.00000000000000000000 1.00000000000000000000 2 0 8 190 191 192 204 206 215 216 217 
206 3546 1.566980000 0.544998000 0.00000000000000000000 1.00000000000000000000 2 0 8 191 192 193 205 207 216 217 218 
207 3547 1.589280000 0.506195000 0.00000000000000000000 1.00000000000000000000 2 0 8 192 193 194 206 208 217 218 219 
208 3548 1.609910000 0.466650000 0.00000000000000000000 1.00000000000000000000 2 0 8 193 194 195 207 209 218 219 220 
209 3549 1.628850000 0.426422000 0.00000000000000000000 1.00000000000000000000 2 0 8 194 195 196 208 210 219 220 221 
210 3550 1.646060000 0.385570000 0.00000000000000000000 1.00000000000000000000 2 0 8 195 196 197 209 211 220 221 222 
211 3551 1.661520000 0.344155000 0.00000000000000000000 1.00000000000000000000 2 0 8 196 197 198 210 212 221 222 223 
212 3552 1.675220000 0.302237000 0.00000000000000000000 1.00000000000000000000 2 0 8 197 198 199 211 213 222 223 302 
213 3553 1.687130000 0.259879000 0.00000000000000000000 1.00000000000000000000 2 0 8 198 199 200 212 297 223 302 303 
214 3554 1.548030000 0.701957000 0.00000000000000000000 1.00000000000000000000 2 0 8 202 203 204 301 215 304 305 224 
215 3555 1.576730000 0.663230000 0.00000000000000000000 1.00000000000000000000 2 0 8 203 204 205 214 216 305 224 225 
216 3556 1.603770000 0.623523000 0.00000000000000000000 1.00000000000000000000 2 0 8 204 205 206 215 217 224 225 226 
217 3557 1.629120000 0.582896000 0.00000000000000000000 1.00000000000000000000 2 0 8 205 206 207 216 218 225 226 227 
218 3558 1.652730000 0.541409000 0.00000000000000000000 1.00000000000000000000 2 0 8 206 207 208 217 219 226 227 228 
219 3559 1.674590000 0.499126000 0.00000000000000000000 1.00000000000000000000 2 0 8 207 208 209 218 220 227 228 229 
220 3560 1.694640000 0.456109000 0.00000000000000000000 1.00000000000000000000 2 0 8 208 209 210 219 221 228 229 230 
221 3561 1.712870000 0.412421000 0.00000000000000000000 1.00000000000000000000 2 0 8 209 210 211 220 222 229 230 231 
222 3562 1.729250000 0.368129000 0.00000000000000000000 1.00000000000000000000 2 0 8 210 211 212 221 223 230 231 306 
223 3563 1.743760000 0.323297000 0.00000000000000000000 1.00000000000000000000 2 0 8 211 212 213 222 302 231 306 307 
224 3564 1.639980000 0.708804000 0.00000000000000000000 1.00000000000000000000 2 0 8 214 215 216 305 225 308 309 232 
225 3565 1.668640000 0.666387000 0.00000000000000000000 1.00000000000000000000 2 0 8 215 216 217 224 226 309 232 233 
226 3566 1.695500000 0.622983000 0.00000000000000000000 1.00000000000000000000 2 0 8 216 217 218 225 227 232 233 234 
227 3567 1.720520000 0.578658000 0.00000000000000000000 1.00000000000000000000 2 0 8 217 218 219 226 228 233 234 235 
228 3568 1.743680000 0.533477000 0.00000000000000000000 1.00000000000000000000 2 0 8 218 219 220 227 229 234 235 236 
229 3569 1.764930000 0.487510000 0.00000000000000000000 1.00000000000000000000 2 0 8 219 220 221 228 230 235 236 237 
230 3570 1.784250000 0.440823000 0.00000000000000000000 1.00000000000000000000 2 0 8 220 221 222 229 231 236 237 310 
231 3571 1.801620000 0.393487000 0.00000000000000000000 1.00000000000000000000 2 0 8 221 222 223 230 306 237 310 311 
232 3572 1.737900000 0.711754000 0.00000000000000000000 1.00000000000000000000 2 0 8 224 225 226 309 233 312 313 314 
233 3573 1.766370000 0.665411000 0.00000000000000000000 1.00000000000000000000 2 0 8 225 226 227 232 234 313 314 238 
234 3574 1.792900000 0.618080000 0.00000000000000000000 1.00000000000000000000 2 0 8 226 227 228 233 235 314 238 239 
235 3575 1.817450000 0.569834000 0.00000000000000000000 1.00000000000000000000 2 0 8 227 228 229 234 236 238 239 240 
236 3576 1.839980000 0.520743000 0.00000000000000000000 1.00000000000000000000 2 0 8 228 229 230 235 237 239 240 315 
237 3577 1.860470000 0.470882000 0.00000000000000000000 1.00000000000000000000 2 0 8 229 230 231 236 310 240 315 316 
238 3578 1.870140000 0.659824000 0.00000000000000000000 1.00000000000000000000 2 0 8 233 234 235 314 239 317 318 241 
239 3579 1.896170000 0.608330000 0.00000000000000000000 1.00000000000000000000 2 0 8 234 235 236 238 240 318 241 319 
240 3580 1.920070000 0.555933000 0.00000000000000000000 1.00000000000000000000 2 0 8 235 236 237 239 315 241 319 320 
241 3581 1.980130000 0.649111000 0.00000000000000000000 1.00000000000000000000 2 0 8 238 239 240 318 319 321 322 323 
242 3006 0.916175 0.352594 2 0
243 3322 0.936213 0.340831 2 0
244 3323 0.955559 0.328592 2 0
245 3324 0.974186 0.315899 2 0
246 3325 0.992066 0.302771 2 0
247 3326 1.00918 0.28923 2 0
248 3327 1.02549 0.275298 2 0
249 3328 1.04099 0.260997 2 0
250 3329 1.05565 0.246348 2 0
251 3330 1.06945 0.231373 2 0
252 3331 1.08238 0.216096 2 0
253 3332 1.09441 0.200538 2 0
254 3333 1.10554 0.184722 2 0
255 3018 0.912613 0.398166 2 0
256 3019 0.934217 0.38591 2 0
257 3337 1.1319 0.202596 2 0
258 3338 1.14256 0.185016 2 0
259 3339 1.15224 0.167196 2 0
260 3340 1.16094 0.149159 2 0
261 4991 1.16863 0.13093 2 0
262 4992 1.17532 0.112534 2 0
263 3030 0.908031 0.446631 2 0
264 3031 0.931312 0.433964 2 0
265 5003 1.20613 0.122943 2 0
266 5004 1.21207 0.102696 2 0
267 3041 0.902177 0.498068 2 0
268 3042 0.92725 0.485082 2 0
269 5013 1.24589 0.11178 2 0
270 5014 1.251 0.0896004 2 0
271 3051 0.92177 0.539351 2 0
272 5018 1.28793 0.0972218 2 0
273 5019 1.29211 0.0730284 2 0
274 3060 0.942946 0.582654 2 0
275 5069 1.33226 0.0790294 2 0
276 3070 0.965783 0.62814 2 0
277 5085 1.37096 0.113591 2 0
278 5086 1.37559 0.0853275 2 0
279 3080 0.990364 0.675978 2 0
280 4059 1.021 0.658616 2 0
281 5102 1.41737 0.1224 2 0
282 4061 1.04908 0.707744 2 0
283 4062 1.08051 0.688089 2 0
284 5119 1.46725 0.131671 2 0
285 4066 1.11239 0.738477 2 0
286 4067 1.14459 0.716335 2 0
287 5136 1.52081 0.141437 2 0
288 4073 1.18059 0.767939 2 0
289 4074 1.21354 0.743106 2 0
290 5153 1.57823 0.151736 2 0
291 4082 1.25398 0.795866 2 0
292 4083 1.28763 0.768128 2 0
293 4084 1.32005 0.73925 2 0
294 5169 1.63972 0.162606 2 0
295 4095 1.36716 0.791096 2 0
296 4096 1.40011 0.759053 2 0
297 5987 1.69723 0.217142 2 0
298 5988 1.70552 0.174088 2 0
299 4108 1.45241 0.811676 2 0
300 4109 1.48582 0.776237 2 0
301 4110 1.51771 0.739645 2 0
302 5989 1.75638 0.277991 2 0
303 5990 1.76708 0.232278 2 0
304 4123 1.57746 0.790423 2 0
305 4124 1.60958 0.750171 2 0
306 5993 1.81699 0.345572 2 0
307 5994 1.83036 0.297149 2 0
308 4138 1.67529 0.8012 2 0
309 4139 1.70752 0.75704 2 0
310 5999 1.87887 0.420325 2 0
311 6000 1.89518 0.369147 2 0
312 4154 1.77959 0.808116 2 0
313 4155 1.81181 0.759792 2 0
314 4156 1.842 0.710337 2 0
315 6008 1.94179 0.502711 2 0
316 6009 1.96132 0.448743 2 0
317 4173 1.92267 0.757929 2 0
318 4174 1.95251 0.704045 2 0
319 6019 2.00549 0.593211 2 0
320 6020 2.02854 0.536427 2 0
321 4192 2.04034 0.750908 2 0
322 6032 2.06965 0.692329 2 0
323 6033 2.09656 0.632716 2 0
