299 242 57
1 6715 3.702510000 -3.182860000 0.00000000000000000000 1.00000000000000000000 2 0 8 243 244 245 250 2 5 6 7 
2 6716 3.574640000 -3.305670000 0.00000000000000000000 1.00000000000000000000 2 0 8 244 245 246 1 3 6 7 8 
3 6717 3.442010000 -3.423410000 0.00000000000000000000 1.00000000000000000000 2 0 8 245 246 247 2 4 7 8 9 
4 6718 3.304830000 -3.535910000 0.00000000000000000000 1.00000000000000000000 2 0 8 246 247 248 3 251 8 9 10 
5 6719 4.033870000 -3.249150000 0.00000000000000000000 1.00000000000000000000 2 0 8 249 250 1 254 6 11 12 13 
6 6720 3.903210000 -3.384910000 0.00000000000000000000 1.00000000000000000000 2 0 8 250 1 2 5 7 12 13 14 
7 6721 3.767300000 -3.515490000 0.00000000000000000000 1.00000000000000000000 2 0 8 1 2 3 6 8 13 14 15 
8 6722 3.626330000 -3.640670000 0.00000000000000000000 1.00000000000000000000 2 0 8 2 3 4 7 9 14 15 16 
9 6723 3.480530000 -3.760280000 0.00000000000000000000 1.00000000000000000000 2 0 8 3 4 251 8 10 15 16 17 
10 6724 3.330110000 -3.874110000 0.00000000000000000000 1.00000000000000000000 2 0 8 4 251 252 9 255 16 17 18 
11 6725 4.388610000 -3.305660000 0.00000000000000000000 1.00000000000000000000 2 0 8 253 254 5 264 12 25 26 27 
12 6726 4.255510000 -3.455300000 0.00000000000000000000 1.00000000000000000000 2 0 8 254 5 6 11 13 26 27 28 
13 6727 4.116630000 -3.599640000 0.00000000000000000000 1.00000000000000000000 2 0 8 5 6 7 12 14 27 28 29 
14 6728 3.972150000 -3.738470000 0.00000000000000000000 1.00000000000000000000 2 0 8 6 7 8 13 15 28 29 30 
15 6729 3.822320000 -3.871560000 0.00000000000000000000 1.00000000000000000000 2 0 8 7 8 9 14 16 29 30 31 
16 6730 3.667340000 -3.998720000 0.00000000000000000000 1.00000000000000000000 2 0 8 8 9 10 15 17 30 31 32 
17 6731 3.507470000 -4.119740000 0.00000000000000000000 1.00000000000000000000 2 0 8 9 10 255 16 18 31 32 33 
18 6732 3.342930000 -4.234440000 0.00000000000000000000 1.00000000000000000000 2 0 8 10 255 256 17 19 32 33 34 
19 6733 3.174000000 -4.342630000 0.00000000000000000000 1.00000000000000000000 2 0 8 255 256 257 18 20 33 34 35 
20 6734 3.000920000 -4.444160000 0.00000000000000000000 1.00000000000000000000 2 0 8 256 257 258 19 21 34 35 36 
21 6735 2.823960000 -4.538860000 0.00000000000000000000 1.00000000000000000000 2 0 8 257 258 259 20 22 35 36 37 
22 6736 2.643380000 -4.626590000 0.00000000000000000000 1.00000000000000000000 2 0 8 258 259 260 21 23 36 37 38 
23 6737 2.459480000 -4.707210000 0.00000000000000000000 1.00000000000000000000 2 0 8 259 260 261 22 24 37 38 39 
24 6738 2.272520000 -4.780590000 0.00000000000000000000 1.00000000000000000000 2 0 8 260 261 262 23 265 38 39 40 
25 6739 4.767760000 -3.350790000 0.00000000000000000000 1.00000000000000000000 2 0 8 263 264 11 268 26 41 42 43 
26 6740 4.632660000 -3.515290000 0.00000000000000000000 1.00000000000000000000 2 0 8 264 11 12 25 27 42 43 44 
27 6741 4.491180000 -3.674390000 0.00000000000000000000 1.00000000000000000000 2 0 8 11 12 13 26 28 43 44 45 
28 6742 4.343550000 -3.827860000 0.00000000000000000000 1.00000000000000000000 2 0 8 12 13 14 27 29 44 45 46 
29 6743 4.189970000 -3.975460000 0.00000000000000000000 1.00000000000000000000 2 0 8 13 14 15 28 30 45 46 47 
30 6744 4.030700000 -4.116960000 0.00000000000000000000 1.00000000000000000000 2 0 8 14 15 16 29 31 46 47 48 
31 6745 3.865970000 -4.252130000 0.00000000000000000000 1.00000000000000000000 2 0 8 15 16 17 30 32 47 48 49 
32 6746 3.696040000 -4.380790000 0.00000000000000000000 1.00000000000000000000 2 0 8 16 17 18 31 33 48 49 50 
33 6747 3.521160000 -4.502710000 0.00000000000000000000 1.00000000000000000000 2 0 8 17 18 19 32 34 49 50 51 
34 6748 3.341600000 -4.617720000 0.00000000000000000000 1.00000000000000000000 2 0 8 18 19 20 33 35 50 51 52 
35 6749 3.157640000 -4.725640000 0.00000000000000000000 1.00000000000000000000 2 0 8 19 20 21 34 36 51 52 53 
36 6750 2.969560000 -4.826290000 0.00000000000000000000 1.00000000000000000000 2 0 8 20 21 22 35 37 52 53 54 
37 6751 2.777640000 -4.919530000 0.00000000000000000000 1.00000000000000000000 2 0 8 21 22 23 36 38 53 54 55 
38 6752 2.582180000 -5.005200000 0.00000000000000000000 1.00000000000000000000 2 0 8 22 23 24 37 39 54 55 56 
39 6753 2.383490000 -5.083180000 0.00000000000000000000 1.00000000000000000000 2 0 8 23 24 265 38 40 55 56 57 
40 6754 2.181850000 -5.153330000 0.00000000000000000000 1.00000000000000000000 2 0 8 24 265 266 39 269 56 57 274 
41 6755 5.172390000 -3.382830000 0.00000000000000000000 1.00000000000000000000 2 0 8 267 268 25 273 42 60 61 62 
42 6756 5.035760000 -3.563190000 0.00000000000000000000 1.00000000000000000000 2 0 8 268 25 26 41 43 61 62 63 
43 6757 4.892150000 -3.738090000 0.00000000000000000000 1.00000000000000000000 2 0 8 25 26 27 42 44 62 63 64 
44 6758 4.741750000 -3.907250000 0.00000000000000000000 1.00000000000000000000 2 0 8 26 27 28 43 45 63 64 65 
45 6759 4.584820000 -4.070420000 0.00000000000000000000 1.00000000000000000000 2 0 8 27 28 29 44 46 64 65 66 
46 6760 4.421570000 -4.227340000 0.00000000000000000000 1.00000000000000000000 2 0 8 28 29 30 45 47 65 66 67 
47 6761 4.252270000 -4.377770000 0.00000000000000000000 1.00000000000000000000 2 0 8 29 30 31 46 48 66 67 68 
48 6762 4.077170000 -4.521470000 0.00000000000000000000 1.00000000000000000000 2 0 8 30 31 32 47 49 67 68 69 
49 6763 3.896540000 -4.658240000 0.00000000000000000000 1.00000000000000000000 2 0 8 31 32 33 48 50 68 69 70 
50 6764 3.710650000 -4.787840000 0.00000000000000000000 1.00000000000000000000 2 0 8 32 33 34 49 51 69 70 71 
51 6765 3.519800000 -4.910090000 0.00000000000000000000 1.00000000000000000000 2 0 8 33 34 35 50 52 70 71 72 
52 6766 3.324270000 -5.024800000 0.00000000000000000000 1.00000000000000000000 2 0 8 34 35 36 51 53 71 72 73 
53 6767 3.124360000 -5.131780000 0.00000000000000000000 1.00000000000000000000 2 0 8 35 36 37 52 54 72 73 74 
54 6768 2.920380000 -5.230860000 0.00000000000000000000 1.00000000000000000000 2 0 8 36 37 38 53 55 73 74 75 
55 6769 2.712640000 -5.321910000 0.00000000000000000000 1.00000000000000000000 2 0 8 37 38 39 54 56 74 75 76 
56 6770 2.501470000 -5.404770000 0.00000000000000000000 1.00000000000000000000 2 0 8 38 39 40 55 57 75 76 77 
57 6771 2.287180000 -5.479310000 0.00000000000000000000 1.00000000000000000000 2 0 8 39 40 269 56 274 76 77 276 
58 6772 5.854900000 -2.989970000 0.00000000000000000000 1.00000000000000000000 2 0 8 270 271 272 275 59 277 78 79 
59 6773 5.733250000 -3.197390000 0.00000000000000000000 1.00000000000000000000 2 0 8 271 272 273 58 60 78 79 80 
60 6774 5.603540000 -3.399900000 0.00000000000000000000 1.00000000000000000000 2 0 8 272 273 41 59 61 79 80 81 
61 6775 5.465950000 -3.597190000 0.00000000000000000000 1.00000000000000000000 2 0 8 273 41 42 60 62 80 81 82 
62 6776 5.320720000 -3.788960000 0.00000000000000000000 1.00000000000000000000 2 0 8 41 42 43 61 63 81 82 83 
63 6777 5.168040000 -3.974920000 0.00000000000000000000 1.00000000000000000000 2 0 8 42 43 44 62 64 82 83 84 
64 6778 5.008170000 -4.154770000 0.00000000000000000000 1.00000000000000000000 2 0 8 43 44 45 63 65 83 84 85 
65 6779 4.841340000 -4.328240000 0.00000000000000000000 1.00000000000000000000 2 0 8 44 45 46 64 66 84 85 86 
66 6780 4.667810000 -4.495070000 0.00000000000000000000 1.00000000000000000000 2 0 8 45 46 47 65 67 85 86 87 
67 6781 4.487840000 -4.654990000 0.00000000000000000000 1.00000000000000000000 2 0 8 46 47 48 66 68 86 87 88 
68 6782 4.301710000 -4.807760000 0.00000000000000000000 1.00000000000000000000 2 0 8 47 48 49 67 69 87 88 89 
69 6783 4.109710000 -4.953140000 0.00000000000000000000 1.00000000000000000000 2 0 8 48 49 50 68 70 88 89 90 
70 6784 3.912120000 -5.090910000 0.00000000000000000000 1.00000000000000000000 2 0 8 49 50 51 69 71 89 90 91 
71 6785 3.709260000 -5.220850000 0.00000000000000000000 1.00000000000000000000 2 0 8 50 51 52 70 72 90 91 92 
72 6786 3.501430000 -5.342770000 0.00000000000000000000 1.00000000000000000000 2 0 8 51 52 53 71 73 91 92 93 
73 6787 3.288940000 -5.456470000 0.00000000000000000000 1.00000000000000000000 2 0 8 52 53 54 72 74 92 93 94 
74 6788 3.072140000 -5.561780000 0.00000000000000000000 1.00000000000000000000 2 0 8 53 54 55 73 75 93 94 95 
75 6789 2.851350000 -5.658530000 0.00000000000000000000 1.00000000000000000000 2 0 8 54 55 56 74 76 94 95 96 
76 6790 2.626900000 -5.746570000 0.00000000000000000000 1.00000000000000000000 2 0 8 55 56 57 75 77 95 96 97 
77 6791 2.399150000 -5.825780000 0.00000000000000000000 1.00000000000000000000 2 0 8 56 57 274 76 276 96 97 278 
78 6792 6.191570000 -3.179410000 0.00000000000000000000 1.00000000000000000000 2 0 8 275 58 59 277 79 279 98 99 
79 6793 6.062240000 -3.399960000 0.00000000000000000000 1.00000000000000000000 2 0 8 58 59 60 78 80 98 99 100 
80 6794 5.924340000 -3.615280000 0.00000000000000000000 1.00000000000000000000 2 0 8 59 60 61 79 81 99 100 101 
81 6795 5.778080000 -3.825050000 0.00000000000000000000 1.00000000000000000000 2 0 8 60 61 62 80 82 100 101 102 
82 6796 5.623680000 -4.028940000 0.00000000000000000000 1.00000000000000000000 2 0 8 61 62 63 81 83 101 102 103 
83 6797 5.461370000 -4.226650000 0.00000000000000000000 1.00000000000000000000 2 0 8 62 63 64 82 84 102 103 104 
84 6798 5.291420000 -4.417860000 0.00000000000000000000 1.00000000000000000000 2 0 8 63 64 65 83 85 103 104 105 
85 6799 5.114070000 -4.602290000 0.00000000000000000000 1.00000000000000000000 2 0 8 64 65 66 84 86 104 105 106 
86 6800 4.929600000 -4.779650000 0.00000000000000000000 1.00000000000000000000 2 0 8 65 66 67 85 87 105 106 107 
87 6801 4.738290000 -4.949650000 0.00000000000000000000 1.00000000000000000000 2 0 8 66 67 68 86 88 106 107 108 
88 6802 4.540440000 -5.112060000 0.00000000000000000000 1.00000000000000000000 2 0 8 67 68 69 87 89 107 108 109 
89 6803 4.336340000 -5.266600000 0.00000000000000000000 1.00000000000000000000 2 0 8 68 69 70 88 90 108 109 110 
90 6804 4.126320000 -5.413040000 0.00000000000000000000 1.00000000000000000000 2 0 8 69 70 71 89 91 109 110 111 
91 6805 3.910680000 -5.551160000 0.00000000000000000000 1.00000000000000000000 2 0 8 70 71 72 90 92 110 111 112 
92 6806 3.689770000 -5.680750000 0.00000000000000000000 1.00000000000000000000 2 0 8 71 72 73 91 93 111 112 113 
93 6807 3.463920000 -5.801590000 0.00000000000000000000 1.00000000000000000000 2 0 8 72 73 74 92 94 112 113 114 
94 6808 3.233480000 -5.913510000 0.00000000000000000000 1.00000000000000000000 2 0 8 73 74 75 93 95 113 114 115 
95 6809 2.998800000 -6.016320000 0.00000000000000000000 1.00000000000000000000 2 0 8 74 75 76 94 96 114 115 116 
96 6810 2.760250000 -6.109880000 0.00000000000000000000 1.00000000000000000000 2 0 8 75 76 77 95 97 115 116 117 
97 6811 2.518180000 -6.194030000 0.00000000000000000000 1.00000000000000000000 2 0 8 76 77 276 96 278 116 117 280 
98 6812 6.549520000 -3.380800000 0.00000000000000000000 1.00000000000000000000 2 0 8 277 78 79 279 99 281 118 119 
99 6813 6.412020000 -3.615290000 0.00000000000000000000 1.00000000000000000000 2 0 8 78 79 80 98 100 118 119 120 
100 6814 6.265410000 -3.844230000 0.00000000000000000000 1.00000000000000000000 2 0 8 79 80 81 99 101 119 120 121 
101 6815 6.109920000 -4.067270000 0.00000000000000000000 1.00000000000000000000 2 0 8 80 81 82 100 102 120 121 122 
102 6816 5.945780000 -4.284050000 0.00000000000000000000 1.00000000000000000000 2 0 8 81 82 83 101 103 121 122 123 
103 6817 5.773240000 -4.494250000 0.00000000000000000000 1.00000000000000000000 2 0 8 82 83 84 102 104 122 123 124 
104 6818 5.592560000 -4.697540000 0.00000000000000000000 1.00000000000000000000 2 0 8 83 84 85 103 105 123 124 125 
105 6819 5.404030000 -4.893610000 0.00000000000000000000 1.00000000000000000000 2 0 8 84 85 86 104 106 124 125 126 
106 6820 5.207930000 -5.082160000 0.00000000000000000000 1.00000000000000000000 2 0 8 85 86 87 105 107 125 126 127 
107 6821 5.004560000 -5.262890000 0.00000000000000000000 1.00000000000000000000 2 0 8 86 87 88 106 108 126 127 128 
108 6822 4.794240000 -5.435520000 0.00000000000000000000 1.00000000000000000000 2 0 8 87 88 89 107 109 127 128 129 
109 6823 4.577290000 -5.599800000 0.00000000000000000000 1.00000000000000000000 2 0 8 88 89 90 108 110 128 129 130 
110 6824 4.354030000 -5.755470000 0.00000000000000000000 1.00000000000000000000 2 0 8 89 90 91 109 111 129 130 131 
111 6825 4.124820000 -5.902280000 0.00000000000000000000 1.00000000000000000000 2 0 8 90 91 92 110 112 130 131 132 
112 6826 3.890000000 -6.040010000 0.00000000000000000000 1.00000000000000000000 2 0 8 91 92 93 111 113 131 132 133 
113 6827 3.649940000 -6.168440000 0.00000000000000000000 1.00000000000000000000 2 0 8 92 93 94 112 114 132 133 134 
114 6828 3.405000000 -6.287380000 0.00000000000000000000 1.00000000000000000000 2 0 8 93 94 95 113 115 133 134 135 
115 6829 3.155570000 -6.396650000 0.00000000000000000000 1.00000000000000000000 2 0 8 94 95 96 114 116 134 135 136 
116 6830 2.902010000 -6.496060000 0.00000000000000000000 1.00000000000000000000 2 0 8 95 96 97 115 117 135 136 137 
117 6831 2.644730000 -6.585470000 0.00000000000000000000 1.00000000000000000000 2 0 8 96 97 278 116 280 136 137 282 
118 6832 6.930070000 -3.594890000 0.00000000000000000000 1.00000000000000000000 2 0 8 279 98 99 281 119 284 138 139 
119 6833 6.783890000 -3.844210000 0.00000000000000000000 1.00000000000000000000 2 0 8 98 99 100 118 120 138 139 140 
120 6834 6.628030000 -4.087630000 0.00000000000000000000 1.00000000000000000000 2 0 8 99 100 101 119 121 139 140 141 
121 6835 6.462720000 -4.324760000 0.00000000000000000000 1.00000000000000000000 2 0 8 100 101 102 120 122 140 141 142 
122 6836 6.288220000 -4.555240000 0.00000000000000000000 1.00000000000000000000 2 0 8 101 102 103 121 123 141 142 143 
123 6837 6.104790000 -4.778720000 0.00000000000000000000 1.00000000000000000000 2 0 8 102 103 104 122 124 142 143 144 
124 6838 5.912720000 -4.994850000 0.00000000000000000000 1.00000000000000000000 2 0 8 103 104 105 123 125 143 144 145 
125 6839 5.712300000 -5.203290000 0.00000000000000000000 1.00000000000000000000 2 0 8 104 105 106 124 126 144 145 146 
126 6840 5.503830000 -5.403740000 0.00000000000000000000 1.00000000000000000000 2 0 8 105 106 107 125 127 145 146 147 
127 6841 5.287640000 -5.595870000 0.00000000000000000000 1.00000000000000000000 2 0 8 106 107 108 126 128 146 147 148 
128 6842 5.064070000 -5.779390000 0.00000000000000000000 1.00000000000000000000 2 0 8 107 108 109 127 129 147 148 149 
129 6843 4.833440000 -5.954010000 0.00000000000000000000 1.00000000000000000000 2 0 8 108 109 110 128 130 148 149 150 
130 6844 4.596120000 -6.119480000 0.00000000000000000000 1.00000000000000000000 2 0 8 109 110 111 129 131 149 150 151 
131 6845 4.352470000 -6.275520000 0.00000000000000000000 1.00000000000000000000 2 0 8 110 111 112 130 132 150 151 152 
132 6846 4.102870000 -6.421910000 0.00000000000000000000 1.00000000000000000000 2 0 8 111 112 113 131 133 151 152 153 
133 6847 3.847700000 -6.558410000 0.00000000000000000000 1.00000000000000000000 2 0 8 112 113 114 132 134 152 153 154 
134 6848 3.587340000 -6.684820000 0.00000000000000000000 1.00000000000000000000 2 0 8 113 114 115 133 135 153 154 155 
135 6849 3.322210000 -6.800930000 0.00000000000000000000 1.00000000000000000000 2 0 8 114 115 116 134 136 154 155 156 
136 6850 3.052710000 -6.906570000 0.00000000000000000000 1.00000000000000000000 2 0 8 115 116 117 135 137 155 156 157 
137 6851 2.779260000 -7.001570000 0.00000000000000000000 1.00000000000000000000 2 0 8 116 117 280 136 282 156 157 285 
138 6852 7.334660000 -3.822490000 0.00000000000000000000 1.00000000000000000000 2 0 8 281 118 119 284 139 158 159 160 
139 6853 7.179250000 -4.087590000 0.00000000000000000000 1.00000000000000000000 2 0 8 118 119 120 138 140 159 160 161 
140 6854 7.013550000 -4.346390000 0.00000000000000000000 1.00000000000000000000 2 0 8 119 120 121 139 141 160 161 162 
141 6855 6.837800000 -4.598510000 0.00000000000000000000 1.00000000000000000000 2 0 8 120 121 122 140 142 161 162 163 
142 6856 6.652280000 -4.843560000 0.00000000000000000000 1.00000000000000000000 2 0 8 121 122 123 141 143 162 163 164 
143 6857 6.457280000 -5.081150000 0.00000000000000000000 1.00000000000000000000 2 0 8 122 123 124 142 144 163 164 165 
144 6858 6.253090000 -5.310920000 0.00000000000000000000 1.00000000000000000000 2 0 8 123 124 125 143 145 164 165 166 
145 6859 6.040020000 -5.532520000 0.00000000000000000000 1.00000000000000000000 2 0 8 124 125 126 144 146 165 166 167 
146 6860 5.818410000 -5.745610000 0.00000000000000000000 1.00000000000000000000 2 0 8 125 126 127 145 147 166 167 168 
147 6861 5.588590000 -5.949850000 0.00000000000000000000 1.00000000000000000000 2 0 8 126 127 128 146 148 167 168 169 
148 6862 5.350910000 -6.144940000 0.00000000000000000000 1.00000000000000000000 2 0 8 127 128 129 147 149 168 169 170 
149 6863 5.105750000 -6.330560000 0.00000000000000000000 1.00000000000000000000 2 0 8 128 129 130 148 150 169 170 171 
150 6864 4.853480000 -6.506450000 0.00000000000000000000 1.00000000000000000000 2 0 8 129 130 131 149 151 170 171 172 
151 6865 4.594480000 -6.672310000 0.00000000000000000000 1.00000000000000000000 2 0 8 130 131 132 150 152 171 172 173 
152 6866 4.329160000 -6.827900000 0.00000000000000000000 1.00000000000000000000 2 0 8 131 132 133 151 153 172 173 174 
153 6867 4.057920000 -6.972970000 0.00000000000000000000 1.00000000000000000000 2 0 8 132 133 134 152 154 173 174 175 
154 6868 3.781180000 -7.107310000 0.00000000000000000000 1.00000000000000000000 2 0 8 133 134 135 153 155 174 175 176 
155 6869 3.499370000 -7.230700000 0.00000000000000000000 1.00000000000000000000 2 0 8 134 135 136 154 156 175 176 177 
156 6870 3.212920000 -7.342950000 0.00000000000000000000 1.00000000000000000000 2 0 8 135 136 137 155 157 176 177 288 
157 6871 2.922260000 -7.443890000 0.00000000000000000000 1.00000000000000000000 2 0 8 136 137 282 156 285 177 288 289 
158 6872 7.918810000 -3.776360000 0.00000000000000000000 1.00000000000000000000 2 0 8 283 284 138 287 159 178 179 180 
159 6873 7.764780000 -4.064470000 0.00000000000000000000 1.00000000000000000000 2 0 8 284 138 139 158 160 179 180 181 
160 6874 7.599560000 -4.346330000 0.00000000000000000000 1.00000000000000000000 2 0 8 138 139 140 159 161 180 181 182 
161 6875 7.423390000 -4.621500000 0.00000000000000000000 1.00000000000000000000 2 0 8 139 140 141 160 162 181 182 183 
162 6876 7.236550000 -4.889550000 0.00000000000000000000 1.00000000000000000000 2 0 8 140 141 142 161 163 182 183 184 
163 6877 7.039320000 -5.150080000 0.00000000000000000000 1.00000000000000000000 2 0 8 141 142 143 162 164 183 184 185 
164 6878 6.832010000 -5.402670000 0.00000000000000000000 1.00000000000000000000 2 0 8 142 143 144 163 165 184 185 186 
165 6879 6.614930000 -5.646950000 0.00000000000000000000 1.00000000000000000000 2 0 8 143 144 145 164 166 185 186 187 
166 6880 6.388420000 -5.882540000 0.00000000000000000000 1.00000000000000000000 2 0 8 144 145 146 165 167 186 187 188 
167 6881 6.152830000 -6.109070000 0.00000000000000000000 1.00000000000000000000 2 0 8 145 146 147 166 168 187 188 189 
168 6882 5.908510000 -6.326190000 0.00000000000000000000 1.00000000000000000000 2 0 8 146 147 148 167 169 188 189 190 
169 6883 5.655860000 -6.533570000 0.00000000000000000000 1.00000000000000000000 2 0 8 147 148 149 168 170 189 190 191 
170 6884 5.395240000 -6.730890000 0.00000000000000000000 1.00000000000000000000 2 0 8 148 149 150 169 171 190 191 192 
171 6885 5.127070000 -6.917840000 0.00000000000000000000 1.00000000000000000000 2 0 8 149 150 151 170 172 191 192 193 
172 6886 4.851750000 -7.094140000 0.00000000000000000000 1.00000000000000000000 2 0 8 150 151 152 171 173 192 193 194 
173 6887 4.569720000 -7.259510000 0.00000000000000000000 1.00000000000000000000 2 0 8 151 152 153 172 174 193 194 195 
174 6888 4.281400000 -7.413690000 0.00000000000000000000 1.00000000000000000000 2 0 8 152 153 154 173 175 194 195 196 
175 6889 3.987240000 -7.556460000 0.00000000000000000000 1.00000000000000000000 2 0 8 153 154 155 174 176 195 196 197 
176 6890 3.687690000 -7.687580000 0.00000000000000000000 1.00000000000000000000 2 0 8 154 155 156 175 177 196 197 198 
177 6891 3.383210000 -7.806860000 0.00000000000000000000 1.00000000000000000000 2 0 8 155 156 157 176 288 197 198 291 
178 6892 8.537410000 -3.702910000 0.00000000000000000000 1.00000000000000000000 2 0 8 286 287 158 290 179 294 199 200 
179 6893 8.385810000 -4.015420000 0.00000000000000000000 1.00000000000000000000 2 0 8 287 158 159 178 180 199 200 201 
180 6894 8.222060000 -4.321760000 0.00000000000000000000 1.00000000000000000000 2 0 8 158 159 160 179 181 200 201 202 
181 6895 8.046400000 -4.621440000 0.00000000000000000000 1.00000000000000000000 2 0 8 159 160 161 180 182 201 202 203 
182 6896 7.859100000 -4.914000000 0.00000000000000000000 1.00000000000000000000 2 0 8 160 161 162 181 183 202 203 204 
183 6897 7.660460000 -5.198990000 0.00000000000000000000 1.00000000000000000000 2 0 8 161 162 163 182 184 203 204 205 
184 6898 7.450780000 -5.475970000 0.00000000000000000000 1.00000000000000000000 2 0 8 162 163 164 183 185 204 205 206 
185 6899 7.230380000 -5.744520000 0.00000000000000000000 1.00000000000000000000 2 0 8 163 164 165 184 186 205 206 207 
186 6900 6.999600000 -6.004220000 0.00000000000000000000 1.00000000000000000000 2 0 8 164 165 166 185 187 206 207 208 
187 6901 6.758800000 -6.254680000 0.00000000000000000000 1.00000000000000000000 2 0 8 165 166 167 186 188 207 208 209 
188 6902 6.508340000 -6.495490000 0.00000000000000000000 1.00000000000000000000 2 0 8 166 167 168 187 189 208 209 210 
189 6903 6.248620000 -6.726300000 0.00000000000000000000 1.00000000000000000000 2 0 8 167 168 169 188 190 209 210 211 
190 6904 5.980030000 -6.946750000 0.00000000000000000000 1.00000000000000000000 2 0 8 168 169 170 189 191 210 211 212 
191 6905 5.702980000 -7.156500000 0.00000000000000000000 1.00000000000000000000 2 0 8 169 170 171 190 192 211 212 213 
192 6906 5.417910000 -7.355220000 0.00000000000000000000 1.00000000000000000000 2 0 8 170 171 172 191 193 212 213 214 
193 6907 5.125240000 -7.542610000 0.00000000000000000000 1.00000000000000000000 2 0 8 171 172 173 192 194 213 214 215 
194 6908 4.825440000 -7.718370000 0.00000000000000000000 1.00000000000000000000 2 0 8 172 173 174 193 195 214 215 216 
195 6909 4.518960000 -7.882240000 0.00000000000000000000 1.00000000000000000000 2 0 8 173 174 175 194 196 215 216 217 
196 6910 4.206280000 -8.033970000 0.00000000000000000000 1.00000000000000000000 2 0 8 174 175 176 195 197 216 217 218 
197 6911 3.887870000 -8.173310000 0.00000000000000000000 1.00000000000000000000 2 0 8 175 176 177 196 198 217 218 219 
198 6912 3.564230000 -8.300060000 0.00000000000000000000 1.00000000000000000000 2 0 8 176 177 288 197 291 218 219 220 
199 6913 9.043460000 -3.937330000 0.00000000000000000000 1.00000000000000000000 2 0 8 290 178 179 294 200 297 298 221 
200 6914 8.882280000 -4.269610000 0.00000000000000000000 1.00000000000000000000 2 0 8 178 179 180 199 201 298 221 222 
201 6915 8.708180000 -4.595320000 0.00000000000000000000 1.00000000000000000000 2 0 8 179 180 181 200 202 221 222 223 
202 6916 8.521420000 -4.913950000 0.00000000000000000000 1.00000000000000000000 2 0 8 180 181 182 201 203 222 223 224 
203 6917 8.322290000 -5.225000000 0.00000000000000000000 1.00000000000000000000 2 0 8 181 182 183 202 204 223 224 225 
204 6918 8.111110000 -5.528000000 0.00000000000000000000 1.00000000000000000000 2 0 8 182 183 184 203 205 224 225 226 
205 6919 7.888180000 -5.822490000 0.00000000000000000000 1.00000000000000000000 2 0 8 183 184 185 204 206 225 226 227 
206 6920 7.653870000 -6.108000000 0.00000000000000000000 1.00000000000000000000 2 0 8 184 185 186 205 207 226 227 228 
207 6921 7.408520000 -6.384090000 0.00000000000000000000 1.00000000000000000000 2 0 8 185 186 187 206 208 227 228 229 
208 6922 7.152520000 -6.650350000 0.00000000000000000000 1.00000000000000000000 2 0 8 186 187 188 207 209 228 229 230 
209 6923 6.886270000 -6.906360000 0.00000000000000000000 1.00000000000000000000 2 0 8 187 188 189 208 210 229 230 231 
210 6924 6.610160000 -7.151720000 0.00000000000000000000 1.00000000000000000000 2 0 8 188 189 190 209 211 230 231 232 
211 6925 6.324630000 -7.386060000 0.00000000000000000000 1.00000000000000000000 2 0 8 189 190 191 210 212 231 232 233 
212 6926 6.030110000 -7.609020000 0.00000000000000000000 1.00000000000000000000 2 0 8 190 191 192 211 213 232 233 234 
213 6927 5.727070000 -7.820250000 0.00000000000000000000 1.00000000000000000000 2 0 8 191 192 193 212 214 233 234 235 
214 6928 5.415960000 -8.019420000 0.00000000000000000000 1.00000000000000000000 2 0 8 192 193 194 213 215 234 235 236 
215 6929 5.097270000 -8.206240000 0.00000000000000000000 1.00000000000000000000 2 0 8 193 194 195 214 216 235 236 237 
216 6930 4.771480000 -8.380400000 0.00000000000000000000 1.00000000000000000000 2 0 8 194 195 196 215 217 236 237 238 
217 6931 4.439110000 -8.541650000 0.00000000000000000000 1.00000000000000000000 2 0 8 195 196 197 216 218 237 238 239 
218 6932 4.100660000 -8.689730000 0.00000000000000000000 1.00000000000000000000 2 0 8 196 197 198 217 219 238 239 240 
219 6933 3.756650000 -8.824410000 0.00000000000000000000 1.00000000000000000000 2 0 8 197 198 291 218 220 239 240 241 
220 6934 3.407610000 -8.945490000 0.00000000000000000000 1.00000000000000000000 2 0 8 198 291 292 219 295 240 241 242 
221 6935 9.410070000 -4.539910000 0.89100606038921459362 -0.45399140999548787123 3 0 8 199 200 201 298 222 178 179 180 
222 6936 9.224960000 -4.886210000 0.87249233372822920796 -0.48862780066781752453 3 0 8 200 201 202 221 223 179 180 181 
223 6937 9.026400000 -5.224990000 0.85264243366699354887 -0.52249486151581092663 3 0 8 201 202 203 222 224 180 181 182 
224 6938 8.814700000 -5.555700000 0.83146790944808723900 -0.55557278151294220425 3 0 8 202 203 204 223 225 181 182 183 
225 6939 8.590170000 -5.877850000 0.80901631335569235137 -0.58778618963392137431 3 0 8 203 204 205 224 226 182 183 184 
226 6940 8.353170000 -6.190940000 0.78531810464800855254 -0.61909246039025511710 3 0 8 204 205 206 225 227 183 184 185 
227 6941 8.104060000 -6.494480000 0.76040971087001563156 -0.64944366315684309843 3 0 8 205 206 207 226 228 184 185 186 
228 6942 7.843230000 -6.788010000 0.73432524777927332682 -0.67879778319755068594 3 0 8 206 207 208 227 229 185 186 187 
229 6943 7.571070000 -7.071070000 0.70710678118654757274 -0.70710678118654757274 3 0 8 207 208 209 228 230 186 187 188 
230 6944 7.288010000 -7.343230000 0.67879778319755001981 -0.73432524777927377091 3 0 8 208 209 210 229 231 187 188 189 
231 6945 6.994480000 -7.604060000 0.64944366315684309843 -0.76040971087001563156 3 0 8 209 210 211 230 232 188 189 190 
232 6946 6.690940000 -7.853170000 0.61909246039025589425 -0.78531810464800799743 3 0 8 210 211 212 231 233 189 190 191 
233 6947 6.377850000 -8.090170000 0.58778618963392137431 -0.80901631335569235137 3 0 8 211 212 213 232 234 190 191 192 
234 6948 6.055700000 -8.314700000 0.55557278151294220425 -0.83146790944808723900 3 0 8 212 213 214 233 235 191 192 193 
235 6949 5.724990000 -8.526400000 0.52249486151581092663 -0.85264243366699354887 3 0 8 213 214 215 234 236 192 193 194 
236 6950 5.386210000 -8.724960000 0.48862780066781752453 -0.87249233372822920796 3 0 8 214 215 216 235 237 193 194 195 
237 6951 5.039910000 -8.910070000 0.45399140999548787123 -0.89100606038921459362 3 0 8 215 216 217 236 238 194 195 196 
238 6952 4.686600000 -9.081430000 0.41865513425978917450 -0.90814529595099369175 3 0 8 216 217 218 237 239 195 196 197 
239 6953 4.326830000 -9.238800000 0.38268023147519464322 -0.92388085835679678581 3 0 8 217 218 219 238 240 196 197 198 
240 6954 3.961170000 -9.381910000 0.34611905021161554208 -0.93819060061408054985 3 0 8 218 219 220 239 241 197 198 291 
241 6955 3.590170000 -9.510570000 0.30901667003776622789 -0.95105662167863069811 3 0 8 219 220 295 240 242 198 291 292 
242 6956 3.214400000 -9.624550000 0.27143445322643250384 -0.96245692766048884792 3 0 8 220 295 296 241 299 291 292 293 
243 7159 3.62941 -2.87264 2 0
244 6685 3.51376 -2.99272 2 0
245 6686 3.39345 -3.10822 2 0
246 6687 3.26867 -3.21896 2 0
247 6688 3.13961 -3.32478 2 0
248 6689 3.00646 -3.42549 2 0
249 7170 3.94322 -2.92282 2 0
250 7171 3.82543 -3.05518 2 0
251 6699 3.16332 -3.64299 2 0
252 6700 3.01767 -3.74448 2 0
253 7180 4.27864 -2.96292 2 0
254 7181 4.15908 -3.10841 2 0
255 6708 3.17531 -3.98201 2 0
256 6709 3.01637 -4.0838 2 0
257 6710 2.85352 -4.17931 2 0
258 6711 2.68702 -4.26841 2 0
259 6712 2.51711 -4.35096 2 0
260 6713 2.34407 -4.42682 2 0
261 6714 2.16815 -4.49588 2 0
262 8427 1.98962 -4.55802 2 0
263 7188 4.63659 -2.99141 2 0
264 7189 4.5157 -3.15095 2 0
265 8439 2.08279 -4.84662 2 0
266 8440 1.89059 -4.9052 2 0
267 7194 5.01802 -3.00665 2 0
268 7195 4.89628 -3.18116 2 0
269 8452 1.9776 -5.21556 2 0
270 7196 5.64492 -2.61237 2 0
271 7197 5.53825 -2.81175 2 0
272 7198 5.42382 -3.00682 2 0
273 7199 5.3018 -3.19727 2 0
274 8465 2.0701 -5.54542 2 0
275 6339 5.9683 -2.77796 2 0
276 8479 2.16844 -5.89601 2 0
277 6355 6.31213 -2.95399 2 0
278 8494 2.27298 -6.26865 2 0
279 6371 6.67769 -3.14111 2 0
280 8510 2.38412 -6.66474 2 0
281 6387 7.06634 -3.34004 2 0
282 8527 2.50226 -7.08578 2 0
283 6402 7.61365 -3.27508 2 0
284 6403 7.47953 -3.55152 2 0
285 8545 2.62785 -7.53336 2 0
286 6417 8.19233 -3.18315 2 0
287 6418 8.0614 -3.48244 2 0
288 8564 3.07427 -7.91411 2 0
289 8565 2.76135 -8.00917 2 0
290 6432 8.67662 -3.38469 2 0
291 8584 3.23586 -8.41402 2 0
292 8585 2.90326 -8.515 2 0
293 8586 2.56694 -8.60287 2 0
294 6447 9.19147 -3.59897 2 0
295 8605 3.05409 -9.05278 2 0
296 8606 2.69662 -9.14612 2 0
297 6462 9.7388 -3.82683 3 0
298 6463 9.58143 -4.1866 3 0
299 8625 2.83445 -9.7237 3 0
