323 237 86
1 1669 -0.566439000 0.311390000 0.00000000000000000000 1.00000000000000000000 2 0 8 238 239 240 242 243 2 3 4 
2 1670 -0.639514000 0.292353000 0.00000000000000000000 1.00000000000000000000 2 0 8 241 242 1 246 3 5 6 7 
3 1671 -0.625826000 0.332758000 0.00000000000000000000 1.00000000000000000000 2 0 8 242 1 243 2 4 6 7 8 
4 1672 -0.610382000 0.372625000 0.00000000000000000000 1.00000000000000000000 2 0 8 1 243 244 3 247 7 8 9 
5 1673 -0.716348000 0.268538000 0.00000000000000000000 1.00000000000000000000 2 0 8 245 246 2 251 6 11 12 13 
6 1674 -0.703776000 0.312193000 0.00000000000000000000 1.00000000000000000000 2 0 8 246 2 3 5 7 12 13 14 
7 1675 -0.689325000 0.355344000 0.00000000000000000000 1.00000000000000000000 2 0 8 2 3 4 6 8 13 14 15 
8 1676 -0.673021000 0.397922000 0.00000000000000000000 1.00000000000000000000 2 0 8 3 4 247 7 9 14 15 16 
9 1677 -0.654890000 0.439861000 0.00000000000000000000 1.00000000000000000000 2 0 8 4 247 248 8 10 15 16 17 
10 1678 -0.634962000 0.481091000 0.00000000000000000000 1.00000000000000000000 2 0 8 247 248 249 9 252 16 17 18 
11 1679 -0.796995000 0.239532000 0.00000000000000000000 1.00000000000000000000 2 0 8 250 251 5 264 12 28 29 30 
12 1680 -0.785719000 0.286584000 0.00000000000000000000 1.00000000000000000000 2 0 8 251 5 6 11 13 29 30 31 
13 1681 -0.772438000 0.333175000 0.00000000000000000000 1.00000000000000000000 2 0 8 5 6 7 12 14 30 31 32 
14 1682 -0.757174000 0.379231000 0.00000000000000000000 1.00000000000000000000 2 0 8 6 7 8 13 15 31 32 33 
15 1683 -0.739950000 0.424678000 0.00000000000000000000 1.00000000000000000000 2 0 8 7 8 9 14 16 32 33 34 
16 1684 -0.720797000 0.469443000 0.00000000000000000000 1.00000000000000000000 2 0 8 8 9 10 15 17 33 34 35 
17 1685 -0.699744000 0.513456000 0.00000000000000000000 1.00000000000000000000 2 0 8 9 10 252 16 18 34 35 36 
18 1686 -0.676828000 0.556644000 0.00000000000000000000 1.00000000000000000000 2 0 8 10 252 253 17 265 35 36 37 
19 1687 -0.871724000 -0.255435000 0.00000000000000000000 1.00000000000000000000 2 0 8 254 255 256 268 20 38 39 40 
20 1688 -0.881499000 -0.204836000 0.00000000000000000000 1.00000000000000000000 2 0 8 255 256 257 19 21 39 40 41 
21 1689 -0.889118000 -0.153908000 0.00000000000000000000 1.00000000000000000000 2 0 8 256 257 258 20 22 40 41 42 
22 1690 -0.894569000 -0.102733000 0.00000000000000000000 1.00000000000000000000 2 0 8 257 258 259 21 23 41 42 43 
23 1691 -0.897843000 -0.051393600 0.00000000000000000000 1.00000000000000000000 2 0 8 258 259 260 22 24 42 43 44 
24 1692 -0.898934000 0.000028401 0.00000000000000000000 1.00000000000000000000 2 0 8 259 260 261 23 25 43 44 45 
25 1693 -0.897841000 0.051450400 0.00000000000000000000 1.00000000000000000000 2 0 8 260 261 262 24 26 44 45 46 
26 1694 -0.894565000 0.102790000 0.00000000000000000000 1.00000000000000000000 2 0 8 261 262 263 25 27 45 46 47 
27 1695 -0.889111000 0.153964000 0.00000000000000000000 1.00000000000000000000 2 0 8 262 263 264 26 28 46 47 48 
28 1696 -0.881489000 0.204892000 0.00000000000000000000 1.00000000000000000000 2 0 8 263 264 11 27 29 47 48 49 
29 1697 -0.871712000 0.255491000 0.00000000000000000000 1.00000000000000000000 2 0 8 264 11 12 28 30 48 49 50 
30 1698 -0.859795000 0.305680000 0.00000000000000000000 1.00000000000000000000 2 0 8 11 12 13 29 31 49 50 51 
31 1699 -0.845758000 0.355379000 0.00000000000000000000 1.00000000000000000000 2 0 8 12 13 14 30 32 50 51 52 
32 1700 -0.829624000 0.404509000 0.00000000000000000000 1.00000000000000000000 2 0 8 13 14 15 31 33 51 52 53 
33 1701 -0.811419000 0.452991000 0.00000000000000000000 1.00000000000000000000 2 0 8 14 15 16 32 34 52 53 54 
34 1702 -0.791174000 0.500748000 0.00000000000000000000 1.00000000000000000000 2 0 8 15 16 17 33 35 53 54 55 
35 1703 -0.768922000 0.547703000 0.00000000000000000000 1.00000000000000000000 2 0 8 16 17 18 34 36 54 55 56 
36 1704 -0.744698000 0.593783000 0.00000000000000000000 1.00000000000000000000 2 0 8 17 18 265 35 37 55 56 57 
37 1705 -0.718544000 0.638914000 0.00000000000000000000 1.00000000000000000000 2 0 8 18 265 266 36 269 56 57 58 
38 1706 -0.938866000 -0.325837000 0.00000000000000000000 1.00000000000000000000 2 0 8 267 268 19 272 39 59 60 61 
39 1707 -0.951466000 -0.272326000 0.00000000000000000000 1.00000000000000000000 2 0 8 268 19 20 38 40 60 61 62 
40 1708 -0.961803000 -0.218379000 0.00000000000000000000 1.00000000000000000000 2 0 8 19 20 21 39 41 61 62 63 
41 1709 -0.969860000 -0.164083000 0.00000000000000000000 1.00000000000000000000 2 0 8 20 21 22 40 42 62 63 64 
42 1710 -0.975624000 -0.109525000 0.00000000000000000000 1.00000000000000000000 2 0 8 21 22 23 41 43 63 64 65 
43 1711 -0.979086000 -0.054791000 0.00000000000000000000 1.00000000000000000000 2 0 8 22 23 24 42 44 64 65 66 
44 1712 -0.980239000 0.000030511 0.00000000000000000000 1.00000000000000000000 2 0 8 23 24 25 43 45 65 66 67 
45 1713 -0.979083000 0.054852000 0.00000000000000000000 1.00000000000000000000 2 0 8 24 25 26 44 46 66 67 68 
46 1714 -0.975619000 0.109586000 0.00000000000000000000 1.00000000000000000000 2 0 8 25 26 27 45 47 67 68 69 
47 1715 -0.969852000 0.164144000 0.00000000000000000000 1.00000000000000000000 2 0 8 26 27 28 46 48 68 69 70 
48 1716 -0.961792000 0.218440000 0.00000000000000000000 1.00000000000000000000 2 0 8 27 28 29 47 49 69 70 71 
49 1717 -0.951453000 0.272386000 0.00000000000000000000 1.00000000000000000000 2 0 8 28 29 30 48 50 70 71 72 
50 1718 -0.938851000 0.325897000 0.00000000000000000000 1.00000000000000000000 2 0 8 29 30 31 49 51 71 72 73 
51 1719 -0.924007000 0.378886000 0.00000000000000000000 1.00000000000000000000 2 0 8 30 31 32 50 52 72 73 74 
52 1720 -0.906946000 0.431270000 0.00000000000000000000 1.00000000000000000000 2 0 8 31 32 33 51 53 73 74 75 
53 1721 -0.887694000 0.482965000 0.00000000000000000000 1.00000000000000000000 2 0 8 32 33 34 52 54 74 75 76 
54 1722 -0.866284000 0.533889000 0.00000000000000000000 1.00000000000000000000 2 0 8 33 34 35 53 55 75 76 77 
55 1723 -0.842751000 0.583961000 0.00000000000000000000 1.00000000000000000000 2 0 8 34 35 36 54 56 76 77 78 
56 1724 -0.817134000 0.633101000 0.00000000000000000000 1.00000000000000000000 2 0 8 35 36 37 55 57 77 78 79 
57 1725 -0.789473000 0.681231000 0.00000000000000000000 1.00000000000000000000 2 0 8 36 37 269 56 58 78 79 276 
58 1726 -0.759815000 0.728277000 0.00000000000000000000 1.00000000000000000000 2 0 8 37 269 270 57 273 79 276 277 
59 1727 -1.007500000 -0.403721000 0.00000000000000000000 1.00000000000000000000 2 0 8 271 272 38 275 60 80 81 82 
60 1728 -1.023200000 -0.347246000 0.00000000000000000000 1.00000000000000000000 2 0 8 272 38 39 59 61 81 82 83 
61 1729 -1.036530000 -0.290217000 0.00000000000000000000 1.00000000000000000000 2 0 8 38 39 40 60 62 82 83 84 
62 1730 -1.047460000 -0.232724000 0.00000000000000000000 1.00000000000000000000 2 0 8 39 40 41 61 63 83 84 85 
63 1731 -1.055990000 -0.174861000 0.00000000000000000000 1.00000000000000000000 2 0 8 40 41 42 62 64 84 85 86 
64 1732 -1.062090000 -0.116718000 0.00000000000000000000 1.00000000000000000000 2 0 8 41 42 43 63 65 85 86 87 
65 1733 -1.065750000 -0.058389500 0.00000000000000000000 1.00000000000000000000 2 0 8 42 43 44 64 66 86 87 88 
66 1734 -1.066970000 0.000032671 0.00000000000000000000 1.00000000000000000000 2 0 8 43 44 45 65 67 87 88 89 
67 1735 -1.065750000 0.058454800 0.00000000000000000000 1.00000000000000000000 2 0 8 44 45 46 66 68 88 89 90 
68 1736 -1.062080000 0.116784000 0.00000000000000000000 1.00000000000000000000 2 0 8 45 46 47 67 69 89 90 91 
69 1737 -1.055980000 0.174926000 0.00000000000000000000 1.00000000000000000000 2 0 8 46 47 48 68 70 90 91 92 
70 1738 -1.047450000 0.232789000 0.00000000000000000000 1.00000000000000000000 2 0 8 47 48 49 69 71 91 92 93 
71 1739 -1.036520000 0.290281000 0.00000000000000000000 1.00000000000000000000 2 0 8 48 49 50 70 72 92 93 94 
72 1740 -1.023180000 0.347309000 0.00000000000000000000 1.00000000000000000000 2 0 8 49 50 51 71 73 93 94 95 
73 1741 -1.007480000 0.403784000 0.00000000000000000000 1.00000000000000000000 2 0 8 50 51 52 72 74 94 95 96 
74 1742 -0.989427000 0.459614000 0.00000000000000000000 1.00000000000000000000 2 0 8 51 52 53 73 75 95 96 97 
75 1743 -0.969059000 0.514712000 0.00000000000000000000 1.00000000000000000000 2 0 8 52 53 54 74 76 96 97 98 
76 1744 -0.946408000 0.568990000 0.00000000000000000000 1.00000000000000000000 2 0 8 53 54 55 75 77 97 98 99 
77 1745 -0.921509000 0.622362000 0.00000000000000000000 1.00000000000000000000 2 0 8 54 55 56 76 78 98 99 100 
78 1746 -0.894404000 0.674744000 0.00000000000000000000 1.00000000000000000000 2 0 8 55 56 57 77 79 99 100 101 
79 1747 -0.865137000 0.726052000 0.00000000000000000000 1.00000000000000000000 2 0 8 56 57 58 78 276 100 101 279 
80 1748 -1.077400000 -0.489580000 0.00000000000000000000 1.00000000000000000000 2 0 8 274 275 59 278 81 280 102 103 
81 1749 -1.096500000 -0.430097000 0.00000000000000000000 1.00000000000000000000 2 0 8 275 59 60 80 82 102 103 104 
82 1750 -1.113120000 -0.369929000 0.00000000000000000000 1.00000000000000000000 2 0 8 59 60 61 81 83 103 104 105 
83 1751 -1.127230000 -0.309173000 0.00000000000000000000 1.00000000000000000000 2 0 8 60 61 62 82 84 104 105 106 
84 1752 -1.138800000 -0.247924000 0.00000000000000000000 1.00000000000000000000 2 0 8 61 62 63 83 85 105 106 107 
85 1753 -1.147820000 -0.186281000 0.00000000000000000000 1.00000000000000000000 2 0 8 62 63 64 84 86 106 107 108 
86 1754 -1.154280000 -0.124340000 0.00000000000000000000 1.00000000000000000000 2 0 8 63 64 65 85 87 107 108 109 
87 1755 -1.158150000 -0.062202300 0.00000000000000000000 1.00000000000000000000 2 0 8 64 65 66 86 88 108 109 110 
88 1756 -1.159450000 0.000034873 0.00000000000000000000 1.00000000000000000000 2 0 8 65 66 67 87 89 109 110 111 
89 1757 -1.158150000 0.062272000 0.00000000000000000000 1.00000000000000000000 2 0 8 66 67 68 88 90 110 111 112 
90 1758 -1.154270000 0.124410000 0.00000000000000000000 1.00000000000000000000 2 0 8 67 68 69 89 91 111 112 113 
91 1759 -1.147820000 0.186350000 0.00000000000000000000 1.00000000000000000000 2 0 8 68 69 70 90 92 112 113 114 
92 1760 -1.138790000 0.247993000 0.00000000000000000000 1.00000000000000000000 2 0 8 69 70 71 91 93 113 114 115 
93 1761 -1.127210000 0.309241000 0.00000000000000000000 1.00000000000000000000 2 0 8 70 71 72 92 94 114 115 116 
94 1762 -1.113100000 0.369997000 0.00000000000000000000 1.00000000000000000000 2 0 8 71 72 73 93 95 115 116 117 
95 1763 -1.096480000 0.430164000 0.00000000000000000000 1.00000000000000000000 2 0 8 72 73 74 94 96 116 117 118 
96 1764 -1.077380000 0.489646000 0.00000000000000000000 1.00000000000000000000 2 0 8 73 74 75 95 97 117 118 119 
97 1765 -1.055820000 0.548350000 0.00000000000000000000 1.00000000000000000000 2 0 8 74 75 76 96 98 118 119 120 
98 1766 -1.031840000 0.606182000 0.00000000000000000000 1.00000000000000000000 2 0 8 75 76 77 97 99 119 120 121 
99 1767 -1.005490000 0.663051000 0.00000000000000000000 1.00000000000000000000 2 0 8 76 77 78 98 100 120 121 122 
100 1768 -0.976798000 0.718866000 0.00000000000000000000 1.00000000000000000000 2 0 8 77 78 79 99 101 121 122 123 
101 1769 -0.945818000 0.773541000 0.00000000000000000000 1.00000000000000000000 2 0 8 78 79 276 100 279 122 123 281 
102 1770 -1.171140000 -0.521407000 0.00000000000000000000 1.00000000000000000000 2 0 8 278 80 81 280 103 282 283 124 
103 1771 -1.191370000 -0.458053000 0.00000000000000000000 1.00000000000000000000 2 0 8 80 81 82 102 104 283 124 125 
104 1772 -1.208970000 -0.393972000 0.00000000000000000000 1.00000000000000000000 2 0 8 81 82 83 103 105 124 125 126 
105 1773 -1.223900000 -0.329264000 0.00000000000000000000 1.00000000000000000000 2 0 8 82 83 84 104 106 125 126 127 
106 1774 -1.236160000 -0.264034000 0.00000000000000000000 1.00000000000000000000 2 0 8 83 84 85 105 107 126 127 128 
107 1775 -1.245710000 -0.198384000 0.00000000000000000000 1.00000000000000000000 2 0 8 84 85 86 106 108 127 128 129 
108 1776 -1.252540000 -0.132419000 0.00000000000000000000 1.00000000000000000000 2 0 8 85 86 87 107 109 128 129 130 
109 1777 -1.256650000 -0.066243700 0.00000000000000000000 1.00000000000000000000 2 0 8 86 87 88 108 110 129 130 131 
110 1778 -1.258020000 0.000037106 0.00000000000000000000 1.00000000000000000000 2 0 8 87 88 89 109 111 130 131 132 
111 1779 -1.256650000 0.066317900 0.00000000000000000000 1.00000000000000000000 2 0 8 88 89 90 110 112 131 132 133 
112 1780 -1.252540000 0.132493000 0.00000000000000000000 1.00000000000000000000 2 0 8 89 90 91 111 113 132 133 134 
113 1781 -1.245700000 0.198458000 0.00000000000000000000 1.00000000000000000000 2 0 8 90 91 92 112 114 133 134 135 
114 1782 -1.236150000 0.264107000 0.00000000000000000000 1.00000000000000000000 2 0 8 91 92 93 113 115 134 135 136 
115 1783 -1.223890000 0.329337000 0.00000000000000000000 1.00000000000000000000 2 0 8 92 93 94 114 116 135 136 137 
116 1784 -1.208950000 0.394044000 0.00000000000000000000 1.00000000000000000000 2 0 8 93 94 95 115 117 136 137 138 
117 1785 -1.191350000 0.458125000 0.00000000000000000000 1.00000000000000000000 2 0 8 94 95 96 116 118 137 138 139 
118 1786 -1.171120000 0.521478000 0.00000000000000000000 1.00000000000000000000 2 0 8 95 96 97 117 119 138 139 140 
119 1787 -1.148290000 0.584003000 0.00000000000000000000 1.00000000000000000000 2 0 8 96 97 98 118 120 139 140 141 
120 1788 -1.122910000 0.645602000 0.00000000000000000000 1.00000000000000000000 2 0 8 97 98 99 119 121 140 141 142 
121 1789 -1.095000000 0.706177000 0.00000000000000000000 1.00000000000000000000 2 0 8 98 99 100 120 122 141 142 143 
122 1790 -1.064620000 0.765633000 0.00000000000000000000 1.00000000000000000000 2 0 8 99 100 101 121 123 142 143 144 
123 1791 -1.031820000 0.823875000 0.00000000000000000000 1.00000000000000000000 2 0 8 100 101 279 122 281 143 144 284 
124 1792 -1.292460000 -0.487694000 0.00000000000000000000 1.00000000000000000000 2 0 8 102 103 104 283 125 285 286 145 
125 1793 -1.311090000 -0.419463000 0.00000000000000000000 1.00000000000000000000 2 0 8 103 104 105 124 126 286 145 146 
126 1794 -1.326910000 -0.350567000 0.00000000000000000000 1.00000000000000000000 2 0 8 104 105 106 125 127 145 146 147 
127 1795 -1.339890000 -0.281115000 0.00000000000000000000 1.00000000000000000000 2 0 8 105 106 107 126 128 146 147 148 
128 1796 -1.350010000 -0.211218000 0.00000000000000000000 1.00000000000000000000 2 0 8 106 107 108 127 129 147 148 149 
129 1797 -1.357250000 -0.140985000 0.00000000000000000000 1.00000000000000000000 2 0 8 107 108 109 128 130 148 149 150 
130 1798 -1.361600000 -0.070528800 0.00000000000000000000 1.00000000000000000000 2 0 8 108 109 110 129 131 149 150 151 
131 1799 -1.363040000 0.000039360 0.00000000000000000000 1.00000000000000000000 2 0 8 109 110 111 130 132 150 151 152 
132 1800 -1.361590000 0.070607400 0.00000000000000000000 1.00000000000000000000 2 0 8 110 111 112 131 133 151 152 153 
133 1801 -1.357240000 0.141063000 0.00000000000000000000 1.00000000000000000000 2 0 8 111 112 113 132 134 152 153 154 
134 1802 -1.350000000 0.211296000 0.00000000000000000000 1.00000000000000000000 2 0 8 112 113 114 133 135 153 154 155 
135 1803 -1.339880000 0.281193000 0.00000000000000000000 1.00000000000000000000 2 0 8 113 114 115 134 136 154 155 156 
136 1804 -1.326900000 0.350644000 0.00000000000000000000 1.00000000000000000000 2 0 8 114 115 116 135 137 155 156 157 
137 1805 -1.311070000 0.419539000 0.00000000000000000000 1.00000000000000000000 2 0 8 115 116 117 136 138 156 157 158 
138 1806 -1.292430000 0.487770000 0.00000000000000000000 1.00000000000000000000 2 0 8 116 117 118 137 139 157 158 159 
139 1807 -1.271010000 0.555227000 0.00000000000000000000 1.00000000000000000000 2 0 8 117 118 119 138 140 158 159 160 
140 1808 -1.246830000 0.621804000 0.00000000000000000000 1.00000000000000000000 2 0 8 118 119 120 139 141 159 160 161 
141 1809 -1.219940000 0.687397000 0.00000000000000000000 1.00000000000000000000 2 0 8 119 120 121 140 142 160 161 162 
142 1810 -1.190380000 0.751902000 0.00000000000000000000 1.00000000000000000000 2 0 8 120 121 122 141 143 161 162 163 
143 1811 -1.158200000 0.815216000 0.00000000000000000000 1.00000000000000000000 2 0 8 121 122 123 142 144 162 163 164 
144 1812 -1.123450000 0.877241000 0.00000000000000000000 1.00000000000000000000 2 0 8 122 123 281 143 284 163 164 287 
145 1813 -1.419880000 -0.446497000 0.00000000000000000000 1.00000000000000000000 2 0 8 124 125 126 286 146 288 289 165 
146 1814 -1.436640000 -0.373159000 0.00000000000000000000 1.00000000000000000000 2 0 8 125 126 127 145 147 289 165 166 
147 1815 -1.450400000 -0.299230000 0.00000000000000000000 1.00000000000000000000 2 0 8 126 127 128 146 148 165 166 167 
148 1816 -1.461110000 -0.224828000 0.00000000000000000000 1.00000000000000000000 2 0 8 127 128 129 147 149 166 167 168 
149 1817 -1.468780000 -0.150069000 0.00000000000000000000 1.00000000000000000000 2 0 8 128 129 130 148 150 167 168 169 
150 1818 -1.473390000 -0.075073300 0.00000000000000000000 1.00000000000000000000 2 0 8 129 130 131 149 151 168 169 170 
151 1819 -1.474920000 0.000041623 0.00000000000000000000 1.00000000000000000000 2 0 8 130 131 132 150 152 169 170 171 
152 1820 -1.473380000 0.075156500 0.00000000000000000000 1.00000000000000000000 2 0 8 131 132 133 151 153 170 171 172 
153 1821 -1.468780000 0.150152000 0.00000000000000000000 1.00000000000000000000 2 0 8 132 133 134 152 154 171 172 173 
154 1822 -1.461100000 0.224910000 0.00000000000000000000 1.00000000000000000000 2 0 8 133 134 135 153 155 172 173 174 
155 1823 -1.450380000 0.299312000 0.00000000000000000000 1.00000000000000000000 2 0 8 134 135 136 154 156 173 174 175 
156 1824 -1.436630000 0.373241000 0.00000000000000000000 1.00000000000000000000 2 0 8 135 136 137 155 157 174 175 176 
157 1825 -1.419860000 0.446578000 0.00000000000000000000 1.00000000000000000000 2 0 8 136 137 138 156 158 175 176 177 
158 1826 -1.400110000 0.519209000 0.00000000000000000000 1.00000000000000000000 2 0 8 137 138 139 157 159 176 177 178 
159 1827 -1.377410000 0.591018000 0.00000000000000000000 1.00000000000000000000 2 0 8 138 139 140 158 160 177 178 179 
160 1828 -1.351790000 0.661893000 0.00000000000000000000 1.00000000000000000000 2 0 8 139 140 141 159 161 178 179 180 
161 1829 -1.323300000 0.731722000 0.00000000000000000000 1.00000000000000000000 2 0 8 140 141 142 160 162 179 180 181 
162 1830 -1.291980000 0.800393000 0.00000000000000000000 1.00000000000000000000 2 0 8 141 142 143 161 163 180 181 182 
163 1831 -1.257880000 0.867801000 0.00000000000000000000 1.00000000000000000000 2 0 8 142 143 144 162 164 181 182 290 
164 1832 -1.221060000 0.933838000 0.00000000000000000000 1.00000000000000000000 2 0 8 143 144 284 163 287 182 290 291 
165 1833 -1.553500000 -0.397125000 0.00000000000000000000 1.00000000000000000000 2 0 8 145 146 147 289 166 292 183 184 
166 1834 -1.568070000 -0.318447000 0.00000000000000000000 1.00000000000000000000 2 0 8 146 147 148 165 167 183 184 185 
167 1835 -1.579430000 -0.239265000 0.00000000000000000000 1.00000000000000000000 2 0 8 147 148 149 166 168 184 185 186 
168 1836 -1.587560000 -0.159706000 0.00000000000000000000 1.00000000000000000000 2 0 8 148 149 150 167 169 185 186 187 
169 1837 -1.592440000 -0.079894200 0.00000000000000000000 1.00000000000000000000 2 0 8 149 150 151 168 170 186 187 188 
170 1838 -1.594070000 0.000043881 0.00000000000000000000 1.00000000000000000000 2 0 8 150 151 152 169 171 187 188 189 
171 1839 -1.592440000 0.079981900 0.00000000000000000000 1.00000000000000000000 2 0 8 151 152 153 170 172 188 189 190 
172 1840 -1.587550000 0.159794000 0.00000000000000000000 1.00000000000000000000 2 0 8 152 153 154 171 173 189 190 191 
173 1841 -1.579420000 0.239353000 0.00000000000000000000 1.00000000000000000000 2 0 8 153 154 155 172 174 190 191 192 
174 1842 -1.568060000 0.318533000 0.00000000000000000000 1.00000000000000000000 2 0 8 154 155 156 173 175 191 192 193 
175 1843 -1.553480000 0.397211000 0.00000000000000000000 1.00000000000000000000 2 0 8 155 156 157 174 176 192 193 194 
176 1844 -1.535710000 0.475261000 0.00000000000000000000 1.00000000000000000000 2 0 8 156 157 158 175 177 193 194 195 
177 1845 -1.514780000 0.552560000 0.00000000000000000000 1.00000000000000000000 2 0 8 157 158 159 176 178 194 195 196 
178 1846 -1.490720000 0.628986000 0.00000000000000000000 1.00000000000000000000 2 0 8 158 159 160 177 179 195 196 197 
179 1847 -1.463570000 0.704419000 0.00000000000000000000 1.00000000000000000000 2 0 8 159 160 161 178 180 196 197 198 
180 1848 -1.433370000 0.778741000 0.00000000000000000000 1.00000000000000000000 2 0 8 160 161 162 179 181 197 198 199 
181 1849 -1.400180000 0.851833000 0.00000000000000000000 1.00000000000000000000 2 0 8 161 162 163 180 182 198 199 293 
182 1850 -1.364040000 0.923582000 0.00000000000000000000 1.00000000000000000000 2 0 8 162 163 164 181 290 199 293 294 
183 1851 -1.677910000 -0.422553000 0.00000000000000000000 1.00000000000000000000 2 0 8 289 165 166 292 184 295 296 200 
184 1852 -1.693360000 -0.338836000 0.00000000000000000000 1.00000000000000000000 2 0 8 165 166 167 183 185 296 200 201 
185 1853 -1.705410000 -0.254584000 0.00000000000000000000 1.00000000000000000000 2 0 8 166 167 168 184 186 200 201 202 
186 1854 -1.714020000 -0.169931000 0.00000000000000000000 1.00000000000000000000 2 0 8 167 168 169 185 187 201 202 203 
187 1855 -1.719190000 -0.085009500 0.00000000000000000000 1.00000000000000000000 2 0 8 168 169 170 186 188 202 203 204 
188 1856 -1.720920000 0.000046117 0.00000000000000000000 1.00000000000000000000 2 0 8 169 170 171 187 189 203 204 205 
189 1857 -1.719190000 0.085101700 0.00000000000000000000 1.00000000000000000000 2 0 8 170 171 172 188 190 204 205 206 
190 1858 -1.714010000 0.170023000 0.00000000000000000000 1.00000000000000000000 2 0 8 171 172 173 189 191 205 206 207 
191 1859 -1.705390000 0.254676000 0.00000000000000000000 1.00000000000000000000 2 0 8 172 173 174 190 192 206 207 208 
192 1860 -1.693350000 0.338927000 0.00000000000000000000 1.00000000000000000000 2 0 8 173 174 175 191 193 207 208 209 
193 1861 -1.677900000 0.422643000 0.00000000000000000000 1.00000000000000000000 2 0 8 174 175 176 192 194 208 209 210 
194 1862 -1.659060000 0.505693000 0.00000000000000000000 1.00000000000000000000 2 0 8 175 176 177 193 195 209 210 297 
195 1863 -1.636870000 0.587945000 0.00000000000000000000 1.00000000000000000000 2 0 8 176 177 178 194 196 210 297 298 
196 1864 -1.611370000 0.669270000 0.00000000000000000000 1.00000000000000000000 2 0 8 177 178 179 195 197 297 298 299 
197 1865 -1.582580000 0.749540000 0.00000000000000000000 1.00000000000000000000 2 0 8 178 179 180 196 198 298 299 300 
198 1866 -1.550570000 0.828629000 0.00000000000000000000 1.00000000000000000000 2 0 8 179 180 181 197 199 299 300 301 
199 1867 -1.515380000 0.906412000 0.00000000000000000000 1.00000000000000000000 2 0 8 180 181 182 198 293 300 301 302 
200 1868 -1.826730000 -0.360474000 0.00000000000000000000 1.00000000000000000000 2 0 8 183 184 185 296 201 303 211 212 
201 1869 -1.839500000 -0.270841000 0.00000000000000000000 1.00000000000000000000 2 0 8 184 185 186 200 202 211 212 213 
202 1870 -1.848640000 -0.180782000 0.00000000000000000000 1.00000000000000000000 2 0 8 185 186 187 201 203 212 213 214 
203 1871 -1.854120000 -0.090438200 0.00000000000000000000 1.00000000000000000000 2 0 8 186 187 188 202 204 213 214 215 
204 1872 -1.855950000 0.000048314 0.00000000000000000000 1.00000000000000000000 2 0 8 187 188 189 203 205 214 215 216 
205 1873 -1.854120000 0.090534800 0.00000000000000000000 1.00000000000000000000 2 0 8 188 189 190 204 206 215 216 217 
206 1874 -1.848630000 0.180879000 0.00000000000000000000 1.00000000000000000000 2 0 8 189 190 191 205 207 216 217 218 
207 1875 -1.839490000 0.270937000 0.00000000000000000000 1.00000000000000000000 2 0 8 190 191 192 206 208 217 218 219 
208 1876 -1.826720000 0.360569000 0.00000000000000000000 1.00000000000000000000 2 0 8 191 192 193 207 209 218 219 220 
209 1877 -1.810330000 0.449633000 0.00000000000000000000 1.00000000000000000000 2 0 8 192 193 194 208 210 219 220 304 
210 1878 -1.790360000 0.537989000 0.00000000000000000000 1.00000000000000000000 2 0 8 193 194 195 209 297 220 304 305 
211 1879 -1.968680000 -0.383441000 0.00000000000000000000 1.00000000000000000000 2 0 8 296 200 201 303 212 306 307 221 
212 1880 -1.982220000 -0.288097000 0.00000000000000000000 1.00000000000000000000 2 0 8 200 201 202 211 213 307 221 222 
213 1881 -1.991910000 -0.192300000 0.00000000000000000000 1.00000000000000000000 2 0 8 201 202 203 212 214 221 222 223 
214 1882 -1.997730000 -0.096200500 0.00000000000000000000 1.00000000000000000000 2 0 8 202 203 204 213 215 222 223 224 
215 1883 -1.999660000 0.000050453 0.00000000000000000000 1.00000000000000000000 2 0 8 203 204 205 214 216 223 224 225 
216 1884 -1.997720000 0.096301300 0.00000000000000000000 1.00000000000000000000 2 0 8 204 205 206 215 217 224 225 226 
217 1885 -1.991900000 0.192401000 0.00000000000000000000 1.00000000000000000000 2 0 8 205 206 207 216 218 225 226 227 
218 1886 -1.982210000 0.288197000 0.00000000000000000000 1.00000000000000000000 2 0 8 206 207 208 217 219 226 227 228 
219 1887 -1.968670000 0.383540000 0.00000000000000000000 1.00000000000000000000 2 0 8 207 208 209 218 220 227 228 308 
220 1888 -1.951290000 0.478280000 0.00000000000000000000 1.00000000000000000000 2 0 8 208 209 210 219 304 228 308 309 
221 1889 -2.134090000 -0.306416000 0.00000000000000000000 1.00000000000000000000 2 0 8 211 212 213 307 222 310 311 229 
222 1890 -2.144370000 -0.204527000 0.00000000000000000000 1.00000000000000000000 2 0 8 212 213 214 221 223 311 229 230 
223 1891 -2.150540000 -0.102318000 0.00000000000000000000 1.00000000000000000000 2 0 8 213 214 215 222 224 229 230 231 
224 1892 -2.152600000 0.000052512 0.00000000000000000000 1.00000000000000000000 2 0 8 214 215 216 223 225 230 231 232 
225 1893 -2.150540000 0.102423000 0.00000000000000000000 1.00000000000000000000 2 0 8 215 216 217 224 226 231 232 233 
226 1894 -2.144360000 0.204632000 0.00000000000000000000 1.00000000000000000000 2 0 8 216 217 218 225 227 232 233 234 
227 1895 -2.134080000 0.306520000 0.00000000000000000000 1.00000000000000000000 2 0 8 217 218 219 226 228 233 234 312 
228 1896 -2.119710000 0.407926000 0.00000000000000000000 1.00000000000000000000 2 0 8 218 219 220 227 308 234 312 313 
229 1897 -2.306580000 -0.217510000 0.00000000000000000000 1.00000000000000000000 2 0 8 221 222 223 311 230 314 315 235 
230 1898 -2.313130000 -0.108813000 0.00000000000000000000 1.00000000000000000000 2 0 8 222 223 224 229 231 315 235 236 
231 1899 -2.315310000 0.000054468 0.00000000000000000000 1.00000000000000000000 2 0 8 223 224 225 230 232 235 236 237 
232 1900 -2.313130000 0.108922000 0.00000000000000000000 1.00000000000000000000 2 0 8 224 225 226 231 233 236 237 316 
233 1901 -2.306580000 0.217618000 0.00000000000000000000 1.00000000000000000000 2 0 8 225 226 227 232 234 237 316 317 
234 1902 -2.295670000 0.325973000 0.00000000000000000000 1.00000000000000000000 2 0 8 226 227 228 233 312 316 317 318 
235 1903 -2.486100000 -0.115710000 0.00000000000000000000 1.00000000000000000000 2 0 8 229 230 231 315 236 319 320 321 
236 1904 -2.488420000 0.000056293 0.00000000000000000000 1.00000000000000000000 2 0 8 230 231 232 235 237 320 321 322 
237 1905 -2.486100000 0.115823000 0.00000000000000000000 1.00000000000000000000 2 0 8 231 232 233 236 316 321 322 323 
238 2327 -0.523249 0.255816 2 0
239 1371 -0.510941 0.291161 2 0
240 1372 -0.497055 0.326033 2 0
241 2343 -0.590702 0.235334 2 0
242 2344 -0.579413 0.273584 2 0
243 1389 -0.5518 0.348691 2 0
244 1390 -0.535522 0.385427 2 0
245 2358 -0.661534 0.210192 2 0
246 2359 -0.651423 0.251476 2 0
247 1403 -0.593209 0.41189 2 0
248 1404 -0.574333 0.45049 2 0
249 1405 -0.553787 0.488364 2 0
250 2371 -0.73578 0.180002 2 0
251 2372 -0.727022 0.224451 2 0
252 1414 -0.61327 0.521548 2 0
253 1415 -0.589849 0.561167 2 0
254 2373 -0.785733 -0.286533 2 0
255 2374 -0.797006 -0.239481 2 0
256 2375 -0.806254 -0.192043 2 0
257 2376 -0.813464 -0.144297 2 0
258 2377 -0.818621 -0.0963182 2 0
259 2378 -0.821719 -0.0481847 2 0
260 2379 -0.822751 2.63469e-05 2 0
261 2380 -0.821716 0.0482373 2 0
262 2381 -0.818617 0.0963707 2 0
263 2382 -0.813457 0.144349 2 0
264 2383 -0.806245 0.192095 2 0
265 1422 -0.652085 0.598942 2 0
266 1423 -0.625556 0.64028 2 0
267 7870 -0.845774 -0.355325 2 0
268 7871 -0.859809 -0.305625 2 0
269 1428 -0.690501 0.683024 2 0
270 1429 -0.660615 0.726045 2 0
271 7888 -0.906966 -0.431212 2 0
272 7889 -0.924025 -0.378828 2 0
273 519 -0.728207 0.774162 2 0
274 7904 -0.969083 -0.514651 2 0
275 7905 -0.989449 -0.459552 2 0
276 536 -0.833756 0.776205 2 0
277 537 -0.800311 0.825126 2 0
278 7919 -1.05584 -0.548285 2 0
279 554 -0.9126 0.826988 2 0
280 8890 -1.14832 -0.583934 2 0
281 572 -0.99664 0.880813 2 0
282 8903 -1.24686 -0.62173 2 0
283 8904 -1.27103 -0.555152 2 0
284 590 -1.08619 0.93788 2 0
285 8919 -1.37743 -0.590939 2 0
286 8920 -1.40013 -0.519129 2 0
287 608 -1.18158 0.998401 2 0
288 8937 -1.51481 -0.552475 2 0
289 8938 -1.53573 -0.475175 2 0
290 626 -1.32502 0.993875 2 0
291 627 -1.28317 1.0626 2 0
292 8957 -1.65908 -0.505603 2 0
293 1 -1.47707 0.982767 2 0
294 2 -1.4357 1.05758 2 0
295 8976 -1.79039 -0.537895 2 0
296 8977 -1.81035 -0.449538 2 0
297 3 -1.76684 0.625497 2 0
298 4 -1.73979 0.712021 2 0
299 5 -1.70927 0.797424 2 0
300 6 -1.67533 0.881571 2 0
301 7 -1.63802 0.964332 2 0
302 8 -1.59739 1.04558 2 0
303 8997 -1.95131 -0.478181 2 0
304 11 -1.93011 0.572268 2 0
305 12 -1.90516 0.665356 2 0
306 9017 -2.1013 -0.508588 2 0
307 9018 -2.11973 -0.407822 2 0
308 21 -2.10128 0.508691 2 0
309 22 -2.07882 0.608658 2 0
310 9361 -2.28045 -0.433709 2 0
311 9362 -2.29568 -0.325865 2 0
312 33 -2.28043 0.433817 2 0
313 34 -2.26087 0.540979 2 0
314 9365 -2.46759 -0.346518 2 0
315 9366 -2.47916 -0.231295 2 0
316 47 -2.47915 0.231407 2 0
317 48 -2.46758 0.34663 2 0
318 49 -2.4514 0.461308 2 0
319 9371 -2.66273 -0.245935 2 0
320 9372 -2.6701 -0.123035 2 0
321 9373 -2.67256 5.79605e-05 2 0
322 64 -2.67009 0.123151 2 0
323 65 -2.66272 0.246051 2 0
