312 241 71
1 7442 0.654508000 -0.040027100 0.09118499013007269616 -0.99583397088820913012 1 1 8 242 2 244 12 13 248 23 24 
2 7443 0.635720000 -0.041721500 0.08837588244464070208 -0.99608719668617906606 1 1 8 1 3 12 13 14 23 24 25 
3 7444 0.616723000 -0.043379500 0.08542334908383872327 -0.99634474527208727324 1 1 8 2 4 13 14 15 24 25 26 
4 7445 0.597545000 -0.044994500 0.08231462556632487826 -0.99660639292444630488 1 1 8 3 5 14 15 16 25 26 27 
5 7446 0.578217000 -0.046559900 0.07904067192834113298 -0.99687139199653851396 1 1 8 4 6 15 16 17 26 27 28 
6 7447 0.558769000 -0.048069000 0.07558280287099569672 -0.99713952880736012041 1 1 8 5 7 16 17 18 27 28 29 
7 7448 0.539230000 -0.049515100 0.07191784000836067003 -0.99741055954332646927 1 1 8 6 8 17 18 19 28 29 30 
8 7449 0.519630000 -0.050891100 0.06803217270332914679 -0.99768312779021406378 1 1 8 7 9 18 19 20 29 30 31 
9 7450 0.500000000 -0.052190200 0.06390882134454034524 -0.99795574178134349719 1 1 8 8 10 19 20 21 30 31 32 
10 7451 0.480370000 -0.053405300 0.05952211491958976641 -0.99822698713043178653 1 1 8 9 11 20 21 22 31 32 33 
11 7452 0.460770000 -0.054529400 0.05485990010981084408 -0.99849406175497190663 1 1 8 10 243 21 22 245 32 33 34 
12 7453 0.655733000 -0.069364100 0.00000000000000000000 1.00000000000000000000 2 0 8 242 1 2 244 13 248 23 24 
13 7454 0.636837000 -0.071357100 0.00000000000000000000 1.00000000000000000000 2 0 8 1 2 3 12 14 23 24 25 
14 7455 0.617725000 -0.073266300 0.00000000000000000000 1.00000000000000000000 2 0 8 2 3 4 13 15 24 25 26 
15 7456 0.598426000 -0.075084800 0.00000000000000000000 1.00000000000000000000 2 0 8 3 4 5 14 16 25 26 27 
16 7457 0.578969000 -0.076805700 0.00000000000000000000 1.00000000000000000000 2 0 8 4 5 6 15 17 26 27 28 
17 7458 0.559386000 -0.078422300 0.00000000000000000000 1.00000000000000000000 2 0 8 5 6 7 16 18 27 28 29 
18 7459 0.539705000 -0.079927600 0.00000000000000000000 1.00000000000000000000 2 0 8 6 7 8 17 19 28 29 30 
19 7460 0.519958000 -0.081314900 0.00000000000000000000 1.00000000000000000000 2 0 8 7 8 9 18 20 29 30 31 
20 7461 0.500175000 -0.082577300 0.00000000000000000000 1.00000000000000000000 2 0 8 8 9 10 19 21 30 31 32 
21 7462 0.480386000 -0.083708100 0.00000000000000000000 1.00000000000000000000 2 0 8 9 10 11 20 22 31 32 33 
22 7463 0.460621000 -0.084700900 0.00000000000000000000 1.00000000000000000000 2 0 8 10 11 243 21 245 32 33 34 
23 7464 0.657532000 -0.098946700 0.00000000000000000000 1.00000000000000000000 2 0 8 244 12 13 248 24 35 36 37 
24 7465 0.638454000 -0.101246000 0.00000000000000000000 1.00000000000000000000 2 0 8 12 13 14 23 25 36 37 38 
25 7466 0.619152000 -0.103413000 0.00000000000000000000 1.00000000000000000000 2 0 8 13 14 15 24 26 37 38 39 
26 7467 0.599657000 -0.105443000 0.00000000000000000000 1.00000000000000000000 2 0 8 14 15 16 25 27 38 39 40 
27 7468 0.579998000 -0.107326000 0.00000000000000000000 1.00000000000000000000 2 0 8 15 16 17 26 28 39 40 41 
28 7469 0.560205000 -0.109057000 0.00000000000000000000 1.00000000000000000000 2 0 8 16 17 18 27 29 40 41 42 
29 7470 0.540309000 -0.110629000 0.00000000000000000000 1.00000000000000000000 2 0 8 17 18 19 28 30 41 42 43 
30 7471 0.520341000 -0.112034000 0.00000000000000000000 1.00000000000000000000 2 0 8 18 19 20 29 31 42 43 44 
31 7472 0.500330000 -0.113267000 0.00000000000000000000 1.00000000000000000000 2 0 8 19 20 21 30 32 43 44 45 
32 7473 0.480309000 -0.114320000 0.00000000000000000000 1.00000000000000000000 2 0 8 20 21 22 31 33 44 45 46 
33 7474 0.460308000 -0.115188000 0.00000000000000000000 1.00000000000000000000 2 0 8 21 22 245 32 34 45 46 47 
34 7475 0.440358000 -0.115864000 0.00000000000000000000 1.00000000000000000000 2 0 8 22 245 246 33 249 46 47 252 
35 7476 0.678984000 -0.126103000 0.00000000000000000000 1.00000000000000000000 2 0 8 247 248 23 251 36 48 49 50 
36 7477 0.659911000 -0.128888000 0.00000000000000000000 1.00000000000000000000 2 0 8 248 23 24 35 37 49 50 51 
37 7478 0.640577000 -0.131501000 0.00000000000000000000 1.00000000000000000000 2 0 8 23 24 25 36 38 50 51 52 
38 7479 0.621012000 -0.133936000 0.00000000000000000000 1.00000000000000000000 2 0 8 24 25 26 37 39 51 52 53 
39 7480 0.601246000 -0.136184000 0.00000000000000000000 1.00000000000000000000 2 0 8 25 26 27 38 40 52 53 54 
40 7481 0.581309000 -0.138238000 0.00000000000000000000 1.00000000000000000000 2 0 8 26 27 28 39 41 53 54 55 
41 7482 0.561231000 -0.140091000 0.00000000000000000000 1.00000000000000000000 2 0 8 27 28 29 40 42 54 55 56 
42 7483 0.541045000 -0.141736000 0.00000000000000000000 1.00000000000000000000 2 0 8 28 29 30 41 43 55 56 57 
43 7484 0.520780000 -0.143166000 0.00000000000000000000 1.00000000000000000000 2 0 8 29 30 31 42 44 56 57 58 
44 7485 0.500469000 -0.144374000 0.00000000000000000000 1.00000000000000000000 2 0 8 30 31 32 43 45 57 58 59 
45 7486 0.480141000 -0.145355000 0.00000000000000000000 1.00000000000000000000 2 0 8 31 32 33 44 46 58 59 60 
46 7487 0.459830000 -0.146103000 0.00000000000000000000 1.00000000000000000000 2 0 8 32 33 34 45 47 59 60 61 
47 7488 0.439566000 -0.146611000 0.00000000000000000000 1.00000000000000000000 2 0 8 33 34 249 46 252 60 61 254 
48 7489 0.701373000 -0.152779000 0.00000000000000000000 1.00000000000000000000 2 0 8 250 251 35 253 49 256 62 63 
49 7490 0.682276000 -0.156145000 0.00000000000000000000 1.00000000000000000000 2 0 8 251 35 36 48 50 62 63 64 
50 7491 0.662880000 -0.159302000 0.00000000000000000000 1.00000000000000000000 2 0 8 35 36 37 49 51 63 64 65 
51 7492 0.643215000 -0.162239000 0.00000000000000000000 1.00000000000000000000 2 0 8 36 37 38 50 52 64 65 66 
52 7493 0.623311000 -0.164949000 0.00000000000000000000 1.00000000000000000000 2 0 8 37 38 39 51 53 65 66 67 
53 7494 0.603198000 -0.167425000 0.00000000000000000000 1.00000000000000000000 2 0 8 38 39 40 52 54 66 67 68 
54 7495 0.582907000 -0.169657000 0.00000000000000000000 1.00000000000000000000 2 0 8 39 40 41 53 55 67 68 69 
55 7496 0.562469000 -0.171639000 0.00000000000000000000 1.00000000000000000000 2 0 8 40 41 42 54 56 68 69 70 
56 7497 0.541916000 -0.173364000 0.00000000000000000000 1.00000000000000000000 2 0 8 41 42 43 55 57 69 70 71 
57 7498 0.521280000 -0.174825000 0.00000000000000000000 1.00000000000000000000 2 0 8 42 43 44 56 58 70 71 72 
58 7499 0.500592000 -0.176016000 0.00000000000000000000 1.00000000000000000000 2 0 8 43 44 45 57 59 71 72 73 
59 7500 0.479884000 -0.176929000 0.00000000000000000000 1.00000000000000000000 2 0 8 44 45 46 58 60 72 73 74 
60 7501 0.459188000 -0.177561000 0.00000000000000000000 1.00000000000000000000 2 0 8 45 46 47 59 61 73 74 75 
61 7502 0.438537000 -0.177906000 0.00000000000000000000 1.00000000000000000000 2 0 8 46 47 252 60 254 74 75 76 
62 7503 0.705732000 -0.182966000 0.00000000000000000000 1.00000000000000000000 2 0 8 253 48 49 256 63 259 77 78 
63 7504 0.686246000 -0.186764000 0.00000000000000000000 1.00000000000000000000 2 0 8 48 49 50 62 64 77 78 79 
64 7505 0.666451000 -0.190304000 0.00000000000000000000 1.00000000000000000000 2 0 8 49 50 51 63 65 78 79 80 
65 7506 0.646378000 -0.193576000 0.00000000000000000000 1.00000000000000000000 2 0 8 50 51 52 64 66 79 80 81 
66 7507 0.626058000 -0.196572000 0.00000000000000000000 1.00000000000000000000 2 0 8 51 52 53 65 67 80 81 82 
67 7508 0.605521000 -0.199284000 0.00000000000000000000 1.00000000000000000000 2 0 8 52 53 54 66 68 81 82 83 
68 7509 0.584799000 -0.201703000 0.00000000000000000000 1.00000000000000000000 2 0 8 53 54 55 67 69 82 83 84 
69 7510 0.563924000 -0.203822000 0.00000000000000000000 1.00000000000000000000 2 0 8 54 55 56 68 70 83 84 85 
70 7511 0.542928000 -0.205634000 0.00000000000000000000 1.00000000000000000000 2 0 8 55 56 57 69 71 84 85 86 
71 7512 0.521842000 -0.207132000 0.00000000000000000000 1.00000000000000000000 2 0 8 56 57 58 70 72 85 86 87 
72 7513 0.500701000 -0.208309000 0.00000000000000000000 1.00000000000000000000 2 0 8 57 58 59 71 73 86 87 88 
73 7514 0.479536000 -0.209160000 0.00000000000000000000 1.00000000000000000000 2 0 8 58 59 60 72 74 87 88 89 
74 7515 0.458381000 -0.209679000 0.00000000000000000000 1.00000000000000000000 2 0 8 59 60 61 73 75 88 89 90 
75 7516 0.437267000 -0.209862000 0.00000000000000000000 1.00000000000000000000 2 0 8 60 61 254 74 76 89 90 91 
76 7517 0.416229000 -0.209703000 0.00000000000000000000 1.00000000000000000000 2 0 8 61 254 255 75 257 90 91 92 
77 7518 0.710859000 -0.213832000 0.00000000000000000000 1.00000000000000000000 2 0 8 256 62 63 259 78 262 263 93 
78 7519 0.690907000 -0.218075000 0.00000000000000000000 1.00000000000000000000 2 0 8 62 63 64 77 79 263 93 94 
79 7520 0.670637000 -0.222011000 0.00000000000000000000 1.00000000000000000000 2 0 8 63 64 65 78 80 93 94 95 
80 7521 0.650079000 -0.225630000 0.00000000000000000000 1.00000000000000000000 2 0 8 64 65 66 79 81 94 95 96 
81 7522 0.629265000 -0.228922000 0.00000000000000000000 1.00000000000000000000 2 0 8 65 66 67 80 82 95 96 97 
82 7523 0.608225000 -0.231880000 0.00000000000000000000 1.00000000000000000000 2 0 8 66 67 68 81 83 96 97 98 
83 7524 0.586994000 -0.234495000 0.00000000000000000000 1.00000000000000000000 2 0 8 67 68 69 82 84 97 98 99 
84 7525 0.565602000 -0.236759000 0.00000000000000000000 1.00000000000000000000 2 0 8 68 69 70 83 85 98 99 100 
85 7526 0.544084000 -0.238665000 0.00000000000000000000 1.00000000000000000000 2 0 8 69 70 71 84 86 99 100 101 
86 7527 0.522471000 -0.240205000 0.00000000000000000000 1.00000000000000000000 2 0 8 70 71 72 85 87 100 101 102 
87 7528 0.500798000 -0.241374000 0.00000000000000000000 1.00000000000000000000 2 0 8 71 72 73 86 88 101 102 103 
88 7529 0.479098000 -0.242166000 0.00000000000000000000 1.00000000000000000000 2 0 8 72 73 74 87 89 102 103 104 
89 7530 0.457405000 -0.242575000 0.00000000000000000000 1.00000000000000000000 2 0 8 73 74 75 88 90 103 104 105 
90 7531 0.435753000 -0.242597000 0.00000000000000000000 1.00000000000000000000 2 0 8 74 75 76 89 91 104 105 106 
91 7532 0.414175000 -0.242228000 0.00000000000000000000 1.00000000000000000000 2 0 8 75 76 257 90 92 105 106 107 
92 7533 0.392705000 -0.241465000 0.00000000000000000000 1.00000000000000000000 2 0 8 76 257 258 91 260 106 107 108 
93 7534 0.696279000 -0.250197000 0.00000000000000000000 1.00000000000000000000 2 0 8 77 78 79 263 94 266 267 109 
94 7535 0.675454000 -0.254543000 0.00000000000000000000 1.00000000000000000000 2 0 8 78 79 80 93 95 267 109 110 
95 7536 0.654331000 -0.258521000 0.00000000000000000000 1.00000000000000000000 2 0 8 79 80 81 94 96 109 110 111 
96 7537 0.632943000 -0.262122000 0.00000000000000000000 1.00000000000000000000 2 0 8 80 81 82 95 97 110 111 112 
97 7538 0.611321000 -0.265338000 0.00000000000000000000 1.00000000000000000000 2 0 8 81 82 83 96 98 111 112 113 
98 7539 0.589500000 -0.268158000 0.00000000000000000000 1.00000000000000000000 2 0 8 82 83 84 97 99 112 113 114 
99 7540 0.567511000 -0.270575000 0.00000000000000000000 1.00000000000000000000 2 0 8 83 84 85 98 100 113 114 115 
100 7541 0.545390000 -0.272581000 0.00000000000000000000 1.00000000000000000000 2 0 8 84 85 86 99 101 114 115 116 
101 7542 0.523169000 -0.274170000 0.00000000000000000000 1.00000000000000000000 2 0 8 85 86 87 100 102 115 116 117 
102 7543 0.500884000 -0.275335000 0.00000000000000000000 1.00000000000000000000 2 0 8 86 87 88 101 103 116 117 118 
103 7544 0.478570000 -0.276070000 0.00000000000000000000 1.00000000000000000000 2 0 8 87 88 89 102 104 117 118 119 
104 7545 0.456259000 -0.276371000 0.00000000000000000000 1.00000000000000000000 2 0 8 88 89 90 103 105 118 119 120 
105 7546 0.433989000 -0.276233000 0.00000000000000000000 1.00000000000000000000 2 0 8 89 90 91 104 106 119 120 121 
106 7547 0.411793000 -0.275652000 0.00000000000000000000 1.00000000000000000000 2 0 8 90 91 92 105 107 120 121 122 
107 7548 0.389705000 -0.274626000 0.00000000000000000000 1.00000000000000000000 2 0 8 91 92 260 106 108 121 122 123 
108 7549 0.367762000 -0.273154000 0.00000000000000000000 1.00000000000000000000 2 0 8 92 260 261 107 264 122 123 124 
109 7550 0.680921000 -0.288022000 0.00000000000000000000 1.00000000000000000000 2 0 8 93 94 95 267 110 270 271 125 
110 7551 0.659152000 -0.292374000 0.00000000000000000000 1.00000000000000000000 2 0 8 94 95 96 109 111 271 125 126 
111 7552 0.637108000 -0.296297000 0.00000000000000000000 1.00000000000000000000 2 0 8 95 96 97 110 112 125 126 127 
112 7553 0.614821000 -0.299780000 0.00000000000000000000 1.00000000000000000000 2 0 8 96 97 98 111 113 126 127 128 
113 7554 0.592327000 -0.302816000 0.00000000000000000000 1.00000000000000000000 2 0 8 97 98 99 112 114 127 128 129 
114 7555 0.569658000 -0.305394000 0.00000000000000000000 1.00000000000000000000 2 0 8 98 99 100 113 115 128 129 130 
115 7556 0.546851000 -0.307508000 0.00000000000000000000 1.00000000000000000000 2 0 8 99 100 101 114 116 129 130 131 
116 7557 0.523940000 -0.309151000 0.00000000000000000000 1.00000000000000000000 2 0 8 100 101 102 115 117 130 131 132 
117 7558 0.500961000 -0.310316000 0.00000000000000000000 1.00000000000000000000 2 0 8 101 102 103 116 118 131 132 133 
118 7559 0.477949000 -0.310997000 0.00000000000000000000 1.00000000000000000000 2 0 8 102 103 104 117 119 132 133 134 
119 7560 0.454940000 -0.311191000 0.00000000000000000000 1.00000000000000000000 2 0 8 103 104 105 118 120 133 134 135 
120 7561 0.431970000 -0.310892000 0.00000000000000000000 1.00000000000000000000 2 0 8 104 105 106 119 121 134 135 136 
121 7562 0.409075000 -0.310098000 0.00000000000000000000 1.00000000000000000000 2 0 8 105 106 107 120 122 135 136 137 
122 7563 0.386290000 -0.308805000 0.00000000000000000000 1.00000000000000000000 2 0 8 106 107 108 121 123 136 137 138 
123 7564 0.363653000 -0.307014000 0.00000000000000000000 1.00000000000000000000 2 0 8 107 108 264 122 124 137 138 139 
124 7565 0.341198000 -0.304723000 0.00000000000000000000 1.00000000000000000000 2 0 8 108 264 265 123 268 138 139 140 
125 7566 0.664559000 -0.327315000 0.00000000000000000000 1.00000000000000000000 2 0 8 109 110 111 271 126 274 275 141 
126 7567 0.641774000 -0.331574000 0.00000000000000000000 1.00000000000000000000 2 0 8 110 111 112 125 127 275 141 142 
127 7568 0.618739000 -0.335338000 0.00000000000000000000 1.00000000000000000000 2 0 8 111 112 113 126 128 141 142 143 
128 7569 0.595486000 -0.338599000 0.00000000000000000000 1.00000000000000000000 2 0 8 112 113 114 127 129 142 143 144 
129 7570 0.572053000 -0.341348000 0.00000000000000000000 1.00000000000000000000 2 0 8 113 114 115 128 130 143 144 145 
130 7571 0.548475000 -0.343577000 0.00000000000000000000 1.00000000000000000000 2 0 8 114 115 116 129 131 144 145 146 
131 7572 0.524788000 -0.345279000 0.00000000000000000000 1.00000000000000000000 2 0 8 115 116 117 130 132 145 146 147 
132 7573 0.501029000 -0.346448000 0.00000000000000000000 1.00000000000000000000 2 0 8 116 117 118 131 133 146 147 148 
133 7574 0.477234000 -0.347078000 0.00000000000000000000 1.00000000000000000000 2 0 8 117 118 119 132 134 147 148 149 
134 7575 0.453442000 -0.347164000 0.00000000000000000000 1.00000000000000000000 2 0 8 118 119 120 133 135 148 149 150 
135 7576 0.429688000 -0.346703000 0.00000000000000000000 1.00000000000000000000 2 0 8 119 120 121 134 136 149 150 151 
136 7577 0.406011000 -0.345691000 0.00000000000000000000 1.00000000000000000000 2 0 8 120 121 122 135 137 150 151 152 
137 7578 0.382447000 -0.344128000 0.00000000000000000000 1.00000000000000000000 2 0 8 121 122 123 136 138 151 152 153 
138 7579 0.359034000 -0.342011000 0.00000000000000000000 1.00000000000000000000 2 0 8 122 123 124 137 139 152 153 154 
139 7580 0.335808000 -0.339341000 0.00000000000000000000 1.00000000000000000000 2 0 8 123 124 268 138 140 153 154 155 
140 7581 0.312807000 -0.336119000 0.00000000000000000000 1.00000000000000000000 2 0 8 124 268 269 139 272 154 155 156 
141 7582 0.646961000 -0.368085000 0.00000000000000000000 1.00000000000000000000 2 0 8 125 126 127 275 142 277 278 157 
142 7583 0.623088000 -0.372143000 0.00000000000000000000 1.00000000000000000000 2 0 8 126 127 128 141 143 278 157 158 
143 7584 0.598990000 -0.375641000 0.00000000000000000000 1.00000000000000000000 2 0 8 127 128 129 142 144 157 158 159 
144 7585 0.574704000 -0.378570000 0.00000000000000000000 1.00000000000000000000 2 0 8 128 129 130 143 145 158 159 160 
145 7586 0.550266000 -0.380921000 0.00000000000000000000 1.00000000000000000000 2 0 8 129 130 131 144 146 159 160 161 
146 7587 0.525715000 -0.382688000 0.00000000000000000000 1.00000000000000000000 2 0 8 130 131 132 145 147 160 161 162 
147 7588 0.501088000 -0.383864000 0.00000000000000000000 1.00000000000000000000 2 0 8 131 132 133 146 148 161 162 163 
148 7589 0.476424000 -0.384444000 0.00000000000000000000 1.00000000000000000000 2 0 8 132 133 134 147 149 162 163 164 
149 7590 0.451761000 -0.384423000 0.00000000000000000000 1.00000000000000000000 2 0 8 133 134 135 148 150 163 164 165 
150 7591 0.427137000 -0.383797000 0.00000000000000000000 1.00000000000000000000 2 0 8 134 135 136 149 151 164 165 166 
151 7592 0.402591000 -0.382564000 0.00000000000000000000 1.00000000000000000000 2 0 8 135 136 137 150 152 165 166 167 
152 7593 0.378163000 -0.380723000 0.00000000000000000000 1.00000000000000000000 2 0 8 136 137 138 151 153 166 167 168 
153 7594 0.353889000 -0.378272000 0.00000000000000000000 1.00000000000000000000 2 0 8 137 138 139 152 154 167 168 169 
154 7595 0.329809000 -0.375213000 0.00000000000000000000 1.00000000000000000000 2 0 8 138 139 140 153 155 168 169 170 
155 7596 0.305961000 -0.371547000 0.00000000000000000000 1.00000000000000000000 2 0 8 139 140 272 154 156 169 170 171 
156 7597 0.282383000 -0.367277000 0.00000000000000000000 1.00000000000000000000 2 0 8 140 272 273 155 276 170 171 279 
157 7598 0.627887000 -0.410332000 0.00000000000000000000 1.00000000000000000000 2 0 8 141 142 143 278 158 281 172 173 
158 7599 0.602853000 -0.414079000 0.00000000000000000000 1.00000000000000000000 2 0 8 142 143 144 157 159 172 173 174 
159 7600 0.577622000 -0.417198000 0.00000000000000000000 1.00000000000000000000 2 0 8 143 144 145 158 160 173 174 175 
160 7601 0.552234000 -0.419680000 0.00000000000000000000 1.00000000000000000000 2 0 8 144 145 146 159 161 174 175 176 
161 7602 0.526727000 -0.421518000 0.00000000000000000000 1.00000000000000000000 2 0 8 145 146 147 160 162 175 176 177 
162 7603 0.501141000 -0.422704000 0.00000000000000000000 1.00000000000000000000 2 0 8 146 147 148 161 163 176 177 178 
163 7604 0.475516000 -0.423235000 0.00000000000000000000 1.00000000000000000000 2 0 8 147 148 149 162 164 177 178 179 
164 7605 0.449891000 -0.423105000 0.00000000000000000000 1.00000000000000000000 2 0 8 148 149 150 163 165 178 179 180 
165 7606 0.424307000 -0.422312000 0.00000000000000000000 1.00000000000000000000 2 0 8 149 150 151 164 166 179 180 181 
166 7607 0.398803000 -0.420852000 0.00000000000000000000 1.00000000000000000000 2 0 8 150 151 152 165 167 180 181 182 
167 7608 0.373420000 -0.418725000 0.00000000000000000000 1.00000000000000000000 2 0 8 151 152 153 166 168 181 182 183 
168 7609 0.348198000 -0.415931000 0.00000000000000000000 1.00000000000000000000 2 0 8 152 153 154 167 169 182 183 184 
169 7610 0.323177000 -0.412471000 0.00000000000000000000 1.00000000000000000000 2 0 8 153 154 155 168 170 183 184 185 
170 7611 0.298396000 -0.408347000 0.00000000000000000000 1.00000000000000000000 2 0 8 154 155 156 169 171 184 185 186 
171 7612 0.273896000 -0.403563000 0.00000000000000000000 1.00000000000000000000 2 0 8 155 156 276 170 279 185 186 187 
172 7613 0.633153000 -0.450049000 0.00000000000000000000 1.00000000000000000000 2 0 8 278 157 158 281 173 283 284 188 
173 7614 0.607088000 -0.454058000 0.00000000000000000000 1.00000000000000000000 2 0 8 157 158 159 172 174 284 188 189 
174 7615 0.580819000 -0.457377000 0.00000000000000000000 1.00000000000000000000 2 0 8 158 159 160 173 175 188 189 190 
175 7616 0.554385000 -0.459997000 0.00000000000000000000 1.00000000000000000000 2 0 8 159 160 161 174 176 189 190 191 
176 7617 0.527828000 -0.461911000 0.00000000000000000000 1.00000000000000000000 2 0 8 160 161 162 175 177 190 191 192 
177 7618 0.501188000 -0.463112000 0.00000000000000000000 1.00000000000000000000 2 0 8 161 162 163 176 178 191 192 193 
178 7619 0.474507000 -0.463595000 0.00000000000000000000 1.00000000000000000000 2 0 8 162 163 164 177 179 192 193 194 
179 7620 0.447826000 -0.463355000 0.00000000000000000000 1.00000000000000000000 2 0 8 163 164 165 178 180 193 194 195 
180 7621 0.421188000 -0.462389000 0.00000000000000000000 1.00000000000000000000 2 0 8 164 165 166 179 181 194 195 196 
181 7622 0.394633000 -0.460696000 0.00000000000000000000 1.00000000000000000000 2 0 8 165 166 167 180 182 195 196 197 
182 7623 0.368204000 -0.458275000 0.00000000000000000000 1.00000000000000000000 2 0 8 166 167 168 181 183 196 197 198 
183 7624 0.341942000 -0.455126000 0.00000000000000000000 1.00000000000000000000 2 0 8 167 168 169 182 184 197 198 199 
184 7625 0.315889000 -0.451251000 0.00000000000000000000 1.00000000000000000000 2 0 8 168 169 170 183 185 198 199 200 
185 7626 0.290086000 -0.446653000 0.00000000000000000000 1.00000000000000000000 2 0 8 169 170 171 184 186 199 200 201 
186 7627 0.264575000 -0.441336000 0.00000000000000000000 1.00000000000000000000 2 0 8 170 171 279 185 187 200 201 285 
187 7628 0.239396000 -0.435306000 0.00000000000000000000 1.00000000000000000000 2 0 8 171 279 280 186 282 201 285 286 
188 7629 0.611713000 -0.495726000 0.00000000000000000000 1.00000000000000000000 2 0 8 172 173 174 284 189 287 288 202 
189 7630 0.584306000 -0.499256000 0.00000000000000000000 1.00000000000000000000 2 0 8 173 174 175 188 190 288 202 203 
190 7631 0.556728000 -0.502023000 0.00000000000000000000 1.00000000000000000000 2 0 8 174 175 176 189 191 202 203 204 
191 7632 0.529021000 -0.504019000 0.00000000000000000000 1.00000000000000000000 2 0 8 175 176 177 190 192 203 204 205 
192 7633 0.501229000 -0.505237000 0.00000000000000000000 1.00000000000000000000 2 0 8 176 177 178 191 193 204 205 206 
193 7634 0.473394000 -0.505672000 0.00000000000000000000 1.00000000000000000000 2 0 8 177 178 179 192 194 205 206 207 
194 7635 0.445559000 -0.505320000 0.00000000000000000000 1.00000000000000000000 2 0 8 178 179 180 193 195 206 207 208 
195 7636 0.417768000 -0.504178000 0.00000000000000000000 1.00000000000000000000 2 0 8 179 180 181 194 196 207 208 209 
196 7637 0.390065000 -0.502244000 0.00000000000000000000 1.00000000000000000000 2 0 8 180 181 182 195 197 208 209 210 
197 7638 0.362493000 -0.499518000 0.00000000000000000000 1.00000000000000000000 2 0 8 181 182 183 196 198 209 210 211 
198 7639 0.335096000 -0.496002000 0.00000000000000000000 1.00000000000000000000 2 0 8 182 183 184 197 199 210 211 212 
199 7640 0.307917000 -0.491696000 0.00000000000000000000 1.00000000000000000000 2 0 8 183 184 185 198 200 211 212 213 
200 7641 0.280999000 -0.486606000 0.00000000000000000000 1.00000000000000000000 2 0 8 184 185 186 199 201 212 213 289 
201 7642 0.254385000 -0.480736000 0.00000000000000000000 1.00000000000000000000 2 0 8 185 186 187 200 285 213 289 290 
202 7643 0.588098000 -0.542991000 0.00000000000000000000 1.00000000000000000000 2 0 8 188 189 190 288 203 291 292 214 
203 7644 0.559272000 -0.545913000 0.00000000000000000000 1.00000000000000000000 2 0 8 189 190 191 202 204 292 214 215 
204 7645 0.530313000 -0.547997000 0.00000000000000000000 1.00000000000000000000 2 0 8 190 191 192 203 205 214 215 216 
205 7646 0.501265000 -0.549235000 0.00000000000000000000 1.00000000000000000000 2 0 8 191 192 193 204 206 215 216 217 
206 7647 0.472173000 -0.549623000 0.00000000000000000000 1.00000000000000000000 2 0 8 192 193 194 205 207 216 217 218 
207 7648 0.443081000 -0.549156000 0.00000000000000000000 1.00000000000000000000 2 0 8 193 194 195 206 208 217 218 219 
208 7649 0.414036000 -0.547832000 0.00000000000000000000 1.00000000000000000000 2 0 8 194 195 196 207 209 218 219 220 
209 7650 0.385083000 -0.545649000 0.00000000000000000000 1.00000000000000000000 2 0 8 195 196 197 208 210 219 220 221 
210 7651 0.356268000 -0.542607000 0.00000000000000000000 1.00000000000000000000 2 0 8 196 197 198 209 211 220 221 222 
211 7652 0.327635000 -0.538708000 0.00000000000000000000 1.00000000000000000000 2 0 8 197 198 199 210 212 221 222 223 
212 7653 0.299231000 -0.533956000 0.00000000000000000000 1.00000000000000000000 2 0 8 198 199 200 211 213 222 223 293 
213 7654 0.271101000 -0.528353000 0.00000000000000000000 1.00000000000000000000 2 0 8 199 200 201 212 289 223 293 294 
214 7655 0.562028000 -0.591831000 0.00000000000000000000 1.00000000000000000000 2 0 8 202 203 204 292 215 295 296 224 
215 7656 0.531708000 -0.594009000 0.00000000000000000000 1.00000000000000000000 2 0 8 203 204 205 214 216 296 224 225 
216 7657 0.501297000 -0.595270000 0.00000000000000000000 1.00000000000000000000 2 0 8 204 205 206 215 217 224 225 226 
217 7658 0.470839000 -0.595611000 0.00000000000000000000 1.00000000000000000000 2 0 8 205 206 207 216 218 225 226 227 
218 7659 0.440384000 -0.595026000 0.00000000000000000000 1.00000000000000000000 2 0 8 206 207 208 217 219 226 227 228 
219 7660 0.409978000 -0.593513000 0.00000000000000000000 1.00000000000000000000 2 0 8 207 208 209 218 220 227 228 229 
220 7661 0.379669000 -0.591071000 0.00000000000000000000 1.00000000000000000000 2 0 8 208 209 210 219 221 228 229 230 
221 7662 0.349505000 -0.587700000 0.00000000000000000000 1.00000000000000000000 2 0 8 209 210 211 220 222 229 230 231 
222 7663 0.319533000 -0.583404000 0.00000000000000000000 1.00000000000000000000 2 0 8 210 211 212 221 223 230 231 297 
223 7664 0.289801000 -0.578185000 0.00000000000000000000 1.00000000000000000000 2 0 8 211 212 213 222 293 231 297 298 
224 7665 0.533212000 -0.642226000 0.00000000000000000000 1.00000000000000000000 2 0 8 214 215 216 296 225 299 300 232 
225 7666 0.501324000 -0.643514000 0.00000000000000000000 1.00000000000000000000 2 0 8 215 216 217 224 226 300 232 233 
226 7667 0.469389000 -0.643806000 0.00000000000000000000 1.00000000000000000000 2 0 8 216 217 218 225 227 232 233 234 
227 7668 0.437457000 -0.643099000 0.00000000000000000000 1.00000000000000000000 2 0 8 217 218 219 226 228 233 234 235 
228 7669 0.405579000 -0.641390000 0.00000000000000000000 1.00000000000000000000 2 0 8 218 219 220 227 229 234 235 236 
229 7670 0.373802000 -0.638678000 0.00000000000000000000 1.00000000000000000000 2 0 8 219 220 221 228 230 235 236 237 
230 7671 0.342179000 -0.634965000 0.00000000000000000000 1.00000000000000000000 2 0 8 220 221 222 229 231 236 237 301 
231 7672 0.310758000 -0.630254000 0.00000000000000000000 1.00000000000000000000 2 0 8 221 222 223 230 297 237 301 302 
232 7673 0.501348000 -0.694143000 0.00000000000000000000 1.00000000000000000000 2 0 8 224 225 226 300 233 303 304 238 
233 7674 0.467817000 -0.694387000 0.00000000000000000000 1.00000000000000000000 2 0 8 225 226 227 232 234 304 238 239 
234 7675 0.434291000 -0.693553000 0.00000000000000000000 1.00000000000000000000 2 0 8 226 227 228 233 235 238 239 240 
235 7676 0.400822000 -0.691640000 0.00000000000000000000 1.00000000000000000000 2 0 8 227 228 229 234 236 239 240 241 
236 7677 0.367462000 -0.688647000 0.00000000000000000000 1.00000000000000000000 2 0 8 228 229 230 235 237 240 241 305 
237 7678 0.334264000 -0.684576000 0.00000000000000000000 1.00000000000000000000 2 0 8 229 230 231 236 301 241 305 306 
238 7679 0.466118000 -0.747542000 0.00000000000000000000 1.00000000000000000000 2 0 8 232 233 234 304 239 307 308 309 
239 7680 0.430874000 -0.746577000 0.00000000000000000000 1.00000000000000000000 2 0 8 233 234 235 238 240 308 309 310 
240 7681 0.395691000 -0.744451000 0.00000000000000000000 1.00000000000000000000 2 0 8 234 235 236 239 241 309 310 311 
241 7682 0.360625000 -0.741164000 0.00000000000000000000 1.00000000000000000000 2 0 8 235 236 237 240 305 310 311 312 
242 5279 0.673059 -0.0383025 1 1
243 7200 0.441231 -0.0555557 1 1
244 5301 0.674384 -0.0672941 2 0
245 7221 0.440912 -0.0855491 2 0
246 7222 0.421289 -0.0862466 2 0
247 5322 0.6949 -0.0939842 2 0
248 5323 0.676357 -0.0965238 2 0
249 7242 0.420489 -0.116343 2 0
250 5343 0.716232 -0.120052 2 0
251 5344 0.697767 -0.123155 2 0
252 7261 0.419382 -0.146876 2 0
253 5364 0.720143 -0.14921 2 0
254 7281 0.417963 -0.177958 2 0
255 7282 0.397498 -0.177714 2 0
256 5384 0.724881 -0.178919 2 0
257 7301 0.395299 -0.209201 2 0
258 7302 0.37451 -0.20835 2 0
259 5749 0.730463 -0.209292 2 0
260 7320 0.371377 -0.240306 2 0
261 7321 0.350225 -0.238748 2 0
262 5751 0.73691 -0.240444 2 0
263 5752 0.716775 -0.245493 2 0
264 7338 0.345998 -0.271233 2 0
265 7339 0.324446 -0.268863 2 0
266 5756 0.723499 -0.27807 2 0
267 5757 0.70238 -0.28325 2 0
268 7355 0.318962 -0.301932 2 0
269 7356 0.296979 -0.298643 2 0
270 5763 0.709235 -0.317359 2 0
271 5764 0.687057 -0.322574 2 0
272 7371 0.290067 -0.332346 2 0
273 7372 0.267625 -0.328027 2 0
274 5774 0.693886 -0.358328 2 0
275 5775 0.670572 -0.363476 2 0
276 7386 0.259112 -0.362407 2 0
277 5787 0.677215 -0.400992 2 0
278 5788 0.652687 -0.405966 2 0
279 7400 0.249714 -0.398123 2 0
280 7401 0.225891 -0.392034 2 0
281 5802 0.658974 -0.44536 2 0
282 7414 0.21459 -0.42857 2 0
283 5817 0.665847 -0.486414 2 0
284 5818 0.638907 -0.491442 2 0
285 7925 0.228119 -0.474093 2 0
286 7926 0.202241 -0.466684 2 0
287 5834 0.64517 -0.534664 2 0
288 5835 0.616745 -0.539238 2 0
289 7928 0.243289 -0.521907 2 0
290 7929 0.21584 -0.514625 2 0
291 5851 0.622202 -0.584756 2 0
292 5852 0.592208 -0.588744 2 0
293 7933 0.260356 -0.572048 2 0
294 7934 0.231245 -0.565001 2 0
295 5868 0.596652 -0.636686 2 0
296 5869 0.565005 -0.639947 2 0
297 7940 0.27959 -0.624547 2 0
298 7941 0.248724 -0.617853 2 0
299 5885 0.568215 -0.690441 2 0
300 5886 0.534831 -0.692826 2 0
301 7949 0.301279 -0.67943 2 0
302 7950 0.268561 -0.673214 2 0
303 5902 0.536571 -0.745999 2 0
304 5903 0.501369 -0.747348 2 0
305 7959 0.325729 -0.736718 2 0
306 7960 0.29106 -0.731117 2 0
307 5919 0.501386 -0.803326 2 0
308 5920 0.464285 -0.803468 2 0
309 7970 0.427193 -0.802366 2 0
310 7971 0.390167 -0.800017 2 0
311 7972 0.353265 -0.796422 2 0
312 7973 0.316544 -0.791582 2 0
