306 232 74
1 2152 -0.130435000 -0.136908000 0.00000000000000000000 1.00000000000000000000 2 0 8 233 234 235 246 2 11 12 13 
2 2153 -0.138146000 -0.120328000 0.00000000000000000000 1.00000000000000000000 2 0 8 234 235 236 1 3 12 13 14 
3 2154 -0.144856000 -0.103536000 0.00000000000000000000 1.00000000000000000000 2 0 8 235 236 237 2 4 13 14 15 
4 2155 -0.150554000 -0.086560900 0.00000000000000000000 1.00000000000000000000 2 0 8 236 237 238 3 5 14 15 16 
5 2156 -0.155230000 -0.069432700 0.00000000000000000000 1.00000000000000000000 2 0 8 237 238 239 4 6 15 16 17 
6 2157 -0.158875000 -0.052181300 0.00000000000000000000 1.00000000000000000000 2 0 8 238 239 240 5 7 16 17 18 
7 2158 -0.161483000 -0.034837300 0.00000000000000000000 1.00000000000000000000 2 0 8 239 240 241 6 8 17 18 19 
8 2159 -0.163050000 -0.017431400 0.00000000000000000000 1.00000000000000000000 2 0 8 240 241 242 7 9 18 19 20 
9 2160 -0.163572000 0.000005516 0.00000000000000000000 1.00000000000000000000 2 0 8 241 242 243 8 10 19 20 21 
10 2161 -0.163049000 0.017442400 0.00000000000000000000 1.00000000000000000000 2 0 8 242 243 244 9 247 20 21 250 
11 2162 -0.147378000 -0.167085000 0.00000000000000000000 1.00000000000000000000 2 0 8 245 246 1 249 12 22 23 24 
12 2163 -0.156435000 -0.149260000 0.00000000000000000000 1.00000000000000000000 2 0 8 246 1 2 11 13 23 24 25 
13 2164 -0.164463000 -0.131176000 0.00000000000000000000 1.00000000000000000000 2 0 8 1 2 3 12 14 24 25 26 
14 2165 -0.171449000 -0.112864000 0.00000000000000000000 1.00000000000000000000 2 0 8 2 3 4 13 15 25 26 27 
15 2166 -0.177381000 -0.094354600 0.00000000000000000000 1.00000000000000000000 2 0 8 3 4 5 14 16 26 27 28 
16 2167 -0.182249000 -0.075681100 0.00000000000000000000 1.00000000000000000000 2 0 8 4 5 6 15 17 27 28 29 
17 2168 -0.186043000 -0.056875300 0.00000000000000000000 1.00000000000000000000 2 0 8 5 6 7 16 18 28 29 30 
18 2169 -0.188758000 -0.037970100 0.00000000000000000000 1.00000000000000000000 2 0 8 6 7 8 17 19 29 30 31 
19 2170 -0.190389000 -0.018998500 0.00000000000000000000 1.00000000000000000000 2 0 8 7 8 9 18 20 30 31 32 
20 2171 -0.190933000 0.000006475 0.00000000000000000000 1.00000000000000000000 2 0 8 8 9 10 19 21 31 32 33 
21 2172 -0.190389000 0.019011400 0.00000000000000000000 1.00000000000000000000 2 0 8 9 10 247 20 250 32 33 34 
22 2173 -0.164832000 -0.200600000 0.00000000000000000000 1.00000000000000000000 2 0 8 248 249 11 253 23 35 36 37 
23 2174 -0.175334000 -0.181535000 0.00000000000000000000 1.00000000000000000000 2 0 8 249 11 12 22 24 36 37 38 
24 2175 -0.184779000 -0.162159000 0.00000000000000000000 1.00000000000000000000 2 0 8 11 12 13 23 25 37 38 39 
25 2176 -0.193152000 -0.142504000 0.00000000000000000000 1.00000000000000000000 2 0 8 12 13 14 24 26 38 39 40 
26 2177 -0.200438000 -0.122604000 0.00000000000000000000 1.00000000000000000000 2 0 8 13 14 15 25 27 39 40 41 
27 2178 -0.206624000 -0.102494000 0.00000000000000000000 1.00000000000000000000 2 0 8 14 15 16 26 28 40 41 42 
28 2179 -0.211700000 -0.082206700 0.00000000000000000000 1.00000000000000000000 2 0 8 15 16 17 27 29 41 42 43 
29 2180 -0.215657000 -0.061777700 0.00000000000000000000 1.00000000000000000000 2 0 8 16 17 18 28 30 42 43 44 
30 2181 -0.218489000 -0.041242000 0.00000000000000000000 1.00000000000000000000 2 0 8 17 18 19 29 31 43 44 45 
31 2182 -0.220189000 -0.020635100 0.00000000000000000000 1.00000000000000000000 2 0 8 18 19 20 30 32 44 45 46 
32 2183 -0.220756000 0.000007515 0.00000000000000000000 1.00000000000000000000 2 0 8 19 20 21 31 33 45 46 47 
33 2184 -0.220189000 0.020650100 0.00000000000000000000 1.00000000000000000000 2 0 8 20 21 250 32 34 46 47 48 
34 2185 -0.218487000 0.041257000 0.00000000000000000000 1.00000000000000000000 2 0 8 21 250 251 33 254 47 48 49 
35 2186 -0.182684000 -0.237610000 0.00000000000000000000 1.00000000000000000000 2 0 8 252 253 22 257 36 50 51 52 
36 2187 -0.194740000 -0.217313000 0.00000000000000000000 1.00000000000000000000 2 0 8 253 22 23 35 37 51 52 53 
37 2188 -0.205710000 -0.196648000 0.00000000000000000000 1.00000000000000000000 2 0 8 22 23 24 36 38 52 53 54 
38 2189 -0.215577000 -0.175650000 0.00000000000000000000 1.00000000000000000000 2 0 8 23 24 25 37 39 53 54 55 
39 2190 -0.224323000 -0.154353000 0.00000000000000000000 1.00000000000000000000 2 0 8 24 25 26 38 40 54 55 56 
40 2191 -0.231933000 -0.132794000 0.00000000000000000000 1.00000000000000000000 2 0 8 25 26 27 39 41 55 56 57 
41 2192 -0.238395000 -0.111008000 0.00000000000000000000 1.00000000000000000000 2 0 8 26 27 28 40 42 56 57 58 
42 2193 -0.243698000 -0.089033000 0.00000000000000000000 1.00000000000000000000 2 0 8 27 28 29 41 43 57 58 59 
43 2194 -0.247831000 -0.066906000 0.00000000000000000000 1.00000000000000000000 2 0 8 28 29 30 42 44 58 59 60 
44 2195 -0.250789000 -0.044664800 0.00000000000000000000 1.00000000000000000000 2 0 8 29 30 31 43 45 59 60 61 
45 2196 -0.252565000 -0.022347200 0.00000000000000000000 1.00000000000000000000 2 0 8 30 31 32 44 46 60 61 62 
46 2197 -0.253157000 0.000008638 0.00000000000000000000 1.00000000000000000000 2 0 8 31 32 33 45 47 61 62 63 
47 2198 -0.252564000 0.022364400 0.00000000000000000000 1.00000000000000000000 2 0 8 32 33 34 46 48 62 63 64 
48 2199 -0.250787000 0.044682000 0.00000000000000000000 1.00000000000000000000 2 0 8 33 34 254 47 49 63 64 65 
49 2200 -0.247828000 0.066923200 0.00000000000000000000 1.00000000000000000000 2 0 8 34 254 255 48 258 64 65 66 
50 2201 -0.200806000 -0.278280000 0.00000000000000000000 1.00000000000000000000 2 0 8 256 257 35 260 51 263 67 68 
51 2202 -0.214533000 -0.256765000 0.00000000000000000000 1.00000000000000000000 2 0 8 257 35 36 50 52 67 68 69 
52 2203 -0.227145000 -0.234820000 0.00000000000000000000 1.00000000000000000000 2 0 8 35 36 37 51 53 68 69 70 
53 2204 -0.238623000 -0.212480000 0.00000000000000000000 1.00000000000000000000 2 0 8 36 37 38 52 54 69 70 71 
54 2205 -0.248945000 -0.189783000 0.00000000000000000000 1.00000000000000000000 2 0 8 37 38 39 53 55 70 71 72 
55 2206 -0.258095000 -0.166766000 0.00000000000000000000 1.00000000000000000000 2 0 8 38 39 40 54 56 71 72 73 
56 2207 -0.266057000 -0.143468000 0.00000000000000000000 1.00000000000000000000 2 0 8 39 40 41 55 57 72 73 74 
57 2208 -0.272817000 -0.119928000 0.00000000000000000000 1.00000000000000000000 2 0 8 40 41 42 56 58 73 74 75 
58 2209 -0.278364000 -0.096184400 0.00000000000000000000 1.00000000000000000000 2 0 8 41 42 43 57 59 74 75 76 
59 2210 -0.282688000 -0.072278700 0.00000000000000000000 1.00000000000000000000 2 0 8 42 43 44 58 60 75 76 77 
60 2211 -0.285781000 -0.048250600 0.00000000000000000000 1.00000000000000000000 2 0 8 43 44 45 59 61 76 77 78 
61 2212 -0.287640000 -0.024140800 0.00000000000000000000 1.00000000000000000000 2 0 8 44 45 46 60 62 77 78 79 
62 2213 -0.288259000 0.000009842 0.00000000000000000000 1.00000000000000000000 2 0 8 45 46 47 61 63 78 79 80 
63 2214 -0.287639000 0.024160500 0.00000000000000000000 1.00000000000000000000 2 0 8 46 47 48 62 64 79 80 81 
64 2215 -0.285779000 0.048270200 0.00000000000000000000 1.00000000000000000000 2 0 8 47 48 49 63 65 80 81 82 
65 2216 -0.282685000 0.072298200 0.00000000000000000000 1.00000000000000000000 2 0 8 48 49 258 64 66 81 82 83 
66 2217 -0.278360000 0.096203900 0.00000000000000000000 1.00000000000000000000 2 0 8 49 258 259 65 261 82 83 84 
67 2218 -0.234578000 -0.300071000 0.00000000000000000000 1.00000000000000000000 2 0 8 260 50 51 263 68 266 85 86 
68 2219 -0.248959000 -0.276858000 0.00000000000000000000 1.00000000000000000000 2 0 8 50 51 52 67 69 85 86 87 
69 2220 -0.262173000 -0.253184000 0.00000000000000000000 1.00000000000000000000 2 0 8 51 52 53 68 70 86 87 88 
70 2221 -0.274197000 -0.229088000 0.00000000000000000000 1.00000000000000000000 2 0 8 52 53 54 69 71 87 88 89 
71 2222 -0.285011000 -0.204609000 0.00000000000000000000 1.00000000000000000000 2 0 8 53 54 55 70 72 88 89 90 
72 2223 -0.294596000 -0.179788000 0.00000000000000000000 1.00000000000000000000 2 0 8 54 55 56 71 73 89 90 91 
73 2224 -0.302937000 -0.154666000 0.00000000000000000000 1.00000000000000000000 2 0 8 55 56 57 72 74 90 91 92 
74 2225 -0.310019000 -0.129285000 0.00000000000000000000 1.00000000000000000000 2 0 8 56 57 58 73 75 91 92 93 
75 2226 -0.315830000 -0.103687000 0.00000000000000000000 1.00000000000000000000 2 0 8 57 58 59 74 76 92 93 94 
76 2227 -0.320359000 -0.077915100 0.00000000000000000000 1.00000000000000000000 2 0 8 58 59 60 75 77 93 94 95 
77 2228 -0.323600000 -0.052012500 0.00000000000000000000 1.00000000000000000000 2 0 8 59 60 61 76 78 94 95 96 
78 2229 -0.325547000 -0.026022500 0.00000000000000000000 1.00000000000000000000 2 0 8 60 61 62 77 79 95 96 97 
79 2230 -0.326196000 0.000011130 0.00000000000000000000 1.00000000000000000000 2 0 8 61 62 63 78 80 96 97 98 
80 2231 -0.325546000 0.026044800 0.00000000000000000000 1.00000000000000000000 2 0 8 62 63 64 79 81 97 98 99 
81 2232 -0.323598000 0.052034700 0.00000000000000000000 1.00000000000000000000 2 0 8 63 64 65 80 82 98 99 100 
82 2233 -0.320356000 0.077937200 0.00000000000000000000 1.00000000000000000000 2 0 8 64 65 66 81 83 99 100 101 
83 2234 -0.315825000 0.103709000 0.00000000000000000000 1.00000000000000000000 2 0 8 65 66 261 82 84 100 101 102 
84 2235 -0.310014000 0.129307000 0.00000000000000000000 1.00000000000000000000 2 0 8 66 261 262 83 264 101 102 103 
85 2236 -0.271006000 -0.322959000 0.00000000000000000000 1.00000000000000000000 2 0 8 263 67 68 266 86 269 270 104 
86 2237 -0.286092000 -0.297962000 0.00000000000000000000 1.00000000000000000000 2 0 8 67 68 69 85 87 270 104 105 
87 2238 -0.299954000 -0.272473000 0.00000000000000000000 1.00000000000000000000 2 0 8 68 69 70 86 88 104 105 106 
88 2239 -0.312567000 -0.246532000 0.00000000000000000000 1.00000000000000000000 2 0 8 69 70 71 87 89 105 106 107 
89 2240 -0.323911000 -0.220182000 0.00000000000000000000 1.00000000000000000000 2 0 8 70 71 72 88 90 106 107 108 
90 2241 -0.333966000 -0.193466000 0.00000000000000000000 1.00000000000000000000 2 0 8 71 72 73 89 91 107 108 109 
91 2242 -0.342715000 -0.166428000 0.00000000000000000000 1.00000000000000000000 2 0 8 72 73 74 90 92 108 109 110 
92 2243 -0.350143000 -0.139114000 0.00000000000000000000 1.00000000000000000000 2 0 8 73 74 75 91 93 109 110 111 
93 2244 -0.356238000 -0.111568000 0.00000000000000000000 1.00000000000000000000 2 0 8 74 75 76 92 94 110 111 112 
94 2245 -0.360989000 -0.083835800 0.00000000000000000000 1.00000000000000000000 2 0 8 75 76 77 93 95 111 112 113 
95 2246 -0.364389000 -0.055964100 0.00000000000000000000 1.00000000000000000000 2 0 8 76 77 78 94 96 112 113 114 
96 2247 -0.366430000 -0.027999200 0.00000000000000000000 1.00000000000000000000 2 0 8 77 78 79 95 97 113 114 115 
97 2248 -0.367111000 0.000012501 0.00000000000000000000 1.00000000000000000000 2 0 8 78 79 80 96 98 114 115 116 
98 2249 -0.366429000 0.028024100 0.00000000000000000000 1.00000000000000000000 2 0 8 79 80 81 97 99 115 116 117 
99 2250 -0.364386000 0.055989000 0.00000000000000000000 1.00000000000000000000 2 0 8 80 81 82 98 100 116 117 118 
100 2251 -0.360986000 0.083860600 0.00000000000000000000 1.00000000000000000000 2 0 8 81 82 83 99 101 117 118 119 
101 2252 -0.356233000 0.111592000 0.00000000000000000000 1.00000000000000000000 2 0 8 82 83 84 100 102 118 119 120 
102 2253 -0.350137000 0.139138000 0.00000000000000000000 1.00000000000000000000 2 0 8 83 84 264 101 103 119 120 121 
103 2254 -0.342708000 0.166452000 0.00000000000000000000 1.00000000000000000000 2 0 8 84 264 265 102 267 120 121 122 
104 2255 -0.326074000 -0.320155000 0.00000000000000000000 1.00000000000000000000 2 0 8 85 86 87 270 105 272 273 123 
105 2256 -0.340632000 -0.292756000 0.00000000000000000000 1.00000000000000000000 2 0 8 86 87 88 104 106 273 123 124 
106 2257 -0.353879000 -0.264876000 0.00000000000000000000 1.00000000000000000000 2 0 8 87 88 89 105 107 123 124 125 
107 2258 -0.365792000 -0.236558000 0.00000000000000000000 1.00000000000000000000 2 0 8 88 89 90 106 108 124 125 126 
108 2259 -0.376352000 -0.207850000 0.00000000000000000000 1.00000000000000000000 2 0 8 89 90 91 107 109 125 126 127 
109 2260 -0.385540000 -0.178798000 0.00000000000000000000 1.00000000000000000000 2 0 8 90 91 92 108 110 126 127 128 
110 2261 -0.393341000 -0.149450000 0.00000000000000000000 1.00000000000000000000 2 0 8 91 92 93 109 111 127 128 129 
111 2262 -0.399741000 -0.119856000 0.00000000000000000000 1.00000000000000000000 2 0 8 92 93 94 110 112 128 129 130 
112 2263 -0.404730000 -0.090062300 0.00000000000000000000 1.00000000000000000000 2 0 8 93 94 95 111 113 129 130 131 
113 2264 -0.408300000 -0.060119900 0.00000000000000000000 1.00000000000000000000 2 0 8 94 95 96 112 114 130 131 132 
114 2265 -0.410444000 -0.030077900 0.00000000000000000000 1.00000000000000000000 2 0 8 95 96 97 113 115 131 132 133 
115 2266 -0.411159000 0.000013954 0.00000000000000000000 1.00000000000000000000 2 0 8 96 97 98 114 116 132 133 134 
116 2267 -0.410443000 0.030105800 0.00000000000000000000 1.00000000000000000000 2 0 8 97 98 99 115 117 133 134 135 
117 2268 -0.408298000 0.060147800 0.00000000000000000000 1.00000000000000000000 2 0 8 98 99 100 116 118 134 135 136 
118 2269 -0.404727000 0.090090100 0.00000000000000000000 1.00000000000000000000 2 0 8 99 100 101 117 119 135 136 137 
119 2270 -0.399736000 0.119883000 0.00000000000000000000 1.00000000000000000000 2 0 8 100 101 102 118 120 136 137 138 
120 2271 -0.393334000 0.149478000 0.00000000000000000000 1.00000000000000000000 2 0 8 101 102 103 119 121 137 138 139 
121 2272 -0.385532000 0.178825000 0.00000000000000000000 1.00000000000000000000 2 0 8 102 103 267 120 122 138 139 140 
122 2273 -0.376343000 0.207876000 0.00000000000000000000 1.00000000000000000000 2 0 8 103 267 268 121 271 139 140 274 
123 2274 -0.384359000 -0.314109000 0.00000000000000000000 1.00000000000000000000 2 0 8 104 105 106 273 124 275 141 142 
124 2275 -0.398287000 -0.284187000 0.00000000000000000000 1.00000000000000000000 2 0 8 105 106 107 123 125 141 142 143 
125 2276 -0.410812000 -0.253798000 0.00000000000000000000 1.00000000000000000000 2 0 8 106 107 108 124 126 142 143 144 
126 2277 -0.421913000 -0.222992000 0.00000000000000000000 1.00000000000000000000 2 0 8 107 108 109 125 127 143 144 145 
127 2278 -0.431573000 -0.191820000 0.00000000000000000000 1.00000000000000000000 2 0 8 108 109 110 126 128 144 145 146 
128 2279 -0.439774000 -0.160332000 0.00000000000000000000 1.00000000000000000000 2 0 8 109 110 111 127 129 145 146 147 
129 2280 -0.446503000 -0.128581000 0.00000000000000000000 1.00000000000000000000 2 0 8 110 111 112 128 130 146 147 148 
130 2281 -0.451748000 -0.096617600 0.00000000000000000000 1.00000000000000000000 2 0 8 111 112 113 129 131 147 148 149 
131 2282 -0.455500000 -0.064495100 0.00000000000000000000 1.00000000000000000000 2 0 8 112 113 114 130 132 148 149 150 
132 2283 -0.457754000 -0.032266400 0.00000000000000000000 1.00000000000000000000 2 0 8 113 114 115 131 133 149 150 151 
133 2284 -0.458506000 0.000015491 0.00000000000000000000 1.00000000000000000000 2 0 8 114 115 116 132 134 150 151 152 
134 2285 -0.457753000 0.032297400 0.00000000000000000000 1.00000000000000000000 2 0 8 115 116 117 133 135 151 152 153 
135 2286 -0.455498000 0.064526000 0.00000000000000000000 1.00000000000000000000 2 0 8 116 117 118 134 136 152 153 154 
136 2287 -0.451743000 0.096648300 0.00000000000000000000 1.00000000000000000000 2 0 8 117 118 119 135 137 153 154 155 
137 2288 -0.446497000 0.128611000 0.00000000000000000000 1.00000000000000000000 2 0 8 118 119 120 136 138 154 155 156 
138 2289 -0.439767000 0.160363000 0.00000000000000000000 1.00000000000000000000 2 0 8 119 120 121 137 139 155 156 157 
139 2290 -0.431564000 0.191850000 0.00000000000000000000 1.00000000000000000000 2 0 8 120 121 122 138 140 156 157 158 
140 2291 -0.421903000 0.223022000 0.00000000000000000000 1.00000000000000000000 2 0 8 121 122 271 139 274 157 158 276 
141 2292 -0.431300000 -0.336609000 0.00000000000000000000 1.00000000000000000000 2 0 8 273 123 124 275 142 277 159 160 
142 2293 -0.445957000 -0.304536000 0.00000000000000000000 1.00000000000000000000 2 0 8 123 124 125 141 143 159 160 161 
143 2294 -0.459139000 -0.271965000 0.00000000000000000000 1.00000000000000000000 2 0 8 124 125 126 142 144 160 161 162 
144 2295 -0.470822000 -0.238949000 0.00000000000000000000 1.00000000000000000000 2 0 8 125 126 127 143 145 161 162 163 
145 2296 -0.480987000 -0.205543000 0.00000000000000000000 1.00000000000000000000 2 0 8 126 127 128 144 146 162 163 164 
146 2297 -0.489617000 -0.171800000 0.00000000000000000000 1.00000000000000000000 2 0 8 127 128 129 145 147 163 164 165 
147 2298 -0.496698000 -0.137776000 0.00000000000000000000 1.00000000000000000000 2 0 8 128 129 130 146 148 164 165 166 
148 2299 -0.502218000 -0.103525000 0.00000000000000000000 1.00000000000000000000 2 0 8 129 130 131 147 149 165 166 167 
149 2300 -0.506167000 -0.069105700 0.00000000000000000000 1.00000000000000000000 2 0 8 130 131 132 148 150 166 167 168 
150 2301 -0.508538000 -0.034572600 0.00000000000000000000 1.00000000000000000000 2 0 8 131 132 133 149 151 167 168 169 
151 2302 -0.509329000 0.000017108 0.00000000000000000000 1.00000000000000000000 2 0 8 132 133 134 150 152 168 169 170 
152 2303 -0.508537000 0.034606800 0.00000000000000000000 1.00000000000000000000 2 0 8 133 134 135 151 153 169 170 171 
153 2304 -0.506163000 0.069139800 0.00000000000000000000 1.00000000000000000000 2 0 8 134 135 136 152 154 170 171 172 
154 2305 -0.502213000 0.103559000 0.00000000000000000000 1.00000000000000000000 2 0 8 135 136 137 153 155 171 172 173 
155 2306 -0.496692000 0.137809000 0.00000000000000000000 1.00000000000000000000 2 0 8 136 137 138 154 156 172 173 174 
156 2307 -0.489609000 0.171833000 0.00000000000000000000 1.00000000000000000000 2 0 8 137 138 139 155 157 173 174 175 
157 2308 -0.480978000 0.205576000 0.00000000000000000000 1.00000000000000000000 2 0 8 138 139 140 156 158 174 175 176 
158 2309 -0.470811000 0.238982000 0.00000000000000000000 1.00000000000000000000 2 0 8 139 140 274 157 276 175 176 278 
159 2310 -0.481631000 -0.360340000 0.00000000000000000000 1.00000000000000000000 2 0 8 275 141 142 277 160 279 280 177 
160 2311 -0.497070000 -0.325998000 0.00000000000000000000 1.00000000000000000000 2 0 8 141 142 143 159 161 280 177 178 
161 2312 -0.510954000 -0.291126000 0.00000000000000000000 1.00000000000000000000 2 0 8 142 143 144 160 162 177 178 179 
162 2313 -0.523260000 -0.255779000 0.00000000000000000000 1.00000000000000000000 2 0 8 143 144 145 161 163 178 179 180 
163 2314 -0.533967000 -0.220016000 0.00000000000000000000 1.00000000000000000000 2 0 8 144 145 146 162 164 179 180 181 
164 2315 -0.543058000 -0.183895000 0.00000000000000000000 1.00000000000000000000 2 0 8 145 146 147 163 165 180 181 182 
165 2316 -0.550516000 -0.147473000 0.00000000000000000000 1.00000000000000000000 2 0 8 146 147 148 164 166 181 182 183 
166 2317 -0.556329000 -0.110811000 0.00000000000000000000 1.00000000000000000000 2 0 8 147 148 149 165 167 182 183 184 
167 2318 -0.560489000 -0.073968700 0.00000000000000000000 1.00000000000000000000 2 0 8 148 149 150 166 168 183 184 185 
168 2319 -0.562987000 -0.037005100 0.00000000000000000000 1.00000000000000000000 2 0 8 149 150 151 167 169 184 185 186 
169 2320 -0.563819000 0.000018806 0.00000000000000000000 1.00000000000000000000 2 0 8 150 151 152 168 170 185 186 187 
170 2321 -0.562985000 0.037042700 0.00000000000000000000 1.00000000000000000000 2 0 8 151 152 153 169 171 186 187 188 
171 2322 -0.560485000 0.074006100 0.00000000000000000000 1.00000000000000000000 2 0 8 152 153 154 170 172 187 188 189 
172 2323 -0.556324000 0.110849000 0.00000000000000000000 1.00000000000000000000 2 0 8 153 154 155 171 173 188 189 190 
173 2324 -0.550509000 0.147511000 0.00000000000000000000 1.00000000000000000000 2 0 8 154 155 156 172 174 189 190 191 
174 2325 -0.543049000 0.183932000 0.00000000000000000000 1.00000000000000000000 2 0 8 155 156 157 173 175 190 191 192 
175 2326 -0.533957000 0.220053000 0.00000000000000000000 1.00000000000000000000 2 0 8 156 157 158 174 176 191 192 193 
176 2327 -0.523249000 0.255816000 0.00000000000000000000 1.00000000000000000000 2 0 8 157 158 276 175 278 192 193 281 
177 2328 -0.551816000 -0.348652000 0.00000000000000000000 1.00000000000000000000 2 0 8 159 160 161 280 178 282 283 194 
178 2329 -0.566453000 -0.311351000 0.00000000000000000000 1.00000000000000000000 2 0 8 160 161 162 177 179 283 194 195 
179 2330 -0.579426000 -0.273544000 0.00000000000000000000 1.00000000000000000000 2 0 8 161 162 163 178 180 194 195 196 
180 2331 -0.590713000 -0.235294000 0.00000000000000000000 1.00000000000000000000 2 0 8 162 163 164 179 181 195 196 197 
181 2332 -0.600295000 -0.196662000 0.00000000000000000000 1.00000000000000000000 2 0 8 163 164 165 180 182 196 197 198 
182 2333 -0.608157000 -0.157710000 0.00000000000000000000 1.00000000000000000000 2 0 8 164 165 166 181 183 197 198 199 
183 2334 -0.614286000 -0.118502000 0.00000000000000000000 1.00000000000000000000 2 0 8 165 166 167 182 184 198 199 200 
184 2335 -0.618670000 -0.079101900 0.00000000000000000000 1.00000000000000000000 2 0 8 166 167 168 183 185 199 200 201 
185 2336 -0.621303000 -0.039572800 0.00000000000000000000 1.00000000000000000000 2 0 8 167 168 169 184 186 200 201 202 
186 2337 -0.622181000 0.000020582 0.00000000000000000000 1.00000000000000000000 2 0 8 168 169 170 185 187 201 202 203 
187 2338 -0.621302000 0.039613900 0.00000000000000000000 1.00000000000000000000 2 0 8 169 170 171 186 188 202 203 204 
188 2339 -0.618666000 0.079142900 0.00000000000000000000 1.00000000000000000000 2 0 8 170 171 172 187 189 203 204 205 
189 2340 -0.614280000 0.118543000 0.00000000000000000000 1.00000000000000000000 2 0 8 171 172 173 188 190 204 205 206 
190 2341 -0.608150000 0.157751000 0.00000000000000000000 1.00000000000000000000 2 0 8 172 173 174 189 191 205 206 207 
191 2342 -0.600286000 0.196702000 0.00000000000000000000 1.00000000000000000000 2 0 8 173 174 175 190 192 206 207 208 
192 2343 -0.590702000 0.235334000 0.00000000000000000000 1.00000000000000000000 2 0 8 174 175 176 191 193 207 208 284 
193 2344 -0.579413000 0.273584000 0.00000000000000000000 1.00000000000000000000 2 0 8 175 176 278 192 281 208 284 285 
194 2345 -0.625841000 -0.332715000 0.00000000000000000000 1.00000000000000000000 2 0 8 177 178 179 283 195 286 287 209 
195 2346 -0.639527000 -0.292310000 0.00000000000000000000 1.00000000000000000000 2 0 8 178 179 180 194 196 287 209 210 
196 2347 -0.651435000 -0.251433000 0.00000000000000000000 1.00000000000000000000 2 0 8 179 180 181 195 197 209 210 211 
197 2348 -0.661544000 -0.210148000 0.00000000000000000000 1.00000000000000000000 2 0 8 180 181 182 196 198 210 211 212 
198 2349 -0.669838000 -0.168524000 0.00000000000000000000 1.00000000000000000000 2 0 8 181 182 183 197 199 211 212 213 
199 2350 -0.676303000 -0.126627000 0.00000000000000000000 1.00000000000000000000 2 0 8 182 183 184 198 200 212 213 214 
200 2351 -0.680928000 -0.084524300 0.00000000000000000000 1.00000000000000000000 2 0 8 183 184 185 199 201 213 214 215 
201 2352 -0.683706000 -0.042285200 0.00000000000000000000 1.00000000000000000000 2 0 8 184 185 186 200 202 214 215 216 
202 2353 -0.684632000 0.000022433 0.00000000000000000000 1.00000000000000000000 2 0 8 185 186 187 201 203 215 216 217 
203 2354 -0.683704000 0.042330000 0.00000000000000000000 1.00000000000000000000 2 0 8 186 187 188 202 204 216 217 218 
204 2355 -0.680924000 0.084569100 0.00000000000000000000 1.00000000000000000000 2 0 8 187 188 189 203 205 217 218 219 
205 2356 -0.676297000 0.126671000 0.00000000000000000000 1.00000000000000000000 2 0 8 188 189 190 204 206 218 219 220 
206 2357 -0.669830000 0.168568000 0.00000000000000000000 1.00000000000000000000 2 0 8 189 190 191 205 207 219 220 221 
207 2358 -0.661534000 0.210192000 0.00000000000000000000 1.00000000000000000000 2 0 8 190 191 192 206 208 220 221 288 
208 2359 -0.651423000 0.251476000 0.00000000000000000000 1.00000000000000000000 2 0 8 191 192 193 207 284 221 288 289 
209 2360 -0.703790000 -0.312146000 0.00000000000000000000 1.00000000000000000000 2 0 8 194 195 196 287 210 290 291 222 
210 2361 -0.716361000 -0.268491000 0.00000000000000000000 1.00000000000000000000 2 0 8 195 196 197 209 211 291 222 223 
211 2362 -0.727033000 -0.224403000 0.00000000000000000000 1.00000000000000000000 2 0 8 196 197 198 210 212 222 223 224 
212 2363 -0.735788000 -0.179954000 0.00000000000000000000 1.00000000000000000000 2 0 8 197 198 199 211 213 223 224 225 
213 2364 -0.742613000 -0.135214000 0.00000000000000000000 1.00000000000000000000 2 0 8 198 199 200 212 214 224 225 226 
214 2365 -0.747496000 -0.090256000 0.00000000000000000000 1.00000000000000000000 2 0 8 199 200 201 213 215 225 226 227 
215 2366 -0.750428000 -0.045152300 0.00000000000000000000 1.00000000000000000000 2 0 8 200 201 202 214 216 226 227 228 
216 2367 -0.751406000 0.000024356 0.00000000000000000000 1.00000000000000000000 2 0 8 201 202 203 215 217 227 228 229 
217 2368 -0.750426000 0.045201000 0.00000000000000000000 1.00000000000000000000 2 0 8 202 203 204 216 218 228 229 230 
218 2369 -0.747492000 0.090304600 0.00000000000000000000 1.00000000000000000000 2 0 8 203 204 205 217 219 229 230 231 
219 2370 -0.742607000 0.135262000 0.00000000000000000000 1.00000000000000000000 2 0 8 204 205 206 218 220 230 231 232 
220 2371 -0.735780000 0.180002000 0.00000000000000000000 1.00000000000000000000 2 0 8 205 206 207 219 221 231 232 292 
221 2372 -0.727022000 0.224451000 0.00000000000000000000 1.00000000000000000000 2 0 8 206 207 208 220 288 232 292 293 
222 2373 -0.785733000 -0.286533000 0.00000000000000000000 1.00000000000000000000 2 0 8 209 210 211 291 223 294 295 296 
223 2374 -0.797006000 -0.239481000 0.00000000000000000000 1.00000000000000000000 2 0 8 210 211 212 222 224 295 296 297 
224 2375 -0.806254000 -0.192043000 0.00000000000000000000 1.00000000000000000000 2 0 8 211 212 213 223 225 296 297 298 
225 2376 -0.813464000 -0.144297000 0.00000000000000000000 1.00000000000000000000 2 0 8 212 213 214 224 226 297 298 299 
226 2377 -0.818621000 -0.096318200 0.00000000000000000000 1.00000000000000000000 2 0 8 213 214 215 225 227 298 299 300 
227 2378 -0.821719000 -0.048184700 0.00000000000000000000 1.00000000000000000000 2 0 8 214 215 216 226 228 299 300 301 
228 2379 -0.822751000 0.000026347 0.00000000000000000000 1.00000000000000000000 2 0 8 215 216 217 227 229 300 301 302 
229 2380 -0.821716000 0.048237300 0.00000000000000000000 1.00000000000000000000 2 0 8 216 217 218 228 230 301 302 303 
230 2381 -0.818617000 0.096370700 0.00000000000000000000 1.00000000000000000000 2 0 8 217 218 219 229 231 302 303 304 
231 2382 -0.813457000 0.144349000 0.00000000000000000000 1.00000000000000000000 2 0 8 218 219 220 230 232 303 304 305 
232 2383 -0.806245000 0.192095000 0.00000000000000000000 1.00000000000000000000 2 0 8 219 220 221 231 292 304 305 306 
233 2121 -0.0983082 -0.13997 2 0
234 2122 -0.106679 -0.125057 2 0
235 2123 -0.114099 -0.109921 2 0
236 2124 -0.120557 -0.0945883 2 0
237 2125 -0.12604 -0.0790851 2 0
238 2126 -0.13054 -0.0634394 2 0
239 2127 -0.134047 -0.0476791 2 0
240 2128 -0.136557 -0.0318326 2 0
241 2129 -0.138065 -0.0159284 2 0
242 2130 -0.138568 4.6371e-06 2 0
243 2131 -0.138065 0.0159377 2 0
244 1194 -0.136556 0.0318418 2 0
245 2138 -0.112065 -0.169316 2 0
246 2139 -0.121736 -0.153246 2 0
247 1207 -0.161482 0.0348483 2 0
248 2144 -0.126245 -0.201837 2 0
249 2145 -0.137309 -0.18462 2 0
250 1221 -0.188757 0.037983 2 0
251 1222 -0.186041 0.0568882 2 0
252 2148 -0.140734 -0.23767 2 0
253 2149 -0.153292 -0.219322 2 0
254 1236 -0.215655 0.0617926 2 0
255 1237 -0.211697 0.0822216 2 0
256 2150 -0.155403 -0.276965 2 0
257 2151 -0.169565 -0.257505 2 0
258 1251 -0.243694 0.0890501 2 0
259 1252 -0.238391 0.111025 2 0
260 7708 -0.185989 -0.299328 2 0
261 1266 -0.272812 0.119947 2 0
262 1267 -0.266051 0.143487 2 0
263 7719 -0.219053 -0.322785 2 0
264 1284 -0.302931 0.154687 2 0
265 1285 -0.294589 0.179809 2 0
266 7731 -0.25472 -0.347421 2 0
267 1302 -0.333958 0.19349 2 0
268 1303 -0.323902 0.220205 2 0
269 7743 -0.293123 -0.373327 2 0
270 7744 -0.310228 -0.347026 2 0
271 1320 -0.365782 0.236584 2 0
272 7757 -0.352393 -0.372361 2 0
273 7758 -0.369053 -0.343516 2 0
274 1337 -0.4108 0.253827 2 0
275 7772 -0.415191 -0.368133 2 0
276 1354 -0.459126 0.271997 2 0
277 7786 -0.464662 -0.394097 2 0
278 1371 -0.510941 0.291161 2 0
279 7800 -0.51765 -0.421501 2 0
280 7801 -0.535539 -0.385389 2 0
281 1669 -0.566439 0.31139 2 0
282 7816 -0.593228 -0.411848 2 0
283 7817 -0.6104 -0.372583 2 0
284 1670 -0.639514 0.292353 2 0
285 1671 -0.625826 0.332758 2 0
286 7833 -0.67304 -0.397877 2 0
287 7834 -0.689342 -0.355297 2 0
288 1673 -0.716348 0.268538 2 0
289 1674 -0.703776 0.312193 2 0
290 7851 -0.757191 -0.379181 2 0
291 7852 -0.772454 -0.333125 2 0
292 1679 -0.796995 0.239532 2 0
293 1680 -0.785719 0.286584 2 0
294 7870 -0.845774 -0.355325 2 0
295 7871 -0.859809 -0.305625 2 0
296 1687 -0.871724 -0.255435 2 0
297 1688 -0.881499 -0.204836 2 0
298 1689 -0.889118 -0.153908 2 0
299 1690 -0.894569 -0.102733 2 0
300 1691 -0.897843 -0.0513936 2 0
301 1692 -0.898934 2.84006e-05 2 0
302 1693 -0.897841 0.0514504 2 0
303 1694 -0.894565 0.10279 2 0
304 1695 -0.889111 0.153964 2 0
305 1696 -0.881489 0.204892 2 0
306 1697 -0.871712 0.255491 2 0
