315 239 76
1 8883 -0.919450000 -0.990358000 0.00000000000000000000 1.00000000000000000000 2 0 8 240 241 242 255 2 13 14 15 
2 8884 -0.959193000 -0.936294000 0.00000000000000000000 1.00000000000000000000 2 0 8 241 242 243 1 3 14 15 16 
3 8885 -0.996681000 -0.880749000 0.00000000000000000000 1.00000000000000000000 2 0 8 242 243 244 2 4 15 16 17 
4 8886 -1.031850000 -0.823810000 0.00000000000000000000 1.00000000000000000000 2 0 8 243 244 245 3 5 16 17 18 
5 8887 -1.064660000 -0.765567000 0.00000000000000000000 1.00000000000000000000 2 0 8 244 245 246 4 6 17 18 19 
6 8888 -1.095030000 -0.706110000 0.00000000000000000000 1.00000000000000000000 2 0 8 245 246 247 5 7 18 19 20 
7 8889 -1.122940000 -0.645534000 0.00000000000000000000 1.00000000000000000000 2 0 8 246 247 248 6 8 19 20 21 
8 8890 -1.148320000 -0.583934000 0.00000000000000000000 1.00000000000000000000 2 0 8 247 248 249 7 256 20 21 22 
9 8891 -0.760578000 -1.315810000 0.00000000000000000000 1.00000000000000000000 2 0 8 250 251 252 259 10 23 24 25 
10 8892 -0.813536000 -1.267390000 0.00000000000000000000 1.00000000000000000000 2 0 8 251 252 253 9 11 24 25 26 
11 8893 -0.864480000 -1.216970000 0.00000000000000000000 1.00000000000000000000 2 0 8 252 253 254 10 12 25 26 27 
12 8894 -0.913326000 -1.164640000 0.00000000000000000000 1.00000000000000000000 2 0 8 253 254 255 11 13 26 27 28 
13 8895 -0.959998000 -1.110470000 0.00000000000000000000 1.00000000000000000000 2 0 8 254 255 1 12 14 27 28 29 
14 8896 -1.004420000 -1.054550000 0.00000000000000000000 1.00000000000000000000 2 0 8 255 1 2 13 15 28 29 30 
15 8897 -1.046520000 -0.996971000 0.00000000000000000000 1.00000000000000000000 2 0 8 1 2 3 14 16 29 30 31 
16 8898 -1.086230000 -0.937813000 0.00000000000000000000 1.00000000000000000000 2 0 8 2 3 4 15 17 30 31 32 
17 8899 -1.123490000 -0.877173000 0.00000000000000000000 1.00000000000000000000 2 0 8 3 4 5 16 18 31 32 33 
18 8900 -1.158240000 -0.815146000 0.00000000000000000000 1.00000000000000000000 2 0 8 4 5 6 17 19 32 33 34 
19 8901 -1.190410000 -0.751830000 0.00000000000000000000 1.00000000000000000000 2 0 8 5 6 7 18 20 33 34 35 
20 8902 -1.219970000 -0.687324000 0.00000000000000000000 1.00000000000000000000 2 0 8 6 7 8 19 21 34 35 36 
21 8903 -1.246860000 -0.621730000 0.00000000000000000000 1.00000000000000000000 2 0 8 7 8 256 20 22 35 36 37 
22 8904 -1.271030000 -0.555152000 0.00000000000000000000 1.00000000000000000000 2 0 8 8 256 257 21 260 36 37 38 
23 8905 -0.778351000 -1.450250000 0.00000000000000000000 1.00000000000000000000 2 0 8 258 259 9 263 24 39 40 41 
24 8906 -0.836524000 -1.400870000 0.00000000000000000000 1.00000000000000000000 2 0 8 259 9 10 23 25 40 41 42 
25 8907 -0.892649000 -1.349300000 0.00000000000000000000 1.00000000000000000000 2 0 8 9 10 11 24 26 41 42 43 
26 8908 -0.946637000 -1.295600000 0.00000000000000000000 1.00000000000000000000 2 0 8 10 11 12 25 27 42 43 44 
27 8909 -0.998402000 -1.239870000 0.00000000000000000000 1.00000000000000000000 2 0 8 11 12 13 26 28 43 44 45 
28 8910 -1.047860000 -1.182180000 0.00000000000000000000 1.00000000000000000000 2 0 8 12 13 14 27 29 44 45 46 
29 8911 -1.094930000 -1.122640000 0.00000000000000000000 1.00000000000000000000 2 0 8 13 14 15 28 30 45 46 47 
30 8912 -1.139550000 -1.061320000 0.00000000000000000000 1.00000000000000000000 2 0 8 14 15 16 29 31 46 47 48 
31 8913 -1.181630000 -0.998330000 0.00000000000000000000 1.00000000000000000000 2 0 8 15 16 17 30 32 47 48 49 
32 8914 -1.221110000 -0.933765000 0.00000000000000000000 1.00000000000000000000 2 0 8 16 17 18 31 33 48 49 50 
33 8915 -1.257920000 -0.867727000 0.00000000000000000000 1.00000000000000000000 2 0 8 17 18 19 32 34 49 50 51 
34 8916 -1.292020000 -0.800318000 0.00000000000000000000 1.00000000000000000000 2 0 8 18 19 20 33 35 50 51 52 
35 8917 -1.323330000 -0.731645000 0.00000000000000000000 1.00000000000000000000 2 0 8 19 20 21 34 36 51 52 53 
36 8918 -1.351820000 -0.661815000 0.00000000000000000000 1.00000000000000000000 2 0 8 20 21 22 35 37 52 53 54 
37 8919 -1.377430000 -0.590939000 0.00000000000000000000 1.00000000000000000000 2 0 8 21 22 260 36 38 53 54 55 
38 8920 -1.400130000 -0.519129000 0.00000000000000000000 1.00000000000000000000 2 0 8 22 260 261 37 264 54 55 56 
39 8921 -0.791993000 -1.593860000 0.00000000000000000000 1.00000000000000000000 2 0 8 262 263 23 267 40 57 58 59 
40 8922 -0.855737000 -1.543690000 0.00000000000000000000 1.00000000000000000000 2 0 8 263 23 24 39 41 58 59 60 
41 8923 -0.917406000 -1.491110000 0.00000000000000000000 1.00000000000000000000 2 0 8 23 24 25 40 42 59 60 61 
42 8924 -0.976903000 -1.436190000 0.00000000000000000000 1.00000000000000000000 2 0 8 24 25 26 41 43 60 61 62 
43 8925 -1.034130000 -1.379010000 0.00000000000000000000 1.00000000000000000000 2 0 8 25 26 27 42 44 61 62 63 
44 8926 -1.089010000 -1.319670000 0.00000000000000000000 1.00000000000000000000 2 0 8 26 27 28 43 45 62 63 64 
45 8927 -1.141430000 -1.258250000 0.00000000000000000000 1.00000000000000000000 2 0 8 27 28 29 44 46 63 64 65 
46 8928 -1.191330000 -1.194860000 0.00000000000000000000 1.00000000000000000000 2 0 8 28 29 30 45 47 64 65 66 
47 8929 -1.238610000 -1.129580000 0.00000000000000000000 1.00000000000000000000 2 0 8 29 30 31 46 48 65 66 67 
48 8930 -1.283220000 -1.062530000 0.00000000000000000000 1.00000000000000000000 2 0 8 30 31 32 47 49 66 67 68 
49 8931 -1.325060000 -0.993798000 0.00000000000000000000 1.00000000000000000000 2 0 8 31 32 33 48 50 67 68 69 
50 8932 -1.364080000 -0.923504000 0.00000000000000000000 1.00000000000000000000 2 0 8 32 33 34 49 51 68 69 70 
51 8933 -1.400220000 -0.851753000 0.00000000000000000000 1.00000000000000000000 2 0 8 33 34 35 50 52 69 70 71 
52 8934 -1.433410000 -0.778659000 0.00000000000000000000 1.00000000000000000000 2 0 8 34 35 36 51 53 70 71 72 
53 8935 -1.463600000 -0.704337000 0.00000000000000000000 1.00000000000000000000 2 0 8 35 36 37 52 54 71 72 73 
54 8936 -1.490750000 -0.628902000 0.00000000000000000000 1.00000000000000000000 2 0 8 36 37 38 53 55 72 73 74 
55 8937 -1.514810000 -0.552475000 0.00000000000000000000 1.00000000000000000000 2 0 8 37 38 264 54 56 73 74 75 
56 8938 -1.535730000 -0.475175000 0.00000000000000000000 1.00000000000000000000 2 0 8 38 264 265 55 268 74 75 270 
57 8939 -0.800852000 -1.747010000 0.00000000000000000000 1.00000000000000000000 2 0 8 266 267 39 269 58 272 76 77 
58 8940 -0.870539000 -1.696250000 0.00000000000000000000 1.00000000000000000000 2 0 8 267 39 40 57 59 76 77 78 
59 8941 -0.938133000 -1.642840000 0.00000000000000000000 1.00000000000000000000 2 0 8 39 40 41 58 60 77 78 79 
60 8942 -1.003530000 -1.586850000 0.00000000000000000000 1.00000000000000000000 2 0 8 40 41 42 59 61 78 79 80 
61 8943 -1.066610000 -1.528380000 0.00000000000000000000 1.00000000000000000000 2 0 8 41 42 43 60 62 79 80 81 
62 8944 -1.127290000 -1.467510000 0.00000000000000000000 1.00000000000000000000 2 0 8 42 43 44 61 63 80 81 82 
63 8945 -1.185470000 -1.404340000 0.00000000000000000000 1.00000000000000000000 2 0 8 43 44 45 62 64 81 82 83 
64 8946 -1.241060000 -1.338960000 0.00000000000000000000 1.00000000000000000000 2 0 8 44 45 46 63 65 82 83 84 
65 8947 -1.293960000 -1.271490000 0.00000000000000000000 1.00000000000000000000 2 0 8 45 46 47 64 66 83 84 85 
66 8948 -1.344100000 -1.202010000 0.00000000000000000000 1.00000000000000000000 2 0 8 46 47 48 65 67 84 85 86 
67 8949 -1.391380000 -1.130640000 0.00000000000000000000 1.00000000000000000000 2 0 8 47 48 49 66 68 85 86 87 
68 8950 -1.435750000 -1.057500000 0.00000000000000000000 1.00000000000000000000 2 0 8 48 49 50 67 69 86 87 88 
69 8951 -1.477110000 -0.982685000 0.00000000000000000000 1.00000000000000000000 2 0 8 49 50 51 68 70 87 88 89 
70 8952 -1.515420000 -0.906328000 0.00000000000000000000 1.00000000000000000000 2 0 8 50 51 52 69 71 88 89 90 
71 8953 -1.550610000 -0.828543000 0.00000000000000000000 1.00000000000000000000 2 0 8 51 52 53 70 72 89 90 91 
72 8954 -1.582620000 -0.749453000 0.00000000000000000000 1.00000000000000000000 2 0 8 52 53 54 71 73 90 91 92 
73 8955 -1.611390000 -0.669182000 0.00000000000000000000 1.00000000000000000000 2 0 8 53 54 55 72 74 91 92 93 
74 8956 -1.636900000 -0.587856000 0.00000000000000000000 1.00000000000000000000 2 0 8 54 55 56 73 75 92 93 94 
75 8957 -1.659080000 -0.505603000 0.00000000000000000000 1.00000000000000000000 2 0 8 55 56 268 74 270 93 94 95 
76 8958 -0.880240000 -1.858960000 0.00000000000000000000 1.00000000000000000000 2 0 8 269 57 58 272 77 274 96 97 
77 8959 -0.954155000 -1.804920000 0.00000000000000000000 1.00000000000000000000 2 0 8 57 58 59 76 78 96 97 98 
78 8960 -1.025850000 -1.748060000 0.00000000000000000000 1.00000000000000000000 2 0 8 58 59 60 77 79 97 98 99 
79 8961 -1.095200000 -1.688460000 0.00000000000000000000 1.00000000000000000000 2 0 8 59 60 61 78 80 98 99 100 
80 8962 -1.162110000 -1.626220000 0.00000000000000000000 1.00000000000000000000 2 0 8 60 61 62 79 81 99 100 101 
81 8963 -1.226470000 -1.561430000 0.00000000000000000000 1.00000000000000000000 2 0 8 61 62 63 80 82 100 101 102 
82 8964 -1.288170000 -1.494200000 0.00000000000000000000 1.00000000000000000000 2 0 8 62 63 64 81 83 101 102 103 
83 8965 -1.347110000 -1.424620000 0.00000000000000000000 1.00000000000000000000 2 0 8 63 64 65 82 84 102 103 104 
84 8966 -1.403220000 -1.352810000 0.00000000000000000000 1.00000000000000000000 2 0 8 64 65 66 83 85 103 104 105 
85 8967 -1.456380000 -1.278870000 0.00000000000000000000 1.00000000000000000000 2 0 8 65 66 67 84 86 104 105 106 
86 8968 -1.506530000 -1.202930000 0.00000000000000000000 1.00000000000000000000 2 0 8 66 67 68 85 87 105 106 107 
87 8969 -1.553570000 -1.125090000 0.00000000000000000000 1.00000000000000000000 2 0 8 67 68 69 86 88 106 107 108 
88 8970 -1.597440000 -1.045490000 0.00000000000000000000 1.00000000000000000000 2 0 8 68 69 70 87 89 107 108 109 
89 8971 -1.638060000 -0.964244000 0.00000000000000000000 1.00000000000000000000 2 0 8 69 70 71 88 90 108 109 110 
90 8972 -1.675370000 -0.881482000 0.00000000000000000000 1.00000000000000000000 2 0 8 70 71 72 89 91 109 110 111 
91 8973 -1.709310000 -0.797333000 0.00000000000000000000 1.00000000000000000000 2 0 8 71 72 73 90 92 110 111 112 
92 8974 -1.739820000 -0.711929000 0.00000000000000000000 1.00000000000000000000 2 0 8 72 73 74 91 93 111 112 113 
93 8975 -1.766860000 -0.625404000 0.00000000000000000000 1.00000000000000000000 2 0 8 73 74 75 92 94 112 113 114 
94 8976 -1.790390000 -0.537895000 0.00000000000000000000 1.00000000000000000000 2 0 8 74 75 270 93 95 113 114 115 
95 8977 -1.810350000 -0.449538000 0.00000000000000000000 1.00000000000000000000 2 0 8 75 270 271 94 273 114 115 275 
96 8978 -0.964737000 -1.977790000 0.00000000000000000000 1.00000000000000000000 2 0 8 272 76 77 274 97 277 116 117 
97 8979 -1.043150000 -1.920270000 0.00000000000000000000 1.00000000000000000000 2 0 8 76 77 78 96 98 116 117 118 
98 8980 -1.119200000 -1.859740000 0.00000000000000000000 1.00000000000000000000 2 0 8 77 78 79 97 99 117 118 119 
99 8981 -1.192780000 -1.796310000 0.00000000000000000000 1.00000000000000000000 2 0 8 78 79 80 98 100 118 119 120 
100 8982 -1.263750000 -1.730070000 0.00000000000000000000 1.00000000000000000000 2 0 8 79 80 81 99 101 119 120 121 
101 8983 -1.332020000 -1.661120000 0.00000000000000000000 1.00000000000000000000 2 0 8 80 81 82 100 102 120 121 122 
102 8984 -1.397460000 -1.589570000 0.00000000000000000000 1.00000000000000000000 2 0 8 81 82 83 101 103 121 122 123 
103 8985 -1.459990000 -1.515530000 0.00000000000000000000 1.00000000000000000000 2 0 8 82 83 84 102 104 122 123 124 
104 8986 -1.519500000 -1.439120000 0.00000000000000000000 1.00000000000000000000 2 0 8 83 84 85 103 105 123 124 125 
105 8987 -1.575890000 -1.360450000 0.00000000000000000000 1.00000000000000000000 2 0 8 84 85 86 104 106 124 125 126 
106 8988 -1.629070000 -1.279650000 0.00000000000000000000 1.00000000000000000000 2 0 8 85 86 87 105 107 125 126 127 
107 8989 -1.678970000 -1.196840000 0.00000000000000000000 1.00000000000000000000 2 0 8 86 87 88 106 108 126 127 128 
108 8990 -1.725500000 -1.112150000 0.00000000000000000000 1.00000000000000000000 2 0 8 87 88 89 107 109 127 128 129 
109 8991 -1.768580000 -1.025720000 0.00000000000000000000 1.00000000000000000000 2 0 8 88 89 90 108 110 128 129 130 
110 8992 -1.808150000 -0.937672000 0.00000000000000000000 1.00000000000000000000 2 0 8 89 90 91 109 111 129 130 131 
111 8993 -1.844150000 -0.848153000 0.00000000000000000000 1.00000000000000000000 2 0 8 90 91 92 110 112 130 131 132 
112 8994 -1.876510000 -0.757301000 0.00000000000000000000 1.00000000000000000000 2 0 8 91 92 93 111 113 131 132 133 
113 8995 -1.905190000 -0.665258000 0.00000000000000000000 1.00000000000000000000 2 0 8 92 93 94 112 114 132 133 134 
114 8996 -1.930130000 -0.572170000 0.00000000000000000000 1.00000000000000000000 2 0 8 93 94 95 113 115 133 134 135 
115 8997 -1.951310000 -0.478181000 0.00000000000000000000 1.00000000000000000000 2 0 8 94 95 273 114 275 134 135 136 
116 8998 -1.054660000 -2.103940000 0.00000000000000000000 1.00000000000000000000 2 0 8 274 96 97 277 117 279 280 137 
117 8999 -1.137860000 -2.042720000 0.00000000000000000000 1.00000000000000000000 2 0 8 96 97 98 116 118 280 137 138 
118 9000 -1.218550000 -1.978300000 0.00000000000000000000 1.00000000000000000000 2 0 8 97 98 99 117 119 137 138 139 
119 9001 -1.296610000 -1.910800000 0.00000000000000000000 1.00000000000000000000 2 0 8 98 99 100 118 120 138 139 140 
120 9002 -1.371910000 -1.840310000 0.00000000000000000000 1.00000000000000000000 2 0 8 99 100 101 119 121 139 140 141 
121 9003 -1.444340000 -1.766950000 0.00000000000000000000 1.00000000000000000000 2 0 8 100 101 102 120 122 140 141 142 
122 9004 -1.513780000 -1.690820000 0.00000000000000000000 1.00000000000000000000 2 0 8 101 102 103 121 123 141 142 143 
123 9005 -1.580110000 -1.612050000 0.00000000000000000000 1.00000000000000000000 2 0 8 102 103 104 122 124 142 143 144 
124 9006 -1.643240000 -1.530750000 0.00000000000000000000 1.00000000000000000000 2 0 8 103 104 105 123 125 143 144 145 
125 9007 -1.703060000 -1.447060000 0.00000000000000000000 1.00000000000000000000 2 0 8 104 105 106 124 126 144 145 146 
126 9008 -1.759480000 -1.361100000 0.00000000000000000000 1.00000000000000000000 2 0 8 105 106 107 125 127 145 146 147 
127 9009 -1.812410000 -1.273010000 0.00000000000000000000 1.00000000000000000000 2 0 8 106 107 108 126 128 146 147 148 
128 9010 -1.861770000 -1.182920000 0.00000000000000000000 1.00000000000000000000 2 0 8 107 108 109 127 129 147 148 149 
129 9011 -1.907470000 -1.090980000 0.00000000000000000000 1.00000000000000000000 2 0 8 108 109 110 128 130 148 149 150 
130 9012 -1.949450000 -0.997323000 0.00000000000000000000 1.00000000000000000000 2 0 8 109 110 111 129 131 149 150 151 
131 9013 -1.987630000 -0.902103000 0.00000000000000000000 1.00000000000000000000 2 0 8 110 111 112 130 132 150 151 152 
132 9014 -2.021960000 -0.805467000 0.00000000000000000000 1.00000000000000000000 2 0 8 111 112 113 131 133 151 152 153 
133 9015 -2.052380000 -0.707567000 0.00000000000000000000 1.00000000000000000000 2 0 8 112 113 114 132 134 152 153 154 
134 9016 -2.078840000 -0.608556000 0.00000000000000000000 1.00000000000000000000 2 0 8 113 114 115 133 135 153 154 155 
135 9017 -2.101300000 -0.508588000 0.00000000000000000000 1.00000000000000000000 2 0 8 114 115 275 134 136 154 155 281 
136 9018 -2.119730000 -0.407822000 0.00000000000000000000 1.00000000000000000000 2 0 8 115 275 276 135 278 155 281 282 
137 9019 -1.238630000 -2.172720000 0.00000000000000000000 1.00000000000000000000 2 0 8 116 117 118 280 138 283 156 157 
138 9020 -1.324260000 -2.104180000 0.00000000000000000000 1.00000000000000000000 2 0 8 117 118 119 137 139 156 157 158 
139 9021 -1.407090000 -2.032360000 0.00000000000000000000 1.00000000000000000000 2 0 8 118 119 120 138 140 157 158 159 
140 9022 -1.487000000 -1.957360000 0.00000000000000000000 1.00000000000000000000 2 0 8 119 120 121 139 141 158 159 160 
141 9023 -1.563850000 -1.879310000 0.00000000000000000000 1.00000000000000000000 2 0 8 120 121 122 140 142 159 160 161 
142 9024 -1.637530000 -1.798320000 0.00000000000000000000 1.00000000000000000000 2 0 8 121 122 123 141 143 160 161 162 
143 9025 -1.707920000 -1.714520000 0.00000000000000000000 1.00000000000000000000 2 0 8 122 123 124 142 144 161 162 163 
144 9026 -1.774900000 -1.628040000 0.00000000000000000000 1.00000000000000000000 2 0 8 123 124 125 143 145 162 163 164 
145 9027 -1.838380000 -1.539020000 0.00000000000000000000 1.00000000000000000000 2 0 8 124 125 126 144 146 163 164 165 
146 9028 -1.898240000 -1.447580000 0.00000000000000000000 1.00000000000000000000 2 0 8 125 126 127 145 147 164 165 166 
147 9029 -1.954400000 -1.353880000 0.00000000000000000000 1.00000000000000000000 2 0 8 126 127 128 146 148 165 166 167 
148 9030 -2.006760000 -1.258060000 0.00000000000000000000 1.00000000000000000000 2 0 8 127 128 129 147 149 166 167 168 
149 9031 -2.055250000 -1.160270000 0.00000000000000000000 1.00000000000000000000 2 0 8 128 129 130 148 150 167 168 169 
150 9032 -2.099790000 -1.060660000 0.00000000000000000000 1.00000000000000000000 2 0 8 129 130 131 149 151 168 169 170 
151 9033 -2.140300000 -0.959384000 0.00000000000000000000 1.00000000000000000000 2 0 8 130 131 132 150 152 169 170 171 
152 9034 -2.176720000 -0.856607000 0.00000000000000000000 1.00000000000000000000 2 0 8 131 132 133 151 153 170 171 172 
153 9035 -2.208990000 -0.752487000 0.00000000000000000000 1.00000000000000000000 2 0 8 132 133 134 152 154 171 172 173 
154 9036 -2.237070000 -0.647188000 0.00000000000000000000 1.00000000000000000000 2 0 8 133 134 135 153 155 172 173 284 
155 9037 -2.260900000 -0.540873000 0.00000000000000000000 1.00000000000000000000 2 0 8 134 135 136 154 281 173 284 285 
156 9038 -1.345840000 -2.310780000 0.00000000000000000000 1.00000000000000000000 2 0 8 280 137 138 283 157 286 174 175 
157 9039 -1.436720000 -2.237850000 0.00000000000000000000 1.00000000000000000000 2 0 8 137 138 139 156 158 174 175 176 
158 9040 -1.524630000 -2.161440000 0.00000000000000000000 1.00000000000000000000 2 0 8 138 139 140 157 159 175 176 177 
159 9041 -1.609440000 -2.081660000 0.00000000000000000000 1.00000000000000000000 2 0 8 139 140 141 158 160 176 177 178 
160 9042 -1.691000000 -1.998630000 0.00000000000000000000 1.00000000000000000000 2 0 8 140 141 142 159 161 177 178 179 
161 9043 -1.769190000 -1.912470000 0.00000000000000000000 1.00000000000000000000 2 0 8 141 142 143 160 162 178 179 180 
162 9044 -1.843890000 -1.823340000 0.00000000000000000000 1.00000000000000000000 2 0 8 142 143 144 161 163 179 180 181 
163 9045 -1.914970000 -1.731350000 0.00000000000000000000 1.00000000000000000000 2 0 8 143 144 145 162 164 180 181 182 
164 9046 -1.982330000 -1.636660000 0.00000000000000000000 1.00000000000000000000 2 0 8 144 145 146 163 165 181 182 183 
165 9047 -2.045860000 -1.539410000 0.00000000000000000000 1.00000000000000000000 2 0 8 145 146 147 164 166 182 183 184 
166 9048 -2.105450000 -1.439750000 0.00000000000000000000 1.00000000000000000000 2 0 8 146 147 148 165 167 183 184 185 
167 9049 -2.161020000 -1.337840000 0.00000000000000000000 1.00000000000000000000 2 0 8 147 148 149 166 168 184 185 186 
168 9050 -2.212470000 -1.233840000 0.00000000000000000000 1.00000000000000000000 2 0 8 148 149 150 167 169 185 186 187 
169 9051 -2.259730000 -1.127910000 0.00000000000000000000 1.00000000000000000000 2 0 8 149 150 151 168 170 186 187 188 
170 9052 -2.302710000 -1.020210000 0.00000000000000000000 1.00000000000000000000 2 0 8 150 151 152 169 171 187 188 189 
171 9053 -2.341360000 -0.910911000 0.00000000000000000000 1.00000000000000000000 2 0 8 151 152 153 170 172 188 189 190 
172 9054 -2.375600000 -0.800187000 0.00000000000000000000 1.00000000000000000000 2 0 8 152 153 154 171 173 189 190 287 
173 9055 -2.405390000 -0.688209000 0.00000000000000000000 1.00000000000000000000 2 0 8 153 154 155 172 284 190 287 288 
174 9056 -1.459880000 -2.457390000 0.00000000000000000000 1.00000000000000000000 2 0 8 283 156 157 286 175 289 290 191 
175 9057 -1.556350000 -2.379810000 0.00000000000000000000 1.00000000000000000000 2 0 8 156 157 158 174 176 290 191 192 
176 9058 -1.649670000 -2.298520000 0.00000000000000000000 1.00000000000000000000 2 0 8 157 158 159 175 177 191 192 193 
177 9059 -1.739680000 -2.213660000 0.00000000000000000000 1.00000000000000000000 2 0 8 158 159 160 176 178 192 193 194 
178 9060 -1.826260000 -2.125340000 0.00000000000000000000 1.00000000000000000000 2 0 8 159 160 161 177 179 193 194 195 
179 9061 -1.909250000 -2.033700000 0.00000000000000000000 1.00000000000000000000 2 0 8 160 161 162 178 180 194 195 196 
180 9062 -1.988530000 -1.938900000 0.00000000000000000000 1.00000000000000000000 2 0 8 161 162 163 179 181 195 196 197 
181 9063 -2.063970000 -1.841060000 0.00000000000000000000 1.00000000000000000000 2 0 8 162 163 164 180 182 196 197 198 
182 9064 -2.135460000 -1.740360000 0.00000000000000000000 1.00000000000000000000 2 0 8 163 164 165 181 183 197 198 199 
183 9065 -2.202880000 -1.636930000 0.00000000000000000000 1.00000000000000000000 2 0 8 164 165 166 182 184 198 199 200 
184 9066 -2.266130000 -1.530950000 0.00000000000000000000 1.00000000000000000000 2 0 8 165 166 167 183 185 199 200 201 
185 9067 -2.325110000 -1.422570000 0.00000000000000000000 1.00000000000000000000 2 0 8 166 167 168 184 186 200 201 202 
186 9068 -2.379710000 -1.311980000 0.00000000000000000000 1.00000000000000000000 2 0 8 167 168 169 185 187 201 202 203 
187 9069 -2.429860000 -1.199330000 0.00000000000000000000 1.00000000000000000000 2 0 8 168 169 170 186 188 202 203 204 
188 9070 -2.475480000 -1.084800000 0.00000000000000000000 1.00000000000000000000 2 0 8 169 170 171 187 189 203 204 205 
189 9071 -2.516490000 -0.968580000 0.00000000000000000000 1.00000000000000000000 2 0 8 170 171 172 188 190 204 205 291 
190 9072 -2.552830000 -0.850843000 0.00000000000000000000 1.00000000000000000000 2 0 8 171 172 173 189 287 205 291 292 
191 9073 -1.683600000 -2.530580000 0.00000000000000000000 1.00000000000000000000 2 0 8 174 175 176 290 192 293 294 206 
192 9074 -1.782670000 -2.444120000 0.00000000000000000000 1.00000000000000000000 2 0 8 175 176 177 191 193 294 206 207 
193 9075 -1.878220000 -2.353850000 0.00000000000000000000 1.00000000000000000000 2 0 8 176 177 178 192 194 206 207 208 
194 9076 -1.970120000 -2.259920000 0.00000000000000000000 1.00000000000000000000 2 0 8 177 178 179 193 195 207 208 209 
195 9077 -2.058220000 -2.162460000 0.00000000000000000000 1.00000000000000000000 2 0 8 178 179 180 194 196 208 209 210 
196 9078 -2.142370000 -2.061630000 0.00000000000000000000 1.00000000000000000000 2 0 8 179 180 181 195 197 209 210 211 
197 9079 -2.222460000 -1.957590000 0.00000000000000000000 1.00000000000000000000 2 0 8 180 181 182 196 198 210 211 212 
198 9080 -2.298340000 -1.850490000 0.00000000000000000000 1.00000000000000000000 2 0 8 181 182 183 197 199 211 212 213 
199 9081 -2.369910000 -1.740510000 0.00000000000000000000 1.00000000000000000000 2 0 8 182 183 184 198 200 212 213 214 
200 9082 -2.437040000 -1.627810000 0.00000000000000000000 1.00000000000000000000 2 0 8 183 184 185 199 201 213 214 215 
201 9083 -2.499630000 -1.512570000 0.00000000000000000000 1.00000000000000000000 2 0 8 184 185 186 200 202 214 215 216 
202 9084 -2.557590000 -1.394960000 0.00000000000000000000 1.00000000000000000000 2 0 8 185 186 187 201 203 215 216 217 
203 9085 -2.610820000 -1.275180000 0.00000000000000000000 1.00000000000000000000 2 0 8 186 187 188 202 204 216 217 218 
204 9086 -2.659240000 -1.153410000 0.00000000000000000000 1.00000000000000000000 2 0 8 187 188 189 203 205 217 218 295 
205 9087 -2.702770000 -1.029830000 0.00000000000000000000 1.00000000000000000000 2 0 8 188 189 190 204 291 218 295 296 
206 9088 -1.924120000 -2.598770000 0.00000000000000000000 1.00000000000000000000 2 0 8 191 192 193 294 207 297 298 219 
207 9089 -2.025560000 -2.502770000 0.00000000000000000000 1.00000000000000000000 2 0 8 192 193 194 206 208 298 219 220 
208 9090 -2.123130000 -2.402860000 0.00000000000000000000 1.00000000000000000000 2 0 8 193 194 195 207 209 219 220 221 
209 9091 -2.216650000 -2.299220000 0.00000000000000000000 1.00000000000000000000 2 0 8 194 195 196 208 210 220 221 222 
210 9092 -2.306000000 -2.192000000 0.00000000000000000000 1.00000000000000000000 2 0 8 195 196 197 209 211 221 222 223 
211 9093 -2.391010000 -2.081360000 0.00000000000000000000 1.00000000000000000000 2 0 8 196 197 198 210 212 222 223 224 
212 9094 -2.471570000 -1.967470000 0.00000000000000000000 1.00000000000000000000 2 0 8 197 198 199 211 213 223 224 225 
213 9095 -2.547540000 -1.850520000 0.00000000000000000000 1.00000000000000000000 2 0 8 198 199 200 212 214 224 225 226 
214 9096 -2.618810000 -1.730690000 0.00000000000000000000 1.00000000000000000000 2 0 8 199 200 201 213 215 225 226 227 
215 9097 -2.685250000 -1.608150000 0.00000000000000000000 1.00000000000000000000 2 0 8 200 201 202 214 216 226 227 228 
216 9098 -2.746780000 -1.483110000 0.00000000000000000000 1.00000000000000000000 2 0 8 201 202 203 215 217 227 228 229 
217 9099 -2.803280000 -1.355750000 0.00000000000000000000 1.00000000000000000000 2 0 8 202 203 204 216 218 228 229 299 
218 9100 -2.854680000 -1.226280000 0.00000000000000000000 1.00000000000000000000 2 0 8 203 204 205 217 295 229 299 300 
219 9101 -2.182260000 -2.660960000 0.00000000000000000000 1.00000000000000000000 2 0 8 206 207 208 298 220 301 230 231 
220 9102 -2.285850000 -2.554720000 0.00000000000000000000 1.00000000000000000000 2 0 8 207 208 209 219 221 230 231 232 
221 9103 -2.385150000 -2.444500000 0.00000000000000000000 1.00000000000000000000 2 0 8 208 209 210 220 222 231 232 233 
222 9104 -2.480000000 -2.330480000 0.00000000000000000000 1.00000000000000000000 2 0 8 209 210 211 221 223 232 233 234 
223 9105 -2.570270000 -2.212840000 0.00000000000000000000 1.00000000000000000000 2 0 8 210 211 212 222 224 233 234 235 
224 9106 -2.655790000 -2.091740000 0.00000000000000000000 1.00000000000000000000 2 0 8 211 212 213 223 225 234 235 236 
225 9107 -2.736450000 -1.967390000 0.00000000000000000000 1.00000000000000000000 2 0 8 212 213 214 224 226 235 236 237 
226 9108 -2.812110000 -1.839980000 0.00000000000000000000 1.00000000000000000000 2 0 8 213 214 215 225 227 236 237 238 
227 9109 -2.882650000 -1.709690000 0.00000000000000000000 1.00000000000000000000 2 0 8 214 215 216 226 228 237 238 239 
228 9110 -2.947970000 -1.576740000 0.00000000000000000000 1.00000000000000000000 2 0 8 215 216 217 227 229 238 239 302 
229 9111 -3.007960000 -1.441340000 0.00000000000000000000 1.00000000000000000000 2 0 8 216 217 218 228 299 239 302 303 
230 9112 -2.348890000 -2.829010000 0.00000000000000000000 1.00000000000000000000 2 0 8 298 219 220 301 231 304 305 306 
231 9113 -2.458890000 -2.716040000 0.00000000000000000000 1.00000000000000000000 2 0 8 219 220 221 230 232 305 306 307 
232 9114 -2.564330000 -2.598840000 0.00000000000000000000 1.00000000000000000000 2 0 8 220 221 222 231 233 306 307 308 
233 9115 -2.665050000 -2.477600000 0.00000000000000000000 1.00000000000000000000 2 0 8 221 222 223 232 234 307 308 309 
234 9116 -2.760890000 -2.352510000 0.00000000000000000000 1.00000000000000000000 2 0 8 222 223 224 233 235 308 309 310 
235 9117 -2.851700000 -2.223760000 0.00000000000000000000 1.00000000000000000000 2 0 8 223 224 225 234 236 309 310 311 
236 9118 -2.937330000 -2.091550000 0.00000000000000000000 1.00000000000000000000 2 0 8 224 225 226 235 237 310 311 312 
237 9119 -3.017660000 -1.956080000 0.00000000000000000000 1.00000000000000000000 2 0 8 225 226 227 236 238 311 312 313 
238 9120 -3.092560000 -1.817560000 0.00000000000000000000 1.00000000000000000000 2 0 8 226 227 228 237 239 312 313 314 
239 9121 -3.161910000 -1.676220000 0.00000000000000000000 1.00000000000000000000 2 0 8 227 228 229 238 302 313 314 315 
240 7911 -0.800112 -0.979081 2 0
241 7912 -0.839708 -0.929809 2 0
242 7913 -0.877237 -0.879065 2 0
243 7914 -0.912638 -0.826928 2 0
244 7915 -0.945854 -0.77348 2 0
245 7916 -0.976831 -0.718804 2 0
246 7917 -1.00552 -0.662988 2 0
247 7918 -1.03187 -0.606118 2 0
248 7919 -1.05584 -0.548285 2 0
249 1748 -1.0774 -0.48958 2 0
250 8133 -0.637479 -1.2791 2 0
251 7920 -0.689285 -1.2356 2 0
252 7921 -0.73927 -1.19015 2 0
253 7922 -0.787355 -1.14283 2 0
254 7923 -0.833462 -1.09371 2 0
255 7924 -0.877517 -1.04286 2 0
256 1770 -1.17114 -0.521407 2 0
257 1771 -1.19137 -0.458053 2 0
258 8143 -0.648957 -1.40637 2 0
259 8144 -0.705689 -1.36216 2 0
260 1792 -1.29246 -0.487694 2 0
261 1793 -1.31109 -0.419463 2 0
262 8152 -0.656238 -1.5421 2 0
263 8153 -0.718224 -1.49735 2 0
264 1813 -1.41988 -0.446497 2 0
265 1814 -1.43664 -0.373159 2 0
266 8159 -0.658692 -1.68662 2 0
267 8160 -0.726277 -1.64152 2 0
268 1833 -1.5535 -0.397125 2 0
269 8161 -0.729181 -1.79504 2 0
270 1851 -1.67791 -0.422553 2 0
271 1852 -1.69336 -0.338836 2 0
272 8656 -0.804219 -1.9101 2 0
273 1868 -1.82673 -0.360474 2 0
274 8664 -0.884087 -2.03223 2 0
275 1879 -1.96868 -0.383441 2 0
276 1880 -1.98222 -0.288097 2 0
277 8673 -0.969081 -2.16189 2 0
278 1889 -2.13409 -0.306416 2 0
279 8683 -1.05952 -2.29954 2 0
280 8684 -1.15033 -2.23788 2 0
281 9361 -2.28045 -0.433709 2 0
282 9362 -2.29568 -0.325865 2 0
283 8696 -1.25212 -2.3801 2 0
284 9363 -2.43068 -0.575154 2 0
285 9364 -2.45142 -0.461197 2 0
286 8709 -1.36041 -2.53115 2 0
287 9367 -2.58445 -0.731774 2 0
288 9368 -2.61128 -0.61156 2 0
289 8723 -1.47558 -2.69157 2 0
290 8724 -1.58119 -2.61311 2 0
291 9374 -2.74134 -0.904643 2 0
292 9375 -2.7749 -0.778043 2 0
293 8740 -1.71021 -2.77851 2 0
294 8741 -1.81894 -2.69074 2 0
295 9382 -2.90089 -1.09489 2 0
296 9383 -2.94183 -0.961789 2 0
297 8759 -1.96287 -2.86086 2 0
298 8760 -2.07455 -2.76306 2 0
299 9391 -3.06252 -1.30368 2 0
300 9392 -3.11157 -1.164 2 0
301 8779 -2.23451 -2.93759 2 0
302 9401 -3.2256 -1.53226 2 0
303 9402 -3.28353 -1.38592 2 0
304 8797 -2.40462 -3.12301 2 0
305 9122 -2.52608 -3.00755 2 0
306 9123 -2.64289 -2.88743 2 0
307 9124 -2.75485 -2.76281 2 0
308 9125 -2.86181 -2.63391 2 0
309 9126 -2.96358 -2.5009 2 0
310 9127 -3.06 -2.36401 2 0
311 9128 -3.15094 -2.22345 2 0
312 9129 -3.23624 -2.07942 2 0
313 9130 -3.31577 -1.93216 2 0
314 9413 -3.3894 -1.7819 2 0
315 9414 -3.45703 -1.62886 2 0
