322 240 82
1 4303 0.656696000 0.848659000 0.00000000000000000000 1.00000000000000000000 2 0 8 241 242 243 247 2 4 5 6 
2 4304 0.694936000 0.841982000 0.00000000000000000000 1.00000000000000000000 2 0 8 242 243 244 1 248 5 6 7 
3 4305 0.583685000 0.920087000 0.00000000000000000000 1.00000000000000000000 2 0 8 245 246 247 251 4 8 9 10 
4 4306 0.624565000 0.915785000 0.00000000000000000000 1.00000000000000000000 2 0 8 246 247 1 3 5 9 10 11 
5 4307 0.665205000 0.910078000 0.00000000000000000000 1.00000000000000000000 2 0 8 247 1 2 4 6 10 11 12 
6 4308 0.705542000 0.902979000 0.00000000000000000000 1.00000000000000000000 2 0 8 1 2 248 5 7 11 12 13 
7 4309 0.745516000 0.894502000 0.00000000000000000000 1.00000000000000000000 2 0 8 2 248 249 6 252 12 13 14 
8 4310 0.544927000 0.988518000 0.00000000000000000000 1.00000000000000000000 2 0 8 250 251 3 255 9 15 16 17 
9 4311 0.588265000 0.985485000 0.00000000000000000000 1.00000000000000000000 2 0 8 251 3 4 8 10 16 17 18 
10 4312 0.631418000 0.980937000 0.00000000000000000000 1.00000000000000000000 2 0 8 3 4 5 9 11 17 18 19 
11 4313 0.674320000 0.974884000 0.00000000000000000000 1.00000000000000000000 2 0 8 4 5 6 10 12 18 19 20 
12 4314 0.716906000 0.967338000 0.00000000000000000000 1.00000000000000000000 2 0 8 5 6 7 11 13 19 20 21 
13 4315 0.759109000 0.958315000 0.00000000000000000000 1.00000000000000000000 2 0 8 6 7 252 12 14 20 21 22 
14 4316 0.800867000 0.947832000 0.00000000000000000000 1.00000000000000000000 2 0 8 7 252 253 13 256 21 22 23 
15 4317 0.501483000 1.059290000 0.00000000000000000000 1.00000000000000000000 2 0 8 254 255 8 262 16 27 28 29 
16 4318 0.547386000 1.057730000 0.00000000000000000000 1.00000000000000000000 2 0 8 255 8 9 15 17 28 29 30 
17 4319 0.593166000 1.054550000 0.00000000000000000000 1.00000000000000000000 2 0 8 8 9 10 16 18 29 30 31 
18 4320 0.638753000 1.049740000 0.00000000000000000000 1.00000000000000000000 2 0 8 9 10 11 17 19 30 31 32 
19 4321 0.684078000 1.043320000 0.00000000000000000000 1.00000000000000000000 2 0 8 10 11 12 18 20 31 32 33 
20 4322 0.729070000 1.035300000 0.00000000000000000000 1.00000000000000000000 2 0 8 11 12 13 19 21 32 33 34 
21 4323 0.773662000 1.025700000 0.00000000000000000000 1.00000000000000000000 2 0 8 12 13 14 20 22 33 34 35 
22 4324 0.817785000 1.014530000 0.00000000000000000000 1.00000000000000000000 2 0 8 13 14 256 21 23 34 35 36 
23 4325 0.861374000 1.001830000 0.00000000000000000000 1.00000000000000000000 2 0 8 14 256 257 22 263 35 36 37 
24 4326 0.307652000 1.121420000 0.00000000000000000000 1.00000000000000000000 2 0 8 258 259 260 266 25 38 39 40 
25 4327 0.355927000 1.126810000 0.00000000000000000000 1.00000000000000000000 2 0 8 259 260 261 24 26 39 40 41 
26 4328 0.404375000 1.130450000 0.00000000000000000000 1.00000000000000000000 2 0 8 260 261 262 25 27 40 41 42 
27 4329 0.452923000 1.132350000 0.00000000000000000000 1.00000000000000000000 2 0 8 261 262 15 26 28 41 42 43 
28 4330 0.501494000 1.132490000 0.00000000000000000000 1.00000000000000000000 2 0 8 262 15 16 27 29 42 43 44 
29 4331 0.550013000 1.130880000 0.00000000000000000000 1.00000000000000000000 2 0 8 15 16 17 28 30 43 44 45 
30 4332 0.598405000 1.127520000 0.00000000000000000000 1.00000000000000000000 2 0 8 16 17 18 29 31 44 45 46 
31 4333 0.646597000 1.122440000 0.00000000000000000000 1.00000000000000000000 2 0 8 17 18 19 30 32 45 46 47 
32 4334 0.694513000 1.115630000 0.00000000000000000000 1.00000000000000000000 2 0 8 18 19 20 31 33 46 47 48 
33 4335 0.742081000 1.107110000 0.00000000000000000000 1.00000000000000000000 2 0 8 19 20 21 32 34 47 48 49 
34 4336 0.789227000 1.096900000 0.00000000000000000000 1.00000000000000000000 2 0 8 20 21 22 33 35 48 49 50 
35 4337 0.835882000 1.085020000 0.00000000000000000000 1.00000000000000000000 2 0 8 21 22 23 34 36 49 50 51 
36 4338 0.881972000 1.071480000 0.00000000000000000000 1.00000000000000000000 2 0 8 22 23 263 35 37 50 51 52 
37 4339 0.927430000 1.056320000 0.00000000000000000000 1.00000000000000000000 2 0 8 23 263 264 36 267 51 52 270 
38 4340 0.245733000 1.190170000 0.00000000000000000000 1.00000000000000000000 2 0 8 265 266 24 269 39 53 54 55 
39 4341 0.296513000 1.197850000 0.00000000000000000000 1.00000000000000000000 2 0 8 266 24 25 38 40 54 55 56 
40 4342 0.347560000 1.203660000 0.00000000000000000000 1.00000000000000000000 2 0 8 24 25 26 39 41 55 56 57 
41 4343 0.398793000 1.207610000 0.00000000000000000000 1.00000000000000000000 2 0 8 25 26 27 40 42 56 57 58 
42 4344 0.450134000 1.209680000 0.00000000000000000000 1.00000000000000000000 2 0 8 26 27 28 41 43 57 58 59 
43 4345 0.501502000 1.209880000 0.00000000000000000000 1.00000000000000000000 2 0 8 27 28 29 42 44 58 59 60 
44 4346 0.552819000 1.208220000 0.00000000000000000000 1.00000000000000000000 2 0 8 28 29 30 43 45 59 60 61 
45 4347 0.604004000 1.204690000 0.00000000000000000000 1.00000000000000000000 2 0 8 29 30 31 44 46 60 61 62 
46 4348 0.654978000 1.199320000 0.00000000000000000000 1.00000000000000000000 2 0 8 30 31 32 45 47 61 62 63 
47 4349 0.705665000 1.192100000 0.00000000000000000000 1.00000000000000000000 2 0 8 31 32 33 46 48 62 63 64 
48 4350 0.755986000 1.183050000 0.00000000000000000000 1.00000000000000000000 2 0 8 32 33 34 47 49 63 64 65 
49 4351 0.805864000 1.172190000 0.00000000000000000000 1.00000000000000000000 2 0 8 33 34 35 48 50 64 65 66 
50 4352 0.855223000 1.159550000 0.00000000000000000000 1.00000000000000000000 2 0 8 34 35 36 49 51 65 66 67 
51 4353 0.903989000 1.145130000 0.00000000000000000000 1.00000000000000000000 2 0 8 35 36 37 50 52 66 67 68 
52 4354 0.952088000 1.128980000 0.00000000000000000000 1.00000000000000000000 2 0 8 36 37 267 51 270 67 68 69 
53 4355 0.177537000 1.260250000 0.00000000000000000000 1.00000000000000000000 2 0 8 268 269 38 273 54 70 71 72 
54 4356 0.230891000 1.270470000 0.00000000000000000000 1.00000000000000000000 2 0 8 269 38 39 53 55 71 72 73 
55 4357 0.284614000 1.278710000 0.00000000000000000000 1.00000000000000000000 2 0 8 38 39 40 54 56 72 73 74 
56 4358 0.338621000 1.284970000 0.00000000000000000000 1.00000000000000000000 2 0 8 39 40 41 55 57 73 74 75 
57 4359 0.392829000 1.289240000 0.00000000000000000000 1.00000000000000000000 2 0 8 40 41 42 56 58 74 75 76 
58 4360 0.447154000 1.291500000 0.00000000000000000000 1.00000000000000000000 2 0 8 41 42 43 57 59 75 76 77 
59 4361 0.501510000 1.291780000 0.00000000000000000000 1.00000000000000000000 2 0 8 42 43 44 58 60 76 77 78 
60 4362 0.555814000 1.290050000 0.00000000000000000000 1.00000000000000000000 2 0 8 43 44 45 59 61 77 78 79 
61 4363 0.609981000 1.286340000 0.00000000000000000000 1.00000000000000000000 2 0 8 44 45 46 60 62 78 79 80 
62 4364 0.663929000 1.280650000 0.00000000000000000000 1.00000000000000000000 2 0 8 45 46 47 61 63 79 80 81 
63 4365 0.717575000 1.273000000 0.00000000000000000000 1.00000000000000000000 2 0 8 46 47 48 62 64 80 81 82 
64 4366 0.770837000 1.263390000 0.00000000000000000000 1.00000000000000000000 2 0 8 47 48 49 63 65 81 82 83 
65 4367 0.823633000 1.251850000 0.00000000000000000000 1.00000000000000000000 2 0 8 48 49 50 64 66 82 83 84 
66 4368 0.875882000 1.238400000 0.00000000000000000000 1.00000000000000000000 2 0 8 49 50 51 65 67 83 84 85 
67 4369 0.927507000 1.223050000 0.00000000000000000000 1.00000000000000000000 2 0 8 50 51 52 66 68 84 85 86 
68 4370 0.978428000 1.205850000 0.00000000000000000000 1.00000000000000000000 2 0 8 51 52 270 67 69 85 86 87 
69 4371 1.028570000 1.186810000 0.00000000000000000000 1.00000000000000000000 2 0 8 52 270 271 68 274 86 87 277 
70 4372 0.102585000 1.331470000 0.00000000000000000000 1.00000000000000000000 2 0 8 272 273 53 276 71 88 89 90 
71 4373 0.158574000 1.344520000 0.00000000000000000000 1.00000000000000000000 2 0 8 273 53 54 70 72 89 90 91 
72 4374 0.215045000 1.355470000 0.00000000000000000000 1.00000000000000000000 2 0 8 53 54 55 71 73 90 91 92 
73 4375 0.271909000 1.364320000 0.00000000000000000000 1.00000000000000000000 2 0 8 54 55 56 72 74 91 92 93 
74 4376 0.329078000 1.371050000 0.00000000000000000000 1.00000000000000000000 2 0 8 55 56 57 73 75 92 93 94 
75 4377 0.386461000 1.375650000 0.00000000000000000000 1.00000000000000000000 2 0 8 56 57 58 74 76 93 94 95 
76 4378 0.443970000 1.378120000 0.00000000000000000000 1.00000000000000000000 2 0 8 57 58 59 75 77 94 95 96 
77 4379 0.501516000 1.378460000 0.00000000000000000000 1.00000000000000000000 2 0 8 58 59 60 76 78 95 96 97 
78 4380 0.559009000 1.376680000 0.00000000000000000000 1.00000000000000000000 2 0 8 59 60 61 77 79 96 97 98 
79 4381 0.616361000 1.372770000 0.00000000000000000000 1.00000000000000000000 2 0 8 60 61 62 78 80 97 98 99 
80 4382 0.673483000 1.366750000 0.00000000000000000000 1.00000000000000000000 2 0 8 61 62 63 79 81 98 99 100 
81 4383 0.730288000 1.358640000 0.00000000000000000000 1.00000000000000000000 2 0 8 62 63 64 80 82 99 100 101 
82 4384 0.786690000 1.348440000 0.00000000000000000000 1.00000000000000000000 2 0 8 63 64 65 81 83 100 101 102 
83 4385 0.842600000 1.336170000 0.00000000000000000000 1.00000000000000000000 2 0 8 64 65 66 82 84 101 102 103 
84 4386 0.897936000 1.321860000 0.00000000000000000000 1.00000000000000000000 2 0 8 65 66 67 83 85 102 103 104 
85 4387 0.952612000 1.305540000 0.00000000000000000000 1.00000000000000000000 2 0 8 66 67 68 84 86 103 104 105 
86 4388 1.006550000 1.287220000 0.00000000000000000000 1.00000000000000000000 2 0 8 67 68 69 85 87 104 105 106 
87 4389 1.059660000 1.266950000 0.00000000000000000000 1.00000000000000000000 2 0 8 68 69 274 86 277 105 106 279 
88 4390 0.020379200 1.403630000 0.00000000000000000000 1.00000000000000000000 2 0 8 275 276 70 278 89 280 107 108 
89 4391 0.079057500 1.419810000 0.00000000000000000000 1.00000000000000000000 2 0 8 276 70 71 88 90 107 108 109 
90 4392 0.138341000 1.433770000 0.00000000000000000000 1.00000000000000000000 2 0 8 70 71 72 89 91 108 109 110 
91 4393 0.198138000 1.445500000 0.00000000000000000000 1.00000000000000000000 2 0 8 71 72 73 90 92 109 110 111 
92 4394 0.258353000 1.454980000 0.00000000000000000000 1.00000000000000000000 2 0 8 72 73 74 91 93 110 111 112 
93 4395 0.318894000 1.462200000 0.00000000000000000000 1.00000000000000000000 2 0 8 73 74 75 92 94 111 112 113 
94 4396 0.379665000 1.467160000 0.00000000000000000000 1.00000000000000000000 2 0 8 74 75 76 93 95 112 113 114 
95 4397 0.440572000 1.469850000 0.00000000000000000000 1.00000000000000000000 2 0 8 75 76 77 94 96 113 114 115 
96 4398 0.501520000 1.470270000 0.00000000000000000000 1.00000000000000000000 2 0 8 76 77 78 95 97 114 115 116 
97 4399 0.562416000 1.468420000 0.00000000000000000000 1.00000000000000000000 2 0 8 77 78 79 96 98 115 116 117 
98 4400 0.623166000 1.464310000 0.00000000000000000000 1.00000000000000000000 2 0 8 78 79 80 97 99 116 117 118 
99 4401 0.683675000 1.457940000 0.00000000000000000000 1.00000000000000000000 2 0 8 79 80 81 98 100 117 118 119 
100 4402 0.743851000 1.449330000 0.00000000000000000000 1.00000000000000000000 2 0 8 80 81 82 99 101 118 119 120 
101 4403 0.803603000 1.438500000 0.00000000000000000000 1.00000000000000000000 2 0 8 81 82 83 100 102 119 120 121 
102 4404 0.862838000 1.425470000 0.00000000000000000000 1.00000000000000000000 2 0 8 82 83 84 101 103 120 121 122 
103 4405 0.921466000 1.410250000 0.00000000000000000000 1.00000000000000000000 2 0 8 83 84 85 102 104 121 122 123 
104 4406 0.979398000 1.392890000 0.00000000000000000000 1.00000000000000000000 2 0 8 84 85 86 103 105 122 123 124 
105 4407 1.036550000 1.373390000 0.00000000000000000000 1.00000000000000000000 2 0 8 85 86 87 104 106 123 124 125 
106 4408 1.092830000 1.351810000 0.00000000000000000000 1.00000000000000000000 2 0 8 86 87 277 105 279 124 125 281 
107 4409 -0.008186440 1.496110000 0.00000000000000000000 1.00000000000000000000 2 0 8 278 88 89 280 108 282 126 127 
108 4410 0.053966300 1.513400000 0.00000000000000000000 1.00000000000000000000 2 0 8 88 89 90 107 109 126 127 128 
109 4411 0.116763000 1.528330000 0.00000000000000000000 1.00000000000000000000 2 0 8 89 90 91 108 110 127 128 129 
110 4412 0.180106000 1.540880000 0.00000000000000000000 1.00000000000000000000 2 0 8 90 91 92 109 111 128 129 130 
111 4413 0.243895000 1.551040000 0.00000000000000000000 1.00000000000000000000 2 0 8 91 92 93 110 112 129 130 131 
112 4414 0.308031000 1.558790000 0.00000000000000000000 1.00000000000000000000 2 0 8 92 93 94 111 113 130 131 132 
113 4415 0.372415000 1.564130000 0.00000000000000000000 1.00000000000000000000 2 0 8 93 94 95 112 114 131 132 133 
114 4416 0.436946000 1.567040000 0.00000000000000000000 1.00000000000000000000 2 0 8 94 95 96 113 115 132 133 134 
115 4417 0.501523000 1.567540000 0.00000000000000000000 1.00000000000000000000 2 0 8 95 96 97 114 116 133 134 135 
116 4418 0.566049000 1.565620000 0.00000000000000000000 1.00000000000000000000 2 0 8 96 97 98 115 117 134 135 136 
117 4419 0.630422000 1.561280000 0.00000000000000000000 1.00000000000000000000 2 0 8 97 98 99 116 118 135 136 137 
118 4420 0.694543000 1.554550000 0.00000000000000000000 1.00000000000000000000 2 0 8 98 99 100 117 119 136 137 138 
119 4421 0.758315000 1.545420000 0.00000000000000000000 1.00000000000000000000 2 0 8 99 100 101 118 120 137 138 139 
120 4422 0.821639000 1.533930000 0.00000000000000000000 1.00000000000000000000 2 0 8 100 101 102 119 121 138 139 140 
121 4423 0.884420000 1.520080000 0.00000000000000000000 1.00000000000000000000 2 0 8 101 102 103 120 122 139 140 141 
122 4424 0.946560000 1.503900000 0.00000000000000000000 1.00000000000000000000 2 0 8 102 103 104 121 123 140 141 142 
123 4425 1.007970000 1.485430000 0.00000000000000000000 1.00000000000000000000 2 0 8 103 104 105 122 124 141 142 143 
124 4426 1.068540000 1.464690000 0.00000000000000000000 1.00000000000000000000 2 0 8 104 105 106 123 125 142 143 144 
125 4427 1.128200000 1.441720000 0.00000000000000000000 1.00000000000000000000 2 0 8 105 106 279 124 281 143 144 283 
126 4428 -0.038638800 1.594130000 0.00000000000000000000 1.00000000000000000000 2 0 8 280 107 108 282 127 284 145 146 
127 4429 0.027217400 1.612590000 0.00000000000000000000 1.00000000000000000000 2 0 8 107 108 109 126 128 145 146 147 
128 4430 0.093758900 1.628550000 0.00000000000000000000 1.00000000000000000000 2 0 8 108 109 110 127 129 146 147 148 
129 4431 0.160882000 1.641970000 0.00000000000000000000 1.00000000000000000000 2 0 8 109 110 111 128 130 147 148 149 
130 4432 0.228480000 1.652840000 0.00000000000000000000 1.00000000000000000000 2 0 8 110 111 112 129 131 148 149 150 
131 4433 0.296450000 1.661150000 0.00000000000000000000 1.00000000000000000000 2 0 8 111 112 113 130 132 149 150 151 
132 4434 0.364685000 1.666890000 0.00000000000000000000 1.00000000000000000000 2 0 8 112 113 114 131 133 150 151 152 
133 4435 0.433079000 1.670050000 0.00000000000000000000 1.00000000000000000000 2 0 8 113 114 115 132 134 151 152 153 
134 4436 0.501525000 1.670630000 0.00000000000000000000 1.00000000000000000000 2 0 8 114 115 116 133 135 152 153 154 
135 4437 0.569920000 1.668640000 0.00000000000000000000 1.00000000000000000000 2 0 8 115 116 117 134 136 153 154 155 
136 4438 0.638155000 1.664070000 0.00000000000000000000 1.00000000000000000000 2 0 8 116 117 118 135 137 154 155 156 
137 4439 0.706128000 1.656940000 0.00000000000000000000 1.00000000000000000000 2 0 8 117 118 119 136 138 155 156 157 
138 4440 0.773733000 1.647260000 0.00000000000000000000 1.00000000000000000000 2 0 8 118 119 120 137 139 156 157 158 
139 4441 0.840867000 1.635060000 0.00000000000000000000 1.00000000000000000000 2 0 8 119 120 121 138 140 157 158 159 
140 4442 0.907427000 1.620350000 0.00000000000000000000 1.00000000000000000000 2 0 8 120 121 122 139 141 158 159 160 
141 4443 0.973311000 1.603160000 0.00000000000000000000 1.00000000000000000000 2 0 8 121 122 123 140 142 159 160 161 
142 4444 1.038420000 1.583510000 0.00000000000000000000 1.00000000000000000000 2 0 8 122 123 124 141 143 160 161 162 
143 4445 1.102650000 1.561450000 0.00000000000000000000 1.00000000000000000000 2 0 8 123 124 125 142 144 161 162 163 
144 4446 1.165920000 1.537010000 0.00000000000000000000 1.00000000000000000000 2 0 8 124 125 281 143 283 162 163 285 
145 4447 -0.071091200 1.698050000 0.00000000000000000000 1.00000000000000000000 2 0 8 282 126 127 284 146 286 287 288 
146 4448 -0.001288640 1.717760000 0.00000000000000000000 1.00000000000000000000 2 0 8 126 127 128 145 147 287 288 164 
147 4449 0.069243200 1.734800000 0.00000000000000000000 1.00000000000000000000 2 0 8 127 128 129 146 148 288 164 165 
148 4450 0.140394000 1.749150000 0.00000000000000000000 1.00000000000000000000 2 0 8 128 129 130 147 149 164 165 166 
149 4451 0.212052000 1.760780000 0.00000000000000000000 1.00000000000000000000 2 0 8 129 130 131 148 150 165 166 167 
150 4452 0.284107000 1.769680000 0.00000000000000000000 1.00000000000000000000 2 0 8 130 131 132 149 151 166 167 168 
151 4453 0.356446000 1.775850000 0.00000000000000000000 1.00000000000000000000 2 0 8 131 132 133 150 152 167 168 169 
152 4454 0.428956000 1.779260000 0.00000000000000000000 1.00000000000000000000 2 0 8 132 133 134 151 153 168 169 170 
153 4455 0.501526000 1.779930000 0.00000000000000000000 1.00000000000000000000 2 0 8 133 134 135 152 154 169 170 171 
154 4456 0.574043000 1.777860000 0.00000000000000000000 1.00000000000000000000 2 0 8 134 135 136 153 155 170 171 172 
155 4457 0.646396000 1.773040000 0.00000000000000000000 1.00000000000000000000 2 0 8 135 136 137 154 156 171 172 173 
156 4458 0.718473000 1.765500000 0.00000000000000000000 1.00000000000000000000 2 0 8 136 137 138 155 157 172 173 174 
157 4459 0.790163000 1.755240000 0.00000000000000000000 1.00000000000000000000 2 0 8 137 138 139 156 158 173 174 175 
158 4460 0.861356000 1.742280000 0.00000000000000000000 1.00000000000000000000 2 0 8 138 139 140 157 159 174 175 176 
159 4461 0.931944000 1.726660000 0.00000000000000000000 1.00000000000000000000 2 0 8 139 140 141 158 160 175 176 177 
160 4462 1.001820000 1.708380000 0.00000000000000000000 1.00000000000000000000 2 0 8 140 141 142 159 161 176 177 178 
161 4463 1.070880000 1.687500000 0.00000000000000000000 1.00000000000000000000 2 0 8 141 142 143 160 162 177 178 179 
162 4464 1.139010000 1.664040000 0.00000000000000000000 1.00000000000000000000 2 0 8 142 143 144 161 163 178 179 180 
163 4465 1.206110000 1.638030000 0.00000000000000000000 1.00000000000000000000 2 0 8 143 144 283 162 285 179 180 289 
164 4466 0.043124600 1.847490000 0.00000000000000000000 1.00000000000000000000 2 0 8 146 147 148 288 165 290 291 181 
165 4467 0.118566000 1.862820000 0.00000000000000000000 1.00000000000000000000 2 0 8 147 148 149 164 166 291 181 182 
166 4468 0.194550000 1.875250000 0.00000000000000000000 1.00000000000000000000 2 0 8 148 149 150 165 167 181 182 183 
167 4469 0.270956000 1.884780000 0.00000000000000000000 1.00000000000000000000 2 0 8 149 150 151 166 168 182 183 184 
168 4470 0.347667000 1.891400000 0.00000000000000000000 1.00000000000000000000 2 0 8 150 151 152 167 169 183 184 185 
169 4471 0.424563000 1.895090000 0.00000000000000000000 1.00000000000000000000 2 0 8 151 152 153 168 170 184 185 186 
170 4472 0.501526000 1.895850000 0.00000000000000000000 1.00000000000000000000 2 0 8 152 153 154 169 171 185 186 187 
171 4473 0.578435000 1.893690000 0.00000000000000000000 1.00000000000000000000 2 0 8 153 154 155 170 172 186 187 188 
172 4474 0.655174000 1.888610000 0.00000000000000000000 1.00000000000000000000 2 0 8 154 155 156 171 173 187 188 189 
173 4475 0.731623000 1.880620000 0.00000000000000000000 1.00000000000000000000 2 0 8 155 156 157 172 174 188 189 190 
174 4476 0.807665000 1.869740000 0.00000000000000000000 1.00000000000000000000 2 0 8 156 157 158 173 175 189 190 191 
175 4477 0.883184000 1.855990000 0.00000000000000000000 1.00000000000000000000 2 0 8 157 158 159 174 176 190 191 192 
176 4478 0.958064000 1.839390000 0.00000000000000000000 1.00000000000000000000 2 0 8 158 159 160 175 177 191 192 193 
177 4479 1.032190000 1.819980000 0.00000000000000000000 1.00000000000000000000 2 0 8 159 160 161 176 178 192 193 194 
178 4480 1.105450000 1.797780000 0.00000000000000000000 1.00000000000000000000 2 0 8 160 161 162 177 179 193 194 195 
179 4481 1.177730000 1.772830000 0.00000000000000000000 1.00000000000000000000 2 0 8 161 162 163 178 180 194 195 292 
180 4482 1.248930000 1.745170000 0.00000000000000000000 1.00000000000000000000 2 0 8 162 163 285 179 289 195 292 293 
181 4483 0.095317800 1.983390000 0.00000000000000000000 1.00000000000000000000 2 0 8 164 165 166 291 182 294 295 196 
182 4484 0.175907000 1.996680000 0.00000000000000000000 1.00000000000000000000 2 0 8 165 166 167 181 183 295 196 197 
183 4485 0.256948000 2.006880000 0.00000000000000000000 1.00000000000000000000 2 0 8 166 167 168 182 184 196 197 198 
184 4486 0.338316000 2.013970000 0.00000000000000000000 1.00000000000000000000 2 0 8 167 168 169 183 185 197 198 199 
185 4487 0.419883000 2.017950000 0.00000000000000000000 1.00000000000000000000 2 0 8 168 169 170 184 186 198 199 200 
186 4488 0.501524000 2.018810000 0.00000000000000000000 1.00000000000000000000 2 0 8 169 170 171 185 187 199 200 201 
187 4489 0.583112000 2.016560000 0.00000000000000000000 1.00000000000000000000 2 0 8 170 171 172 186 188 200 201 202 
188 4490 0.664522000 2.011200000 0.00000000000000000000 1.00000000000000000000 2 0 8 171 172 173 187 189 201 202 203 
189 4491 0.745628000 2.002740000 0.00000000000000000000 1.00000000000000000000 2 0 8 172 173 174 188 190 202 203 204 
190 4492 0.826306000 1.991210000 0.00000000000000000000 1.00000000000000000000 2 0 8 173 174 175 189 191 203 204 205 
191 4493 0.906432000 1.976620000 0.00000000000000000000 1.00000000000000000000 2 0 8 174 175 176 190 192 204 205 206 
192 4494 0.985883000 1.958990000 0.00000000000000000000 1.00000000000000000000 2 0 8 175 176 177 191 193 205 206 207 
193 4495 1.064540000 1.938360000 0.00000000000000000000 1.00000000000000000000 2 0 8 176 177 178 192 194 206 207 208 
194 4496 1.142280000 1.914760000 0.00000000000000000000 1.00000000000000000000 2 0 8 177 178 179 193 195 207 208 296 
195 4497 1.218980000 1.888230000 0.00000000000000000000 1.00000000000000000000 2 0 8 178 179 180 194 292 208 296 297 
196 4498 0.156055000 2.125520000 0.00000000000000000000 1.00000000000000000000 2 0 8 181 182 183 295 197 298 299 209 
197 4499 0.242031000 2.136420000 0.00000000000000000000 1.00000000000000000000 2 0 8 182 183 184 196 198 299 209 210 
198 4500 0.328357000 2.144020000 0.00000000000000000000 1.00000000000000000000 2 0 8 183 184 185 197 199 209 210 211 
199 4501 0.414898000 2.148310000 0.00000000000000000000 1.00000000000000000000 2 0 8 184 185 186 198 200 210 211 212 
200 4502 0.501520000 2.149280000 0.00000000000000000000 1.00000000000000000000 2 0 8 185 186 187 199 201 211 212 213 
201 4503 0.588090000 2.146930000 0.00000000000000000000 1.00000000000000000000 2 0 8 186 187 188 200 202 212 213 214 
202 4504 0.674474000 2.141270000 0.00000000000000000000 1.00000000000000000000 2 0 8 187 188 189 201 203 213 214 215 
203 4505 0.760540000 2.132320000 0.00000000000000000000 1.00000000000000000000 2 0 8 188 189 190 202 204 214 215 216 
204 4506 0.846154000 2.120090000 0.00000000000000000000 1.00000000000000000000 2 0 8 189 190 191 203 205 215 216 217 
205 4507 0.931186000 2.104600000 0.00000000000000000000 1.00000000000000000000 2 0 8 190 191 192 204 206 216 217 218 
206 4508 1.015500000 2.085880000 0.00000000000000000000 1.00000000000000000000 2 0 8 191 192 193 205 207 217 218 219 
207 4509 1.098980000 2.063960000 0.00000000000000000000 1.00000000000000000000 2 0 8 192 193 194 206 208 218 219 300 
208 4510 1.181490000 2.038880000 0.00000000000000000000 1.00000000000000000000 2 0 8 193 194 195 207 296 219 300 301 
209 4511 0.226150000 2.273910000 0.00000000000000000000 1.00000000000000000000 2 0 8 196 197 198 299 210 302 303 220 
210 4512 0.317754000 2.282040000 0.00000000000000000000 1.00000000000000000000 2 0 8 197 198 199 209 211 303 220 221 
211 4513 0.409589000 2.286650000 0.00000000000000000000 1.00000000000000000000 2 0 8 198 199 200 210 212 220 221 222 
212 4514 0.501515000 2.287730000 0.00000000000000000000 1.00000000000000000000 2 0 8 199 200 201 211 213 221 222 223 
213 4515 0.593389000 2.285280000 0.00000000000000000000 1.00000000000000000000 2 0 8 200 201 202 212 214 222 223 224 
214 4516 0.685068000 2.279310000 0.00000000000000000000 1.00000000000000000000 2 0 8 201 202 203 213 215 223 224 225 
215 4517 0.776413000 2.269840000 0.00000000000000000000 1.00000000000000000000 2 0 8 202 203 204 214 216 224 225 226 
216 4518 0.867283000 2.256860000 0.00000000000000000000 1.00000000000000000000 2 0 8 203 204 205 215 217 225 226 227 
217 4519 0.957538000 2.240420000 0.00000000000000000000 1.00000000000000000000 2 0 8 204 205 206 216 218 226 227 228 
218 4520 1.047040000 2.220540000 0.00000000000000000000 1.00000000000000000000 2 0 8 205 206 207 217 219 227 228 304 
219 4521 1.135650000 2.197260000 0.00000000000000000000 1.00000000000000000000 2 0 8 206 207 208 218 300 228 304 305 
220 4522 0.306466000 2.428540000 0.00000000000000000000 1.00000000000000000000 2 0 8 209 210 211 303 221 306 307 229 
221 4523 0.403938000 2.433500000 0.00000000000000000000 1.00000000000000000000 2 0 8 210 211 212 220 222 307 229 230 
222 4524 0.501509000 2.434700000 0.00000000000000000000 1.00000000000000000000 2 0 8 211 212 213 221 223 229 230 231 
223 4525 0.599027000 2.432140000 0.00000000000000000000 1.00000000000000000000 2 0 8 212 213 214 222 224 230 231 232 
224 4526 0.696344000 2.425840000 0.00000000000000000000 1.00000000000000000000 2 0 8 213 214 215 223 225 231 232 233 
225 4527 0.793308000 2.415800000 0.00000000000000000000 1.00000000000000000000 2 0 8 214 215 216 224 226 232 233 234 
226 4528 0.889772000 2.402040000 0.00000000000000000000 1.00000000000000000000 2 0 8 215 216 217 225 227 233 234 308 
227 4529 0.985586000 2.384590000 0.00000000000000000000 1.00000000000000000000 2 0 8 216 217 218 226 228 234 308 309 
228 4530 1.080600000 2.363480000 0.00000000000000000000 1.00000000000000000000 2 0 8 217 218 219 227 304 308 309 310 
229 4531 0.397922000 2.589390000 0.00000000000000000000 1.00000000000000000000 2 0 8 220 221 222 307 230 311 312 235 
230 4532 0.501500000 2.590720000 0.00000000000000000000 1.00000000000000000000 2 0 8 221 222 223 229 231 312 235 236 
231 4533 0.605027000 2.588050000 0.00000000000000000000 1.00000000000000000000 2 0 8 222 223 224 230 232 235 236 237 
232 4534 0.708342000 2.581390000 0.00000000000000000000 1.00000000000000000000 2 0 8 223 224 225 231 233 236 237 238 
233 4535 0.811287000 2.570760000 0.00000000000000000000 1.00000000000000000000 2 0 8 224 225 226 232 234 237 238 313 
234 4536 0.913704000 2.556170000 0.00000000000000000000 1.00000000000000000000 2 0 8 225 226 227 233 308 238 313 314 
235 4537 0.501490000 2.756380000 0.00000000000000000000 1.00000000000000000000 2 0 8 229 230 231 312 236 315 316 239 
236 4538 0.611409000 2.753590000 0.00000000000000000000 1.00000000000000000000 2 0 8 230 231 232 235 237 316 239 240 
237 4539 0.721108000 2.746550000 0.00000000000000000000 1.00000000000000000000 2 0 8 231 232 233 236 238 239 240 317 
238 4540 0.830417000 2.735290000 0.00000000000000000000 1.00000000000000000000 2 0 8 232 233 234 237 313 240 317 318 
239 4541 0.618198000 2.929370000 0.00000000000000000000 1.00000000000000000000 2 0 8 235 236 237 316 240 319 320 321 
240 4542 0.734688000 2.921940000 0.00000000000000000000 1.00000000000000000000 2 0 8 236 237 238 239 317 320 321 322 
241 2783 0.612202 0.795467 2 0
242 2784 0.648764 0.790398 2 0
243 3071 0.68505 0.784121 2 0
244 3072 0.721005 0.776648 2 0
245 2801 0.54048 0.860859 2 0
246 2802 0.579409 0.858108 2 0
247 2803 0.618167 0.854039 2 0
248 3081 0.73283 0.834021 2 0
249 3082 0.770319 0.824792 2 0
250 2818 0.501457 0.92444 2 0
251 2819 0.542628 0.922975 2 0
252 3089 0.785065 0.884663 2 0
253 3090 0.82413 0.87348 2 0
254 2832 0.457964 0.990009 2 0
255 2833 0.501471 0.990028 2 0
256 3095 0.842117 0.935908 2 0
257 3096 0.882795 0.922564 2 0
258 2841 0.272627 1.04252 2 0
259 2842 0.318073 1.04915 2 0
260 2843 0.363753 1.05414 2 0
261 2844 0.409595 1.0575 2 0
262 2845 0.455529 1.05921 2 0
263 3099 0.904361 0.987598 2 0
264 3100 0.946682 0.971872 2 0
265 2851 0.211928 1.10541 2 0
266 2852 0.259628 1.11428 2 0
267 4085 0.972186 1.03955 2 0
268 2856 0.145291 1.16928 2 0
269 2857 0.195299 1.18065 2 0
270 4097 0.999448 1.11111 2 0
271 4098 1.046 1.09155 2 0
272 2859 0.0722691 1.23393 2 0
273 2860 0.124635 1.24807 2 0
274 4111 1.07785 1.16597 2 0
275 535 -0.00759897 1.29917 2 0
276 2861 0.0471645 1.31635 2 0
277 4125 1.11186 1.24475 2 0
278 553 -0.0376013 1.38527 2 0
279 4140 1.14815 1.32817 2 0
280 571 -0.0695974 1.4765 2 0
281 4157 1.18685 1.41655 2 0
282 589 -0.103706 1.57319 2 0
283 4175 1.22811 1.51022 2 0
284 607 -0.140055 1.6757 2 0
285 4193 1.27209 1.60953 2 0
286 625 -0.178779 1.78441 2 0
287 716 -0.105665 1.80826 2 0
288 717 -0.031658 1.8293 2 0
289 4543 1.31893 1.71485 2 0
290 720 -0.0640038 1.94761 2 0
291 721 0.0153059 1.96703 2 0
292 4544 1.29454 1.85882 2 0
293 4545 1.36883 1.82656 2 0
294 726 -0.0143165 2.09386 2 0
295 727 0.0705614 2.11133 2 0
296 4547 1.26291 2.01068 2 0
297 4548 1.3431 1.9794 2 0
298 734 0.044205 2.2471 2 0
299 735 0.13492 2.26225 2 0
300 4552 1.22324 2.1706 2 0
301 4553 1.30967 2.14062 2 0
302 744 0.112422 2.40739 2 0
303 745 0.209244 2.41983 2 0
304 4559 1.17468 2.33874 2 0
305 4560 1.26767 2.31042 2 0
306 756 0.191251 2.57475 2 0
307 757 0.294453 2.58407 2 0
308 4568 1.01544 2.53765 2 0
309 4569 1.11632 2.51523 2 0
310 4570 1.21622 2.48895 2 0
311 770 0.281668 2.7492 2 0
312 771 0.39152 2.75491 2 0
313 4580 0.939169 2.71981 2 0
314 4581 1.0472 2.70016 2 0
315 786 0.384706 2.93068 2 0
316 787 0.501477 2.93229 2 0
317 4594 0.850769 2.91 2 0
318 4595 0.96626 2.89359 2 0
319 804 0.501463 3.11911 2 0
320 805 0.625419 3.11606 2 0
321 4610 0.749134 3.1082 2 0
322 4611 0.872418 3.09556 2 0
