325 243 82
1 6957 2.005460000 -0.593281000 0.00000000000000000000 1.00000000000000000000 2 0 8 244 245 246 250 2 4 5 6 
2 6958 1.980100000 -0.649180000 0.00000000000000000000 1.00000000000000000000 2 0 8 245 246 247 1 3 5 6 7 
3 6959 1.952480000 -0.704112000 0.00000000000000000000 1.00000000000000000000 2 0 8 246 247 248 2 251 6 7 8 
4 6960 2.120990000 -0.572235000 0.00000000000000000000 1.00000000000000000000 2 0 8 249 250 1 254 5 9 10 11 
5 6961 2.096530000 -0.632791000 0.00000000000000000000 1.00000000000000000000 2 0 8 250 1 2 4 6 10 11 12 
6 6962 2.069620000 -0.692402000 0.00000000000000000000 1.00000000000000000000 2 0 8 1 2 3 5 7 11 12 13 
7 6963 2.040310000 -0.750980000 0.00000000000000000000 1.00000000000000000000 2 0 8 2 3 251 6 8 12 13 14 
8 6964 2.008630000 -0.808436000 0.00000000000000000000 1.00000000000000000000 2 0 8 3 251 252 7 255 13 14 15 
9 6965 2.242900000 -0.544649000 0.00000000000000000000 1.00000000000000000000 2 0 8 253 254 4 258 10 16 17 18 
10 6966 2.219560000 -0.610118000 0.00000000000000000000 1.00000000000000000000 2 0 8 254 4 5 9 11 17 18 19 
11 6967 2.193590000 -0.674675000 0.00000000000000000000 1.00000000000000000000 2 0 8 4 5 6 10 12 18 19 20 
12 6968 2.165030000 -0.738223000 0.00000000000000000000 1.00000000000000000000 2 0 8 5 6 7 11 13 19 20 21 
13 6969 2.133910000 -0.800666000 0.00000000000000000000 1.00000000000000000000 2 0 8 6 7 8 12 14 20 21 22 
14 6970 2.100290000 -0.861909000 0.00000000000000000000 1.00000000000000000000 2 0 8 7 8 255 13 15 21 22 23 
15 6971 2.064210000 -0.921861000 0.00000000000000000000 1.00000000000000000000 2 0 8 8 255 256 14 259 22 23 24 
16 6972 2.371310000 -0.509874000 0.00000000000000000000 1.00000000000000000000 2 0 8 257 258 9 262 17 25 26 27 
17 6973 2.349360000 -0.580518000 0.00000000000000000000 1.00000000000000000000 2 0 8 258 9 10 16 18 26 27 28 
18 6974 2.324580000 -0.650292000 0.00000000000000000000 1.00000000000000000000 2 0 8 9 10 11 17 19 27 28 29 
19 6975 2.297000000 -0.719091000 0.00000000000000000000 1.00000000000000000000 2 0 8 10 11 12 18 20 28 29 30 
20 6976 2.266670000 -0.786813000 0.00000000000000000000 1.00000000000000000000 2 0 8 11 12 13 19 21 29 30 31 
21 6977 2.233640000 -0.853354000 0.00000000000000000000 1.00000000000000000000 2 0 8 12 13 14 20 22 30 31 32 
22 6978 2.197940000 -0.918615000 0.00000000000000000000 1.00000000000000000000 2 0 8 13 14 15 21 23 31 32 33 
23 6979 2.159640000 -0.982496000 0.00000000000000000000 1.00000000000000000000 2 0 8 14 15 259 22 24 32 33 34 
24 6980 2.118780000 -1.044900000 0.00000000000000000000 1.00000000000000000000 2 0 8 15 259 260 23 263 33 34 35 
25 6981 2.506330000 -0.467211000 0.00000000000000000000 1.00000000000000000000 2 0 8 261 262 16 265 26 268 36 37 
26 6982 2.486060000 -0.543295000 0.00000000000000000000 1.00000000000000000000 2 0 8 262 16 17 25 27 36 37 38 
27 6983 2.462750000 -0.618564000 0.00000000000000000000 1.00000000000000000000 2 0 8 16 17 18 26 28 37 38 39 
28 6984 2.436430000 -0.692905000 0.00000000000000000000 1.00000000000000000000 2 0 8 17 18 19 27 29 38 39 40 
29 6985 2.407150000 -0.766205000 0.00000000000000000000 1.00000000000000000000 2 0 8 18 19 20 28 30 39 40 41 
30 6986 2.374950000 -0.838354000 0.00000000000000000000 1.00000000000000000000 2 0 8 19 20 21 29 31 40 41 42 
31 6987 2.339870000 -0.909243000 0.00000000000000000000 1.00000000000000000000 2 0 8 20 21 22 30 32 41 42 43 
32 6988 2.301960000 -0.978765000 0.00000000000000000000 1.00000000000000000000 2 0 8 21 22 23 31 33 42 43 44 
33 6989 2.261290000 -1.046810000 0.00000000000000000000 1.00000000000000000000 2 0 8 22 23 24 32 34 43 44 45 
34 6990 2.217900000 -1.113290000 0.00000000000000000000 1.00000000000000000000 2 0 8 23 24 263 33 35 44 45 46 
35 6991 2.171880000 -1.178080000 0.00000000000000000000 1.00000000000000000000 2 0 8 24 263 264 34 266 45 46 47 
36 6992 2.629790000 -0.497708000 0.00000000000000000000 1.00000000000000000000 2 0 8 265 25 26 268 37 271 48 49 
37 6993 2.608260000 -0.578755000 0.00000000000000000000 1.00000000000000000000 2 0 8 25 26 27 36 38 48 49 50 
38 6994 2.583500000 -0.658931000 0.00000000000000000000 1.00000000000000000000 2 0 8 26 27 28 37 39 49 50 51 
39 6995 2.555550000 -0.738117000 0.00000000000000000000 1.00000000000000000000 2 0 8 27 28 29 38 40 50 51 52 
40 6996 2.524450000 -0.816192000 0.00000000000000000000 1.00000000000000000000 2 0 8 28 29 30 39 41 51 52 53 
41 6997 2.490240000 -0.893039000 0.00000000000000000000 1.00000000000000000000 2 0 8 29 30 31 40 42 52 53 54 
42 6998 2.452980000 -0.968541000 0.00000000000000000000 1.00000000000000000000 2 0 8 30 31 32 41 43 53 54 55 
43 6999 2.412730000 -1.042580000 0.00000000000000000000 1.00000000000000000000 2 0 8 31 32 33 42 44 54 55 56 
44 7000 2.369530000 -1.115060000 0.00000000000000000000 1.00000000000000000000 2 0 8 32 33 34 43 45 55 56 57 
45 7001 2.323460000 -1.185850000 0.00000000000000000000 1.00000000000000000000 2 0 8 33 34 35 44 46 56 57 58 
46 7002 2.274580000 -1.254840000 0.00000000000000000000 1.00000000000000000000 2 0 8 34 35 266 45 47 57 58 59 
47 7003 2.222960000 -1.321950000 0.00000000000000000000 1.00000000000000000000 2 0 8 35 266 267 46 269 58 59 272 
48 7004 2.761240000 -0.530071000 0.00000000000000000000 1.00000000000000000000 2 0 8 268 36 37 271 49 60 61 62 
49 7005 2.738360000 -0.616385000 0.00000000000000000000 1.00000000000000000000 2 0 8 36 37 38 48 50 61 62 63 
50 7006 2.712060000 -0.701770000 0.00000000000000000000 1.00000000000000000000 2 0 8 37 38 39 49 51 62 63 64 
51 7007 2.682370000 -0.786097000 0.00000000000000000000 1.00000000000000000000 2 0 8 38 39 40 50 52 63 64 65 
52 7008 2.649330000 -0.869240000 0.00000000000000000000 1.00000000000000000000 2 0 8 39 40 41 51 53 64 65 66 
53 7009 2.613000000 -0.951072000 0.00000000000000000000 1.00000000000000000000 2 0 8 40 41 42 52 54 65 66 67 
54 7010 2.573420000 -1.031470000 0.00000000000000000000 1.00000000000000000000 2 0 8 41 42 43 53 55 66 67 68 
55 7011 2.530660000 -1.110310000 0.00000000000000000000 1.00000000000000000000 2 0 8 42 43 44 54 56 67 68 69 
56 7012 2.484770000 -1.187480000 0.00000000000000000000 1.00000000000000000000 2 0 8 43 44 45 55 57 68 69 70 
57 7013 2.435840000 -1.262850000 0.00000000000000000000 1.00000000000000000000 2 0 8 44 45 46 56 58 69 70 71 
58 7014 2.383920000 -1.336310000 0.00000000000000000000 1.00000000000000000000 2 0 8 45 46 47 57 59 70 71 72 
59 7015 2.329100000 -1.407750000 0.00000000000000000000 1.00000000000000000000 2 0 8 46 47 269 58 272 71 72 274 
60 7016 2.921780000 -0.471668000 0.00000000000000000000 1.00000000000000000000 2 0 8 270 271 48 273 61 275 73 74 
61 7017 2.901160000 -0.564423000 0.00000000000000000000 1.00000000000000000000 2 0 8 271 48 49 60 62 73 74 75 
62 7018 2.876850000 -0.656326000 0.00000000000000000000 1.00000000000000000000 2 0 8 48 49 50 61 63 74 75 76 
63 7019 2.848910000 -0.747239000 0.00000000000000000000 1.00000000000000000000 2 0 8 49 50 51 62 64 75 76 77 
64 7020 2.817360000 -0.837025000 0.00000000000000000000 1.00000000000000000000 2 0 8 50 51 52 63 65 76 77 78 
65 7021 2.782260000 -0.925546000 0.00000000000000000000 1.00000000000000000000 2 0 8 51 52 53 64 66 77 78 79 
66 7022 2.743660000 -1.012670000 0.00000000000000000000 1.00000000000000000000 2 0 8 52 53 54 65 67 78 79 80 
67 7023 2.701620000 -1.098260000 0.00000000000000000000 1.00000000000000000000 2 0 8 53 54 55 66 68 79 80 81 
68 7024 2.656190000 -1.182200000 0.00000000000000000000 1.00000000000000000000 2 0 8 54 55 56 67 69 80 81 82 
69 7025 2.607450000 -1.264340000 0.00000000000000000000 1.00000000000000000000 2 0 8 55 56 57 68 70 81 82 83 
70 7026 2.555460000 -1.344580000 0.00000000000000000000 1.00000000000000000000 2 0 8 56 57 58 69 71 82 83 84 
71 7027 2.500310000 -1.422780000 0.00000000000000000000 1.00000000000000000000 2 0 8 57 58 59 70 72 83 84 85 
72 7028 2.442080000 -1.498820000 0.00000000000000000000 1.00000000000000000000 2 0 8 58 59 272 71 274 84 85 276 
73 7029 3.071990000 -0.502146000 0.00000000000000000000 1.00000000000000000000 2 0 8 273 60 61 275 74 277 86 87 
74 7030 3.050070000 -0.600891000 0.00000000000000000000 1.00000000000000000000 2 0 8 60 61 62 73 75 86 87 88 
75 7031 3.024250000 -0.698729000 0.00000000000000000000 1.00000000000000000000 2 0 8 61 62 63 74 76 87 88 89 
76 7032 2.994550000 -0.795511000 0.00000000000000000000 1.00000000000000000000 2 0 8 62 63 64 75 77 88 89 90 
77 7033 2.961040000 -0.891090000 0.00000000000000000000 1.00000000000000000000 2 0 8 63 64 65 76 78 89 90 91 
78 7034 2.923740000 -0.985322000 0.00000000000000000000 1.00000000000000000000 2 0 8 64 65 66 77 79 90 91 92 
79 7035 2.882730000 -1.078060000 0.00000000000000000000 1.00000000000000000000 2 0 8 65 66 67 78 80 91 92 93 
80 7036 2.838060000 -1.169170000 0.00000000000000000000 1.00000000000000000000 2 0 8 66 67 68 79 81 92 93 94 
81 7037 2.789790000 -1.258520000 0.00000000000000000000 1.00000000000000000000 2 0 8 67 68 69 80 82 93 94 95 
82 7038 2.738000000 -1.345950000 0.00000000000000000000 1.00000000000000000000 2 0 8 68 69 70 81 83 94 95 96 
83 7039 2.682770000 -1.431350000 0.00000000000000000000 1.00000000000000000000 2 0 8 69 70 71 82 84 95 96 97 
84 7040 2.624180000 -1.514570000 0.00000000000000000000 1.00000000000000000000 2 0 8 70 71 72 83 85 96 97 98 
85 7041 2.562320000 -1.595500000 0.00000000000000000000 1.00000000000000000000 2 0 8 71 72 274 84 276 97 98 278 
86 7042 3.231830000 -0.534505000 0.00000000000000000000 1.00000000000000000000 2 0 8 275 73 74 277 87 281 99 100 
87 7043 3.208540000 -0.639612000 0.00000000000000000000 1.00000000000000000000 2 0 8 73 74 75 86 88 99 100 101 
88 7044 3.181090000 -0.743751000 0.00000000000000000000 1.00000000000000000000 2 0 8 74 75 76 87 89 100 101 102 
89 7045 3.149540000 -0.846764000 0.00000000000000000000 1.00000000000000000000 2 0 8 75 76 77 88 90 101 102 103 
90 7046 3.113920000 -0.948495000 0.00000000000000000000 1.00000000000000000000 2 0 8 76 77 78 89 91 102 103 104 
91 7047 3.074300000 -1.048790000 0.00000000000000000000 1.00000000000000000000 2 0 8 77 78 79 90 92 103 104 105 
92 7048 3.030720000 -1.147500000 0.00000000000000000000 1.00000000000000000000 2 0 8 78 79 80 91 93 104 105 106 
93 7049 2.983250000 -1.244470000 0.00000000000000000000 1.00000000000000000000 2 0 8 79 80 81 92 94 105 106 107 
94 7050 2.931960000 -1.339550000 0.00000000000000000000 1.00000000000000000000 2 0 8 80 81 82 93 95 106 107 108 
95 7051 2.876940000 -1.432600000 0.00000000000000000000 1.00000000000000000000 2 0 8 81 82 83 94 96 107 108 109 
96 7052 2.818250000 -1.523480000 0.00000000000000000000 1.00000000000000000000 2 0 8 82 83 84 95 97 108 109 110 
97 7053 2.756000000 -1.612040000 0.00000000000000000000 1.00000000000000000000 2 0 8 83 84 85 96 98 109 110 111 
98 7054 2.690270000 -1.698160000 0.00000000000000000000 1.00000000000000000000 2 0 8 84 85 276 97 278 110 111 112 
99 7055 3.401900000 -0.568869000 0.00000000000000000000 1.00000000000000000000 2 0 8 277 86 87 281 100 113 114 115 
100 7056 3.377140000 -0.680731000 0.00000000000000000000 1.00000000000000000000 2 0 8 86 87 88 99 101 114 115 116 
101 7057 3.347980000 -0.791561000 0.00000000000000000000 1.00000000000000000000 2 0 8 87 88 89 100 102 115 116 117 
102 7058 3.314450000 -0.901191000 0.00000000000000000000 1.00000000000000000000 2 0 8 88 89 90 101 103 116 117 118 
103 7059 3.276600000 -1.009460000 0.00000000000000000000 1.00000000000000000000 2 0 8 89 90 91 102 104 117 118 119 
104 7060 3.234490000 -1.116190000 0.00000000000000000000 1.00000000000000000000 2 0 8 90 91 92 103 105 118 119 120 
105 7061 3.188170000 -1.221230000 0.00000000000000000000 1.00000000000000000000 2 0 8 91 92 93 104 106 119 120 121 
106 7062 3.137730000 -1.324420000 0.00000000000000000000 1.00000000000000000000 2 0 8 92 93 94 105 107 120 121 122 
107 7063 3.083230000 -1.425600000 0.00000000000000000000 1.00000000000000000000 2 0 8 93 94 95 106 108 121 122 123 
108 7064 3.024760000 -1.524610000 0.00000000000000000000 1.00000000000000000000 2 0 8 94 95 96 107 109 122 123 124 
109 7065 2.962400000 -1.621310000 0.00000000000000000000 1.00000000000000000000 2 0 8 95 96 97 108 110 123 124 125 
110 7066 2.896250000 -1.715550000 0.00000000000000000000 1.00000000000000000000 2 0 8 96 97 98 109 111 124 125 126 
111 7067 2.826410000 -1.807170000 0.00000000000000000000 1.00000000000000000000 2 0 8 97 98 278 110 112 125 126 127 
112 7068 2.752970000 -1.896050000 0.00000000000000000000 1.00000000000000000000 2 0 8 98 278 279 111 282 126 127 128 
113 7069 3.604410000 -0.485411000 0.00000000000000000000 1.00000000000000000000 2 0 8 280 281 99 285 114 129 130 131 
114 7070 3.582830000 -0.605365000 0.00000000000000000000 1.00000000000000000000 2 0 8 281 99 100 113 115 130 131 132 
115 7071 3.556530000 -0.724401000 0.00000000000000000000 1.00000000000000000000 2 0 8 99 100 101 114 116 131 132 133 
116 7072 3.525530000 -0.842338000 0.00000000000000000000 1.00000000000000000000 2 0 8 100 101 102 115 117 132 133 134 
117 7073 3.489890000 -0.958997000 0.00000000000000000000 1.00000000000000000000 2 0 8 101 102 103 116 118 133 134 135 
118 7074 3.449670000 -1.074200000 0.00000000000000000000 1.00000000000000000000 2 0 8 102 103 104 117 119 134 135 136 
119 7075 3.404910000 -1.187770000 0.00000000000000000000 1.00000000000000000000 2 0 8 103 104 105 118 120 135 136 137 
120 7076 3.355690000 -1.299540000 0.00000000000000000000 1.00000000000000000000 2 0 8 104 105 106 119 121 136 137 138 
121 7077 3.302080000 -1.409340000 0.00000000000000000000 1.00000000000000000000 2 0 8 105 106 107 120 122 137 138 139 
122 7078 3.244170000 -1.516990000 0.00000000000000000000 1.00000000000000000000 2 0 8 106 107 108 121 123 138 139 140 
123 7079 3.182030000 -1.622340000 0.00000000000000000000 1.00000000000000000000 2 0 8 107 108 109 122 124 139 140 141 
124 7080 3.115760000 -1.725220000 0.00000000000000000000 1.00000000000000000000 2 0 8 108 109 110 123 125 140 141 142 
125 7081 3.045460000 -1.825470000 0.00000000000000000000 1.00000000000000000000 2 0 8 109 110 111 124 126 141 142 143 
126 7082 2.971240000 -1.922950000 0.00000000000000000000 1.00000000000000000000 2 0 8 110 111 112 125 127 142 143 144 
127 7083 2.893210000 -2.017510000 0.00000000000000000000 1.00000000000000000000 2 0 8 111 112 282 126 128 143 144 145 
128 7084 2.811480000 -2.108990000 0.00000000000000000000 1.00000000000000000000 2 0 8 112 282 283 127 286 144 145 288 
129 7085 3.816120000 -0.388077000 0.00000000000000000000 1.00000000000000000000 2 0 8 284 285 113 287 130 289 290 146 
130 7086 3.798240000 -0.516496000 0.00000000000000000000 1.00000000000000000000 2 0 8 285 113 114 129 131 290 146 147 
131 7087 3.775310000 -0.644131000 0.00000000000000000000 1.00000000000000000000 2 0 8 113 114 115 130 132 146 147 148 
132 7088 3.747350000 -0.770787000 0.00000000000000000000 1.00000000000000000000 2 0 8 114 115 116 131 133 147 148 149 
133 7089 3.714410000 -0.896273000 0.00000000000000000000 1.00000000000000000000 2 0 8 115 116 117 132 134 148 149 150 
134 7090 3.676530000 -1.020400000 0.00000000000000000000 1.00000000000000000000 2 0 8 116 117 118 133 135 149 150 151 
135 7091 3.633770000 -1.142970000 0.00000000000000000000 1.00000000000000000000 2 0 8 117 118 119 134 136 150 151 152 
136 7092 3.586200000 -1.263810000 0.00000000000000000000 1.00000000000000000000 2 0 8 118 119 120 135 137 151 152 153 
137 7093 3.533890000 -1.382720000 0.00000000000000000000 1.00000000000000000000 2 0 8 119 120 121 136 138 152 153 154 
138 7094 3.476920000 -1.499530000 0.00000000000000000000 1.00000000000000000000 2 0 8 120 121 122 137 139 153 154 155 
139 7095 3.415370000 -1.614060000 0.00000000000000000000 1.00000000000000000000 2 0 8 121 122 123 138 140 154 155 156 
140 7096 3.349330000 -1.726140000 0.00000000000000000000 1.00000000000000000000 2 0 8 122 123 124 139 141 155 156 157 
141 7097 3.278900000 -1.835580000 0.00000000000000000000 1.00000000000000000000 2 0 8 123 124 125 140 142 156 157 158 
142 7098 3.204190000 -1.942240000 0.00000000000000000000 1.00000000000000000000 2 0 8 124 125 126 141 143 157 158 159 
143 7099 3.125320000 -2.045930000 0.00000000000000000000 1.00000000000000000000 2 0 8 125 126 127 142 144 158 159 160 
144 7100 3.042390000 -2.146510000 0.00000000000000000000 1.00000000000000000000 2 0 8 126 127 128 143 145 159 160 161 
145 7101 2.955540000 -2.243820000 0.00000000000000000000 1.00000000000000000000 2 0 8 127 128 286 144 288 160 161 291 
146 7102 4.004420000 -0.549517000 0.00000000000000000000 1.00000000000000000000 2 0 8 129 130 131 290 147 292 293 162 
147 7103 3.980050000 -0.685311000 0.00000000000000000000 1.00000000000000000000 2 0 8 130 131 132 146 148 293 162 163 
148 7104 3.950330000 -0.820062000 0.00000000000000000000 1.00000000000000000000 2 0 8 131 132 133 147 149 162 163 164 
149 7105 3.915310000 -0.953566000 0.00000000000000000000 1.00000000000000000000 2 0 8 132 133 134 148 150 163 164 165 
150 7106 3.875050000 -1.085620000 0.00000000000000000000 1.00000000000000000000 2 0 8 133 134 135 149 151 164 165 166 
151 7107 3.829610000 -1.216020000 0.00000000000000000000 1.00000000000000000000 2 0 8 134 135 136 150 152 165 166 167 
152 7108 3.779050000 -1.344570000 0.00000000000000000000 1.00000000000000000000 2 0 8 135 136 137 151 153 166 167 168 
153 7109 3.723450000 -1.471080000 0.00000000000000000000 1.00000000000000000000 2 0 8 136 137 138 152 154 167 168 169 
154 7110 3.662890000 -1.595350000 0.00000000000000000000 1.00000000000000000000 2 0 8 137 138 139 153 155 168 169 170 
155 7111 3.597470000 -1.717180000 0.00000000000000000000 1.00000000000000000000 2 0 8 138 139 140 154 156 169 170 171 
156 7112 3.527280000 -1.836400000 0.00000000000000000000 1.00000000000000000000 2 0 8 139 140 141 155 157 170 171 172 
157 7113 3.452430000 -1.952830000 0.00000000000000000000 1.00000000000000000000 2 0 8 140 141 142 156 158 171 172 173 
158 7114 3.373030000 -2.066270000 0.00000000000000000000 1.00000000000000000000 2 0 8 141 142 143 157 159 172 173 174 
159 7115 3.289200000 -2.176570000 0.00000000000000000000 1.00000000000000000000 2 0 8 142 143 144 158 160 173 174 175 
160 7116 3.201070000 -2.283550000 0.00000000000000000000 1.00000000000000000000 2 0 8 143 144 145 159 161 174 175 176 
161 7117 3.108770000 -2.387040000 0.00000000000000000000 1.00000000000000000000 2 0 8 144 145 288 160 291 175 176 294 
162 7118 4.197810000 -0.729060000 0.00000000000000000000 1.00000000000000000000 2 0 8 146 147 148 293 163 295 296 177 
163 7119 4.166220000 -0.872411000 0.00000000000000000000 1.00000000000000000000 2 0 8 147 148 149 162 164 296 177 178 
164 7120 4.129000000 -1.014430000 0.00000000000000000000 1.00000000000000000000 2 0 8 148 149 150 163 165 177 178 179 
165 7121 4.086200000 -1.154910000 0.00000000000000000000 1.00000000000000000000 2 0 8 149 150 151 164 166 178 179 180 
166 7122 4.037900000 -1.293630000 0.00000000000000000000 1.00000000000000000000 2 0 8 150 151 152 165 167 179 180 181 
167 7123 3.984160000 -1.430380000 0.00000000000000000000 1.00000000000000000000 2 0 8 151 152 153 166 168 180 181 182 
168 7124 3.925060000 -1.564950000 0.00000000000000000000 1.00000000000000000000 2 0 8 152 153 154 167 169 181 182 183 
169 7125 3.860690000 -1.697140000 0.00000000000000000000 1.00000000000000000000 2 0 8 153 154 155 168 170 182 183 184 
170 7126 3.791150000 -1.826740000 0.00000000000000000000 1.00000000000000000000 2 0 8 154 155 156 169 171 183 184 185 
171 7127 3.716550000 -1.953550000 0.00000000000000000000 1.00000000000000000000 2 0 8 155 156 157 170 172 184 185 186 
172 7128 3.637000000 -2.077380000 0.00000000000000000000 1.00000000000000000000 2 0 8 156 157 158 171 173 185 186 187 
173 7129 3.552610000 -2.198050000 0.00000000000000000000 1.00000000000000000000 2 0 8 157 158 159 172 174 186 187 188 
174 7130 3.463510000 -2.315360000 0.00000000000000000000 1.00000000000000000000 2 0 8 158 159 160 173 175 187 188 189 
175 7131 3.369840000 -2.429140000 0.00000000000000000000 1.00000000000000000000 2 0 8 159 160 161 174 176 188 189 190 
176 7132 3.271750000 -2.539200000 0.00000000000000000000 1.00000000000000000000 2 0 8 160 161 291 175 294 189 190 297 
177 7133 4.395830000 -0.928031000 0.00000000000000000000 1.00000000000000000000 2 0 8 162 163 164 296 178 298 299 191 
178 7134 4.356260000 -1.079110000 0.00000000000000000000 1.00000000000000000000 2 0 8 163 164 165 177 179 299 191 192 
179 7135 4.310770000 -1.228540000 0.00000000000000000000 1.00000000000000000000 2 0 8 164 165 166 178 180 191 192 193 
180 7136 4.259430000 -1.376090000 0.00000000000000000000 1.00000000000000000000 2 0 8 165 166 167 179 181 192 193 194 
181 7137 4.202300000 -1.521550000 0.00000000000000000000 1.00000000000000000000 2 0 8 166 167 168 180 182 193 194 195 
182 7138 4.139480000 -1.664690000 0.00000000000000000000 1.00000000000000000000 2 0 8 167 168 169 181 183 194 195 196 
183 7139 4.071060000 -1.805290000 0.00000000000000000000 1.00000000000000000000 2 0 8 168 169 170 182 184 195 196 197 
184 7140 3.997150000 -1.943130000 0.00000000000000000000 1.00000000000000000000 2 0 8 169 170 171 183 185 196 197 198 
185 7141 3.917850000 -2.078010000 0.00000000000000000000 1.00000000000000000000 2 0 8 170 171 172 184 186 197 198 199 
186 7142 3.833290000 -2.209720000 0.00000000000000000000 1.00000000000000000000 2 0 8 171 172 173 185 187 198 199 200 
187 7143 3.743590000 -2.338050000 0.00000000000000000000 1.00000000000000000000 2 0 8 172 173 174 186 188 199 200 201 
188 7144 3.648890000 -2.462820000 0.00000000000000000000 1.00000000000000000000 2 0 8 173 174 175 187 189 200 201 202 
189 7145 3.549340000 -2.583820000 0.00000000000000000000 1.00000000000000000000 2 0 8 174 175 176 188 190 201 202 203 
190 7146 3.445080000 -2.700870000 0.00000000000000000000 1.00000000000000000000 2 0 8 175 176 294 189 297 202 203 300 
191 7147 4.597960000 -1.147820000 0.00000000000000000000 1.00000000000000000000 2 0 8 177 178 179 299 192 301 302 204 
192 7148 4.549600000 -1.306760000 0.00000000000000000000 1.00000000000000000000 2 0 8 178 179 180 191 193 302 204 205 
193 7149 4.495020000 -1.463710000 0.00000000000000000000 1.00000000000000000000 2 0 8 179 180 181 192 194 204 205 206 
194 7150 4.434290000 -1.618420000 0.00000000000000000000 1.00000000000000000000 2 0 8 180 181 182 193 195 205 206 207 
195 7151 4.367510000 -1.770660000 0.00000000000000000000 1.00000000000000000000 2 0 8 181 182 183 194 196 206 207 208 
196 7152 4.294790000 -1.920200000 0.00000000000000000000 1.00000000000000000000 2 0 8 182 183 184 195 197 207 208 209 
197 7153 4.216220000 -2.066810000 0.00000000000000000000 1.00000000000000000000 2 0 8 183 184 185 196 198 208 209 210 
198 7154 4.131930000 -2.210260000 0.00000000000000000000 1.00000000000000000000 2 0 8 184 185 186 197 199 209 210 211 
199 7155 4.042040000 -2.350330000 0.00000000000000000000 1.00000000000000000000 2 0 8 185 186 187 198 200 210 211 212 
200 7156 3.946700000 -2.486820000 0.00000000000000000000 1.00000000000000000000 2 0 8 186 187 188 199 201 211 212 213 
201 7157 3.846050000 -2.619500000 0.00000000000000000000 1.00000000000000000000 2 0 8 187 188 189 200 202 212 213 214 
202 7158 3.740230000 -2.748170000 0.00000000000000000000 1.00000000000000000000 2 0 8 188 189 190 201 203 213 214 215 
203 7159 3.629410000 -2.872640000 0.00000000000000000000 1.00000000000000000000 2 0 8 189 190 297 202 300 214 215 303 
204 7160 4.803580000 -1.389890000 0.00000000000000000000 1.00000000000000000000 2 0 8 191 192 193 302 205 304 305 216 
205 7161 4.745550000 -1.556810000 0.00000000000000000000 1.00000000000000000000 2 0 8 192 193 194 204 206 305 216 217 
206 7162 4.681000000 -1.721360000 0.00000000000000000000 1.00000000000000000000 2 0 8 193 194 195 205 207 216 217 218 
207 7163 4.610010000 -1.883280000 0.00000000000000000000 1.00000000000000000000 2 0 8 194 195 196 206 208 217 218 219 
208 7164 4.532700000 -2.042320000 0.00000000000000000000 1.00000000000000000000 2 0 8 195 196 197 207 209 218 219 220 
209 7165 4.449180000 -2.198230000 0.00000000000000000000 1.00000000000000000000 2 0 8 196 197 198 208 210 219 220 221 
210 7166 4.359580000 -2.350790000 0.00000000000000000000 1.00000000000000000000 2 0 8 197 198 199 209 211 220 221 222 
211 7167 4.264040000 -2.499750000 0.00000000000000000000 1.00000000000000000000 2 0 8 198 199 200 210 212 221 222 223 
212 7168 4.162690000 -2.644890000 0.00000000000000000000 1.00000000000000000000 2 0 8 199 200 201 211 213 222 223 224 
213 7169 4.055700000 -2.785990000 0.00000000000000000000 1.00000000000000000000 2 0 8 200 201 202 212 214 223 224 225 
214 7170 3.943220000 -2.922820000 0.00000000000000000000 1.00000000000000000000 2 0 8 201 202 203 213 215 224 225 306 
215 7171 3.825430000 -3.055180000 0.00000000000000000000 1.00000000000000000000 2 0 8 202 203 300 214 303 225 306 307 
216 7172 5.011970000 -1.655760000 0.00000000000000000000 1.00000000000000000000 2 0 8 204 205 206 305 217 308 309 226 
217 7173 4.943350000 -1.830750000 0.00000000000000000000 1.00000000000000000000 2 0 8 205 206 207 216 218 309 226 227 
218 7174 4.867880000 -2.002950000 0.00000000000000000000 1.00000000000000000000 2 0 8 206 207 208 217 219 226 227 228 
219 7175 4.785700000 -2.172090000 0.00000000000000000000 1.00000000000000000000 2 0 8 207 208 209 218 220 227 228 229 
220 7176 4.696910000 -2.337900000 0.00000000000000000000 1.00000000000000000000 2 0 8 208 209 210 219 221 228 229 230 
221 7177 4.601670000 -2.500130000 0.00000000000000000000 1.00000000000000000000 2 0 8 209 210 211 220 222 229 230 231 
222 7178 4.500100000 -2.658540000 0.00000000000000000000 1.00000000000000000000 2 0 8 210 211 212 221 223 230 231 232 
223 7179 4.392370000 -2.812880000 0.00000000000000000000 1.00000000000000000000 2 0 8 211 212 213 222 224 231 232 233 
224 7180 4.278640000 -2.962920000 0.00000000000000000000 1.00000000000000000000 2 0 8 212 213 214 223 225 232 233 310 
225 7181 4.159080000 -3.108410000 0.00000000000000000000 1.00000000000000000000 2 0 8 213 214 215 224 306 233 310 311 
226 7182 5.222310000 -1.947010000 0.00000000000000000000 1.00000000000000000000 2 0 8 216 217 218 309 227 312 313 234 
227 7183 5.142090000 -2.130140000 0.00000000000000000000 1.00000000000000000000 2 0 8 217 218 219 226 228 313 234 235 
228 7184 5.054720000 -2.310000000 0.00000000000000000000 1.00000000000000000000 2 0 8 218 219 220 227 229 234 235 236 
229 7185 4.960330000 -2.486330000 0.00000000000000000000 1.00000000000000000000 2 0 8 219 220 221 228 230 235 236 237 
230 7186 4.859080000 -2.658850000 0.00000000000000000000 1.00000000000000000000 2 0 8 220 221 222 229 231 236 237 238 
231 7187 4.751110000 -2.827290000 0.00000000000000000000 1.00000000000000000000 2 0 8 221 222 223 230 232 237 238 239 
232 7188 4.636590000 -2.991410000 0.00000000000000000000 1.00000000000000000000 2 0 8 222 223 224 231 233 238 239 314 
233 7189 4.515700000 -3.150950000 0.00000000000000000000 1.00000000000000000000 2 0 8 223 224 225 232 310 239 314 315 
234 7190 5.433650000 -2.265310000 0.00000000000000000000 1.00000000000000000000 2 0 8 226 227 228 313 235 316 317 240 
235 7191 5.340770000 -2.456580000 0.00000000000000000000 1.00000000000000000000 2 0 8 227 228 229 234 236 317 240 241 
236 7192 5.240430000 -2.644080000 0.00000000000000000000 1.00000000000000000000 2 0 8 228 229 230 235 237 240 241 242 
237 7193 5.132790000 -2.827530000 0.00000000000000000000 1.00000000000000000000 2 0 8 229 230 231 236 238 241 242 243 
238 7194 5.018020000 -3.006650000 0.00000000000000000000 1.00000000000000000000 2 0 8 230 231 232 237 239 242 243 318 
239 7195 4.896280000 -3.181160000 0.00000000000000000000 1.00000000000000000000 2 0 8 231 232 233 238 314 243 318 319 
240 7196 5.644920000 -2.612370000 0.00000000000000000000 1.00000000000000000000 2 0 8 234 235 236 317 241 320 321 322 
241 7197 5.538250000 -2.811750000 0.00000000000000000000 1.00000000000000000000 2 0 8 235 236 237 240 242 321 322 323 
242 7198 5.423820000 -3.006820000 0.00000000000000000000 1.00000000000000000000 2 0 8 236 237 238 241 243 322 323 324 
243 7199 5.301800000 -3.197270000 0.00000000000000000000 1.00000000000000000000 2 0 8 237 238 239 242 318 323 324 325 
244 5235 1.94177 -0.502777 2 0
245 5236 1.92004 -0.555999 2 0
246 5237 1.89614 -0.608395 2 0
247 5692 1.8701 -0.659887 2 0
248 5693 1.84197 -0.710398 2 0
249 5244 2.04923 -0.478919 2 0
250 5245 2.02851 -0.536499 2 0
251 5710 1.92263 -0.757995 2 0
252 5711 1.89059 -0.810747 2 0
253 5250 2.16245 -0.448654 2 0
254 5251 2.14298 -0.510825 2 0
255 5726 1.97464 -0.864682 2 0
256 5727 1.93838 -0.919634 2 0
257 5254 2.28155 -0.411369 2 0
258 5255 2.26357 -0.478366 2 0
259 5737 2.02572 -0.980429 2 0
260 5738 1.98489 -1.03753 2 0
261 5256 2.4066 -0.366404 2 0
262 5257 2.3904 -0.438467 2 0
263 5743 2.07543 -1.10573 2 0
264 5744 2.02965 -1.1649 2 0
265 6079 2.52354 -0.390426 2 0
266 5747 2.12327 -1.2411 2 0
267 5748 2.07216 -1.30225 2 0
268 6096 2.64807 -0.415913 2 0
269 6506 2.16869 -1.38706 2 0
270 6112 2.79658 -0.355182 2 0
271 6113 2.78065 -0.44296 2 0
272 6521 2.27145 -1.47706 2 0
273 6129 2.9387 -0.378202 2 0
274 6537 2.38084 -1.57259 2 0
275 6146 3.08996 -0.402641 2 0
276 6554 2.49727 -1.67401 2 0
277 6163 3.25093 -0.42859 2 0
278 6571 2.62116 -1.7817 2 0
279 6572 2.54877 -1.86253 2 0
280 6178 3.43802 -0.342731 2 0
281 6179 3.4222 -0.456146 2 0
282 6588 2.67606 -1.98205 2 0
283 6589 2.59578 -2.06503 2 0
284 6192 3.63326 -0.243477 2 0
285 6193 3.62123 -0.36472 2 0
286 6604 2.72618 -2.19725 2 0
287 6205 3.8289 -0.259068 2 0
288 6620 2.86489 -2.3377 2 0
289 6230 4.03701 -0.275631 2 0
290 6231 4.02342 -0.412888 2 0
291 6637 3.01244 -2.48689 2 0
292 6235 4.24392 -0.439246 2 0
293 6236 4.22372 -0.584598 2 0
294 6654 3.16937 -2.64539 2 0
295 6242 4.45696 -0.621871 2 0
296 6243 4.42941 -0.775542 2 0
297 6670 3.33627 -2.81379 2 0
298 6252 4.67572 -0.824931 2 0
299 6253 4.64002 -0.98713 2 0
300 6685 3.51376 -2.99272 2 0
301 6264 4.8997 -1.04993 2 0
302 6265 4.85499 -1.22084 2 0
303 6715 3.70251 -3.18286 2 0
304 6277 5.12831 -1.29844 2 0
305 6278 5.07366 -1.47823 2 0
306 6719 4.03387 -3.24915 2 0
307 6720 3.90321 -3.38491 2 0
308 6291 5.36084 -1.57211 2 0
309 6292 5.29527 -1.76091 2 0
310 6725 4.38861 -3.30566 2 0
311 6726 4.25551 -3.4553 2 0
312 6306 5.5965 -1.87267 2 0
313 6307 5.51894 -2.07057 2 0
314 6739 4.76776 -3.35079 2 0
315 6740 4.63266 -3.51529 2 0
316 6322 5.83433 -2.20191 2 0
317 6323 5.74366 -2.40898 2 0
318 6755 5.17239 -3.38283 2 0
319 6756 5.03576 -3.56319 2 0
320 6338 6.07328 -2.5617 2 0
321 6339 5.9683 -2.77796 2 0
322 6772 5.8549 -2.98997 2 0
323 6773 5.73325 -3.19739 2 0
324 6774 5.60354 -3.3999 2 0
325 6775 5.46595 -3.59719 2 0
