298 241 57
1 4779 1.000000000 -0.000000003 0.00000000000000000000 1.00000000000000000000 2 1 9 15 2 29 16 17 14 3 28 18 
2 4780 0.999615000 -0.000054681 0.14036650252237550807 -0.99009961365997711802 1 1 9 1 3 16 17 18 15 4 29 19 
3 4781 0.998459000 -0.000218471 0.14010513689151748995 -0.99013663229708304137 1 1 8 2 4 17 18 19 31 32 33 
4 4782 0.996534000 -0.000490645 0.13979061185766311626 -0.99018108689090822416 1 1 8 3 5 18 19 20 32 33 34 
5 4783 0.993844000 -0.000870002 0.13935711712082152203 -0.99024218952121689785 1 1 8 4 6 19 20 21 33 34 35 
6 4784 0.990393000 -0.001354870 0.13876045682244561585 -0.99032597442580805325 1 1 8 5 7 20 21 22 34 35 36 
7 4785 0.986185000 -0.001943150 0.13804686302476867898 -0.99042569817680958799 1 1 8 6 8 21 22 23 35 36 37 
8 4786 0.981228000 -0.002632300 0.13721282869678594341 -0.99054158905167954963 1 1 8 7 9 22 23 24 36 37 38 
9 4787 0.975528000 -0.003419390 0.13627283718361105080 -0.99067134502110676397 1 1 8 8 10 23 24 25 37 38 39 
10 4788 0.969096000 -0.004301130 0.13522637670253234710 -0.99081472891954169846 1 1 8 9 242 24 25 244 38 39 247 
11 4789 0.990393000 0.001354870 0.13876071044765153628 0.99032593888884035138 1 1 8 243 12 245 246 26 248 249 40 
12 4790 0.993844000 0.000870000 0.13935727524022409329 0.99024216726900726737 1 1 8 11 13 246 26 27 249 40 41 
13 4791 0.996534000 0.000490644 0.13979040149328805787 0.99018111658945773268 1 1 8 12 14 26 27 28 40 41 42 
14 4792 0.998459000 0.000218470 0.14010497936136037667 0.99013665458771527028 1 1 8 13 15 27 28 29 41 42 43 
15 4793 0.999615000 0.000054680 0.14037003599076877669 0.99009911271344464012 1 1 7 14 1 28 29 16 13 27 
16 4794 1.001400000 -0.000000058 0.00000000000000000000 1.00000000000000000000 2 0 8 15 1 2 29 17 43 30 31 
17 4795 1.001030000 -0.001458160 0.00000000000000000000 1.00000000000000000000 2 0 8 1 2 3 16 18 30 31 32 
18 4796 0.999899000 -0.002964430 0.00000000000000000000 1.00000000000000000000 2 0 8 2 3 4 17 19 31 32 33 
19 4797 0.998015000 -0.004539460 0.00000000000000000000 1.00000000000000000000 2 0 8 3 4 5 18 20 32 33 34 
20 4798 0.995372000 -0.006192040 0.00000000000000000000 1.00000000000000000000 2 0 8 4 5 6 19 21 33 34 35 
21 4799 0.991971000 -0.007925230 0.00000000000000000000 1.00000000000000000000 2 0 8 5 6 7 20 22 34 35 36 
22 4800 0.987816000 -0.009739020 0.00000000000000000000 1.00000000000000000000 2 0 8 6 7 8 21 23 35 36 37 
23 4801 0.982909000 -0.011631600 0.00000000000000000000 1.00000000000000000000 2 0 8 7 8 9 22 24 36 37 38 
24 4802 0.977259000 -0.013599900 0.00000000000000000000 1.00000000000000000000 2 0 8 8 9 10 23 25 37 38 39 
25 4803 0.970873000 -0.015640400 0.00000000000000000000 1.00000000000000000000 2 0 8 9 10 242 24 244 38 39 247 
26 4804 0.995372000 0.006191910 0.00000000000000000000 1.00000000000000000000 2 0 8 11 12 13 246 27 249 40 41 
27 4805 0.998015000 0.004539340 0.00000000000000000000 1.00000000000000000000 2 0 8 12 13 14 26 28 40 41 42 
28 4806 0.999899000 0.002964310 0.00000000000000000000 1.00000000000000000000 2 0 8 13 14 15 27 29 41 42 43 
29 4807 1.001030000 0.001458040 0.00000000000000000000 1.00000000000000000000 2 0 8 14 15 1 28 16 42 43 30 
30 4808 1.005150000 -0.000000209 0.00000000000000000000 1.00000000000000000000 2 0 8 29 16 17 43 31 58 44 45 
31 4809 1.004770000 -0.002820540 0.00000000000000000000 1.00000000000000000000 2 0 8 16 17 18 30 32 44 45 46 
32 4810 1.003650000 -0.005665600 0.00000000000000000000 1.00000000000000000000 2 0 8 17 18 19 31 33 45 46 47 
33 4811 1.001770000 -0.008552350 0.00000000000000000000 1.00000000000000000000 2 0 8 18 19 20 32 34 46 47 48 
34 4812 0.999127000 -0.011490700 0.00000000000000000000 1.00000000000000000000 2 0 8 19 20 21 33 35 47 48 49 
35 4813 0.995733000 -0.014485200 0.00000000000000000000 1.00000000000000000000 2 0 8 20 21 22 34 36 48 49 50 
36 4814 0.991583000 -0.017537200 0.00000000000000000000 1.00000000000000000000 2 0 8 21 22 23 35 37 49 50 51 
37 4815 0.986682000 -0.020645300 0.00000000000000000000 1.00000000000000000000 2 0 8 22 23 24 36 38 50 51 52 
38 4816 0.981035000 -0.023806600 0.00000000000000000000 1.00000000000000000000 2 0 8 23 24 25 37 39 51 52 53 
39 4817 0.974647000 -0.027017000 0.00000000000000000000 1.00000000000000000000 2 0 8 24 25 244 38 247 52 53 250 
40 4818 0.999128000 0.011490200 0.00000000000000000000 1.00000000000000000000 2 0 8 246 26 27 249 41 54 55 56 
41 4819 1.001770000 0.008551920 0.00000000000000000000 1.00000000000000000000 2 0 8 26 27 28 40 42 55 56 57 
42 4820 1.003650000 0.005665180 0.00000000000000000000 1.00000000000000000000 2 0 8 27 28 29 41 43 56 57 58 
43 4821 1.004770000 0.002820120 0.00000000000000000000 1.00000000000000000000 2 0 8 28 29 16 42 30 57 58 44 
44 4822 1.011130000 -0.000000453 0.00000000000000000000 1.00000000000000000000 2 0 8 43 30 31 58 45 73 59 60 
45 4823 1.010750000 -0.004166540 0.00000000000000000000 1.00000000000000000000 2 0 8 30 31 32 44 46 59 60 61 
46 4824 1.009610000 -0.008346150 0.00000000000000000000 1.00000000000000000000 2 0 8 31 32 33 45 47 60 61 62 
47 4825 1.007720000 -0.012550000 0.00000000000000000000 1.00000000000000000000 2 0 8 32 33 34 46 48 61 62 63 
48 4826 1.005060000 -0.016785300 0.00000000000000000000 1.00000000000000000000 2 0 8 33 34 35 47 49 62 63 64 
49 4827 1.001640000 -0.021055400 0.00000000000000000000 1.00000000000000000000 2 0 8 34 35 36 48 50 63 64 65 
50 4828 0.997463000 -0.025361200 0.00000000000000000000 1.00000000000000000000 2 0 8 35 36 37 49 51 64 65 66 
51 4829 0.992530000 -0.029701000 0.00000000000000000000 1.00000000000000000000 2 0 8 36 37 38 50 52 65 66 67 
52 4830 0.986845000 -0.034071500 0.00000000000000000000 1.00000000000000000000 2 0 8 37 38 39 51 53 66 67 68 
53 4831 0.980415000 -0.038468000 0.00000000000000000000 1.00000000000000000000 2 0 8 38 39 247 52 250 67 68 252 
54 4832 1.001640000 0.021054500 0.00000000000000000000 1.00000000000000000000 2 0 8 248 249 40 251 55 253 69 70 
55 4833 1.005060000 0.016784300 0.00000000000000000000 1.00000000000000000000 2 0 8 249 40 41 54 56 69 70 71 
56 4834 1.007720000 0.012549100 0.00000000000000000000 1.00000000000000000000 2 0 8 40 41 42 55 57 70 71 72 
57 4835 1.009610000 0.008345240 0.00000000000000000000 1.00000000000000000000 2 0 8 41 42 43 56 58 71 72 73 
58 4836 1.010750000 0.004165640 0.00000000000000000000 1.00000000000000000000 2 0 8 42 43 30 57 44 72 73 59 
59 4837 1.019300000 -0.000000788 0.00000000000000000000 1.00000000000000000000 2 0 8 58 44 45 73 60 88 74 75 
60 4838 1.018910000 -0.005511320 0.00000000000000000000 1.00000000000000000000 2 0 8 44 45 46 59 61 74 75 76 
61 4839 1.017760000 -0.011028500 0.00000000000000000000 1.00000000000000000000 2 0 8 45 46 47 60 62 75 76 77 
62 4840 1.015830000 -0.016557900 0.00000000000000000000 1.00000000000000000000 2 0 8 46 47 48 61 63 76 77 78 
63 4841 1.013140000 -0.022102800 0.00000000000000000000 1.00000000000000000000 2 0 8 47 48 49 62 64 77 78 79 
64 4842 1.009670000 -0.027664500 0.00000000000000000000 1.00000000000000000000 2 0 8 48 49 50 63 65 78 79 80 
65 4843 1.005440000 -0.033242000 0.00000000000000000000 1.00000000000000000000 2 0 8 49 50 51 64 66 79 80 81 
66 4844 1.000440000 -0.038832700 0.00000000000000000000 1.00000000000000000000 2 0 8 50 51 52 65 67 80 81 82 
67 4845 0.994686000 -0.044432100 0.00000000000000000000 1.00000000000000000000 2 0 8 51 52 53 66 68 81 82 83 
68 4846 0.988175000 -0.050034500 0.00000000000000000000 1.00000000000000000000 2 0 8 52 53 250 67 252 82 83 254 
69 4847 1.009670000 0.027662900 0.00000000000000000000 1.00000000000000000000 2 0 8 251 54 55 253 70 256 84 85 
70 4848 1.013140000 0.022101200 0.00000000000000000000 1.00000000000000000000 2 0 8 54 55 56 69 71 84 85 86 
71 4849 1.015830000 0.016556300 0.00000000000000000000 1.00000000000000000000 2 0 8 55 56 57 70 72 85 86 87 
72 4850 1.017760000 0.011027000 0.00000000000000000000 1.00000000000000000000 2 0 8 56 57 58 71 73 86 87 88 
73 4851 1.018910000 0.005509750 0.00000000000000000000 1.00000000000000000000 2 0 8 57 58 44 72 59 87 88 74 
74 4852 1.029630000 -0.000001213 0.00000000000000000000 1.00000000000000000000 2 0 8 73 59 60 88 75 104 89 90 
75 4853 1.029240000 -0.006865340 0.00000000000000000000 1.00000000000000000000 2 0 8 59 60 61 74 76 89 90 91 
76 4854 1.028060000 -0.013731200 0.00000000000000000000 1.00000000000000000000 2 0 8 60 61 62 75 77 90 91 92 
77 4855 1.026100000 -0.020599800 0.00000000000000000000 1.00000000000000000000 2 0 8 61 62 63 76 78 91 92 93 
78 4856 1.023350000 -0.027471100 0.00000000000000000000 1.00000000000000000000 2 0 8 62 63 64 77 79 92 93 94 
79 4857 1.019820000 -0.034343400 0.00000000000000000000 1.00000000000000000000 2 0 8 63 64 65 78 80 93 94 95 
80 4858 1.015510000 -0.041213800 0.00000000000000000000 1.00000000000000000000 2 0 8 64 65 66 79 81 94 95 96 
81 4859 1.010420000 -0.048077600 0.00000000000000000000 1.00000000000000000000 2 0 8 65 66 67 80 82 95 96 97 
82 4860 1.004560000 -0.054929100 0.00000000000000000000 1.00000000000000000000 2 0 8 66 67 68 81 83 96 97 98 
83 4861 0.997937000 -0.061761200 0.00000000000000000000 1.00000000000000000000 2 0 8 67 68 252 82 254 97 98 257 
84 4862 1.019820000 0.034341000 0.00000000000000000000 1.00000000000000000000 2 0 8 253 69 70 256 85 99 100 101 
85 4863 1.023350000 0.027468700 0.00000000000000000000 1.00000000000000000000 2 0 8 69 70 71 84 86 100 101 102 
86 4864 1.026100000 0.020597400 0.00000000000000000000 1.00000000000000000000 2 0 8 70 71 72 85 87 101 102 103 
87 4865 1.028060000 0.013728800 0.00000000000000000000 1.00000000000000000000 2 0 8 71 72 73 86 88 102 103 104 
88 4866 1.029240000 0.006862920 0.00000000000000000000 1.00000000000000000000 2 0 8 72 73 59 87 74 103 104 89 
89 4867 1.042140000 -0.000001728 0.00000000000000000000 1.00000000000000000000 2 0 8 88 74 75 104 90 121 105 106 
90 4868 1.041740000 -0.008236960 0.00000000000000000000 1.00000000000000000000 2 0 8 74 75 76 89 91 105 106 107 
91 4869 1.040530000 -0.016469900 0.00000000000000000000 1.00000000000000000000 2 0 8 75 76 77 90 92 106 107 108 
92 4870 1.038520000 -0.024697800 0.00000000000000000000 1.00000000000000000000 2 0 8 76 77 78 91 93 107 108 109 
93 4871 1.035710000 -0.032917300 0.00000000000000000000 1.00000000000000000000 2 0 8 77 78 79 92 94 108 109 110 
94 4872 1.032100000 -0.041123800 0.00000000000000000000 1.00000000000000000000 2 0 8 78 79 80 93 95 109 110 111 
95 4873 1.027690000 -0.049312000 0.00000000000000000000 1.00000000000000000000 2 0 8 79 80 81 94 96 110 111 112 
96 4874 1.022490000 -0.057475100 0.00000000000000000000 1.00000000000000000000 2 0 8 80 81 82 95 97 111 112 113 
97 4875 1.016490000 -0.065605600 0.00000000000000000000 1.00000000000000000000 2 0 8 81 82 83 96 98 112 113 114 
98 4876 1.009720000 -0.073694700 0.00000000000000000000 1.00000000000000000000 2 0 8 82 83 254 97 257 113 114 260 
99 4877 1.027690000 0.049308600 0.00000000000000000000 1.00000000000000000000 2 0 8 255 256 84 259 100 115 116 117 
100 4878 1.032100000 0.041120400 0.00000000000000000000 1.00000000000000000000 2 0 8 256 84 85 99 101 116 117 118 
101 4879 1.035710000 0.032913800 0.00000000000000000000 1.00000000000000000000 2 0 8 84 85 86 100 102 117 118 119 
102 4880 1.038520000 0.024694400 0.00000000000000000000 1.00000000000000000000 2 0 8 85 86 87 101 103 118 119 120 
103 4881 1.040530000 0.016466500 0.00000000000000000000 1.00000000000000000000 2 0 8 86 87 88 102 104 119 120 121 
104 4882 1.041740000 0.008233520 0.00000000000000000000 1.00000000000000000000 2 0 8 87 88 74 103 89 120 121 105 
105 4883 1.056850000 -0.000002334 0.00000000000000000000 1.00000000000000000000 2 0 8 104 89 90 121 106 138 122 123 
106 4884 1.056430000 -0.009633520 0.00000000000000000000 1.00000000000000000000 2 0 8 89 90 91 105 107 122 123 124 
107 4885 1.055190000 -0.019258900 0.00000000000000000000 1.00000000000000000000 2 0 8 90 91 92 106 108 123 124 125 
108 4886 1.053130000 -0.028872400 0.00000000000000000000 1.00000000000000000000 2 0 8 91 92 93 107 109 124 125 126 
109 4887 1.050240000 -0.038467400 0.00000000000000000000 1.00000000000000000000 2 0 8 92 93 94 108 110 125 126 127 
110 4888 1.046530000 -0.048036700 0.00000000000000000000 1.00000000000000000000 2 0 8 93 94 95 109 111 126 127 128 
111 4889 1.042000000 -0.057572200 0.00000000000000000000 1.00000000000000000000 2 0 8 94 95 96 110 112 127 128 129 
112 4890 1.036650000 -0.067065100 0.00000000000000000000 1.00000000000000000000 2 0 8 95 96 97 111 113 128 129 130 
113 4891 1.030500000 -0.076505600 0.00000000000000000000 1.00000000000000000000 2 0 8 96 97 98 112 114 129 130 131 
114 4892 1.023540000 -0.085883400 0.00000000000000000000 1.00000000000000000000 2 0 8 97 98 257 113 260 130 131 262 
115 4893 1.036660000 0.067060600 0.00000000000000000000 1.00000000000000000000 2 0 8 258 259 99 261 116 263 132 133 
116 4894 1.042000000 0.057567600 0.00000000000000000000 1.00000000000000000000 2 0 8 259 99 100 115 117 132 133 134 
117 4895 1.046530000 0.048032100 0.00000000000000000000 1.00000000000000000000 2 0 8 99 100 101 116 118 133 134 135 
118 4896 1.050240000 0.038462800 0.00000000000000000000 1.00000000000000000000 2 0 8 100 101 102 117 119 134 135 136 
119 4897 1.053130000 0.028867700 0.00000000000000000000 1.00000000000000000000 2 0 8 101 102 103 118 120 135 136 137 
120 4898 1.055190000 0.019254300 0.00000000000000000000 1.00000000000000000000 2 0 8 102 103 104 119 121 136 137 138 
121 4899 1.056430000 0.009628870 0.00000000000000000000 1.00000000000000000000 2 0 8 103 104 89 120 105 137 138 122 
122 4900 1.073780000 -0.000003030 0.00000000000000000000 1.00000000000000000000 2 0 8 121 105 106 138 123 155 139 140 
123 4901 1.073350000 -0.011061800 0.00000000000000000000 1.00000000000000000000 2 0 8 105 106 107 122 124 139 140 141 
124 4902 1.072070000 -0.022111500 0.00000000000000000000 1.00000000000000000000 2 0 8 106 107 108 123 125 140 141 142 
125 4903 1.069940000 -0.033143000 0.00000000000000000000 1.00000000000000000000 2 0 8 107 108 109 124 126 141 142 143 
126 4904 1.066960000 -0.044146700 0.00000000000000000000 1.00000000000000000000 2 0 8 108 109 110 125 127 142 143 144 
127 4905 1.063140000 -0.055112700 0.00000000000000000000 1.00000000000000000000 2 0 8 109 110 111 126 128 143 144 145 
128 4906 1.058470000 -0.066030200 0.00000000000000000000 1.00000000000000000000 2 0 8 110 111 112 127 129 144 145 146 
129 4907 1.052960000 -0.076888000 0.00000000000000000000 1.00000000000000000000 2 0 8 111 112 113 128 130 145 146 147 
130 4908 1.046620000 -0.087674300 0.00000000000000000000 1.00000000000000000000 2 0 8 112 113 114 129 131 146 147 148 
131 4909 1.039460000 -0.098376400 0.00000000000000000000 1.00000000000000000000 2 0 8 113 114 260 130 262 147 148 264 
132 4910 1.052970000 0.076882200 0.00000000000000000000 1.00000000000000000000 2 0 8 261 115 116 263 133 265 149 150 
133 4911 1.058470000 0.066024300 0.00000000000000000000 1.00000000000000000000 2 0 8 115 116 117 132 134 149 150 151 
134 4912 1.063140000 0.055106700 0.00000000000000000000 1.00000000000000000000 2 0 8 116 117 118 133 135 150 151 152 
135 4913 1.066970000 0.044140800 0.00000000000000000000 1.00000000000000000000 2 0 8 117 118 119 134 136 151 152 153 
136 4914 1.069950000 0.033137000 0.00000000000000000000 1.00000000000000000000 2 0 8 118 119 120 135 137 152 153 154 
137 4915 1.072070000 0.022105500 0.00000000000000000000 1.00000000000000000000 2 0 8 119 120 121 136 138 153 154 155 
138 4916 1.073350000 0.011055700 0.00000000000000000000 1.00000000000000000000 2 0 8 120 121 105 137 122 154 155 139 
139 4917 1.092990000 -0.000003817 0.00000000000000000000 1.00000000000000000000 2 0 8 138 122 123 155 140 172 156 157 
140 4918 1.092550000 -0.012528200 0.00000000000000000000 1.00000000000000000000 2 0 8 122 123 124 139 141 156 157 158 
141 4919 1.091230000 -0.025040600 0.00000000000000000000 1.00000000000000000000 2 0 8 123 124 125 140 142 157 158 159 
142 4920 1.089020000 -0.037528700 0.00000000000000000000 1.00000000000000000000 2 0 8 124 125 126 141 143 158 159 160 
143 4921 1.085940000 -0.049980200 0.00000000000000000000 1.00000000000000000000 2 0 8 125 126 127 142 144 159 160 161 
144 4922 1.081980000 -0.062382200 0.00000000000000000000 1.00000000000000000000 2 0 8 126 127 128 143 145 160 161 162 
145 4923 1.077150000 -0.074721600 0.00000000000000000000 1.00000000000000000000 2 0 8 127 128 129 144 146 161 162 163 
146 4924 1.071460000 -0.086984600 0.00000000000000000000 1.00000000000000000000 2 0 8 128 129 130 145 147 162 163 164 
147 4925 1.064900000 -0.099157100 0.00000000000000000000 1.00000000000000000000 2 0 8 129 130 131 146 148 163 164 165 
148 4926 1.057500000 -0.111224000 0.00000000000000000000 1.00000000000000000000 2 0 8 130 131 262 147 264 164 165 266 
149 4927 1.071460000 0.086977300 0.00000000000000000000 1.00000000000000000000 2 0 8 263 132 133 265 150 267 166 167 
150 4928 1.077160000 0.074714200 0.00000000000000000000 1.00000000000000000000 2 0 8 132 133 134 149 151 166 167 168 
151 4929 1.081990000 0.062374800 0.00000000000000000000 1.00000000000000000000 2 0 8 133 134 135 150 152 167 168 169 
152 4930 1.085940000 0.049972700 0.00000000000000000000 1.00000000000000000000 2 0 8 134 135 136 151 153 168 169 170 
153 4931 1.089020000 0.037521200 0.00000000000000000000 1.00000000000000000000 2 0 8 135 136 137 152 154 169 170 171 
154 4932 1.091230000 0.025033000 0.00000000000000000000 1.00000000000000000000 2 0 8 136 137 138 153 155 170 171 172 
155 4933 1.092550000 0.012520600 0.00000000000000000000 1.00000000000000000000 2 0 8 137 138 122 154 139 171 172 156 
156 4934 1.114540000 -0.000004696 0.00000000000000000000 1.00000000000000000000 2 0 8 155 139 140 172 157 189 173 174 
157 4935 1.114080000 -0.014039300 0.00000000000000000000 1.00000000000000000000 2 0 8 139 140 141 156 158 173 174 175 
158 4936 1.112710000 -0.028058800 0.00000000000000000000 1.00000000000000000000 2 0 8 140 141 142 157 159 174 175 176 
159 4937 1.110420000 -0.042048300 0.00000000000000000000 1.00000000000000000000 2 0 8 141 142 143 158 160 175 176 177 
160 4938 1.107220000 -0.055992500 0.00000000000000000000 1.00000000000000000000 2 0 8 142 143 144 159 161 176 177 178 
161 4939 1.103120000 -0.069875800 0.00000000000000000000 1.00000000000000000000 2 0 8 143 144 145 160 162 177 178 179 
162 4940 1.098110000 -0.083682500 0.00000000000000000000 1.00000000000000000000 2 0 8 144 145 146 161 163 178 179 180 
163 4941 1.092200000 -0.097396200 0.00000000000000000000 1.00000000000000000000 2 0 8 145 146 147 162 164 179 180 181 
164 4942 1.085400000 -0.111001000 0.00000000000000000000 1.00000000000000000000 2 0 8 146 147 148 163 165 180 181 182 
165 4943 1.077720000 -0.124478000 0.00000000000000000000 1.00000000000000000000 2 0 8 147 148 264 164 266 181 182 268 
166 4944 1.092210000 0.097387200 0.00000000000000000000 1.00000000000000000000 2 0 8 265 149 150 267 167 269 183 184 
167 4945 1.098110000 0.083673400 0.00000000000000000000 1.00000000000000000000 2 0 8 149 150 151 166 168 183 184 185 
168 4946 1.103120000 0.069866700 0.00000000000000000000 1.00000000000000000000 2 0 8 150 151 152 167 169 184 185 186 
169 4947 1.107220000 0.055983300 0.00000000000000000000 1.00000000000000000000 2 0 8 151 152 153 168 170 185 186 187 
170 4948 1.110420000 0.042039100 0.00000000000000000000 1.00000000000000000000 2 0 8 152 153 154 169 171 186 187 188 
171 4949 1.112710000 0.028049500 0.00000000000000000000 1.00000000000000000000 2 0 8 153 154 155 170 172 187 188 189 
172 4950 1.114080000 0.014029900 0.00000000000000000000 1.00000000000000000000 2 0 8 154 155 139 171 156 188 189 173 
173 4951 1.138490000 -0.000005667 0.00000000000000000000 1.00000000000000000000 2 0 8 172 156 157 189 174 206 190 191 
174 4952 1.138010000 -0.015601200 0.00000000000000000000 1.00000000000000000000 2 0 8 156 157 158 173 175 190 191 192 
175 4953 1.136580000 -0.031178800 0.00000000000000000000 1.00000000000000000000 2 0 8 157 158 159 174 176 191 192 193 
176 4954 1.134210000 -0.046720600 0.00000000000000000000 1.00000000000000000000 2 0 8 158 159 160 175 177 192 193 194 
177 4955 1.130880000 -0.062208500 0.00000000000000000000 1.00000000000000000000 2 0 8 159 160 161 176 178 193 194 195 
178 4956 1.126610000 -0.077624200 0.00000000000000000000 1.00000000000000000000 2 0 8 160 161 162 177 179 194 195 196 
179 4957 1.121400000 -0.092949200 0.00000000000000000000 1.00000000000000000000 2 0 8 161 162 163 178 180 195 196 197 
180 4958 1.115260000 -0.108165000 0.00000000000000000000 1.00000000000000000000 2 0 8 162 163 164 179 181 196 197 198 
181 4959 1.108190000 -0.123252000 0.00000000000000000000 1.00000000000000000000 2 0 8 163 164 165 180 182 197 198 199 
182 4960 1.100200000 -0.138191000 0.00000000000000000000 1.00000000000000000000 2 0 8 164 165 266 181 268 198 199 270 
183 4961 1.115260000 0.108154000 0.00000000000000000000 1.00000000000000000000 2 0 8 267 166 167 269 184 271 200 201 
184 4962 1.121400000 0.092938300 0.00000000000000000000 1.00000000000000000000 2 0 8 166 167 168 183 185 200 201 202 
185 4963 1.126610000 0.077613200 0.00000000000000000000 1.00000000000000000000 2 0 8 167 168 169 184 186 201 202 203 
186 4964 1.130880000 0.062197400 0.00000000000000000000 1.00000000000000000000 2 0 8 168 169 170 185 187 202 203 204 
187 4965 1.134210000 0.046709400 0.00000000000000000000 1.00000000000000000000 2 0 8 169 170 171 186 188 203 204 205 
188 4966 1.136580000 0.031167600 0.00000000000000000000 1.00000000000000000000 2 0 8 170 171 172 187 189 204 205 206 
189 4967 1.138010000 0.015589900 0.00000000000000000000 1.00000000000000000000 2 0 8 171 172 156 188 173 205 206 190 
190 4968 1.164920000 -0.000006733 0.00000000000000000000 1.00000000000000000000 2 0 8 189 173 174 206 191 219 207 208 
191 4969 1.164430000 -0.017220400 0.00000000000000000000 1.00000000000000000000 2 0 8 173 174 175 190 192 207 208 209 
192 4970 1.162940000 -0.034413300 0.00000000000000000000 1.00000000000000000000 2 0 8 174 175 176 191 193 208 209 210 
193 4971 1.160460000 -0.051564500 0.00000000000000000000 1.00000000000000000000 2 0 8 175 176 177 192 194 209 210 211 
194 4972 1.156990000 -0.068653300 0.00000000000000000000 1.00000000000000000000 2 0 8 176 177 178 193 195 210 211 212 
195 4973 1.152540000 -0.085658500 0.00000000000000000000 1.00000000000000000000 2 0 8 177 178 179 194 196 211 212 272 
196 4974 1.147110000 -0.102559000 0.00000000000000000000 1.00000000000000000000 2 0 8 178 179 180 195 197 212 272 273 
197 4975 1.140700000 -0.119333000 0.00000000000000000000 1.00000000000000000000 2 0 8 179 180 181 196 198 272 273 274 
198 4976 1.133330000 -0.135960000 0.00000000000000000000 1.00000000000000000000 2 0 8 180 181 182 197 199 273 274 275 
199 4977 1.125010000 -0.152417000 0.00000000000000000000 1.00000000000000000000 2 0 8 181 182 268 198 270 274 275 276 
200 4978 1.140710000 0.119320000 0.00000000000000000000 1.00000000000000000000 2 0 8 269 183 184 271 201 277 213 214 
201 4979 1.147110000 0.102546000 0.00000000000000000000 1.00000000000000000000 2 0 8 183 184 185 200 202 213 214 215 
202 4980 1.152540000 0.085645400 0.00000000000000000000 1.00000000000000000000 2 0 8 184 185 186 201 203 214 215 216 
203 4981 1.156990000 0.068640100 0.00000000000000000000 1.00000000000000000000 2 0 8 185 186 187 202 204 215 216 217 
204 4982 1.160460000 0.051551300 0.00000000000000000000 1.00000000000000000000 2 0 8 186 187 188 203 205 216 217 218 
205 4983 1.162940000 0.034399900 0.00000000000000000000 1.00000000000000000000 2 0 8 187 188 189 204 206 217 218 219 
206 4984 1.164430000 0.017207000 0.00000000000000000000 1.00000000000000000000 2 0 8 188 189 173 205 190 218 219 207 
207 4985 1.193940000 -0.000007892 0.00000000000000000000 1.00000000000000000000 2 0 8 206 190 191 219 208 230 220 221 
208 4986 1.193420000 -0.018903400 0.00000000000000000000 1.00000000000000000000 2 0 8 190 191 192 207 209 220 221 222 
209 4987 1.191860000 -0.037775200 0.00000000000000000000 1.00000000000000000000 2 0 8 191 192 193 208 210 221 222 223 
210 4988 1.189270000 -0.056599500 0.00000000000000000000 1.00000000000000000000 2 0 8 192 193 194 209 211 222 223 224 
211 4989 1.185640000 -0.075352600 0.00000000000000000000 1.00000000000000000000 2 0 8 193 194 195 210 212 223 224 278 
212 4990 1.180990000 -0.094010600 0.00000000000000000000 1.00000000000000000000 2 0 8 194 195 196 211 272 224 278 279 
213 4991 1.168630000 0.130930000 0.00000000000000000000 1.00000000000000000000 2 0 8 271 200 201 277 214 280 281 225 
214 4992 1.175320000 0.112534000 0.00000000000000000000 1.00000000000000000000 2 0 8 200 201 202 213 215 281 225 226 
215 4993 1.181000000 0.093995300 0.00000000000000000000 1.00000000000000000000 2 0 8 201 202 203 214 216 225 226 227 
216 4994 1.185650000 0.075337100 0.00000000000000000000 1.00000000000000000000 2 0 8 202 203 204 215 217 226 227 228 
217 4995 1.189270000 0.056583900 0.00000000000000000000 1.00000000000000000000 2 0 8 203 204 205 216 218 227 228 229 
218 4996 1.191860000 0.037759500 0.00000000000000000000 1.00000000000000000000 2 0 8 204 205 206 217 219 228 229 230 
219 4997 1.193420000 0.018887700 0.00000000000000000000 1.00000000000000000000 2 0 8 205 206 190 218 207 229 230 220 
220 4998 1.225620000 -0.000009146 0.00000000000000000000 1.00000000000000000000 2 0 8 219 207 208 230 221 239 231 232 
221 4999 1.225080000 -0.020656800 0.00000000000000000000 1.00000000000000000000 2 0 8 207 208 209 220 222 231 232 233 
222 5000 1.223450000 -0.041277700 0.00000000000000000000 1.00000000000000000000 2 0 8 208 209 210 221 223 232 233 234 
223 5001 1.220740000 -0.061845300 0.00000000000000000000 1.00000000000000000000 2 0 8 209 210 211 222 224 233 234 282 
224 5002 1.216940000 -0.082332800 0.00000000000000000000 1.00000000000000000000 2 0 8 210 211 212 223 278 234 282 283 
225 5003 1.206130000 0.122943000 0.00000000000000000000 1.00000000000000000000 2 0 8 213 214 215 281 226 284 285 235 
226 5004 1.212070000 0.102696000 0.00000000000000000000 1.00000000000000000000 2 0 8 214 215 216 225 227 285 235 236 
227 5005 1.216940000 0.082314800 0.00000000000000000000 1.00000000000000000000 2 0 8 215 216 217 226 228 235 236 237 
228 5006 1.220740000 0.061827300 0.00000000000000000000 1.00000000000000000000 2 0 8 216 217 218 227 229 236 237 238 
229 5007 1.223450000 0.041259600 0.00000000000000000000 1.00000000000000000000 2 0 8 217 218 219 228 230 237 238 239 
230 5008 1.225080000 0.020638600 0.00000000000000000000 1.00000000000000000000 2 0 8 218 219 207 229 220 238 239 231 
231 5009 1.260100000 -0.000010495 0.00000000000000000000 1.00000000000000000000 2 0 8 230 220 221 239 232 294 286 287 
232 5010 1.259530000 -0.022487500 0.00000000000000000000 1.00000000000000000000 2 0 8 220 221 222 231 233 286 287 288 
233 5011 1.257820000 -0.044934700 0.00000000000000000000 1.00000000000000000000 2 0 8 221 222 223 232 234 287 288 289 
234 5012 1.254970000 -0.067322400 0.00000000000000000000 1.00000000000000000000 2 0 8 222 223 224 233 282 288 289 290 
235 5013 1.245890000 0.111780000 0.00000000000000000000 1.00000000000000000000 2 0 8 225 226 227 285 236 291 292 240 
236 5014 1.251000000 0.089600400 0.00000000000000000000 1.00000000000000000000 2 0 8 226 227 228 235 237 292 240 241 
237 5015 1.254980000 0.067301700 0.00000000000000000000 1.00000000000000000000 2 0 8 227 228 229 236 238 240 241 293 
238 5016 1.257820000 0.044913900 0.00000000000000000000 1.00000000000000000000 2 0 8 228 229 230 237 239 241 293 294 
239 5017 1.259530000 0.022466600 0.00000000000000000000 1.00000000000000000000 2 0 8 229 230 220 238 231 293 294 286 
240 5018 1.287930000 0.097221800 0.00000000000000000000 1.00000000000000000000 2 0 8 235 236 237 292 241 295 296 297 
241 5019 1.292110000 0.073028400 0.00000000000000000000 1.00000000000000000000 2 0 8 236 237 238 240 293 296 297 298 
242 5258 0.96194 -0.00527388 1 1
243 3121 0.986185 0.00194315 1 1
244 5280 0.96376 -0.0177485 2 0
245 3142 0.987816 0.00973887 2 0
246 3143 0.991972 0.0079251 2 0
247 5302 0.967529 -0.0302714 2 0
248 3164 0.991584 0.0175367 2 0
249 3165 0.995733 0.0144848 2 0
250 5324 0.973247 -0.0428846 2 0
251 3185 0.997464 0.0253603 2 0
252 5345 0.980917 -0.0556333 2 0
253 3204 1.00544 0.0332404 2 0
254 5365 0.99055 -0.068566 2 0
255 3222 1.01043 0.0480752 2 0
256 3223 1.01551 0.0412114 2 0
257 5385 1.00217 -0.0817331 2 0
258 3240 1.0165 0.0656022 2 0
259 3241 1.02249 0.0574717 2 0
260 5404 1.01579 -0.095187 2 0
261 3258 1.0305 0.0765012 2 0
262 5422 1.03147 -0.108981 2 0
263 3275 1.04663 0.0876685 2 0
264 5439 1.04924 -0.123171 2 0
265 3291 1.06491 0.0991498 2 0
266 5455 1.06917 -0.137813 2 0
267 3306 1.08541 0.110992 2 0
268 5468 1.09131 -0.152963 2 0
269 3321 1.10819 0.123241 2 0
270 5480 1.11574 -0.168682 2 0
271 3336 1.13334 0.135947 2 0
272 5020 1.17532 -0.11255 2 0
273 5021 1.16863 -0.130945 2 0
274 5022 1.16093 -0.149174 2 0
275 5023 1.15223 -0.16721 2 0
276 5024 1.14255 -0.185031 2 0
277 3340 1.16094 0.149159 2 0
278 5025 1.21207 -0.102713 2 0
279 5026 1.20613 -0.12296 2 0
280 3367 1.19107 0.162928 2 0
281 3368 1.19913 0.143029 2 0
282 5032 1.25099 -0.0896209 2 0
283 5033 1.24588 -0.1118 2 0
284 3386 1.23231 0.155663 2 0
285 3387 1.23966 0.133811 2 0
286 5041 1.29749 -1.19404e-05 2 0
287 5042 1.29689 -0.0244025 2 0
288 5043 1.29509 -0.0487601 2 0
289 5044 1.2921 -0.073052 2 0
290 5045 1.28792 -0.0972452 2 0
291 3407 1.27602 0.145181 2 0
292 3408 1.28256 0.121284 2 0
293 5054 1.2951 0.0487364 2 0
294 5055 1.29689 0.0243787 2 0
295 3429 1.32222 0.131243 2 0
296 3430 1.32786 0.105208 2 0
297 5069 1.33226 0.0790294 2 0
298 5070 1.33541 0.052742 2 0
