283 237 46
1 2384 0.222215000 0.058045400 -0.04087684655611406592 0.99916419242065912520 1 1 8 238 2 240 21 22 242 41 42 
2 2385 0.238751000 0.058634700 -0.03054378757292246921 0.99953342967641667371 1 1 8 1 3 21 22 23 41 42 43 
3 2386 0.255689000 0.059068300 -0.02081933190970869721 0.99978325422005009937 1 1 8 2 4 22 23 24 42 43 44 
4 2387 0.273005000 0.059348000 -0.01166268120857801363 0.99993198862073962019 1 1 8 3 5 23 24 25 43 44 45 
5 2388 0.290670000 0.059476300 -0.00304320807739406679 0.99999536943157796287 1 1 8 4 6 24 25 26 44 45 46 
6 2389 0.308658000 0.059456500 0.00507271814616204464 0.99998713368253377975 1 1 8 5 7 25 26 27 45 46 47 
7 2390 0.326942000 0.059292300 0.01271276962678606452 0.99991918947903790649 1 1 8 6 8 26 27 28 46 47 48 
8 2391 0.345492000 0.058988200 0.01990338952698984809 0.99980190792243284204 1 1 8 7 9 27 28 29 47 48 49 
9 2392 0.364280000 0.058549000 0.02666512143361050857 0.99964442243176188096 1 1 8 8 10 28 29 30 48 49 50 
10 2393 0.383277000 0.057980300 0.03302454375919538360 0.99945454099198371978 1 1 8 9 11 29 30 31 49 50 51 
11 2394 0.402455000 0.057287600 0.03900317735249399231 0.99923908658359128498 1 1 8 10 12 30 31 32 50 51 52 
12 2395 0.421783000 0.056477300 0.04461974166234173450 0.99900404336218062706 1 1 8 11 13 31 32 33 51 52 53 
13 2396 0.441231000 0.055555700 0.04989928728278555936 0.99875425462356348660 1 1 8 12 14 32 33 34 52 53 54 
14 2397 0.460771000 0.054529400 0.05485990010981084408 0.99849406175497190663 1 1 8 13 15 33 34 35 53 54 55 
15 2398 0.480370000 0.053405300 0.05952362684258152153 0.99822689697658673058 1 1 8 14 16 34 35 36 54 55 56 
16 2399 0.500000000 0.052190200 0.06390882134454034524 0.99795574178134349719 1 1 8 15 17 35 36 37 55 56 57 
17 2400 0.519630000 0.050891100 0.06803217270332914679 0.99768312779021406378 1 1 8 16 18 36 37 38 56 57 58 
18 2401 0.539230000 0.049515100 0.07191784000836067003 0.99741055954332646927 1 1 8 17 19 37 38 39 57 58 59 
19 2402 0.558769000 0.048069000 0.07558280287099569672 0.99713952880736012041 1 1 8 18 20 38 39 40 58 59 60 
20 2403 0.578217000 0.046559900 0.07904322671276450829 0.99687118942761843154 1 1 8 19 239 39 40 241 59 60 243 
21 2404 0.219613000 0.082562100 0.00000000000000000000 1.00000000000000000000 2 0 8 238 1 2 240 22 242 41 42 
22 2405 0.236346000 0.083821100 0.00000000000000000000 1.00000000000000000000 2 0 8 1 2 3 21 23 41 42 43 
23 2406 0.253482000 0.084889300 0.00000000000000000000 1.00000000000000000000 2 0 8 2 3 4 22 24 42 43 44 
24 2407 0.270995000 0.085767400 0.00000000000000000000 1.00000000000000000000 2 0 8 3 4 5 23 25 43 44 45 
25 2408 0.288857000 0.086456700 0.00000000000000000000 1.00000000000000000000 2 0 8 4 5 6 24 26 44 45 46 
26 2409 0.307041000 0.086959400 0.00000000000000000000 1.00000000000000000000 2 0 8 5 6 7 25 27 45 46 47 
27 2410 0.325519000 0.087278000 0.00000000000000000000 1.00000000000000000000 2 0 8 6 7 8 26 28 46 47 48 
28 2411 0.344261000 0.087416000 0.00000000000000000000 1.00000000000000000000 2 0 8 7 8 9 27 29 47 48 49 
29 2412 0.363239000 0.087377300 0.00000000000000000000 1.00000000000000000000 2 0 8 8 9 10 28 30 48 49 50 
30 2413 0.382423000 0.087166200 0.00000000000000000000 1.00000000000000000000 2 0 8 9 10 11 29 31 49 50 51 
31 2414 0.401784000 0.086787500 0.00000000000000000000 1.00000000000000000000 2 0 8 10 11 12 30 32 50 51 52 
32 2415 0.421291000 0.086246600 0.00000000000000000000 1.00000000000000000000 2 0 8 11 12 13 31 33 51 52 53 
33 2416 0.440914000 0.085549100 0.00000000000000000000 1.00000000000000000000 2 0 8 12 13 14 32 34 52 53 54 
34 2417 0.460623000 0.084700800 0.00000000000000000000 1.00000000000000000000 2 0 8 13 14 15 33 35 53 54 55 
35 2418 0.480387000 0.083708100 0.00000000000000000000 1.00000000000000000000 2 0 8 14 15 16 34 36 54 55 56 
36 2419 0.500176000 0.082577200 0.00000000000000000000 1.00000000000000000000 2 0 8 15 16 17 35 37 55 56 57 
37 2420 0.519959000 0.081314800 0.00000000000000000000 1.00000000000000000000 2 0 8 16 17 18 36 38 56 57 58 
38 2421 0.539707000 0.079927500 0.00000000000000000000 1.00000000000000000000 2 0 8 17 18 19 37 39 57 58 59 
39 2422 0.559387000 0.078422200 0.00000000000000000000 1.00000000000000000000 2 0 8 18 19 20 38 40 58 59 60 
40 2423 0.578971000 0.076805600 0.00000000000000000000 1.00000000000000000000 2 0 8 19 20 239 39 241 59 60 243 
41 2424 0.216015000 0.107420000 0.00000000000000000000 1.00000000000000000000 2 0 8 240 21 22 242 42 244 61 62 
42 2425 0.232999000 0.109352000 0.00000000000000000000 1.00000000000000000000 2 0 8 21 22 23 41 43 61 62 63 
43 2426 0.250389000 0.111057000 0.00000000000000000000 1.00000000000000000000 2 0 8 22 23 24 42 44 62 63 64 
44 2427 0.268158000 0.112535000 0.00000000000000000000 1.00000000000000000000 2 0 8 23 24 25 43 45 63 64 65 
45 2428 0.286277000 0.113785000 0.00000000000000000000 1.00000000000000000000 2 0 8 24 25 26 44 46 64 65 66 
46 2429 0.304719000 0.114810000 0.00000000000000000000 1.00000000000000000000 2 0 8 25 26 27 45 47 65 66 67 
47 2430 0.323454000 0.115610000 0.00000000000000000000 1.00000000000000000000 2 0 8 26 27 28 46 48 66 67 68 
48 2431 0.342453000 0.116187000 0.00000000000000000000 1.00000000000000000000 2 0 8 27 28 29 47 49 67 68 69 
49 2432 0.361687000 0.116546000 0.00000000000000000000 1.00000000000000000000 2 0 8 28 29 30 48 50 68 69 70 
50 2433 0.381125000 0.116688000 0.00000000000000000000 1.00000000000000000000 2 0 8 29 30 31 49 51 69 70 71 
51 2434 0.400737000 0.116619000 0.00000000000000000000 1.00000000000000000000 2 0 8 30 31 32 50 52 70 71 72 
52 2435 0.420492000 0.116343000 0.00000000000000000000 1.00000000000000000000 2 0 8 31 32 33 51 53 71 72 73 
53 2436 0.440360000 0.115864000 0.00000000000000000000 1.00000000000000000000 2 0 8 32 33 34 52 54 72 73 74 
54 2437 0.460310000 0.115187000 0.00000000000000000000 1.00000000000000000000 2 0 8 33 34 35 53 55 73 74 75 
55 2438 0.480311000 0.114320000 0.00000000000000000000 1.00000000000000000000 2 0 8 34 35 36 54 56 74 75 76 
56 2439 0.500333000 0.113267000 0.00000000000000000000 1.00000000000000000000 2 0 8 35 36 37 55 57 75 76 77 
57 2440 0.520343000 0.112034000 0.00000000000000000000 1.00000000000000000000 2 0 8 36 37 38 56 58 76 77 78 
58 2441 0.540312000 0.110629000 0.00000000000000000000 1.00000000000000000000 2 0 8 37 38 39 57 59 77 78 79 
59 2442 0.560208000 0.109057000 0.00000000000000000000 1.00000000000000000000 2 0 8 38 39 40 58 60 78 79 80 
60 2443 0.580001000 0.107326000 0.00000000000000000000 1.00000000000000000000 2 0 8 39 40 241 59 243 79 80 245 
61 2444 0.211403000 0.132703000 0.00000000000000000000 1.00000000000000000000 2 0 8 242 41 42 244 62 246 81 82 
62 2445 0.228696000 0.135314000 0.00000000000000000000 1.00000000000000000000 2 0 8 41 42 43 61 63 81 82 83 
63 2446 0.246398000 0.137661000 0.00000000000000000000 1.00000000000000000000 2 0 8 42 43 44 62 64 82 83 84 
64 2447 0.264483000 0.139742000 0.00000000000000000000 1.00000000000000000000 2 0 8 43 44 45 63 65 83 84 85 
65 2448 0.282921000 0.141557000 0.00000000000000000000 1.00000000000000000000 2 0 8 44 45 46 64 66 84 85 86 
66 2449 0.301683000 0.143105000 0.00000000000000000000 1.00000000000000000000 2 0 8 45 46 47 65 67 85 86 87 
67 2450 0.320740000 0.144387000 0.00000000000000000000 1.00000000000000000000 2 0 8 46 47 48 66 68 86 87 88 
68 2451 0.340062000 0.145404000 0.00000000000000000000 1.00000000000000000000 2 0 8 47 48 49 67 69 87 88 89 
69 2452 0.359618000 0.146159000 0.00000000000000000000 1.00000000000000000000 2 0 8 48 49 50 68 70 88 89 90 
70 2453 0.379378000 0.146654000 0.00000000000000000000 1.00000000000000000000 2 0 8 49 50 51 69 71 89 90 91 
71 2454 0.399311000 0.146891000 0.00000000000000000000 1.00000000000000000000 2 0 8 50 51 52 70 72 90 91 92 
72 2455 0.419385000 0.146876000 0.00000000000000000000 1.00000000000000000000 2 0 8 51 52 53 71 73 91 92 93 
73 2456 0.439570000 0.146611000 0.00000000000000000000 1.00000000000000000000 2 0 8 52 53 54 72 74 92 93 94 
74 2457 0.459834000 0.146103000 0.00000000000000000000 1.00000000000000000000 2 0 8 53 54 55 73 75 93 94 95 
75 2458 0.480145000 0.145355000 0.00000000000000000000 1.00000000000000000000 2 0 8 54 55 56 74 76 94 95 96 
76 2459 0.500472000 0.144374000 0.00000000000000000000 1.00000000000000000000 2 0 8 55 56 57 75 77 95 96 97 
77 2460 0.520784000 0.143165000 0.00000000000000000000 1.00000000000000000000 2 0 8 56 57 58 76 78 96 97 98 
78 2461 0.541049000 0.141735000 0.00000000000000000000 1.00000000000000000000 2 0 8 57 58 59 77 79 97 98 99 
79 2462 0.561235000 0.140090000 0.00000000000000000000 1.00000000000000000000 2 0 8 58 59 60 78 80 98 99 100 
80 2463 0.581313000 0.138237000 0.00000000000000000000 1.00000000000000000000 2 0 8 59 60 243 79 245 99 100 247 
81 2464 0.205760000 0.158498000 0.00000000000000000000 1.00000000000000000000 2 0 8 244 61 62 246 82 248 101 102 
82 2465 0.223418000 0.161797000 0.00000000000000000000 1.00000000000000000000 2 0 8 61 62 63 81 83 101 102 103 
83 2466 0.241493000 0.164794000 0.00000000000000000000 1.00000000000000000000 2 0 8 62 63 64 82 84 102 103 104 
84 2467 0.259954000 0.167486000 0.00000000000000000000 1.00000000000000000000 2 0 8 63 64 65 83 85 103 104 105 
85 2468 0.278774000 0.169870000 0.00000000000000000000 1.00000000000000000000 2 0 8 64 65 66 84 86 104 105 106 
86 2469 0.297921000 0.171946000 0.00000000000000000000 1.00000000000000000000 2 0 8 65 66 67 85 87 105 106 107 
87 2470 0.317366000 0.173713000 0.00000000000000000000 1.00000000000000000000 2 0 8 66 67 68 86 88 106 107 108 
88 2471 0.337078000 0.175172000 0.00000000000000000000 1.00000000000000000000 2 0 8 67 68 69 87 89 107 108 109 
89 2472 0.357026000 0.176324000 0.00000000000000000000 1.00000000000000000000 2 0 8 68 69 70 88 90 108 109 110 
90 2473 0.377178000 0.177171000 0.00000000000000000000 1.00000000000000000000 2 0 8 69 70 71 89 91 109 110 111 
91 2474 0.397503000 0.177714000 0.00000000000000000000 1.00000000000000000000 2 0 8 70 71 72 90 92 110 111 112 
92 2475 0.417968000 0.177958000 0.00000000000000000000 1.00000000000000000000 2 0 8 71 72 73 91 93 111 112 113 
93 2476 0.438542000 0.177906000 0.00000000000000000000 1.00000000000000000000 2 0 8 72 73 74 92 94 112 113 114 
94 2477 0.459193000 0.177561000 0.00000000000000000000 1.00000000000000000000 2 0 8 73 74 75 93 95 113 114 115 
95 2478 0.479889000 0.176929000 0.00000000000000000000 1.00000000000000000000 2 0 8 74 75 76 94 96 114 115 116 
96 2479 0.500597000 0.176015000 0.00000000000000000000 1.00000000000000000000 2 0 8 75 76 77 95 97 115 116 117 
97 2480 0.521285000 0.174825000 0.00000000000000000000 1.00000000000000000000 2 0 8 76 77 78 96 98 116 117 118 
98 2481 0.541921000 0.173364000 0.00000000000000000000 1.00000000000000000000 2 0 8 77 78 79 97 99 117 118 119 
99 2482 0.562474000 0.171639000 0.00000000000000000000 1.00000000000000000000 2 0 8 78 79 80 98 100 118 119 120 
100 2483 0.582912000 0.169657000 0.00000000000000000000 1.00000000000000000000 2 0 8 79 80 245 99 247 119 120 249 
101 2484 0.199062000 0.184895000 0.00000000000000000000 1.00000000000000000000 2 0 8 246 81 82 248 102 250 121 122 
102 2485 0.217146000 0.188894000 0.00000000000000000000 1.00000000000000000000 2 0 8 81 82 83 101 103 121 122 123 
103 2486 0.235653000 0.192552000 0.00000000000000000000 1.00000000000000000000 2 0 8 82 83 84 102 104 122 123 124 
104 2487 0.254555000 0.195863000 0.00000000000000000000 1.00000000000000000000 2 0 8 83 84 85 103 105 123 124 125 
105 2488 0.273821000 0.198824000 0.00000000000000000000 1.00000000000000000000 2 0 8 84 85 86 104 106 124 125 126 
106 2489 0.293420000 0.201435000 0.00000000000000000000 1.00000000000000000000 2 0 8 85 86 87 105 107 125 126 127 
107 2490 0.313321000 0.203693000 0.00000000000000000000 1.00000000000000000000 2 0 8 86 87 88 106 108 126 127 128 
108 2491 0.333492000 0.205598000 0.00000000000000000000 1.00000000000000000000 2 0 8 87 88 89 107 109 127 128 129 
109 2492 0.353901000 0.207150000 0.00000000000000000000 1.00000000000000000000 2 0 8 88 89 90 108 110 128 129 130 
110 2493 0.374517000 0.208350000 0.00000000000000000000 1.00000000000000000000 2 0 8 89 90 91 109 111 129 130 131 
111 2494 0.395306000 0.209201000 0.00000000000000000000 1.00000000000000000000 2 0 8 90 91 92 110 112 130 131 132 
112 2495 0.416236000 0.209704000 0.00000000000000000000 1.00000000000000000000 2 0 8 91 92 93 111 113 131 132 133 
113 2496 0.437274000 0.209862000 0.00000000000000000000 1.00000000000000000000 2 0 8 92 93 94 112 114 132 133 134 
114 2497 0.458387000 0.209679000 0.00000000000000000000 1.00000000000000000000 2 0 8 93 94 95 113 115 133 134 135 
115 2498 0.479543000 0.209160000 0.00000000000000000000 1.00000000000000000000 2 0 8 94 95 96 114 116 134 135 136 
116 2499 0.500708000 0.208309000 0.00000000000000000000 1.00000000000000000000 2 0 8 95 96 97 115 117 135 136 137 
117 2500 0.521849000 0.207131000 0.00000000000000000000 1.00000000000000000000 2 0 8 96 97 98 116 118 136 137 138 
118 2501 0.542934000 0.205633000 0.00000000000000000000 1.00000000000000000000 2 0 8 97 98 99 117 119 137 138 139 
119 2502 0.563931000 0.203821000 0.00000000000000000000 1.00000000000000000000 2 0 8 98 99 100 118 120 138 139 140 
120 2503 0.584806000 0.201702000 0.00000000000000000000 1.00000000000000000000 2 0 8 99 100 247 119 249 139 140 251 
121 2504 0.191282000 0.211986000 0.00000000000000000000 1.00000000000000000000 2 0 8 248 101 102 250 122 252 141 142 
122 2505 0.209853000 0.216701000 0.00000000000000000000 1.00000000000000000000 2 0 8 101 102 103 121 123 141 142 143 
123 2506 0.228858000 0.221031000 0.00000000000000000000 1.00000000000000000000 2 0 8 102 103 104 122 124 142 143 144 
124 2507 0.248265000 0.224973000 0.00000000000000000000 1.00000000000000000000 2 0 8 103 104 105 123 125 143 144 145 
125 2508 0.268044000 0.228523000 0.00000000000000000000 1.00000000000000000000 2 0 8 104 105 106 124 126 144 145 146 
126 2509 0.288162000 0.231677000 0.00000000000000000000 1.00000000000000000000 2 0 8 105 106 107 125 127 145 146 147 
127 2510 0.308588000 0.234433000 0.00000000000000000000 1.00000000000000000000 2 0 8 106 107 108 126 128 146 147 148 
128 2511 0.329289000 0.236791000 0.00000000000000000000 1.00000000000000000000 2 0 8 107 108 109 127 129 147 148 149 
129 2512 0.350232000 0.238748000 0.00000000000000000000 1.00000000000000000000 2 0 8 108 109 110 128 130 148 149 150 
130 2513 0.371385000 0.240306000 0.00000000000000000000 1.00000000000000000000 2 0 8 109 110 111 129 131 149 150 151 
131 2514 0.392713000 0.241466000 0.00000000000000000000 1.00000000000000000000 2 0 8 110 111 112 130 132 150 151 152 
132 2515 0.414183000 0.242229000 0.00000000000000000000 1.00000000000000000000 2 0 8 111 112 113 131 133 151 152 153 
133 2516 0.435761000 0.242597000 0.00000000000000000000 1.00000000000000000000 2 0 8 112 113 114 132 134 152 153 154 
134 2517 0.457413000 0.242575000 0.00000000000000000000 1.00000000000000000000 2 0 8 113 114 115 133 135 153 154 155 
135 2518 0.479106000 0.242166000 0.00000000000000000000 1.00000000000000000000 2 0 8 114 115 116 134 136 154 155 156 
136 2519 0.500806000 0.241374000 0.00000000000000000000 1.00000000000000000000 2 0 8 115 116 117 135 137 155 156 157 
137 2520 0.522479000 0.240205000 0.00000000000000000000 1.00000000000000000000 2 0 8 116 117 118 136 138 156 157 158 
138 2521 0.544092000 0.238664000 0.00000000000000000000 1.00000000000000000000 2 0 8 117 118 119 137 139 157 158 159 
139 2522 0.565610000 0.236759000 0.00000000000000000000 1.00000000000000000000 2 0 8 118 119 120 138 140 158 159 160 
140 2523 0.587002000 0.234494000 0.00000000000000000000 1.00000000000000000000 2 0 8 119 120 249 139 251 159 160 253 
141 2524 0.182390000 0.239868000 0.00000000000000000000 1.00000000000000000000 2 0 8 250 121 122 252 142 254 161 162 
142 2525 0.201513000 0.245314000 0.00000000000000000000 1.00000000000000000000 2 0 8 121 122 123 141 143 161 162 163 
143 2526 0.221079000 0.250334000 0.00000000000000000000 1.00000000000000000000 2 0 8 122 123 124 142 144 162 163 164 
144 2527 0.241059000 0.254922000 0.00000000000000000000 1.00000000000000000000 2 0 8 123 124 125 143 145 163 164 165 
145 2528 0.261419000 0.259072000 0.00000000000000000000 1.00000000000000000000 2 0 8 124 125 126 144 146 164 165 166 
146 2529 0.282128000 0.262781000 0.00000000000000000000 1.00000000000000000000 2 0 8 125 126 127 145 147 165 166 167 
147 2530 0.303151000 0.266046000 0.00000000000000000000 1.00000000000000000000 2 0 8 126 127 128 146 148 166 167 168 
148 2531 0.324455000 0.268864000 0.00000000000000000000 1.00000000000000000000 2 0 8 127 128 129 147 149 167 168 169 
149 2532 0.346007000 0.271233000 0.00000000000000000000 1.00000000000000000000 2 0 8 128 129 130 148 150 168 169 170 
150 2533 0.367772000 0.273154000 0.00000000000000000000 1.00000000000000000000 2 0 8 129 130 131 149 151 169 170 171 
151 2534 0.389715000 0.274627000 0.00000000000000000000 1.00000000000000000000 2 0 8 130 131 132 150 152 170 171 172 
152 2535 0.411802000 0.275652000 0.00000000000000000000 1.00000000000000000000 2 0 8 131 132 133 151 153 171 172 173 
153 2536 0.433998000 0.276233000 0.00000000000000000000 1.00000000000000000000 2 0 8 132 133 134 152 154 172 173 174 
154 2537 0.456269000 0.276371000 0.00000000000000000000 1.00000000000000000000 2 0 8 133 134 135 153 155 173 174 175 
155 2538 0.478579000 0.276070000 0.00000000000000000000 1.00000000000000000000 2 0 8 134 135 136 154 156 174 175 176 
156 2539 0.500894000 0.275334000 0.00000000000000000000 1.00000000000000000000 2 0 8 135 136 137 155 157 175 176 177 
157 2540 0.523179000 0.274169000 0.00000000000000000000 1.00000000000000000000 2 0 8 136 137 138 156 158 176 177 178 
158 2541 0.545399000 0.272580000 0.00000000000000000000 1.00000000000000000000 2 0 8 137 138 139 157 159 177 178 179 
159 2542 0.567521000 0.270574000 0.00000000000000000000 1.00000000000000000000 2 0 8 138 139 140 158 160 178 179 180 
160 2543 0.589509000 0.268157000 0.00000000000000000000 1.00000000000000000000 2 0 8 139 140 251 159 253 179 180 255 
161 2544 0.172353000 0.268640000 0.00000000000000000000 1.00000000000000000000 2 0 8 252 141 142 254 162 256 181 182 
162 2545 0.192092000 0.274838000 0.00000000000000000000 1.00000000000000000000 2 0 8 141 142 143 161 163 181 182 183 
163 2546 0.212289000 0.280566000 0.00000000000000000000 1.00000000000000000000 2 0 8 142 143 144 162 164 182 183 184 
164 2547 0.232910000 0.285816000 0.00000000000000000000 1.00000000000000000000 2 0 8 143 144 145 163 165 183 184 185 
165 2548 0.253924000 0.290582000 0.00000000000000000000 1.00000000000000000000 2 0 8 144 145 146 164 166 184 185 186 
166 2549 0.275295000 0.294860000 0.00000000000000000000 1.00000000000000000000 2 0 8 145 146 147 165 167 185 186 187 
167 2550 0.296989000 0.298645000 0.00000000000000000000 1.00000000000000000000 2 0 8 146 147 148 166 168 186 187 188 
168 2551 0.318972000 0.301934000 0.00000000000000000000 1.00000000000000000000 2 0 8 147 148 149 167 169 187 188 189 
169 2552 0.341209000 0.304724000 0.00000000000000000000 1.00000000000000000000 2 0 8 148 149 150 168 170 188 189 190 
170 2553 0.363664000 0.307015000 0.00000000000000000000 1.00000000000000000000 2 0 8 149 150 151 169 171 189 190 191 
171 2554 0.386301000 0.308806000 0.00000000000000000000 1.00000000000000000000 2 0 8 150 151 152 170 172 190 191 192 
172 2555 0.409086000 0.310098000 0.00000000000000000000 1.00000000000000000000 2 0 8 151 152 153 171 173 191 192 193 
173 2556 0.431981000 0.310892000 0.00000000000000000000 1.00000000000000000000 2 0 8 152 153 154 172 174 192 193 194 
174 2557 0.454951000 0.311191000 0.00000000000000000000 1.00000000000000000000 2 0 8 153 154 155 173 175 193 194 195 
175 2558 0.477960000 0.310997000 0.00000000000000000000 1.00000000000000000000 2 0 8 154 155 156 174 176 194 195 196 
176 2559 0.500972000 0.310316000 0.00000000000000000000 1.00000000000000000000 2 0 8 155 156 157 175 177 195 196 197 
177 2560 0.523951000 0.309150000 0.00000000000000000000 1.00000000000000000000 2 0 8 156 157 158 176 178 196 197 198 
178 2561 0.546862000 0.307507000 0.00000000000000000000 1.00000000000000000000 2 0 8 157 158 159 177 179 197 198 199 
179 2562 0.569670000 0.305393000 0.00000000000000000000 1.00000000000000000000 2 0 8 158 159 160 178 180 198 199 200 
180 2563 0.592338000 0.302814000 0.00000000000000000000 1.00000000000000000000 2 0 8 159 160 253 179 255 199 200 257 
181 2564 0.161130000 0.298405000 0.00000000000000000000 1.00000000000000000000 2 0 8 254 161 162 256 182 258 259 201 
182 2565 0.181555000 0.305378000 0.00000000000000000000 1.00000000000000000000 2 0 8 161 162 163 181 183 259 201 202 
183 2566 0.202452000 0.311835000 0.00000000000000000000 1.00000000000000000000 2 0 8 162 163 164 182 184 201 202 203 
184 2567 0.223788000 0.317767000 0.00000000000000000000 1.00000000000000000000 2 0 8 163 164 165 183 185 202 203 204 
185 2568 0.245528000 0.323167000 0.00000000000000000000 1.00000000000000000000 2 0 8 164 165 166 184 186 203 204 205 
186 2569 0.267637000 0.328029000 0.00000000000000000000 1.00000000000000000000 2 0 8 165 166 167 185 187 204 205 206 
187 2570 0.290079000 0.332349000 0.00000000000000000000 1.00000000000000000000 2 0 8 166 167 168 186 188 205 206 207 
188 2571 0.312820000 0.336121000 0.00000000000000000000 1.00000000000000000000 2 0 8 167 168 169 187 189 206 207 208 
189 2572 0.335821000 0.339342000 0.00000000000000000000 1.00000000000000000000 2 0 8 168 169 170 188 190 207 208 209 
190 2573 0.359047000 0.342012000 0.00000000000000000000 1.00000000000000000000 2 0 8 169 170 171 189 191 208 209 210 
191 2574 0.382460000 0.344129000 0.00000000000000000000 1.00000000000000000000 2 0 8 170 171 172 190 192 209 210 211 
192 2575 0.406024000 0.345692000 0.00000000000000000000 1.00000000000000000000 2 0 8 171 172 173 191 193 210 211 212 
193 2576 0.429701000 0.346703000 0.00000000000000000000 1.00000000000000000000 2 0 8 172 173 174 192 194 211 212 213 
194 2577 0.453455000 0.347164000 0.00000000000000000000 1.00000000000000000000 2 0 8 173 174 175 193 195 212 213 214 
195 2578 0.477247000 0.347077000 0.00000000000000000000 1.00000000000000000000 2 0 8 174 175 176 194 196 213 214 215 
196 2579 0.501041000 0.346447000 0.00000000000000000000 1.00000000000000000000 2 0 8 175 176 177 195 197 214 215 216 
197 2580 0.524800000 0.345278000 0.00000000000000000000 1.00000000000000000000 2 0 8 176 177 178 196 198 215 216 217 
198 2581 0.548487000 0.343576000 0.00000000000000000000 1.00000000000000000000 2 0 8 177 178 179 197 199 216 217 218 
199 2582 0.572066000 0.341346000 0.00000000000000000000 1.00000000000000000000 2 0 8 178 179 180 198 200 217 218 219 
200 2583 0.595499000 0.338597000 0.00000000000000000000 1.00000000000000000000 2 0 8 179 180 255 199 257 218 219 260 
201 2584 0.169861000 0.337044000 0.00000000000000000000 1.00000000000000000000 2 0 8 181 182 183 259 202 261 220 221 
202 2585 0.191532000 0.344254000 0.00000000000000000000 1.00000000000000000000 2 0 8 182 183 184 201 203 220 221 222 
203 2586 0.213657000 0.350890000 0.00000000000000000000 1.00000000000000000000 2 0 8 183 184 185 202 204 221 222 223 
204 2587 0.236200000 0.356945000 0.00000000000000000000 1.00000000000000000000 2 0 8 184 185 186 203 205 222 223 224 
205 2588 0.259126000 0.362410000 0.00000000000000000000 1.00000000000000000000 2 0 8 185 186 187 204 206 223 224 225 
206 2589 0.282396000 0.367280000 0.00000000000000000000 1.00000000000000000000 2 0 8 186 187 188 205 207 224 225 226 
207 2590 0.305975000 0.371549000 0.00000000000000000000 1.00000000000000000000 2 0 8 187 188 189 206 208 225 226 227 
208 2591 0.329823000 0.375215000 0.00000000000000000000 1.00000000000000000000 2 0 8 188 189 190 207 209 226 227 228 
209 2592 0.353903000 0.378274000 0.00000000000000000000 1.00000000000000000000 2 0 8 189 190 191 208 210 227 228 229 
210 2593 0.378177000 0.380724000 0.00000000000000000000 1.00000000000000000000 2 0 8 190 191 192 209 211 228 229 230 
211 2594 0.402606000 0.382565000 0.00000000000000000000 1.00000000000000000000 2 0 8 191 192 193 210 212 229 230 231 
212 2595 0.427152000 0.383798000 0.00000000000000000000 1.00000000000000000000 2 0 8 192 193 194 211 213 230 231 232 
213 2596 0.451776000 0.384423000 0.00000000000000000000 1.00000000000000000000 2 0 8 193 194 195 212 214 231 232 233 
214 2597 0.476439000 0.384444000 0.00000000000000000000 1.00000000000000000000 2 0 8 194 195 196 213 215 232 233 234 
215 2598 0.501103000 0.383864000 0.00000000000000000000 1.00000000000000000000 2 0 8 195 196 197 214 216 233 234 235 
216 2599 0.525730000 0.382687000 0.00000000000000000000 1.00000000000000000000 2 0 8 196 197 198 215 217 234 235 236 
217 2600 0.550281000 0.380920000 0.00000000000000000000 1.00000000000000000000 2 0 8 197 198 199 216 218 235 236 237 
218 2601 0.574719000 0.378568000 0.00000000000000000000 1.00000000000000000000 2 0 8 198 199 200 217 219 236 237 262 
219 2602 0.599005000 0.375639000 0.00000000000000000000 1.00000000000000000000 2 0 8 199 200 257 218 260 237 262 263 
220 2603 0.156966000 0.369950000 0.00000000000000000000 1.00000000000000000000 2 0 8 259 201 202 261 221 264 265 266 
221 2604 0.179487000 0.377941000 0.00000000000000000000 1.00000000000000000000 2 0 8 201 202 203 220 222 265 266 267 
222 2605 0.202480000 0.385306000 0.00000000000000000000 1.00000000000000000000 2 0 8 202 203 204 221 223 266 267 268 
223 2606 0.225906000 0.392038000 0.00000000000000000000 1.00000000000000000000 2 0 8 203 204 205 222 224 267 268 269 
224 2607 0.249730000 0.398127000 0.00000000000000000000 1.00000000000000000000 2 0 8 204 205 206 223 225 268 269 270 
225 2608 0.273911000 0.403566000 0.00000000000000000000 1.00000000000000000000 2 0 8 205 206 207 224 226 269 270 271 
226 2609 0.298412000 0.408350000 0.00000000000000000000 1.00000000000000000000 2 0 8 206 207 208 225 227 270 271 272 
227 2610 0.323193000 0.412473000 0.00000000000000000000 1.00000000000000000000 2 0 8 207 208 209 226 228 271 272 273 
228 2611 0.348214000 0.415933000 0.00000000000000000000 1.00000000000000000000 2 0 8 208 209 210 227 229 272 273 274 
229 2612 0.373437000 0.418727000 0.00000000000000000000 1.00000000000000000000 2 0 8 209 210 211 228 230 273 274 275 
230 2613 0.398820000 0.420853000 0.00000000000000000000 1.00000000000000000000 2 0 8 210 211 212 229 231 274 275 276 
231 2614 0.424323000 0.422313000 0.00000000000000000000 1.00000000000000000000 2 0 8 211 212 213 230 232 275 276 277 
232 2615 0.449908000 0.423106000 0.00000000000000000000 1.00000000000000000000 2 0 8 212 213 214 231 233 276 277 278 
233 2616 0.475533000 0.423235000 0.00000000000000000000 1.00000000000000000000 2 0 8 213 214 215 232 234 277 278 279 
234 2617 0.501158000 0.422704000 0.00000000000000000000 1.00000000000000000000 2 0 8 214 215 216 233 235 278 279 280 
235 2618 0.526744000 0.421517000 0.00000000000000000000 1.00000000000000000000 2 0 8 215 216 217 234 236 279 280 281 
236 2619 0.552250000 0.419678000 0.00000000000000000000 1.00000000000000000000 2 0 8 216 217 218 235 237 280 281 282 
237 2620 0.577639000 0.417196000 0.00000000000000000000 1.00000000000000000000 2 0 8 217 218 219 236 262 281 282 283 
238 1449 0.206107 0.0572992 1 1
239 2862 0.597545 0.0449944 1 1
240 1469 0.203311 0.0811123 2 0
241 2871 0.598427 0.0750846 2 0
242 1489 0.199463 0.105262 2 0
243 2880 0.59966 0.105442 2 0
244 1509 0.194549 0.129829 2 0
245 2889 0.60125 0.136183 2 0
246 1529 0.188546 0.154899 2 0
247 2899 0.603203 0.167424 2 0
248 1549 0.18143 0.180557 2 0
249 2910 0.605528 0.199283 2 0
250 1569 0.173174 0.206894 2 0
251 2921 0.608233 0.231879 2 0
252 1589 0.163743 0.234003 2 0
253 2932 0.611331 0.265336 2 0
254 1608 0.153103 0.261979 2 0
255 2943 0.614832 0.299779 2 0
256 1626 0.141211 0.290924 2 0
257 2954 0.618751 0.335336 2 0
258 1636 0.128022 0.320941 2 0
259 1637 0.14868 0.329269 2 0
260 2966 0.623103 0.37214 2 0
261 1647 0.134954 0.361346 2 0
262 2979 0.602869 0.414077 2 0
263 2980 0.627904 0.41033 2 0
264 1656 0.119901 0.394751 2 0
265 2621 0.142822 0.404217 2 0
266 2622 0.166272 0.413018 2 0
267 2623 0.190214 0.421141 2 0
268 2624 0.214607 0.428575 2 0
269 2625 0.239413 0.435311 2 0
270 2626 0.264592 0.44134 2 0
271 2627 0.290104 0.446656 2 0
272 2628 0.315907 0.451254 2 0
273 2629 0.34196 0.455128 2 0
274 2630 0.368222 0.458277 2 0
275 2631 0.394651 0.460698 2 0
276 2632 0.421206 0.46239 2 0
277 2633 0.447845 0.463355 2 0
278 2634 0.474526 0.463595 2 0
279 2635 0.501207 0.463111 2 0
280 2636 0.527846 0.46191 2 0
281 2637 0.554404 0.459995 2 0
282 2638 0.580837 0.457375 2 0
283 2993 0.607107 0.454056 2 0
