312 247 65
1 8398 0.919810000 -3.502020000 0.00000000000000000000 1.00000000000000000000 2 0 8 248 249 250 252 253 2 3 4 
2 8399 1.092890000 -3.703660000 0.00000000000000000000 1.00000000000000000000 2 0 8 251 252 1 257 3 6 7 8 
3 8400 0.945853000 -3.724430000 0.00000000000000000000 1.00000000000000000000 2 0 8 252 1 253 2 4 7 8 9 
4 8401 0.798089000 -3.739480000 0.00000000000000000000 1.00000000000000000000 2 0 8 1 253 254 3 5 8 9 10 
5 8402 0.649819000 -3.748760000 0.00000000000000000000 1.00000000000000000000 2 0 8 253 254 255 4 258 9 10 11 
6 8403 1.284950000 -3.910570000 0.00000000000000000000 1.00000000000000000000 2 0 8 256 257 2 261 7 12 13 14 
7 8404 1.129760000 -3.938680000 0.00000000000000000000 1.00000000000000000000 2 0 8 257 2 3 6 8 13 14 15 
8 8405 0.973549000 -3.960730000 0.00000000000000000000 1.00000000000000000000 2 0 8 2 3 4 7 9 14 15 16 
9 8406 0.816565000 -3.976670000 0.00000000000000000000 1.00000000000000000000 2 0 8 3 4 5 8 10 15 16 17 
10 8407 0.659049000 -3.986490000 0.00000000000000000000 1.00000000000000000000 2 0 8 4 5 258 9 11 16 17 18 
11 8408 0.501244000 -3.990170000 0.00000000000000000000 1.00000000000000000000 2 0 8 5 258 259 10 262 17 18 19 
12 8409 1.497430000 -4.122320000 0.00000000000000000000 1.00000000000000000000 2 0 8 260 261 6 265 13 20 21 22 
13 8410 1.333860000 -4.158560000 0.00000000000000000000 1.00000000000000000000 2 0 8 261 6 7 12 14 21 22 23 
14 8411 1.168970000 -4.188400000 0.00000000000000000000 1.00000000000000000000 2 0 8 6 7 8 13 15 22 23 24 
15 8412 1.003000000 -4.211790000 0.00000000000000000000 1.00000000000000000000 2 0 8 7 8 9 14 16 23 24 25 
16 8413 0.836212000 -4.228690000 0.00000000000000000000 1.00000000000000000000 2 0 8 8 9 10 15 17 24 25 26 
17 8414 0.668863000 -4.239080000 0.00000000000000000000 1.00000000000000000000 2 0 8 9 10 11 16 18 25 26 27 
18 8415 0.501211000 -4.242930000 0.00000000000000000000 1.00000000000000000000 2 0 8 10 11 262 17 19 26 27 28 
19 8416 0.333514000 -4.240240000 0.00000000000000000000 1.00000000000000000000 2 0 8 11 262 263 18 266 27 28 29 
20 8417 1.731800000 -4.338350000 0.00000000000000000000 1.00000000000000000000 2 0 8 264 265 12 269 21 30 31 32 
21 8418 1.559670000 -4.383580000 0.00000000000000000000 1.00000000000000000000 2 0 8 265 12 13 20 22 31 32 33 
22 8419 1.385870000 -4.422060000 0.00000000000000000000 1.00000000000000000000 2 0 8 12 13 14 21 23 32 33 34 
23 8420 1.210660000 -4.453740000 0.00000000000000000000 1.00000000000000000000 2 0 8 13 14 15 22 24 33 34 35 
24 8421 1.034310000 -4.478560000 0.00000000000000000000 1.00000000000000000000 2 0 8 14 15 16 23 25 34 35 36 
25 8422 0.857101000 -4.496480000 0.00000000000000000000 1.00000000000000000000 2 0 8 15 16 17 24 26 35 36 37 
26 8423 0.679298000 -4.507470000 0.00000000000000000000 1.00000000000000000000 2 0 8 16 17 18 25 27 36 37 38 
27 8424 0.501175000 -4.511510000 0.00000000000000000000 1.00000000000000000000 2 0 8 17 18 19 26 28 37 38 39 
28 8425 0.323008000 -4.508600000 0.00000000000000000000 1.00000000000000000000 2 0 8 18 19 266 27 29 38 39 40 
29 8426 0.145073000 -4.498730000 0.00000000000000000000 1.00000000000000000000 2 0 8 19 266 267 28 270 39 40 41 
30 8427 1.989620000 -4.558020000 0.00000000000000000000 1.00000000000000000000 2 0 8 268 269 20 272 31 275 42 43 
31 8428 1.808760000 -4.613160000 0.00000000000000000000 1.00000000000000000000 2 0 8 269 20 21 30 32 42 43 44 
32 8429 1.625850000 -4.661200000 0.00000000000000000000 1.00000000000000000000 2 0 8 20 21 22 31 33 43 44 45 
33 8430 1.441160000 -4.702070000 0.00000000000000000000 1.00000000000000000000 2 0 8 21 22 23 32 34 44 45 46 
34 8431 1.254990000 -4.735690000 0.00000000000000000000 1.00000000000000000000 2 0 8 22 23 24 33 35 45 46 47 
35 8432 1.067610000 -4.762030000 0.00000000000000000000 1.00000000000000000000 2 0 8 23 24 25 34 36 46 47 48 
36 8433 0.879311000 -4.781030000 0.00000000000000000000 1.00000000000000000000 2 0 8 24 25 26 35 37 47 48 49 
37 8434 0.690390000 -4.792660000 0.00000000000000000000 1.00000000000000000000 2 0 8 25 26 27 36 38 48 49 50 
38 8435 0.501134000 -4.796910000 0.00000000000000000000 1.00000000000000000000 2 0 8 26 27 28 37 39 49 50 51 
39 8436 0.311836000 -4.793760000 0.00000000000000000000 1.00000000000000000000 2 0 8 27 28 29 38 40 50 51 52 
40 8437 0.122787000 -4.783210000 0.00000000000000000000 1.00000000000000000000 2 0 8 28 29 270 39 41 51 52 53 
41 8438 -0.065720500 -4.765280000 0.00000000000000000000 1.00000000000000000000 2 0 8 29 270 271 40 273 52 53 54 
42 8439 2.082790000 -4.846620000 0.00000000000000000000 1.00000000000000000000 2 0 8 272 30 31 275 43 278 279 55 
43 8440 1.890590000 -4.905200000 0.00000000000000000000 1.00000000000000000000 2 0 8 30 31 32 42 44 279 55 56 
44 8441 1.696220000 -4.956230000 0.00000000000000000000 1.00000000000000000000 2 0 8 31 32 33 43 45 55 56 57 
45 8442 1.499960000 -4.999630000 0.00000000000000000000 1.00000000000000000000 2 0 8 32 33 34 44 46 56 57 58 
46 8443 1.302120000 -5.035330000 0.00000000000000000000 1.00000000000000000000 2 0 8 33 34 35 45 47 57 58 59 
47 8444 1.103010000 -5.063270000 0.00000000000000000000 1.00000000000000000000 2 0 8 34 35 36 46 48 58 59 60 
48 8445 0.902924000 -5.083420000 0.00000000000000000000 1.00000000000000000000 2 0 8 35 36 37 47 49 59 60 61 
49 8446 0.702182000 -5.095730000 0.00000000000000000000 1.00000000000000000000 2 0 8 36 37 38 48 50 60 61 62 
50 8447 0.501089000 -5.100190000 0.00000000000000000000 1.00000000000000000000 2 0 8 37 38 39 49 51 61 62 63 
51 8448 0.299955000 -5.096780000 0.00000000000000000000 1.00000000000000000000 2 0 8 38 39 40 50 52 62 63 64 
52 8449 0.099090200 -5.085510000 0.00000000000000000000 1.00000000000000000000 2 0 8 39 40 41 51 53 63 64 65 
53 8450 -0.101195000 -5.066400000 0.00000000000000000000 1.00000000000000000000 2 0 8 40 41 273 52 54 64 65 66 
54 8451 -0.300592000 -5.039460000 0.00000000000000000000 1.00000000000000000000 2 0 8 41 273 274 53 276 65 66 67 
55 8452 1.977600000 -5.215560000 0.00000000000000000000 1.00000000000000000000 2 0 8 42 43 44 279 56 282 68 69 
56 8453 1.771030000 -5.269770000 0.00000000000000000000 1.00000000000000000000 2 0 8 43 44 45 55 57 68 69 70 
57 8454 1.562460000 -5.315850000 0.00000000000000000000 1.00000000000000000000 2 0 8 44 45 46 56 58 69 70 71 
58 8455 1.352230000 -5.353760000 0.00000000000000000000 1.00000000000000000000 2 0 8 45 46 47 57 59 70 71 72 
59 8456 1.140640000 -5.383420000 0.00000000000000000000 1.00000000000000000000 2 0 8 46 47 48 58 60 71 72 73 
60 8457 0.928026000 -5.404780000 0.00000000000000000000 1.00000000000000000000 2 0 8 47 48 49 59 61 72 73 74 
61 8458 0.714716000 -5.417810000 0.00000000000000000000 1.00000000000000000000 2 0 8 48 49 50 60 62 73 74 75 
62 8459 0.501038000 -5.422490000 0.00000000000000000000 1.00000000000000000000 2 0 8 49 50 51 61 63 74 75 76 
63 8460 0.287320000 -5.418810000 0.00000000000000000000 1.00000000000000000000 2 0 8 50 51 52 62 64 75 76 77 
64 8461 0.073892900 -5.406770000 0.00000000000000000000 1.00000000000000000000 2 0 8 51 52 53 63 65 76 77 78 
65 8462 -0.138914000 -5.386390000 0.00000000000000000000 1.00000000000000000000 2 0 8 52 53 54 64 66 77 78 79 
66 8463 -0.350773000 -5.357700000 0.00000000000000000000 1.00000000000000000000 2 0 8 53 54 276 65 67 78 79 80 
67 8464 -0.561356000 -5.320740000 0.00000000000000000000 1.00000000000000000000 2 0 8 54 276 277 66 280 79 80 81 
68 8465 2.070100000 -5.545420000 0.00000000000000000000 1.00000000000000000000 2 0 8 279 55 56 282 69 285 82 83 
69 8466 1.850570000 -5.602990000 0.00000000000000000000 1.00000000000000000000 2 0 8 55 56 57 68 70 82 83 84 
70 8467 1.628920000 -5.651940000 0.00000000000000000000 1.00000000000000000000 2 0 8 56 57 58 69 71 83 84 85 
71 8468 1.405500000 -5.692180000 0.00000000000000000000 1.00000000000000000000 2 0 8 57 58 59 70 72 84 85 86 
72 8469 1.180650000 -5.723660000 0.00000000000000000000 1.00000000000000000000 2 0 8 58 59 60 71 73 85 86 87 
73 8470 0.954711000 -5.746310000 0.00000000000000000000 1.00000000000000000000 2 0 8 59 60 61 72 74 86 87 88 
74 8471 0.728039000 -5.760110000 0.00000000000000000000 1.00000000000000000000 2 0 8 60 61 62 73 75 87 88 89 
75 8472 0.500980000 -5.765030000 0.00000000000000000000 1.00000000000000000000 2 0 8 61 62 63 74 76 88 89 90 
76 8473 0.273884000 -5.761060000 0.00000000000000000000 1.00000000000000000000 2 0 8 62 63 64 75 77 89 90 91 
77 8474 0.047101100 -5.748200000 0.00000000000000000000 1.00000000000000000000 2 0 8 63 64 65 76 78 90 91 92 
78 8475 -0.179019000 -5.726470000 0.00000000000000000000 1.00000000000000000000 2 0 8 64 65 66 77 79 91 92 93 
79 8476 -0.404126000 -5.695910000 0.00000000000000000000 1.00000000000000000000 2 0 8 65 66 67 78 80 92 93 94 
80 8477 -0.627873000 -5.656560000 0.00000000000000000000 1.00000000000000000000 2 0 8 66 67 280 79 81 93 94 95 
81 8478 -0.849914000 -5.608470000 0.00000000000000000000 1.00000000000000000000 2 0 8 67 280 281 80 283 94 95 96 
82 8479 2.168440000 -5.896010000 0.00000000000000000000 1.00000000000000000000 2 0 8 282 68 69 285 83 288 97 98 
83 8480 1.935120000 -5.957170000 0.00000000000000000000 1.00000000000000000000 2 0 8 68 69 70 82 84 97 98 99 
84 8481 1.699570000 -6.009150000 0.00000000000000000000 1.00000000000000000000 2 0 8 69 70 71 83 85 98 99 100 
85 8482 1.462130000 -6.051870000 0.00000000000000000000 1.00000000000000000000 2 0 8 70 71 72 84 86 99 100 101 
86 8483 1.223180000 -6.085280000 0.00000000000000000000 1.00000000000000000000 2 0 8 71 72 73 85 87 100 101 102 
87 8484 0.983078000 -6.109300000 0.00000000000000000000 1.00000000000000000000 2 0 8 72 73 74 86 88 101 102 103 
88 8485 0.742200000 -6.123910000 0.00000000000000000000 1.00000000000000000000 2 0 8 73 74 75 87 89 102 103 104 
89 8486 0.500916000 -6.129080000 0.00000000000000000000 1.00000000000000000000 2 0 8 74 75 76 88 90 103 104 105 
90 8487 0.259596000 -6.124790000 0.00000000000000000000 1.00000000000000000000 2 0 8 75 76 77 89 91 104 105 106 
91 8488 0.018614600 -6.111070000 0.00000000000000000000 1.00000000000000000000 2 0 8 76 77 78 90 92 105 106 107 
92 8489 -0.221658000 -6.087910000 0.00000000000000000000 1.00000000000000000000 2 0 8 77 78 79 91 93 106 107 108 
93 8490 -0.460850000 -6.055360000 0.00000000000000000000 1.00000000000000000000 2 0 8 78 79 80 92 94 107 108 109 
94 8491 -0.698592000 -6.013460000 0.00000000000000000000 1.00000000000000000000 2 0 8 79 80 81 93 95 108 109 110 
95 8492 -0.934517000 -5.962280000 0.00000000000000000000 1.00000000000000000000 2 0 8 80 81 283 94 96 109 110 111 
96 8493 -1.168260000 -5.901900000 0.00000000000000000000 1.00000000000000000000 2 0 8 81 283 284 95 286 110 111 112 
97 8494 2.272980000 -6.268650000 0.00000000000000000000 1.00000000000000000000 2 0 8 285 82 83 288 98 291 113 114 
98 8495 2.025020000 -6.333610000 0.00000000000000000000 1.00000000000000000000 2 0 8 82 83 84 97 99 113 114 115 
99 8496 1.774670000 -6.388820000 0.00000000000000000000 1.00000000000000000000 2 0 8 83 84 85 98 100 114 115 116 
100 8497 1.522330000 -6.434180000 0.00000000000000000000 1.00000000000000000000 2 0 8 84 85 86 99 101 115 116 117 
101 8498 1.268390000 -6.469630000 0.00000000000000000000 1.00000000000000000000 2 0 8 85 86 87 100 102 116 117 118 
102 8499 1.013230000 -6.495110000 0.00000000000000000000 1.00000000000000000000 2 0 8 86 87 88 101 103 117 118 119 
103 8500 0.757251000 -6.510580000 0.00000000000000000000 1.00000000000000000000 2 0 8 87 88 89 102 104 118 119 120 
104 8501 0.500843000 -6.516010000 0.00000000000000000000 1.00000000000000000000 2 0 8 88 89 90 103 105 119 120 121 
105 8502 0.244403000 -6.511400000 0.00000000000000000000 1.00000000000000000000 2 0 8 89 90 91 104 106 120 121 122 
106 8503 -0.011673100 -6.496740000 0.00000000000000000000 1.00000000000000000000 2 0 8 90 91 92 105 107 121 122 123 
107 8504 -0.266991000 -6.472060000 0.00000000000000000000 1.00000000000000000000 2 0 8 91 92 93 106 108 122 123 124 
108 8505 -0.521155000 -6.437390000 0.00000000000000000000 1.00000000000000000000 2 0 8 92 93 94 107 109 123 124 125 
109 8506 -0.773775000 -6.392790000 0.00000000000000000000 1.00000000000000000000 2 0 8 93 94 95 108 110 124 125 126 
110 8507 -1.024460000 -6.338330000 0.00000000000000000000 1.00000000000000000000 2 0 8 94 95 96 109 111 125 126 127 
111 8508 -1.272820000 -6.274080000 0.00000000000000000000 1.00000000000000000000 2 0 8 95 96 286 110 112 126 127 128 
112 8509 -1.518480000 -6.200140000 0.00000000000000000000 1.00000000000000000000 2 0 8 96 286 287 111 289 127 128 129 
113 8510 2.384120000 -6.664740000 0.00000000000000000000 1.00000000000000000000 2 0 8 288 97 98 291 114 294 130 131 
114 8511 2.120580000 -6.733750000 0.00000000000000000000 1.00000000000000000000 2 0 8 97 98 99 113 115 130 131 132 
115 8512 1.854510000 -6.792380000 0.00000000000000000000 1.00000000000000000000 2 0 8 98 99 100 114 116 131 132 133 
116 8513 1.586330000 -6.840550000 0.00000000000000000000 1.00000000000000000000 2 0 8 99 100 101 115 117 132 133 134 
117 8514 1.316450000 -6.878170000 0.00000000000000000000 1.00000000000000000000 2 0 8 100 101 102 116 118 133 134 135 
118 8515 1.045280000 -6.905200000 0.00000000000000000000 1.00000000000000000000 2 0 8 101 102 103 117 119 134 135 136 
119 8516 0.773247000 -6.921580000 0.00000000000000000000 1.00000000000000000000 2 0 8 102 103 104 118 120 135 136 137 
120 8517 0.500761000 -6.927290000 0.00000000000000000000 1.00000000000000000000 2 0 8 103 104 105 119 121 136 137 138 
121 8518 0.228247000 -6.922310000 0.00000000000000000000 1.00000000000000000000 2 0 8 104 105 106 120 122 137 138 139 
122 8519 -0.043875300 -6.906660000 0.00000000000000000000 1.00000000000000000000 2 0 8 105 106 107 121 123 138 139 140 
123 8520 -0.315187000 -6.880360000 0.00000000000000000000 1.00000000000000000000 2 0 8 106 107 108 122 124 139 140 141 
124 8521 -0.585268000 -6.843450000 0.00000000000000000000 1.00000000000000000000 2 0 8 107 108 109 123 125 140 141 142 
125 8522 -0.853702000 -6.795970000 0.00000000000000000000 1.00000000000000000000 2 0 8 108 109 110 124 126 141 142 143 
126 8523 -1.120080000 -6.738010000 0.00000000000000000000 1.00000000000000000000 2 0 8 109 110 111 125 127 142 143 144 
127 8524 -1.383980000 -6.669650000 0.00000000000000000000 1.00000000000000000000 2 0 8 110 111 112 126 128 143 144 145 
128 8525 -1.644990000 -6.590990000 0.00000000000000000000 1.00000000000000000000 2 0 8 111 112 289 127 129 144 145 146 
129 8526 -1.902730000 -6.502150000 0.00000000000000000000 1.00000000000000000000 2 0 8 112 289 290 128 292 145 146 147 
130 8527 2.502260000 -7.085780000 0.00000000000000000000 1.00000000000000000000 2 0 8 291 113 114 294 131 298 148 149 
131 8528 2.222160000 -7.159090000 0.00000000000000000000 1.00000000000000000000 2 0 8 113 114 115 130 132 148 149 150 
132 8529 1.939380000 -7.221360000 0.00000000000000000000 1.00000000000000000000 2 0 8 114 115 116 131 133 149 150 151 
133 8530 1.654360000 -7.272500000 0.00000000000000000000 1.00000000000000000000 2 0 8 115 116 117 132 134 150 151 152 
134 8531 1.367540000 -7.312430000 0.00000000000000000000 1.00000000000000000000 2 0 8 116 117 118 133 135 151 152 153 
135 8532 1.079350000 -7.341100000 0.00000000000000000000 1.00000000000000000000 2 0 8 117 118 119 134 136 152 153 154 
136 8533 0.790246000 -7.358440000 0.00000000000000000000 1.00000000000000000000 2 0 8 118 119 120 135 137 153 154 155 
137 8534 0.500669000 -7.364440000 0.00000000000000000000 1.00000000000000000000 2 0 8 119 120 121 136 138 154 155 156 
138 8535 0.211068000 -7.359090000 0.00000000000000000000 1.00000000000000000000 2 0 8 120 121 122 137 139 155 156 157 
139 8536 -0.078112300 -7.342390000 0.00000000000000000000 1.00000000000000000000 2 0 8 121 122 123 138 140 156 157 158 
140 8537 -0.366425000 -7.314360000 0.00000000000000000000 1.00000000000000000000 2 0 8 122 123 124 139 141 157 158 159 
141 8538 -0.653426000 -7.275050000 0.00000000000000000000 1.00000000000000000000 2 0 8 123 124 125 140 142 158 159 160 
142 8539 -0.938671000 -7.224510000 0.00000000000000000000 1.00000000000000000000 2 0 8 124 125 126 141 143 159 160 161 
143 8540 -1.221720000 -7.162830000 0.00000000000000000000 1.00000000000000000000 2 0 8 125 126 127 142 144 160 161 162 
144 8541 -1.502140000 -7.090100000 0.00000000000000000000 1.00000000000000000000 2 0 8 126 127 128 143 145 161 162 163 
145 8542 -1.779490000 -7.006420000 0.00000000000000000000 1.00000000000000000000 2 0 8 127 128 129 144 146 162 163 164 
146 8543 -2.053350000 -6.911930000 0.00000000000000000000 1.00000000000000000000 2 0 8 128 129 292 145 147 163 164 165 
147 8544 -2.323290000 -6.806760000 0.00000000000000000000 1.00000000000000000000 2 0 8 129 292 293 146 295 164 165 166 
148 8545 2.627850000 -7.533360000 0.00000000000000000000 1.00000000000000000000 2 0 8 294 130 131 298 149 167 168 169 
149 8546 2.330150000 -7.611230000 0.00000000000000000000 1.00000000000000000000 2 0 8 130 131 132 148 150 168 169 170 
150 8547 2.029600000 -7.677360000 0.00000000000000000000 1.00000000000000000000 2 0 8 131 132 133 149 151 169 170 171 
151 8548 1.726670000 -7.731660000 0.00000000000000000000 1.00000000000000000000 2 0 8 132 133 134 150 152 170 171 172 
152 8549 1.421840000 -7.774050000 0.00000000000000000000 1.00000000000000000000 2 0 8 133 134 135 151 153 171 172 173 
153 8550 1.115560000 -7.804450000 0.00000000000000000000 1.00000000000000000000 2 0 8 134 135 136 152 154 172 173 174 
154 8551 0.808310000 -7.822820000 0.00000000000000000000 1.00000000000000000000 2 0 8 135 136 137 153 155 173 174 175 
155 8552 0.500566000 -7.829130000 0.00000000000000000000 1.00000000000000000000 2 0 8 136 137 138 154 156 174 175 176 
156 8553 0.192800000 -7.823370000 0.00000000000000000000 1.00000000000000000000 2 0 8 137 138 139 155 157 175 176 177 
157 8554 -0.114512000 -7.805550000 0.00000000000000000000 1.00000000000000000000 2 0 8 138 139 140 156 158 176 177 178 
158 8555 -0.420897000 -7.775680000 0.00000000000000000000 1.00000000000000000000 2 0 8 139 140 141 157 159 177 178 179 
159 8556 -0.725882000 -7.733820000 0.00000000000000000000 1.00000000000000000000 2 0 8 140 141 142 158 160 178 179 180 
160 8557 -1.029000000 -7.680030000 0.00000000000000000000 1.00000000000000000000 2 0 8 141 142 143 159 161 179 180 181 
161 8558 -1.329770000 -7.614400000 0.00000000000000000000 1.00000000000000000000 2 0 8 142 143 144 160 162 180 181 182 
162 8559 -1.627750000 -7.537010000 0.00000000000000000000 1.00000000000000000000 2 0 8 143 144 145 161 163 181 182 183 
163 8560 -1.922460000 -7.447990000 0.00000000000000000000 1.00000000000000000000 2 0 8 144 145 146 162 164 182 183 184 
164 8561 -2.213450000 -7.347480000 0.00000000000000000000 1.00000000000000000000 2 0 8 145 146 147 163 165 183 184 185 
165 8562 -2.500280000 -7.235630000 0.00000000000000000000 1.00000000000000000000 2 0 8 146 147 295 164 166 184 185 186 
166 8563 -2.782490000 -7.112620000 0.00000000000000000000 1.00000000000000000000 2 0 8 147 295 296 165 299 185 186 301 
167 8564 3.074270000 -7.914110000 0.00000000000000000000 1.00000000000000000000 2 0 8 297 298 148 300 168 303 187 188 
168 8565 2.761350000 -8.009170000 0.00000000000000000000 1.00000000000000000000 2 0 8 298 148 149 167 169 187 188 189 
169 8566 2.444930000 -8.091880000 0.00000000000000000000 1.00000000000000000000 2 0 8 148 149 150 168 170 188 189 190 
170 8567 2.125490000 -8.162120000 0.00000000000000000000 1.00000000000000000000 2 0 8 149 150 151 169 171 189 190 191 
171 8568 1.803530000 -8.219780000 0.00000000000000000000 1.00000000000000000000 2 0 8 150 151 152 170 172 190 191 192 
172 8569 1.479550000 -8.264770000 0.00000000000000000000 1.00000000000000000000 2 0 8 151 152 153 171 173 191 192 193 
173 8570 1.154040000 -8.297020000 0.00000000000000000000 1.00000000000000000000 2 0 8 152 153 154 172 174 192 193 194 
174 8571 0.827505000 -8.316470000 0.00000000000000000000 1.00000000000000000000 2 0 8 153 154 155 173 175 193 194 195 
175 8572 0.500449000 -8.323110000 0.00000000000000000000 1.00000000000000000000 2 0 8 154 155 156 174 176 194 195 196 
176 8573 0.173375000 -8.316910000 0.00000000000000000000 1.00000000000000000000 2 0 8 155 156 157 175 177 195 196 197 
177 8574 -0.153211000 -8.297880000 0.00000000000000000000 1.00000000000000000000 2 0 8 156 157 158 176 178 196 197 198 
178 8575 -0.478806000 -8.266060000 0.00000000000000000000 1.00000000000000000000 2 0 8 157 158 159 177 179 197 198 199 
179 8576 -0.802908000 -8.221490000 0.00000000000000000000 1.00000000000000000000 2 0 8 158 159 160 178 180 198 199 200 
180 8577 -1.125020000 -8.164240000 0.00000000000000000000 1.00000000000000000000 2 0 8 159 160 161 179 181 199 200 201 
181 8578 -1.444630000 -8.094400000 0.00000000000000000000 1.00000000000000000000 2 0 8 160 161 162 180 182 200 201 202 
182 8579 -1.761270000 -8.012060000 0.00000000000000000000 1.00000000000000000000 2 0 8 161 162 163 181 183 201 202 203 
183 8580 -2.074430000 -7.917370000 0.00000000000000000000 1.00000000000000000000 2 0 8 162 163 164 182 184 202 203 204 
184 8581 -2.383640000 -7.810460000 0.00000000000000000000 1.00000000000000000000 2 0 8 163 164 165 183 185 203 204 205 
185 8582 -2.688410000 -7.691500000 0.00000000000000000000 1.00000000000000000000 2 0 8 164 165 166 184 186 204 205 206 
186 8583 -2.988280000 -7.560670000 0.00000000000000000000 1.00000000000000000000 2 0 8 165 166 299 185 301 205 206 207 
187 8584 3.235860000 -8.414020000 0.00000000000000000000 1.00000000000000000000 2 0 8 300 167 168 303 188 306 307 208 
188 8585 2.903260000 -8.515000000 0.00000000000000000000 1.00000000000000000000 2 0 8 167 168 169 187 189 307 208 209 
189 8586 2.566940000 -8.602870000 0.00000000000000000000 1.00000000000000000000 2 0 8 168 169 170 188 190 208 209 210 
190 8587 2.227420000 -8.677470000 0.00000000000000000000 1.00000000000000000000 2 0 8 169 170 171 189 191 209 210 211 
191 8588 1.885230000 -8.738690000 0.00000000000000000000 1.00000000000000000000 2 0 8 170 171 172 190 192 210 211 212 
192 8589 1.540890000 -8.786440000 0.00000000000000000000 1.00000000000000000000 2 0 8 171 172 173 191 193 211 212 213 
193 8590 1.194940000 -8.820650000 0.00000000000000000000 1.00000000000000000000 2 0 8 172 173 174 192 194 212 213 214 
194 8591 0.847902000 -8.841260000 0.00000000000000000000 1.00000000000000000000 2 0 8 173 174 175 193 195 213 214 215 
195 8592 0.500317000 -8.848230000 0.00000000000000000000 1.00000000000000000000 2 0 8 174 175 176 194 196 214 215 216 
196 8593 0.152720000 -8.841560000 0.00000000000000000000 1.00000000000000000000 2 0 8 175 176 177 195 197 215 216 217 
197 8594 -0.194353000 -8.821260000 0.00000000000000000000 1.00000000000000000000 2 0 8 176 177 178 196 198 216 217 218 
198 8595 -0.540366000 -8.787360000 0.00000000000000000000 1.00000000000000000000 2 0 8 177 178 179 197 199 217 218 219 
199 8596 -0.884787000 -8.739900000 0.00000000000000000000 1.00000000000000000000 2 0 8 178 179 180 198 200 218 219 220 
200 8597 -1.227080000 -8.678960000 0.00000000000000000000 1.00000000000000000000 2 0 8 179 180 181 199 201 219 220 221 
201 8598 -1.566730000 -8.604640000 0.00000000000000000000 1.00000000000000000000 2 0 8 180 181 182 200 202 220 221 222 
202 8599 -1.903200000 -8.517050000 0.00000000000000000000 1.00000000000000000000 2 0 8 181 182 183 201 203 221 222 223 
203 8600 -2.235970000 -8.416320000 0.00000000000000000000 1.00000000000000000000 2 0 8 182 183 184 202 204 222 223 224 
204 8601 -2.564530000 -8.302600000 0.00000000000000000000 1.00000000000000000000 2 0 8 183 184 185 203 205 223 224 225 
205 8602 -2.888380000 -8.176080000 0.00000000000000000000 1.00000000000000000000 2 0 8 184 185 186 204 206 224 225 226 
206 8603 -3.207010000 -8.036940000 0.00000000000000000000 1.00000000000000000000 2 0 8 185 186 301 205 207 225 226 227 
207 8604 -3.519940000 -7.885410000 0.00000000000000000000 1.00000000000000000000 2 0 8 186 301 302 206 304 226 227 308 
208 8605 3.054090000 -9.052780000 0.00000000000000000000 1.00000000000000000000 2 0 8 187 188 189 307 209 310 311 228 
209 8606 2.696620000 -9.146120000 0.00000000000000000000 1.00000000000000000000 2 0 8 188 189 190 208 210 311 228 229 
210 8607 2.335760000 -9.225350000 0.00000000000000000000 1.00000000000000000000 2 0 8 189 190 191 209 211 228 229 230 
211 8608 1.972060000 -9.290360000 0.00000000000000000000 1.00000000000000000000 2 0 8 190 191 192 210 212 229 230 231 
212 8609 1.606090000 -9.341050000 0.00000000000000000000 1.00000000000000000000 2 0 8 191 192 193 211 213 230 231 232 
213 8610 1.238400000 -9.377330000 0.00000000000000000000 1.00000000000000000000 2 0 8 192 193 194 212 214 231 232 233 
214 8611 0.869573000 -9.399160000 0.00000000000000000000 1.00000000000000000000 2 0 8 193 194 195 213 215 232 233 234 
215 8612 0.500168000 -9.406490000 0.00000000000000000000 1.00000000000000000000 2 0 8 194 195 196 214 216 233 234 235 
216 8613 0.130757000 -9.399320000 0.00000000000000000000 1.00000000000000000000 2 0 8 195 196 197 215 217 234 235 236 
217 8614 -0.238092000 -9.377660000 0.00000000000000000000 1.00000000000000000000 2 0 8 196 197 198 216 218 235 236 237 
218 8615 -0.605808000 -9.341530000 0.00000000000000000000 1.00000000000000000000 2 0 8 197 198 199 217 219 236 237 238 
219 8616 -0.971825000 -9.291000000 0.00000000000000000000 1.00000000000000000000 2 0 8 198 199 200 218 220 237 238 239 
220 8617 -1.335580000 -9.226150000 0.00000000000000000000 1.00000000000000000000 2 0 8 199 200 201 219 221 238 239 240 
221 8618 -1.696510000 -9.147060000 0.00000000000000000000 1.00000000000000000000 2 0 8 200 201 202 220 222 239 240 241 
222 8619 -2.054060000 -9.053870000 0.00000000000000000000 1.00000000000000000000 2 0 8 201 202 203 221 223 240 241 242 
223 8620 -2.407670000 -8.946710000 0.00000000000000000000 1.00000000000000000000 2 0 8 202 203 204 222 224 241 242 243 
224 8621 -2.756810000 -8.825760000 0.00000000000000000000 1.00000000000000000000 2 0 8 203 204 205 223 225 242 243 244 
225 8622 -3.100930000 -8.691200000 0.00000000000000000000 1.00000000000000000000 2 0 8 204 205 206 224 226 243 244 245 
226 8623 -3.439500000 -8.543230000 0.00000000000000000000 1.00000000000000000000 2 0 8 205 206 207 225 227 244 245 246 
227 8624 -3.772000000 -8.382080000 0.00000000000000000000 1.00000000000000000000 2 0 8 206 207 304 226 308 245 246 247 
228 8625 2.834450000 -9.723700000 0.23344520423477357896 -0.97236995871930587132 3 0 8 208 209 210 311 229 188 189 190 
229 8626 2.450900000 -9.807850000 0.19508492762544765720 -0.98078635339882969113 3 0 8 209 210 211 228 230 189 190 191 
230 8627 2.064340000 -9.876880000 0.15643212311026291617 -0.98768871151755877058 3 0 8 210 211 212 229 231 190 191 192 
231 8628 1.675370000 -9.930680000 0.11753803264387427396 -0.99306838177549872082 3 0 8 211 212 213 230 232 191 192 193 
232 8629 1.284590000 -9.969170000 0.07846480107379300017 -0.99691688469623684909 3 0 8 212 213 214 231 233 192 193 194 
233 8630 0.892598000 -9.992290000 0.03926410735358380755 -0.99922886761428486579 3 0 8 213 214 215 232 234 193 194 195 
234 8631 0.500000000 -10.000000000 -0.00000000000000000000 -1.00000000000000000000 3 0 8 214 215 216 233 235 194 195 196 
235 8632 0.107402000 -9.992290000 -0.03926405738669001139 -0.99922886957770318261 3 0 8 215 216 217 234 236 195 196 197 
236 8633 -0.284591000 -9.969170000 -0.07846440258575274052 -0.99691691606014043447 3 0 8 216 217 218 235 237 196 197 198 
237 8634 -0.675374000 -9.930680000 -0.11753818129968457429 -0.99306836418081634310 3 0 8 217 218 219 236 238 197 198 199 
238 8635 -1.064340000 -9.876880000 -0.15643291020981753281 -0.98768858685482807669 3 0 8 218 219 220 237 239 198 199 200 
239 8636 -1.450900000 -9.807850000 -0.19508492762544765720 -0.98078635339882969113 3 0 8 219 220 221 238 240 199 200 201 
240 8637 -1.834450000 -9.723700000 -0.23344520423477366222 -0.97236995871930587132 3 0 8 220 221 222 239 241 200 201 202 
241 8638 -2.214400000 -9.624550000 -0.27143445322643250384 -0.96245692766048884792 3 0 8 221 222 223 240 242 201 202 203 
242 8639 -2.590170000 -9.510570000 -0.30901667003776622789 -0.95105662167863069811 3 0 8 222 223 224 241 243 202 203 204 
243 8640 -2.961170000 -9.381910000 -0.34611905021161554208 -0.93819060061408054985 3 0 8 223 224 225 242 244 203 204 205 
244 8641 -3.326830000 -9.238800000 -0.38268023147519480975 -0.92388085835679656377 3 0 8 224 225 226 243 245 204 205 206 
245 8642 -3.686600000 -9.081430000 -0.41865513425978917450 -0.90814529595099369175 3 0 8 225 226 227 244 246 205 206 207 
246 8643 -4.039910000 -8.910070000 -0.45399140999548764919 -0.89100606038921470464 3 0 8 226 227 308 245 247 206 207 304 
247 8644 -4.386210000 -8.724960000 -0.48862780066781752453 -0.87249233372822920796 3 0 8 227 308 309 246 312 207 304 305 
248 6636 1.02561 -3.2742 2 0
249 8387 0.895322 -3.29267 2 0
250 8388 0.764375 -3.30606 2 0
251 6652 1.19571 -3.45749 2 0
252 6653 1.05821 -3.48244 2 0
253 8393 0.780714 -3.51622 2 0
254 8394 0.641138 -3.52499 2 0
255 8395 0.501298 -3.52834 2 0
256 6668 1.38385 -3.64504 2 0
257 6669 1.23896 -3.67718 2 0
258 8397 0.501273 -3.75226 2 0
259 8742 0.352679 -3.74998 2 0
260 6683 1.59135 -3.83636 2 0
261 6684 1.4389 -3.87645 2 0
262 8761 0.343391 -3.98769 2 0
263 8762 0.185736 -3.97906 2 0
264 6697 1.81958 -4.03089 2 0
265 6698 1.65942 -4.07974 2 0
266 8780 0.166029 -4.23101 2 0
267 8781 -0.000982964 -4.21525 2 0
268 6706 2.06999 -4.22796 2 0
269 6707 1.90199 -4.28645 2 0
270 8798 -0.0323579 -4.48192 2 0
271 8799 -0.209009 -4.45819 2 0
272 6714 2.16815 -4.49588 2 0
273 8814 -0.253396 -4.74 2 0
274 8815 -0.439948 -4.70739 2 0
275 6738 2.27252 -4.78059 2 0
276 8828 -0.498792 -5.00474 2 0
277 8829 -0.695488 -4.9623 2 0
278 6753 2.38349 -5.08318 2 0
279 6754 2.18185 -5.15333 2 0
280 8841 -0.770337 -5.27556 2 0
281 8842 -0.977393 -5.22223 2 0
282 6771 2.28718 -5.47931 2 0
283 8853 -1.06991 -5.55172 2 0
284 8854 -1.28751 -5.4864 2 0
285 6791 2.39915 -5.82578 2 0
286 8863 -1.39946 -5.8324 2 0
287 8864 -1.62776 -5.75389 2 0
288 6811 2.51818 -6.19403 2 0
289 8871 -1.76104 -6.11663 2 0
290 8872 -2.00015 -6.02367 2 0
291 6831 2.64473 -6.58547 2 0
292 8877 -2.15678 -6.40328 2 0
293 8878 -2.40676 -6.29452 2 0
294 6851 2.77926 -7.00157 2 0
295 8881 -2.58889 -6.69109 2 0
296 8882 -2.84975 -6.56509 2 0
297 6870 3.21292 -7.34295 2 0
298 6871 2.92226 -7.44389 2 0
299 9268 -3.05966 -6.97862 2 0
300 6891 3.38321 -7.80686 2 0
301 9288 -3.28278 -7.41817 2 0
302 9289 -3.57146 -7.26423 2 0
303 6912 3.56423 -8.30006 2 0
304 9308 -3.82667 -7.72171 2 0
305 9309 -4.12674 -7.54609 2 0
306 6933 3.75665 -8.82441 2 0
307 6934 3.40761 -8.94549 2 0
308 9326 -4.09792 -8.20801 2 0
309 9327 -4.41675 -8.02127 2 0
310 6955 3.59017 -9.51057 3 0
311 6956 3.2144 -9.62455 3 0
312 9344 -4.72499 -8.5264 3 0
