310 239 71
1 2862 0.597545000 0.044994400 0.08231462556632487826 0.99660639292444630488 1 1 8 240 2 242 10 11 244 19 20 
2 2863 0.616723000 0.043379500 0.08542075818770138163 0.99634496740367906042 1 1 8 1 3 10 11 12 19 20 21 
3 2864 0.635720000 0.041721500 0.08837356185850352153 0.99608740257290739883 1 1 8 2 4 11 12 13 20 21 22 
4 2865 0.654509000 0.040027100 0.09118499013007269616 0.99583397088820913012 1 1 8 3 5 12 13 14 21 22 23 
5 2866 0.673059000 0.038302500 0.09387942525532258498 0.99558357434910016437 1 1 8 4 6 13 14 15 22 23 24 
6 2867 0.691342000 0.036553900 0.09646021694760552323 0.99533684074609685144 1 1 8 5 7 14 15 16 23 24 25 
7 2868 0.709330000 0.034787400 0.09893996602310112243 0.99509340422060255094 1 1 8 6 8 15 16 17 24 25 26 
8 2869 0.726995000 0.033009000 0.10132820498595720982 0.99485305189978889828 1 1 8 7 9 16 17 18 25 26 27 
9 2870 0.744311000 0.031224500 0.10364558072098142838 0.99461429388331767942 1 1 8 8 241 17 18 243 26 27 245 
10 2871 0.598427000 0.075084600 0.00000000000000000000 1.00000000000000000000 2 0 8 240 1 2 242 11 244 19 20 
11 2872 0.617726000 0.073266100 0.00000000000000000000 1.00000000000000000000 2 0 8 1 2 3 10 12 19 20 21 
12 2873 0.636838000 0.071357000 0.00000000000000000000 1.00000000000000000000 2 0 8 2 3 4 11 13 20 21 22 
13 2874 0.655734000 0.069364000 0.00000000000000000000 1.00000000000000000000 2 0 8 3 4 5 12 14 21 22 23 
14 2875 0.674385000 0.067294000 0.00000000000000000000 1.00000000000000000000 2 0 8 4 5 6 13 15 22 23 24 
15 2876 0.692762000 0.065153600 0.00000000000000000000 1.00000000000000000000 2 0 8 5 6 7 14 16 23 24 25 
16 2877 0.710836000 0.062949800 0.00000000000000000000 1.00000000000000000000 2 0 8 6 7 8 15 17 24 25 26 
17 2878 0.728581000 0.060689000 0.00000000000000000000 1.00000000000000000000 2 0 8 7 8 9 16 18 25 26 27 
18 2879 0.745968000 0.058378100 0.00000000000000000000 1.00000000000000000000 2 0 8 8 9 241 17 243 26 27 245 
19 2880 0.599660000 0.105442000 0.00000000000000000000 1.00000000000000000000 2 0 8 242 10 11 244 20 247 28 29 
20 2881 0.619155000 0.103413000 0.00000000000000000000 1.00000000000000000000 2 0 8 10 11 12 19 21 28 29 30 
21 2882 0.638456000 0.101245000 0.00000000000000000000 1.00000000000000000000 2 0 8 11 12 13 20 22 29 30 31 
22 2883 0.657534000 0.098946300 0.00000000000000000000 1.00000000000000000000 2 0 8 12 13 14 21 23 30 31 32 
23 2884 0.676359000 0.096523400 0.00000000000000000000 1.00000000000000000000 2 0 8 13 14 15 22 24 31 32 33 
24 2885 0.694902000 0.093983900 0.00000000000000000000 1.00000000000000000000 2 0 8 14 15 16 23 25 32 33 34 
25 2886 0.713135000 0.091335000 0.00000000000000000000 1.00000000000000000000 2 0 8 15 16 17 24 26 33 34 35 
26 2887 0.731030000 0.088584300 0.00000000000000000000 1.00000000000000000000 2 0 8 16 17 18 25 27 34 35 36 
27 2888 0.748560000 0.085739100 0.00000000000000000000 1.00000000000000000000 2 0 8 17 18 243 26 245 35 36 37 
28 2889 0.601250000 0.136183000 0.00000000000000000000 1.00000000000000000000 2 0 8 244 19 20 247 29 250 38 39 
29 2890 0.621016000 0.133935000 0.00000000000000000000 1.00000000000000000000 2 0 8 19 20 21 28 30 38 39 40 
30 2891 0.640581000 0.131501000 0.00000000000000000000 1.00000000000000000000 2 0 8 20 21 22 29 31 39 40 41 
31 2892 0.659915000 0.128887000 0.00000000000000000000 1.00000000000000000000 2 0 8 21 22 23 30 32 40 41 42 
32 2893 0.678988000 0.126103000 0.00000000000000000000 1.00000000000000000000 2 0 8 22 23 24 31 33 41 42 43 
33 2894 0.697771000 0.123155000 0.00000000000000000000 1.00000000000000000000 2 0 8 23 24 25 32 34 42 43 44 
34 2895 0.716235000 0.120052000 0.00000000000000000000 1.00000000000000000000 2 0 8 24 25 26 33 35 43 44 45 
35 2896 0.734353000 0.116801000 0.00000000000000000000 1.00000000000000000000 2 0 8 25 26 27 34 36 44 45 46 
36 2897 0.752096000 0.113412000 0.00000000000000000000 1.00000000000000000000 2 0 8 26 27 245 35 37 45 46 47 
37 2898 0.769438000 0.109892000 0.00000000000000000000 1.00000000000000000000 2 0 8 27 245 246 36 248 46 47 48 
38 2899 0.603203000 0.167424000 0.00000000000000000000 1.00000000000000000000 2 0 8 247 28 29 250 39 252 49 50 
39 2900 0.623316000 0.164949000 0.00000000000000000000 1.00000000000000000000 2 0 8 28 29 30 38 40 49 50 51 
40 2901 0.643220000 0.162238000 0.00000000000000000000 1.00000000000000000000 2 0 8 29 30 31 39 41 50 51 52 
41 2902 0.662885000 0.159301000 0.00000000000000000000 1.00000000000000000000 2 0 8 30 31 32 40 42 51 52 53 
42 2903 0.682281000 0.156144000 0.00000000000000000000 1.00000000000000000000 2 0 8 31 32 33 41 43 52 53 54 
43 2904 0.701378000 0.152778000 0.00000000000000000000 1.00000000000000000000 2 0 8 32 33 34 42 44 53 54 55 
44 2905 0.720148000 0.149209000 0.00000000000000000000 1.00000000000000000000 2 0 8 33 34 35 43 45 54 55 56 
45 2906 0.738560000 0.145447000 0.00000000000000000000 1.00000000000000000000 2 0 8 34 35 36 44 46 55 56 57 
46 2907 0.756589000 0.141501000 0.00000000000000000000 1.00000000000000000000 2 0 8 35 36 37 45 47 56 57 58 
47 2908 0.774206000 0.137381000 0.00000000000000000000 1.00000000000000000000 2 0 8 36 37 248 46 48 57 58 59 
48 2909 0.791385000 0.133095000 0.00000000000000000000 1.00000000000000000000 2 0 8 37 248 249 47 251 58 59 253 
49 2910 0.605528000 0.199283000 0.00000000000000000000 1.00000000000000000000 2 0 8 250 38 39 252 50 254 60 61 
50 2911 0.626064000 0.196571000 0.00000000000000000000 1.00000000000000000000 2 0 8 38 39 40 49 51 60 61 62 
51 2912 0.646385000 0.193575000 0.00000000000000000000 1.00000000000000000000 2 0 8 39 40 41 50 52 61 62 63 
52 2913 0.666457000 0.190302000 0.00000000000000000000 1.00000000000000000000 2 0 8 40 41 42 51 53 62 63 64 
53 2914 0.686252000 0.186763000 0.00000000000000000000 1.00000000000000000000 2 0 8 41 42 43 52 54 63 64 65 
54 2915 0.705738000 0.182965000 0.00000000000000000000 1.00000000000000000000 2 0 8 42 43 44 53 55 64 65 66 
55 2916 0.724887000 0.178917000 0.00000000000000000000 1.00000000000000000000 2 0 8 43 44 45 54 56 65 66 67 
56 2917 0.743668000 0.174631000 0.00000000000000000000 1.00000000000000000000 2 0 8 44 45 46 55 57 66 67 68 
57 2918 0.762055000 0.170114000 0.00000000000000000000 1.00000000000000000000 2 0 8 45 46 47 56 58 67 68 69 
58 2919 0.780018000 0.165378000 0.00000000000000000000 1.00000000000000000000 2 0 8 46 47 48 57 59 68 69 70 
59 2920 0.797532000 0.160432000 0.00000000000000000000 1.00000000000000000000 2 0 8 47 48 251 58 253 69 70 255 
60 2921 0.608233000 0.231879000 0.00000000000000000000 1.00000000000000000000 2 0 8 252 49 50 254 61 256 71 72 
61 2922 0.629272000 0.228921000 0.00000000000000000000 1.00000000000000000000 2 0 8 49 50 51 60 62 71 72 73 
62 2923 0.650087000 0.225628000 0.00000000000000000000 1.00000000000000000000 2 0 8 50 51 52 61 63 72 73 74 
63 2924 0.670645000 0.222009000 0.00000000000000000000 1.00000000000000000000 2 0 8 51 52 53 62 64 73 74 75 
64 2925 0.690915000 0.218073000 0.00000000000000000000 1.00000000000000000000 2 0 8 52 53 54 63 65 74 75 76 
65 2926 0.710867000 0.213830000 0.00000000000000000000 1.00000000000000000000 2 0 8 53 54 55 64 66 75 76 77 
66 2927 0.730470000 0.209290000 0.00000000000000000000 1.00000000000000000000 2 0 8 54 55 56 65 67 76 77 78 
67 2928 0.749695000 0.204463000 0.00000000000000000000 1.00000000000000000000 2 0 8 55 56 57 66 68 77 78 79 
68 2929 0.768513000 0.199359000 0.00000000000000000000 1.00000000000000000000 2 0 8 56 57 58 67 69 78 79 80 
69 2930 0.786896000 0.193990000 0.00000000000000000000 1.00000000000000000000 2 0 8 57 58 59 68 70 79 80 81 
70 2931 0.804816000 0.188366000 0.00000000000000000000 1.00000000000000000000 2 0 8 58 59 253 69 255 80 81 257 
71 2932 0.611331000 0.265336000 0.00000000000000000000 1.00000000000000000000 2 0 8 254 60 61 256 72 258 82 83 
72 2933 0.632952000 0.262121000 0.00000000000000000000 1.00000000000000000000 2 0 8 60 61 62 71 73 82 83 84 
73 2934 0.654341000 0.258519000 0.00000000000000000000 1.00000000000000000000 2 0 8 61 62 63 72 74 83 84 85 
74 2935 0.675463000 0.254541000 0.00000000000000000000 1.00000000000000000000 2 0 8 62 63 64 73 75 84 85 86 
75 2936 0.696288000 0.250195000 0.00000000000000000000 1.00000000000000000000 2 0 8 63 64 65 74 76 85 86 87 
76 2937 0.716783000 0.245491000 0.00000000000000000000 1.00000000000000000000 2 0 8 64 65 66 75 77 86 87 88 
77 2938 0.736919000 0.240441000 0.00000000000000000000 1.00000000000000000000 2 0 8 65 66 67 76 78 87 88 89 
78 2939 0.756663000 0.235056000 0.00000000000000000000 1.00000000000000000000 2 0 8 66 67 68 77 79 88 89 90 
79 2940 0.775988000 0.229346000 0.00000000000000000000 1.00000000000000000000 2 0 8 67 68 69 78 80 89 90 91 
80 2941 0.794863000 0.223324000 0.00000000000000000000 1.00000000000000000000 2 0 8 68 69 70 79 81 90 91 92 
81 2942 0.813261000 0.217002000 0.00000000000000000000 1.00000000000000000000 2 0 8 69 70 255 80 257 91 92 259 
82 2943 0.614832000 0.299779000 0.00000000000000000000 1.00000000000000000000 2 0 8 256 71 72 258 83 261 93 94 
83 2944 0.637119000 0.296295000 0.00000000000000000000 1.00000000000000000000 2 0 8 71 72 73 82 84 93 94 95 
84 2945 0.659163000 0.292372000 0.00000000000000000000 1.00000000000000000000 2 0 8 72 73 74 83 85 94 95 96 
85 2946 0.680931000 0.288019000 0.00000000000000000000 1.00000000000000000000 2 0 8 73 74 75 84 86 95 96 97 
86 2947 0.702391000 0.283247000 0.00000000000000000000 1.00000000000000000000 2 0 8 74 75 76 85 87 96 97 98 
87 2948 0.723510000 0.278067000 0.00000000000000000000 1.00000000000000000000 2 0 8 75 76 77 86 88 97 98 99 
88 2949 0.744256000 0.272489000 0.00000000000000000000 1.00000000000000000000 2 0 8 76 77 78 87 89 98 99 100 
89 2950 0.764597000 0.266526000 0.00000000000000000000 1.00000000000000000000 2 0 8 77 78 79 88 90 99 100 101 
90 2951 0.784505000 0.260189000 0.00000000000000000000 1.00000000000000000000 2 0 8 78 79 80 89 91 100 101 102 
91 2952 0.803949000 0.253493000 0.00000000000000000000 1.00000000000000000000 2 0 8 79 80 81 90 92 101 102 103 
92 2953 0.822900000 0.246449000 0.00000000000000000000 1.00000000000000000000 2 0 8 80 81 257 91 259 102 103 104 
93 2954 0.618751000 0.335336000 0.00000000000000000000 1.00000000000000000000 2 0 8 258 82 83 261 94 265 105 106 
94 2955 0.641787000 0.331571000 0.00000000000000000000 1.00000000000000000000 2 0 8 82 83 84 93 95 105 106 107 
95 2956 0.664571000 0.327313000 0.00000000000000000000 1.00000000000000000000 2 0 8 83 84 85 94 96 106 107 108 
96 2957 0.687069000 0.322571000 0.00000000000000000000 1.00000000000000000000 2 0 8 84 85 86 95 97 107 108 109 
97 2958 0.709247000 0.317356000 0.00000000000000000000 1.00000000000000000000 2 0 8 85 86 87 96 98 108 109 110 
98 2959 0.731071000 0.311679000 0.00000000000000000000 1.00000000000000000000 2 0 8 86 87 88 97 99 109 110 111 
99 2960 0.752508000 0.305554000 0.00000000000000000000 1.00000000000000000000 2 0 8 87 88 89 98 100 110 111 112 
100 2961 0.773527000 0.298991000 0.00000000000000000000 1.00000000000000000000 2 0 8 88 89 90 99 101 111 112 113 
101 2962 0.794097000 0.292005000 0.00000000000000000000 1.00000000000000000000 2 0 8 89 90 91 100 102 112 113 114 
102 2963 0.814186000 0.284609000 0.00000000000000000000 1.00000000000000000000 2 0 8 90 91 92 101 103 113 114 115 
103 2964 0.833765000 0.276817000 0.00000000000000000000 1.00000000000000000000 2 0 8 91 92 259 102 104 114 115 116 
104 2965 0.852805000 0.268644000 0.00000000000000000000 1.00000000000000000000 2 0 8 92 259 260 103 262 115 116 117 
105 2966 0.623103000 0.372140000 0.00000000000000000000 1.00000000000000000000 2 0 8 261 93 94 265 106 118 119 120 
106 2967 0.646975000 0.368082000 0.00000000000000000000 1.00000000000000000000 2 0 8 93 94 95 105 107 119 120 121 
107 2968 0.670586000 0.363473000 0.00000000000000000000 1.00000000000000000000 2 0 8 94 95 96 106 108 120 121 122 
108 2969 0.693900000 0.358325000 0.00000000000000000000 1.00000000000000000000 2 0 8 95 96 97 107 109 121 122 123 
109 2970 0.716881000 0.352648000 0.00000000000000000000 1.00000000000000000000 2 0 8 96 97 98 108 110 122 123 124 
110 2971 0.739494000 0.346456000 0.00000000000000000000 1.00000000000000000000 2 0 8 97 98 99 109 111 123 124 125 
111 2972 0.761707000 0.339760000 0.00000000000000000000 1.00000000000000000000 2 0 8 98 99 100 110 112 124 125 126 
112 2973 0.783485000 0.332574000 0.00000000000000000000 1.00000000000000000000 2 0 8 99 100 101 111 113 125 126 127 
113 2974 0.804797000 0.324912000 0.00000000000000000000 1.00000000000000000000 2 0 8 100 101 102 112 114 126 127 128 
114 2975 0.825611000 0.316789000 0.00000000000000000000 1.00000000000000000000 2 0 8 101 102 103 113 115 127 128 129 
115 2976 0.845896000 0.308221000 0.00000000000000000000 1.00000000000000000000 2 0 8 102 103 104 114 116 128 129 130 
116 2977 0.865623000 0.299222000 0.00000000000000000000 1.00000000000000000000 2 0 8 103 104 262 115 117 129 130 131 
117 2978 0.884763000 0.289810000 0.00000000000000000000 1.00000000000000000000 2 0 8 104 262 263 116 266 130 131 268 
118 2979 0.602869000 0.414077000 0.00000000000000000000 1.00000000000000000000 2 0 8 264 265 105 267 119 269 132 133 
119 2980 0.627904000 0.410330000 0.00000000000000000000 1.00000000000000000000 2 0 8 265 105 106 118 120 132 133 134 
120 2981 0.652703000 0.405963000 0.00000000000000000000 1.00000000000000000000 2 0 8 105 106 107 119 121 133 134 135 
121 2982 0.677231000 0.400988000 0.00000000000000000000 1.00000000000000000000 2 0 8 106 107 108 120 122 134 135 136 
122 2983 0.701449000 0.395415000 0.00000000000000000000 1.00000000000000000000 2 0 8 107 108 109 121 123 135 136 137 
123 2984 0.725321000 0.389257000 0.00000000000000000000 1.00000000000000000000 2 0 8 108 109 110 122 124 136 137 138 
124 2985 0.748812000 0.382526000 0.00000000000000000000 1.00000000000000000000 2 0 8 109 110 111 123 125 137 138 139 
125 2986 0.771885000 0.375235000 0.00000000000000000000 1.00000000000000000000 2 0 8 110 111 112 124 126 138 139 140 
126 2987 0.794508000 0.367400000 0.00000000000000000000 1.00000000000000000000 2 0 8 111 112 113 125 127 139 140 141 
127 2988 0.816645000 0.359035000 0.00000000000000000000 1.00000000000000000000 2 0 8 112 113 114 126 128 140 141 142 
128 2989 0.838265000 0.350156000 0.00000000000000000000 1.00000000000000000000 2 0 8 113 114 115 127 129 141 142 143 
129 2990 0.859337000 0.340779000 0.00000000000000000000 1.00000000000000000000 2 0 8 114 115 116 128 130 142 143 144 
130 2991 0.879828000 0.330922000 0.00000000000000000000 1.00000000000000000000 2 0 8 115 116 117 129 131 143 144 145 
131 2992 0.899710000 0.320601000 0.00000000000000000000 1.00000000000000000000 2 0 8 116 117 266 130 268 144 145 270 
132 2993 0.607107000 0.454056000 0.00000000000000000000 1.00000000000000000000 2 0 8 267 118 119 269 133 271 272 146 
133 2994 0.633172000 0.450046000 0.00000000000000000000 1.00000000000000000000 2 0 8 118 119 120 132 134 272 146 147 
134 2995 0.658993000 0.445357000 0.00000000000000000000 1.00000000000000000000 2 0 8 119 120 121 133 135 146 147 148 
135 2996 0.684530000 0.439998000 0.00000000000000000000 1.00000000000000000000 2 0 8 120 121 122 134 136 147 148 149 
136 2997 0.709745000 0.433981000 0.00000000000000000000 1.00000000000000000000 2 0 8 121 122 123 135 137 148 149 150 
137 2998 0.734600000 0.427319000 0.00000000000000000000 1.00000000000000000000 2 0 8 122 123 124 136 138 149 150 151 
138 2999 0.759058000 0.420025000 0.00000000000000000000 1.00000000000000000000 2 0 8 123 124 125 137 139 150 151 152 
139 3000 0.783081000 0.412114000 0.00000000000000000000 1.00000000000000000000 2 0 8 124 125 126 138 140 151 152 153 
140 3001 0.806635000 0.403601000 0.00000000000000000000 1.00000000000000000000 2 0 8 125 126 127 139 141 152 153 154 
141 3002 0.829685000 0.394502000 0.00000000000000000000 1.00000000000000000000 2 0 8 126 127 128 140 142 153 154 155 
142 3003 0.852196000 0.384834000 0.00000000000000000000 1.00000000000000000000 2 0 8 127 128 129 141 143 154 155 156 
143 3004 0.874136000 0.374615000 0.00000000000000000000 1.00000000000000000000 2 0 8 128 129 130 142 144 155 156 157 
144 3005 0.895472000 0.363862000 0.00000000000000000000 1.00000000000000000000 2 0 8 129 130 131 143 145 156 157 158 
145 3006 0.916175000 0.352594000 0.00000000000000000000 1.00000000000000000000 2 0 8 130 131 268 144 270 157 158 273 
146 3007 0.638928000 0.491438000 0.00000000000000000000 1.00000000000000000000 2 0 8 132 133 134 272 147 274 159 160 
147 3008 0.665867000 0.486410000 0.00000000000000000000 1.00000000000000000000 2 0 8 133 134 135 146 148 159 160 161 
148 3009 0.692511000 0.480648000 0.00000000000000000000 1.00000000000000000000 2 0 8 134 135 136 147 149 160 161 162 
149 3010 0.718819000 0.474166000 0.00000000000000000000 1.00000000000000000000 2 0 8 135 136 137 148 150 161 162 163 
150 3011 0.744752000 0.466976000 0.00000000000000000000 1.00000000000000000000 2 0 8 136 137 138 149 151 162 163 164 
151 3012 0.770270000 0.459094000 0.00000000000000000000 1.00000000000000000000 2 0 8 137 138 139 150 152 163 164 165 
152 3013 0.795336000 0.450534000 0.00000000000000000000 1.00000000000000000000 2 0 8 138 139 140 151 153 164 165 166 
153 3014 0.819913000 0.441313000 0.00000000000000000000 1.00000000000000000000 2 0 8 139 140 141 152 154 165 166 167 
154 3015 0.843964000 0.431447000 0.00000000000000000000 1.00000000000000000000 2 0 8 140 141 142 153 155 166 167 168 
155 3016 0.867453000 0.420955000 0.00000000000000000000 1.00000000000000000000 2 0 8 141 142 143 154 156 167 168 169 
156 3017 0.890347000 0.409854000 0.00000000000000000000 1.00000000000000000000 2 0 8 142 143 144 155 157 168 169 170 
157 3018 0.912613000 0.398166000 0.00000000000000000000 1.00000000000000000000 2 0 8 143 144 145 156 158 169 170 275 
158 3019 0.934217000 0.385910000 0.00000000000000000000 1.00000000000000000000 2 0 8 144 145 270 157 273 170 275 276 
159 3020 0.645192000 0.534660000 0.00000000000000000000 1.00000000000000000000 2 0 8 272 146 147 274 160 277 171 172 
160 3021 0.673352000 0.529275000 0.00000000000000000000 1.00000000000000000000 2 0 8 146 147 148 159 161 171 172 173 
161 3022 0.701203000 0.523090000 0.00000000000000000000 1.00000000000000000000 2 0 8 147 148 149 160 162 172 173 174 
162 3023 0.728704000 0.516120000 0.00000000000000000000 1.00000000000000000000 2 0 8 148 149 150 161 163 173 174 175 
163 3024 0.755813000 0.508378000 0.00000000000000000000 1.00000000000000000000 2 0 8 149 150 151 162 164 174 175 176 
164 3025 0.782490000 0.499879000 0.00000000000000000000 1.00000000000000000000 2 0 8 150 151 152 163 165 175 176 177 
165 3026 0.808695000 0.490639000 0.00000000000000000000 1.00000000000000000000 2 0 8 151 152 153 164 166 176 177 178 
166 3027 0.834389000 0.480676000 0.00000000000000000000 1.00000000000000000000 2 0 8 152 153 154 165 167 177 178 179 
167 3028 0.859534000 0.470007000 0.00000000000000000000 1.00000000000000000000 2 0 8 153 154 155 166 168 178 179 180 
168 3029 0.884093000 0.458652000 0.00000000000000000000 1.00000000000000000000 2 0 8 154 155 156 167 169 179 180 181 
169 3030 0.908031000 0.446631000 0.00000000000000000000 1.00000000000000000000 2 0 8 155 156 157 168 170 180 181 278 
170 3031 0.931312000 0.433964000 0.00000000000000000000 1.00000000000000000000 2 0 8 156 157 158 169 275 181 278 279 
171 3032 0.651990000 0.579872000 0.00000000000000000000 1.00000000000000000000 2 0 8 274 159 160 277 172 280 281 182 
172 3033 0.681476000 0.574112000 0.00000000000000000000 1.00000000000000000000 2 0 8 159 160 161 171 173 281 182 183 
173 3034 0.710639000 0.567484000 0.00000000000000000000 1.00000000000000000000 2 0 8 160 161 162 172 174 182 183 184 
174 3035 0.739437000 0.560001000 0.00000000000000000000 1.00000000000000000000 2 0 8 161 162 163 173 175 183 184 185 
175 3036 0.767826000 0.551678000 0.00000000000000000000 1.00000000000000000000 2 0 8 162 163 164 174 176 184 185 186 
176 3037 0.795763000 0.542532000 0.00000000000000000000 1.00000000000000000000 2 0 8 163 164 165 175 177 185 186 187 
177 3038 0.823207000 0.532579000 0.00000000000000000000 1.00000000000000000000 2 0 8 164 165 166 176 178 186 187 188 
178 3039 0.850117000 0.521838000 0.00000000000000000000 1.00000000000000000000 2 0 8 165 166 167 177 179 187 188 189 
179 3040 0.876453000 0.510327000 0.00000000000000000000 1.00000000000000000000 2 0 8 166 167 168 178 180 188 189 190 
180 3041 0.902177000 0.498068000 0.00000000000000000000 1.00000000000000000000 2 0 8 167 168 169 179 181 189 190 282 
181 3042 0.927250000 0.485082000 0.00000000000000000000 1.00000000000000000000 2 0 8 168 169 170 180 278 190 282 283 
182 3043 0.690269000 0.621089000 0.00000000000000000000 1.00000000000000000000 2 0 8 171 172 173 281 183 285 191 192 
183 3044 0.720855000 0.613993000 0.00000000000000000000 1.00000000000000000000 2 0 8 172 173 174 182 184 191 192 193 
184 3045 0.751059000 0.605971000 0.00000000000000000000 1.00000000000000000000 2 0 8 173 174 175 183 185 192 193 194 
185 3046 0.780835000 0.597039000 0.00000000000000000000 1.00000000000000000000 2 0 8 174 175 176 184 186 193 194 195 
186 3047 0.810139000 0.587213000 0.00000000000000000000 1.00000000000000000000 2 0 8 175 176 177 185 187 194 195 196 
187 3048 0.838927000 0.576511000 0.00000000000000000000 1.00000000000000000000 2 0 8 176 177 178 186 188 195 196 197 
188 3049 0.867155000 0.564952000 0.00000000000000000000 1.00000000000000000000 2 0 8 177 178 179 187 189 196 197 198 
189 3050 0.894783000 0.552559000 0.00000000000000000000 1.00000000000000000000 2 0 8 178 179 180 188 190 197 198 199 
190 3051 0.921770000 0.539351000 0.00000000000000000000 1.00000000000000000000 2 0 8 179 180 181 189 282 198 199 286 
191 3052 0.699764000 0.670380000 0.00000000000000000000 1.00000000000000000000 2 0 8 281 182 183 285 192 200 201 202 
192 3053 0.731888000 0.662792000 0.00000000000000000000 1.00000000000000000000 2 0 8 182 183 184 191 193 201 202 203 
193 3054 0.763612000 0.654203000 0.00000000000000000000 1.00000000000000000000 2 0 8 183 184 185 192 194 202 203 204 
194 3055 0.794889000 0.644629000 0.00000000000000000000 1.00000000000000000000 2 0 8 184 185 186 193 195 203 204 205 
195 3056 0.825670000 0.634088000 0.00000000000000000000 1.00000000000000000000 2 0 8 185 186 187 194 196 204 205 206 
196 3057 0.855911000 0.622598000 0.00000000000000000000 1.00000000000000000000 2 0 8 186 187 188 195 197 205 206 207 
197 3058 0.885566000 0.610181000 0.00000000000000000000 1.00000000000000000000 2 0 8 187 188 189 196 198 206 207 208 
198 3059 0.914592000 0.596859000 0.00000000000000000000 1.00000000000000000000 2 0 8 188 189 190 197 199 207 208 209 
199 3060 0.942946000 0.582654000 0.00000000000000000000 1.00000000000000000000 2 0 8 189 190 282 198 286 208 209 288 
200 3061 0.675845000 0.729178000 0.00000000000000000000 1.00000000000000000000 2 0 8 284 285 191 287 201 289 210 211 
201 3062 0.709996000 0.722168000 0.00000000000000000000 1.00000000000000000000 2 0 8 285 191 192 200 202 210 211 212 
202 3063 0.743780000 0.714062000 0.00000000000000000000 1.00000000000000000000 2 0 8 191 192 193 201 203 211 212 213 
203 3064 0.777144000 0.704876000 0.00000000000000000000 1.00000000000000000000 2 0 8 192 193 194 202 204 212 213 214 
204 3065 0.810039000 0.694626000 0.00000000000000000000 1.00000000000000000000 2 0 8 193 194 195 203 205 213 214 215 
205 3066 0.842415000 0.683332000 0.00000000000000000000 1.00000000000000000000 2 0 8 194 195 196 204 206 214 215 216 
206 3067 0.874224000 0.671014000 0.00000000000000000000 1.00000000000000000000 2 0 8 195 196 197 205 207 215 216 217 
207 3068 0.905419000 0.657693000 0.00000000000000000000 1.00000000000000000000 2 0 8 196 197 198 206 208 216 217 218 
208 3069 0.935953000 0.643394000 0.00000000000000000000 1.00000000000000000000 2 0 8 197 198 199 207 209 217 218 219 
209 3070 0.965783000 0.628140000 0.00000000000000000000 1.00000000000000000000 2 0 8 198 199 286 208 288 218 219 290 
210 3071 0.685050000 0.784121000 0.00000000000000000000 1.00000000000000000000 2 0 8 287 200 201 289 211 291 292 220 
211 3072 0.721005000 0.776648000 0.00000000000000000000 1.00000000000000000000 2 0 8 200 201 202 210 212 292 220 221 
212 3073 0.756574000 0.767995000 0.00000000000000000000 1.00000000000000000000 2 0 8 201 202 203 211 213 220 221 222 
213 3074 0.791704000 0.758179000 0.00000000000000000000 1.00000000000000000000 2 0 8 202 203 204 212 214 221 222 223 
214 3075 0.826341000 0.747217000 0.00000000000000000000 1.00000000000000000000 2 0 8 203 204 205 213 215 222 223 224 
215 3076 0.860435000 0.735130000 0.00000000000000000000 1.00000000000000000000 2 0 8 204 205 206 214 216 223 224 225 
216 3077 0.893933000 0.721938000 0.00000000000000000000 1.00000000000000000000 2 0 8 205 206 207 215 217 224 225 226 
217 3078 0.926786000 0.707666000 0.00000000000000000000 1.00000000000000000000 2 0 8 206 207 208 216 218 225 226 227 
218 3079 0.958946000 0.692337000 0.00000000000000000000 1.00000000000000000000 2 0 8 207 208 209 217 219 226 227 293 
219 3080 0.990364000 0.675978000 0.00000000000000000000 1.00000000000000000000 2 0 8 208 209 288 218 290 227 293 294 
220 3081 0.732830000 0.834021000 0.00000000000000000000 1.00000000000000000000 2 0 8 210 211 212 292 221 295 296 228 
221 3082 0.770319000 0.824792000 0.00000000000000000000 1.00000000000000000000 2 0 8 211 212 213 220 222 296 228 229 
222 3083 0.807346000 0.814311000 0.00000000000000000000 1.00000000000000000000 2 0 8 212 213 214 221 223 228 229 230 
223 3084 0.843857000 0.802598000 0.00000000000000000000 1.00000000000000000000 2 0 8 213 214 215 222 224 229 230 231 
224 3085 0.879797000 0.789674000 0.00000000000000000000 1.00000000000000000000 2 0 8 214 215 216 223 225 230 231 232 
225 3086 0.915111000 0.775561000 0.00000000000000000000 1.00000000000000000000 2 0 8 215 216 217 224 226 231 232 233 
226 3087 0.949747000 0.760285000 0.00000000000000000000 1.00000000000000000000 2 0 8 216 217 218 225 227 232 233 297 
227 3088 0.983654000 0.743872000 0.00000000000000000000 1.00000000000000000000 2 0 8 217 218 219 226 293 233 297 298 
228 3089 0.785065000 0.884663000 0.00000000000000000000 1.00000000000000000000 2 0 8 220 221 222 296 229 299 300 234 
229 3090 0.824130000 0.873480000 0.00000000000000000000 1.00000000000000000000 2 0 8 221 222 223 228 230 300 234 235 
230 3091 0.862652000 0.860974000 0.00000000000000000000 1.00000000000000000000 2 0 8 222 223 224 229 231 234 235 236 
231 3092 0.900573000 0.847167000 0.00000000000000000000 1.00000000000000000000 2 0 8 223 224 225 230 232 235 236 237 
232 3093 0.937836000 0.832083000 0.00000000000000000000 1.00000000000000000000 2 0 8 224 225 226 231 233 236 237 301 
233 3094 0.974387000 0.815748000 0.00000000000000000000 1.00000000000000000000 2 0 8 225 226 227 232 297 237 301 302 
234 3095 0.842117000 0.935908000 0.00000000000000000000 1.00000000000000000000 2 0 8 228 229 230 300 235 303 304 238 
235 3096 0.882795000 0.922564000 0.00000000000000000000 1.00000000000000000000 2 0 8 229 230 231 234 236 304 238 239 
236 3097 0.922840000 0.907825000 0.00000000000000000000 1.00000000000000000000 2 0 8 230 231 232 235 237 238 239 305 
237 3098 0.962194000 0.891714000 0.00000000000000000000 1.00000000000000000000 2 0 8 231 232 233 236 301 239 305 306 
238 3099 0.904361000 0.987598000 0.00000000000000000000 1.00000000000000000000 2 0 8 234 235 236 304 239 307 308 309 
239 3100 0.946682000 0.971872000 0.00000000000000000000 1.00000000000000000000 2 0 8 235 236 237 238 305 308 309 310 
240 2403 0.578217 0.0465599 1 1
241 3101 0.761249 0.0294395 1 1
242 2423 0.578971 0.0768056 2 0
243 3122 0.762971 0.0560235 2 0
244 2443 0.580001 0.107326 2 0
245 3144 0.765698 0.082807 2 0
246 3145 0.782417 0.0797954 2 0
247 2463 0.581313 0.138237 2 0
248 3166 0.786352 0.10625 2 0
249 3167 0.802813 0.102494 2 0
250 2483 0.582912 0.169657 2 0
251 3186 0.808099 0.128653 2 0
252 2503 0.584806 0.201702 2 0
253 3205 0.814569 0.155288 2 0
254 2523 0.587002 0.234494 2 0
255 3224 0.822246 0.1825 2 0
256 2543 0.589509 0.268157 2 0
257 3242 0.831156 0.210393 2 0
258 2563 0.592338 0.302814 2 0
259 3259 0.84133 0.239071 2 0
260 3260 0.859213 0.231374 2 0
261 2583 0.595499 0.338597 2 0
262 3276 0.87128 0.260105 2 0
263 3277 0.889161 0.251216 2 0
264 2601 0.574719 0.378568 2 0
265 2602 0.599005 0.375639 2 0
266 3292 0.903288 0.28 2 0
267 2620 0.577639 0.417196 2 0
268 3307 0.918953 0.309834 2 0
269 2638 0.580837 0.457375 2 0
270 3322 0.936213 0.340831 2 0
271 2657 0.584327 0.499254 2 0
272 2658 0.611734 0.495723 2 0
273 3341 0.95513 0.373106 2 0
274 2679 0.616768 0.539235 2 0
275 3352 0.953903 0.420674 2 0
276 3353 0.975771 0.406781 2 0
277 2701 0.622227 0.584752 2 0
278 3369 0.951637 0.47139 2 0
279 3370 0.975303 0.457016 2 0
280 2722 0.628134 0.632446 2 0
281 2723 0.659346 0.627244 2 0
282 3388 0.948077 0.525351 2 0
283 3389 0.973664 0.510584 2 0
284 2743 0.634509 0.682492 2 0
285 2744 0.667288 0.676951 2 0
286 3409 0.970587 0.56759 2 0
287 2764 0.641377 0.735077 2 0
288 3431 0.994863 0.611956 2 0
289 2784 0.648764 0.790398 2 0
290 4059 1.021 0.658616 2 0
291 4303 0.656696 0.848659 2 0
292 4304 0.694936 0.841982 2 0
293 4060 1.01678 0.726348 2 0
294 4061 1.04908 0.707744 2 0
295 4308 0.705542 0.902979 2 0
296 4309 0.745516 0.894502 2 0
297 4063 1.01017 0.79819 2 0
298 4064 1.04513 0.779438 2 0
299 4315 0.759109 0.958315 2 0
300 4316 0.800867 0.947832 2 0
301 4068 1.0008 0.874261 2 0
302 4069 1.03859 0.855494 2 0
303 4324 0.817785 1.01453 2 0
304 4325 0.861374 1.00183 2 0
305 4075 0.988274 0.954678 2 0
306 4076 1.02908 0.936043 2 0
307 4338 0.881972 1.07148 2 0
308 4339 0.92743 1.05632 2 0
309 4085 0.972186 1.03955 2 0
310 4086 1.01617 1.02121 2 0
