294 239 55
1 9122 -2.526080000 -3.007550000 0.00000000000000000000 1.00000000000000000000 2 0 8 240 241 242 252 2 10 11 12 
2 9123 -2.642890000 -2.887430000 0.00000000000000000000 1.00000000000000000000 2 0 8 241 242 243 1 3 11 12 13 
3 9124 -2.754850000 -2.762810000 0.00000000000000000000 1.00000000000000000000 2 0 8 242 243 244 2 4 12 13 14 
4 9125 -2.861810000 -2.633910000 0.00000000000000000000 1.00000000000000000000 2 0 8 243 244 245 3 5 13 14 15 
5 9126 -2.963580000 -2.500900000 0.00000000000000000000 1.00000000000000000000 2 0 8 244 245 246 4 6 14 15 16 
6 9127 -3.060000000 -2.364010000 0.00000000000000000000 1.00000000000000000000 2 0 8 245 246 247 5 7 15 16 17 
7 9128 -3.150940000 -2.223450000 0.00000000000000000000 1.00000000000000000000 2 0 8 246 247 248 6 8 16 17 18 
8 9129 -3.236240000 -2.079420000 0.00000000000000000000 1.00000000000000000000 2 0 8 247 248 249 7 9 17 18 19 
9 9130 -3.315770000 -1.932160000 0.00000000000000000000 1.00000000000000000000 2 0 8 248 249 250 8 253 18 19 20 
10 9131 -2.585480000 -3.320020000 0.00000000000000000000 1.00000000000000000000 2 0 8 251 252 1 256 11 21 22 23 
11 9132 -2.714480000 -3.197250000 0.00000000000000000000 1.00000000000000000000 2 0 8 252 1 2 10 12 22 23 24 
12 9133 -2.838530000 -3.069530000 0.00000000000000000000 1.00000000000000000000 2 0 8 1 2 3 11 13 23 24 25 
13 9134 -2.957440000 -2.937030000 0.00000000000000000000 1.00000000000000000000 2 0 8 2 3 4 12 14 24 25 26 
14 9135 -3.071020000 -2.799970000 0.00000000000000000000 1.00000000000000000000 2 0 8 3 4 5 13 15 25 26 27 
15 9136 -3.179090000 -2.658570000 0.00000000000000000000 1.00000000000000000000 2 0 8 4 5 6 14 16 26 27 28 
16 9137 -3.281490000 -2.513030000 0.00000000000000000000 1.00000000000000000000 2 0 8 5 6 7 15 17 27 28 29 
17 9138 -3.378060000 -2.363590000 0.00000000000000000000 1.00000000000000000000 2 0 8 6 7 8 16 18 28 29 30 
18 9139 -3.468640000 -2.210480000 0.00000000000000000000 1.00000000000000000000 2 0 8 7 8 9 17 19 29 30 31 
19 9140 -3.553090000 -2.053920000 0.00000000000000000000 1.00000000000000000000 2 0 8 8 9 253 18 20 30 31 32 
20 9141 -3.631280000 -1.894180000 0.00000000000000000000 1.00000000000000000000 2 0 8 9 253 254 19 257 31 32 33 
21 9142 -2.635740000 -3.654410000 0.00000000000000000000 1.00000000000000000000 2 0 8 255 256 10 259 22 262 34 35 
22 9143 -2.777790000 -3.529350000 0.00000000000000000000 1.00000000000000000000 2 0 8 256 10 11 21 23 34 35 36 
23 9144 -2.914790000 -3.398820000 0.00000000000000000000 1.00000000000000000000 2 0 8 10 11 12 22 24 35 36 37 
24 9145 -3.046540000 -3.263010000 0.00000000000000000000 1.00000000000000000000 2 0 8 11 12 13 23 25 36 37 38 
25 9146 -3.172830000 -3.122140000 0.00000000000000000000 1.00000000000000000000 2 0 8 12 13 14 24 26 37 38 39 
26 9147 -3.293450000 -2.976430000 0.00000000000000000000 1.00000000000000000000 2 0 8 13 14 15 25 27 38 39 40 
27 9148 -3.408230000 -2.826090000 0.00000000000000000000 1.00000000000000000000 2 0 8 14 15 16 26 28 39 40 41 
28 9149 -3.516980000 -2.671370000 0.00000000000000000000 1.00000000000000000000 2 0 8 15 16 17 27 29 40 41 42 
29 9150 -3.619530000 -2.512500000 0.00000000000000000000 1.00000000000000000000 2 0 8 16 17 18 28 30 41 42 43 
30 9151 -3.715730000 -2.349720000 0.00000000000000000000 1.00000000000000000000 2 0 8 17 18 19 29 31 42 43 44 
31 9152 -3.805410000 -2.183300000 0.00000000000000000000 1.00000000000000000000 2 0 8 18 19 20 30 32 43 44 45 
32 9153 -3.888450000 -2.013480000 0.00000000000000000000 1.00000000000000000000 2 0 8 19 20 257 31 33 44 45 46 
33 9154 -3.964710000 -1.840530000 0.00000000000000000000 1.00000000000000000000 2 0 8 20 257 258 32 260 45 46 47 
34 9155 -2.831370000 -3.884760000 0.00000000000000000000 1.00000000000000000000 2 0 8 259 21 22 262 35 265 48 49 
35 9156 -2.982240000 -3.751790000 0.00000000000000000000 1.00000000000000000000 2 0 8 21 22 23 34 36 48 49 50 
36 9157 -3.127760000 -3.613000000 0.00000000000000000000 1.00000000000000000000 2 0 8 22 23 24 35 37 49 50 51 
37 9158 -3.267690000 -3.468610000 0.00000000000000000000 1.00000000000000000000 2 0 8 23 24 25 36 38 50 51 52 
38 9159 -3.401820000 -3.318840000 0.00000000000000000000 1.00000000000000000000 2 0 8 24 25 26 37 39 51 52 53 
39 9160 -3.529940000 -3.163920000 0.00000000000000000000 1.00000000000000000000 2 0 8 25 26 27 38 40 52 53 54 
40 9161 -3.651840000 -3.004100000 0.00000000000000000000 1.00000000000000000000 2 0 8 26 27 28 39 41 53 54 55 
41 9162 -3.767340000 -2.839610000 0.00000000000000000000 1.00000000000000000000 2 0 8 27 28 29 40 42 54 55 56 
42 9163 -3.876260000 -2.670720000 0.00000000000000000000 1.00000000000000000000 2 0 8 28 29 30 41 43 55 56 57 
43 9164 -3.978420000 -2.497680000 0.00000000000000000000 1.00000000000000000000 2 0 8 29 30 31 42 44 56 57 58 
44 9165 -4.073670000 -2.320770000 0.00000000000000000000 1.00000000000000000000 2 0 8 30 31 32 43 45 57 58 59 
45 9166 -4.161860000 -2.140250000 0.00000000000000000000 1.00000000000000000000 2 0 8 31 32 33 44 46 58 59 60 
46 9167 -4.242850000 -1.956400000 0.00000000000000000000 1.00000000000000000000 2 0 8 32 33 260 45 47 59 60 61 
47 9168 -4.316510000 -1.769520000 0.00000000000000000000 1.00000000000000000000 2 0 8 33 260 261 46 263 60 61 266 
48 9169 -3.039340000 -4.129540000 0.00000000000000000000 1.00000000000000000000 2 0 8 262 34 35 265 49 62 63 64 
49 9170 -3.199600000 -3.988160000 0.00000000000000000000 1.00000000000000000000 2 0 8 34 35 36 48 50 63 64 65 
50 9171 -3.354170000 -3.840600000 0.00000000000000000000 1.00000000000000000000 2 0 8 35 36 37 49 51 64 65 66 
51 9172 -3.502800000 -3.687090000 0.00000000000000000000 1.00000000000000000000 2 0 8 36 37 38 50 52 65 66 67 
52 9173 -3.645270000 -3.527860000 0.00000000000000000000 1.00000000000000000000 2 0 8 37 38 39 51 53 66 67 68 
53 9174 -3.781350000 -3.363160000 0.00000000000000000000 1.00000000000000000000 2 0 8 38 39 40 52 54 67 68 69 
54 9175 -3.910830000 -3.193260000 0.00000000000000000000 1.00000000000000000000 2 0 8 39 40 41 53 55 68 69 70 
55 9176 -4.033500000 -3.018390000 0.00000000000000000000 1.00000000000000000000 2 0 8 40 41 42 54 56 69 70 71 
56 9177 -4.149180000 -2.838850000 0.00000000000000000000 1.00000000000000000000 2 0 8 41 42 43 55 57 70 71 72 
57 9178 -4.257690000 -2.654910000 0.00000000000000000000 1.00000000000000000000 2 0 8 42 43 44 56 58 71 72 73 
58 9179 -4.358860000 -2.466840000 0.00000000000000000000 1.00000000000000000000 2 0 8 43 44 45 57 59 72 73 74 
59 9180 -4.452520000 -2.274950000 0.00000000000000000000 1.00000000000000000000 2 0 8 44 45 46 58 60 73 74 75 
60 9181 -4.538540000 -2.079530000 0.00000000000000000000 1.00000000000000000000 2 0 8 45 46 47 59 61 74 75 76 
61 9182 -4.616770000 -1.880880000 0.00000000000000000000 1.00000000000000000000 2 0 8 46 47 263 60 266 75 76 269 
62 9183 -3.084420000 -4.533190000 0.00000000000000000000 1.00000000000000000000 2 0 8 264 265 48 268 63 77 78 79 
63 9184 -3.260440000 -4.389670000 0.00000000000000000000 1.00000000000000000000 2 0 8 265 48 49 62 64 78 79 80 
64 9185 -3.430680000 -4.239350000 0.00000000000000000000 1.00000000000000000000 2 0 8 48 49 50 63 65 79 80 81 
65 9186 -3.594870000 -4.082460000 0.00000000000000000000 1.00000000000000000000 2 0 8 49 50 51 64 66 80 81 82 
66 9187 -3.752750000 -3.919260000 0.00000000000000000000 1.00000000000000000000 2 0 8 50 51 52 65 67 81 82 83 
67 9188 -3.904080000 -3.749980000 0.00000000000000000000 1.00000000000000000000 2 0 8 51 52 53 66 68 82 83 84 
68 9189 -4.048620000 -3.574890000 0.00000000000000000000 1.00000000000000000000 2 0 8 52 53 54 67 69 83 84 85 
69 9190 -4.186150000 -3.394260000 0.00000000000000000000 1.00000000000000000000 2 0 8 53 54 55 68 70 84 85 86 
70 9191 -4.316450000 -3.208380000 0.00000000000000000000 1.00000000000000000000 2 0 8 54 55 56 69 71 85 86 87 
71 9192 -4.439320000 -3.017520000 0.00000000000000000000 1.00000000000000000000 2 0 8 55 56 57 70 72 86 87 88 
72 9193 -4.554580000 -2.821980000 0.00000000000000000000 1.00000000000000000000 2 0 8 56 57 58 71 73 87 88 89 
73 9194 -4.662030000 -2.622070000 0.00000000000000000000 1.00000000000000000000 2 0 8 57 58 59 72 74 88 89 90 
74 9195 -4.761510000 -2.418100000 0.00000000000000000000 1.00000000000000000000 2 0 8 58 59 60 73 75 89 90 91 
75 9196 -4.852870000 -2.210370000 0.00000000000000000000 1.00000000000000000000 2 0 8 59 60 61 74 76 90 91 92 
76 9197 -4.935960000 -1.999220000 0.00000000000000000000 1.00000000000000000000 2 0 8 60 61 266 75 269 91 92 272 
77 9198 -3.115640000 -4.963850000 0.00000000000000000000 1.00000000000000000000 2 0 8 267 268 62 271 78 93 94 95 
78 9199 -3.308490000 -4.818710000 0.00000000000000000000 1.00000000000000000000 2 0 8 268 62 63 77 79 94 95 96 
79 9200 -3.495490000 -4.666110000 0.00000000000000000000 1.00000000000000000000 2 0 8 62 63 64 78 80 95 96 97 
80 9201 -3.676330000 -4.506290000 0.00000000000000000000 1.00000000000000000000 2 0 8 63 64 65 79 81 96 97 98 
81 9202 -3.850740000 -4.339500000 0.00000000000000000000 1.00000000000000000000 2 0 8 64 65 66 80 82 97 98 99 
82 9203 -4.018450000 -4.165990000 0.00000000000000000000 1.00000000000000000000 2 0 8 65 66 67 81 83 98 99 100 
83 9204 -4.179200000 -3.986030000 0.00000000000000000000 1.00000000000000000000 2 0 8 66 67 68 82 84 99 100 101 
84 9205 -4.332740000 -3.799900000 0.00000000000000000000 1.00000000000000000000 2 0 8 67 68 69 83 85 100 101 102 
85 9206 -4.478830000 -3.607880000 0.00000000000000000000 1.00000000000000000000 2 0 8 68 69 70 84 86 101 102 103 
86 9207 -4.617240000 -3.410280000 0.00000000000000000000 1.00000000000000000000 2 0 8 69 70 71 85 87 102 103 104 
87 9208 -4.747750000 -3.207390000 0.00000000000000000000 1.00000000000000000000 2 0 8 70 71 72 86 88 103 104 105 
88 9209 -4.870170000 -2.999540000 0.00000000000000000000 1.00000000000000000000 2 0 8 71 72 73 87 89 104 105 106 
89 9210 -4.984300000 -2.787040000 0.00000000000000000000 1.00000000000000000000 2 0 8 72 73 74 88 90 105 106 107 
90 9211 -5.089970000 -2.570220000 0.00000000000000000000 1.00000000000000000000 2 0 8 73 74 75 89 91 106 107 108 
91 9212 -5.187010000 -2.349410000 0.00000000000000000000 1.00000000000000000000 2 0 8 74 75 76 90 92 107 108 109 
92 9213 -5.275270000 -2.124970000 0.00000000000000000000 1.00000000000000000000 2 0 8 75 76 269 91 272 108 109 275 
93 9214 -3.131020000 -5.422630000 0.00000000000000000000 1.00000000000000000000 2 0 8 270 271 77 274 94 110 111 112 
94 9215 -3.341810000 -5.276470000 0.00000000000000000000 1.00000000000000000000 2 0 8 271 77 78 93 95 111 112 113 
95 9216 -3.546690000 -5.122150000 0.00000000000000000000 1.00000000000000000000 2 0 8 77 78 79 94 96 112 113 114 
96 9217 -3.745340000 -4.959900000 0.00000000000000000000 1.00000000000000000000 2 0 8 78 79 80 95 97 113 114 115 
97 9218 -3.937460000 -4.789990000 0.00000000000000000000 1.00000000000000000000 2 0 8 79 80 81 96 98 114 115 116 
98 9219 -4.122740000 -4.612660000 0.00000000000000000000 1.00000000000000000000 2 0 8 80 81 82 97 99 115 116 117 
99 9220 -4.300900000 -4.428200000 0.00000000000000000000 1.00000000000000000000 2 0 8 81 82 83 98 100 116 117 118 
100 9221 -4.471660000 -4.236890000 0.00000000000000000000 1.00000000000000000000 2 0 8 82 83 84 99 101 117 118 119 
101 9222 -4.634760000 -4.039020000 0.00000000000000000000 1.00000000000000000000 2 0 8 83 84 85 100 102 118 119 120 
102 9223 -4.789940000 -3.834900000 0.00000000000000000000 1.00000000000000000000 2 0 8 84 85 86 101 103 119 120 121 
103 9224 -4.936970000 -3.624840000 0.00000000000000000000 1.00000000000000000000 2 0 8 85 86 87 102 104 120 121 122 
104 9225 -5.075610000 -3.409170000 0.00000000000000000000 1.00000000000000000000 2 0 8 86 87 88 103 105 121 122 123 
105 9226 -5.205650000 -3.188230000 0.00000000000000000000 1.00000000000000000000 2 0 8 87 88 89 104 106 122 123 124 
106 9227 -5.326880000 -2.962350000 0.00000000000000000000 1.00000000000000000000 2 0 8 88 89 90 105 107 123 124 125 
107 9228 -5.439120000 -2.731880000 0.00000000000000000000 1.00000000000000000000 2 0 8 89 90 91 106 108 124 125 126 
108 9229 -5.542200000 -2.497180000 0.00000000000000000000 1.00000000000000000000 2 0 8 90 91 92 107 109 125 126 127 
109 9230 -5.635950000 -2.258610000 0.00000000000000000000 1.00000000000000000000 2 0 8 91 92 272 108 275 126 127 278 
110 9231 -3.128410000 -5.910640000 0.00000000000000000000 1.00000000000000000000 2 0 8 273 274 93 277 111 128 129 130 
111 9232 -3.358290000 -5.764130000 0.00000000000000000000 1.00000000000000000000 2 0 8 274 93 94 110 112 129 130 131 
112 9233 -3.582230000 -5.608720000 0.00000000000000000000 1.00000000000000000000 2 0 8 93 94 95 111 113 130 131 132 
113 9234 -3.799890000 -5.444640000 0.00000000000000000000 1.00000000000000000000 2 0 8 94 95 96 112 114 131 132 133 
114 9235 -4.010940000 -5.272150000 0.00000000000000000000 1.00000000000000000000 2 0 8 95 96 97 113 115 132 133 134 
115 9236 -4.215030000 -5.091500000 0.00000000000000000000 1.00000000000000000000 2 0 8 96 97 98 114 116 133 134 135 
116 9237 -4.411870000 -4.902980000 0.00000000000000000000 1.00000000000000000000 2 0 8 97 98 99 115 117 134 135 136 
117 9238 -4.601130000 -4.706880000 0.00000000000000000000 1.00000000000000000000 2 0 8 98 99 100 116 118 135 136 137 
118 9239 -4.782540000 -4.503500000 0.00000000000000000000 1.00000000000000000000 2 0 8 99 100 101 117 119 136 137 138 
119 9240 -4.955800000 -4.293150000 0.00000000000000000000 1.00000000000000000000 2 0 8 100 101 102 118 120 137 138 139 
120 9241 -5.120650000 -4.076170000 0.00000000000000000000 1.00000000000000000000 2 0 8 101 102 103 119 121 138 139 140 
121 9242 -5.276830000 -3.852880000 0.00000000000000000000 1.00000000000000000000 2 0 8 102 103 104 120 122 139 140 141 
122 9243 -5.424100000 -3.623620000 0.00000000000000000000 1.00000000000000000000 2 0 8 103 104 105 121 123 140 141 142 
123 9244 -5.562240000 -3.388770000 0.00000000000000000000 1.00000000000000000000 2 0 8 104 105 106 122 124 141 142 143 
124 9245 -5.691020000 -3.148660000 0.00000000000000000000 1.00000000000000000000 2 0 8 105 106 107 123 125 142 143 144 
125 9246 -5.810250000 -2.903690000 0.00000000000000000000 1.00000000000000000000 2 0 8 106 107 108 124 126 143 144 145 
126 9247 -5.919740000 -2.654220000 0.00000000000000000000 1.00000000000000000000 2 0 8 107 108 109 125 127 144 145 146 
127 9248 -6.019320000 -2.400640000 0.00000000000000000000 1.00000000000000000000 2 0 8 108 109 275 126 278 145 146 281 
128 9249 -3.105460000 -6.428950000 0.00000000000000000000 1.00000000000000000000 2 0 8 276 277 110 280 129 147 148 149 
129 9250 -3.355630000 -6.282880000 0.00000000000000000000 1.00000000000000000000 2 0 8 277 110 111 128 130 148 149 150 
130 9251 -3.599860000 -6.127100000 0.00000000000000000000 1.00000000000000000000 2 0 8 110 111 112 129 131 149 150 151 
131 9252 -3.837790000 -5.961860000 0.00000000000000000000 1.00000000000000000000 2 0 8 111 112 113 130 132 150 151 152 
132 9253 -4.069040000 -5.787410000 0.00000000000000000000 1.00000000000000000000 2 0 8 112 113 114 131 133 151 152 153 
133 9254 -4.293250000 -5.604010000 0.00000000000000000000 1.00000000000000000000 2 0 8 113 114 115 132 134 152 153 154 
134 9255 -4.510080000 -5.411960000 0.00000000000000000000 1.00000000000000000000 2 0 8 114 115 116 133 135 153 154 155 
135 9256 -4.719190000 -5.211540000 0.00000000000000000000 1.00000000000000000000 2 0 8 115 116 117 134 136 154 155 156 
136 9257 -4.920260000 -5.003070000 0.00000000000000000000 1.00000000000000000000 2 0 8 116 117 118 135 137 155 156 157 
137 9258 -5.112980000 -4.786860000 0.00000000000000000000 1.00000000000000000000 2 0 8 117 118 119 136 138 156 157 158 
138 9259 -5.297040000 -4.563250000 0.00000000000000000000 1.00000000000000000000 2 0 8 118 119 120 137 139 157 158 159 
139 9260 -5.472160000 -4.332590000 0.00000000000000000000 1.00000000000000000000 2 0 8 119 120 121 138 140 158 159 160 
140 9261 -5.638080000 -4.095230000 0.00000000000000000000 1.00000000000000000000 2 0 8 120 121 122 139 141 159 160 161 
141 9262 -5.794530000 -3.851540000 0.00000000000000000000 1.00000000000000000000 2 0 8 121 122 123 140 142 160 161 162 
142 9263 -5.941270000 -3.601900000 0.00000000000000000000 1.00000000000000000000 2 0 8 122 123 124 141 143 161 162 163 
143 9264 -6.078070000 -3.346680000 0.00000000000000000000 1.00000000000000000000 2 0 8 123 124 125 142 144 162 163 164 
144 9265 -6.204720000 -3.086290000 0.00000000000000000000 1.00000000000000000000 2 0 8 124 125 126 143 145 163 164 165 
145 9266 -6.321030000 -2.821120000 0.00000000000000000000 1.00000000000000000000 2 0 8 125 126 127 144 146 164 165 166 
146 9267 -6.426820000 -2.551590000 0.00000000000000000000 1.00000000000000000000 2 0 8 126 127 278 145 281 165 166 283 
147 9268 -3.059660000 -6.978620000 0.00000000000000000000 1.00000000000000000000 2 0 8 279 280 128 282 148 284 167 168 
148 9269 -3.331350000 -6.833850000 0.00000000000000000000 1.00000000000000000000 2 0 8 280 128 129 147 149 167 168 169 
149 9270 -3.597150000 -6.678520000 0.00000000000000000000 1.00000000000000000000 2 0 8 128 129 130 148 150 168 169 170 
150 9271 -3.856650000 -6.512890000 0.00000000000000000000 1.00000000000000000000 2 0 8 129 130 131 149 151 169 170 171 
151 9272 -4.109430000 -6.337200000 0.00000000000000000000 1.00000000000000000000 2 0 8 130 131 132 150 152 170 171 172 
152 9273 -4.355120000 -6.151720000 0.00000000000000000000 1.00000000000000000000 2 0 8 131 132 133 151 153 171 172 173 
153 9274 -4.593330000 -5.956740000 0.00000000000000000000 1.00000000000000000000 2 0 8 132 133 134 152 154 172 173 174 
154 9275 -4.823690000 -5.752560000 0.00000000000000000000 1.00000000000000000000 2 0 8 133 134 135 153 155 173 174 175 
155 9276 -5.045850000 -5.539490000 0.00000000000000000000 1.00000000000000000000 2 0 8 134 135 136 154 156 174 175 176 
156 9277 -5.259460000 -5.317870000 0.00000000000000000000 1.00000000000000000000 2 0 8 135 136 137 155 157 175 176 177 
157 9278 -5.464200000 -5.088030000 0.00000000000000000000 1.00000000000000000000 2 0 8 136 137 138 156 158 176 177 178 
158 9279 -5.659740000 -4.850330000 0.00000000000000000000 1.00000000000000000000 2 0 8 137 138 139 157 159 177 178 179 
159 9280 -5.845780000 -4.605130000 0.00000000000000000000 1.00000000000000000000 2 0 8 138 139 140 158 160 178 179 180 
160 9281 -6.022040000 -4.352820000 0.00000000000000000000 1.00000000000000000000 2 0 8 139 140 141 159 161 179 180 181 
161 9282 -6.188240000 -4.093780000 0.00000000000000000000 1.00000000000000000000 2 0 8 140 141 142 160 162 180 181 182 
162 9283 -6.344130000 -3.828420000 0.00000000000000000000 1.00000000000000000000 2 0 8 141 142 143 161 163 181 182 183 
163 9284 -6.489450000 -3.557140000 0.00000000000000000000 1.00000000000000000000 2 0 8 142 143 144 162 164 182 183 184 
164 9285 -6.624000000 -3.280360000 0.00000000000000000000 1.00000000000000000000 2 0 8 143 144 145 163 165 183 184 185 
165 9286 -6.747550000 -2.998510000 0.00000000000000000000 1.00000000000000000000 2 0 8 144 145 146 164 166 184 185 186 
166 9287 -6.859920000 -2.712020000 0.00000000000000000000 1.00000000000000000000 2 0 8 145 146 281 165 283 185 186 285 
167 9288 -3.282780000 -7.418170000 0.00000000000000000000 1.00000000000000000000 2 0 8 282 147 148 284 168 286 287 187 
168 9289 -3.571460000 -7.264230000 0.00000000000000000000 1.00000000000000000000 2 0 8 147 148 149 167 169 287 187 188 
169 9290 -3.853870000 -7.099070000 0.00000000000000000000 1.00000000000000000000 2 0 8 148 149 150 168 170 187 188 189 
170 9291 -4.129580000 -6.922950000 0.00000000000000000000 1.00000000000000000000 2 0 8 149 150 151 169 171 188 189 190 
171 9292 -4.398160000 -6.736150000 0.00000000000000000000 1.00000000000000000000 2 0 8 150 151 152 170 172 189 190 191 
172 9293 -4.659190000 -6.538950000 0.00000000000000000000 1.00000000000000000000 2 0 8 151 152 153 171 173 190 191 192 
173 9294 -4.912280000 -6.331660000 0.00000000000000000000 1.00000000000000000000 2 0 8 152 153 154 172 174 191 192 193 
174 9295 -5.157020000 -6.114580000 0.00000000000000000000 1.00000000000000000000 2 0 8 153 154 155 173 175 192 193 194 
175 9296 -5.393050000 -5.888070000 0.00000000000000000000 1.00000000000000000000 2 0 8 154 155 156 174 176 193 194 195 
176 9297 -5.619990000 -5.652470000 0.00000000000000000000 1.00000000000000000000 2 0 8 155 156 157 175 177 194 195 196 
177 9298 -5.837500000 -5.408140000 0.00000000000000000000 1.00000000000000000000 2 0 8 156 157 158 176 178 195 196 197 
178 9299 -6.045240000 -5.155450000 0.00000000000000000000 1.00000000000000000000 2 0 8 157 158 159 177 179 196 197 198 
179 9300 -6.242890000 -4.894810000 0.00000000000000000000 1.00000000000000000000 2 0 8 158 159 160 178 180 197 198 199 
180 9301 -6.430140000 -4.626600000 0.00000000000000000000 1.00000000000000000000 2 0 8 159 160 161 179 181 198 199 200 
181 9302 -6.606700000 -4.351250000 0.00000000000000000000 1.00000000000000000000 2 0 8 160 161 162 180 182 199 200 201 
182 9303 -6.772300000 -4.069180000 0.00000000000000000000 1.00000000000000000000 2 0 8 161 162 163 181 183 200 201 202 
183 9304 -6.926690000 -3.780820000 0.00000000000000000000 1.00000000000000000000 2 0 8 162 163 164 182 184 201 202 203 
184 9305 -7.069620000 -3.486620000 0.00000000000000000000 1.00000000000000000000 2 0 8 163 164 165 183 185 202 203 204 
185 9306 -7.200870000 -3.187040000 0.00000000000000000000 1.00000000000000000000 2 0 8 164 165 166 184 186 203 204 288 
186 9307 -7.320240000 -2.882540000 0.00000000000000000000 1.00000000000000000000 2 0 8 165 166 283 185 285 204 288 289 
187 9308 -3.826670000 -7.721710000 0.00000000000000000000 1.00000000000000000000 2 0 8 167 168 169 287 188 290 205 206 
188 9309 -4.126740000 -7.546090000 0.00000000000000000000 1.00000000000000000000 2 0 8 168 169 170 187 189 205 206 207 
189 9310 -4.419680000 -7.358830000 0.00000000000000000000 1.00000000000000000000 2 0 8 169 170 171 188 190 206 207 208 
190 9311 -4.705040000 -7.160220000 0.00000000000000000000 1.00000000000000000000 2 0 8 170 171 172 189 191 207 208 209 
191 9312 -4.982380000 -6.950560000 0.00000000000000000000 1.00000000000000000000 2 0 8 171 172 173 190 192 208 209 210 
192 9313 -5.251280000 -6.730170000 0.00000000000000000000 1.00000000000000000000 2 0 8 172 173 174 191 193 209 210 211 
193 9314 -5.511300000 -6.499390000 0.00000000000000000000 1.00000000000000000000 2 0 8 173 174 175 192 194 210 211 212 
194 9315 -5.762070000 -6.258580000 0.00000000000000000000 1.00000000000000000000 2 0 8 174 175 176 193 195 211 212 213 
195 9316 -6.003180000 -6.008120000 0.00000000000000000000 1.00000000000000000000 2 0 8 175 176 177 194 196 212 213 214 
196 9317 -6.234260000 -5.748380000 0.00000000000000000000 1.00000000000000000000 2 0 8 176 177 178 195 197 213 214 215 
197 9318 -6.454960000 -5.479770000 0.00000000000000000000 1.00000000000000000000 2 0 8 177 178 179 196 198 214 215 216 
198 9319 -6.664940000 -5.202700000 0.00000000000000000000 1.00000000000000000000 2 0 8 178 179 180 197 199 215 216 217 
199 9320 -6.863870000 -4.917600000 0.00000000000000000000 1.00000000000000000000 2 0 8 179 180 181 198 200 216 217 218 
200 9321 -7.051440000 -4.624910000 0.00000000000000000000 1.00000000000000000000 2 0 8 180 181 182 199 201 217 218 219 
201 9322 -7.227370000 -4.325080000 0.00000000000000000000 1.00000000000000000000 2 0 8 181 182 183 200 202 218 219 220 
202 9323 -7.391380000 -4.018570000 0.00000000000000000000 1.00000000000000000000 2 0 8 182 183 184 201 203 219 220 221 
203 9324 -7.543220000 -3.705860000 0.00000000000000000000 1.00000000000000000000 2 0 8 183 184 185 202 204 220 221 222 
204 9325 -7.682650000 -3.387430000 0.00000000000000000000 1.00000000000000000000 2 0 8 184 185 186 203 288 221 222 291 
205 9326 -4.097920000 -8.208010000 0.00000000000000000000 1.00000000000000000000 2 0 8 287 187 188 290 206 292 293 223 
206 9327 -4.416750000 -8.021270000 0.00000000000000000000 1.00000000000000000000 2 0 8 187 188 189 205 207 293 223 224 
207 9328 -4.728010000 -7.822160000 0.00000000000000000000 1.00000000000000000000 2 0 8 188 189 190 206 208 223 224 225 
208 9329 -5.031210000 -7.610990000 0.00000000000000000000 1.00000000000000000000 2 0 8 189 190 191 207 209 224 225 226 
209 9330 -5.325880000 -7.388080000 0.00000000000000000000 1.00000000000000000000 2 0 8 190 191 192 208 210 225 226 227 
210 9331 -5.611570000 -7.153770000 0.00000000000000000000 1.00000000000000000000 2 0 8 191 192 193 209 211 226 227 228 
211 9332 -5.887840000 -6.908420000 0.00000000000000000000 1.00000000000000000000 2 0 8 192 193 194 210 212 227 228 229 
212 9333 -6.154260000 -6.652420000 0.00000000000000000000 1.00000000000000000000 2 0 8 193 194 195 211 213 228 229 230 
213 9334 -6.410420000 -6.386160000 0.00000000000000000000 1.00000000000000000000 2 0 8 194 195 196 212 214 229 230 231 
214 9335 -6.655930000 -6.110040000 0.00000000000000000000 1.00000000000000000000 2 0 8 195 196 197 213 215 230 231 232 
215 9336 -6.890400000 -5.824500000 0.00000000000000000000 1.00000000000000000000 2 0 8 196 197 198 214 216 231 232 233 
216 9337 -7.113480000 -5.529970000 0.00000000000000000000 1.00000000000000000000 2 0 8 197 198 199 215 217 232 233 234 
217 9338 -7.324820000 -5.226910000 0.00000000000000000000 1.00000000000000000000 2 0 8 198 199 200 216 218 233 234 235 
218 9339 -7.524100000 -4.915790000 0.00000000000000000000 1.00000000000000000000 2 0 8 199 200 201 217 219 234 235 236 
219 9340 -7.711000000 -4.597080000 0.00000000000000000000 1.00000000000000000000 2 0 8 200 201 202 218 220 235 236 237 
220 9341 -7.885230000 -4.271290000 0.00000000000000000000 1.00000000000000000000 2 0 8 201 202 203 219 221 236 237 238 
221 9342 -8.046540000 -3.938900000 0.00000000000000000000 1.00000000000000000000 2 0 8 202 203 204 220 222 237 238 239 
222 9343 -8.194670000 -3.600430000 0.00000000000000000000 1.00000000000000000000 2 0 8 203 204 288 221 291 238 239 294 
223 9344 -4.724990000 -8.526400000 -0.52249486151581092663 -0.85264243366699354887 3 0 8 205 206 207 293 224 187 188 189 
224 9345 -5.055700000 -8.314700000 -0.55557278151294220425 -0.83146790944808723900 3 0 8 206 207 208 223 225 188 189 190 
225 9346 -5.377850000 -8.090170000 -0.58778618963392137431 -0.80901631335569235137 3 0 8 207 208 209 224 226 189 190 191 
226 9347 -5.690940000 -7.853170000 -0.61909246039025589425 -0.78531810464800799743 3 0 8 208 209 210 225 227 190 191 192 
227 9348 -5.994480000 -7.604060000 -0.64944366315684309843 -0.76040971087001563156 3 0 8 209 210 211 226 228 191 192 193 
228 9349 -6.288010000 -7.343230000 -0.67879778319755001981 -0.73432524777927377091 3 0 8 210 211 212 227 229 192 193 194 
229 9350 -6.571070000 -7.071070000 -0.70710678118654757274 -0.70710678118654757274 3 0 8 211 212 213 228 230 193 194 195 
230 9351 -6.843230000 -6.788010000 -0.73432524777927377091 -0.67879778319755001981 3 0 8 212 213 214 229 231 194 195 196 
231 9352 -7.104060000 -6.494480000 -0.76040971087001563156 -0.64944366315684309843 3 0 8 213 214 215 230 232 195 196 197 
232 9353 -7.353170000 -6.190940000 -0.78531810464800855254 -0.61909246039025511710 3 0 8 214 215 216 231 233 196 197 198 
233 9354 -7.590170000 -5.877850000 -0.80901631335569235137 -0.58778618963392137431 3 0 8 215 216 217 232 234 197 198 199 
234 9355 -7.814700000 -5.555700000 -0.83146790944808679491 -0.55557278151294298141 3 0 8 216 217 218 233 235 198 199 200 
235 9356 -8.026400000 -5.224990000 -0.85264243366699354887 -0.52249486151581092663 3 0 8 217 218 219 234 236 199 200 201 
236 9357 -8.224960000 -4.886210000 -0.87249233372822920796 -0.48862780066781752453 3 0 8 218 219 220 235 237 200 201 202 
237 9358 -8.410070000 -4.539910000 -0.89100606038921459362 -0.45399140999548787123 3 0 8 219 220 221 236 238 201 202 203 
238 9359 -8.581430000 -4.186600000 -0.90814529595099369175 -0.41865513425978917450 3 0 8 220 221 222 237 239 202 203 204 
239 9360 -8.738800000 -3.826830000 -0.92388085835679678581 -0.38268023147519464322 3 0 8 221 222 291 238 294 203 204 288 
240 8779 -2.23451 -2.93759 2 0
241 9112 -2.34889 -2.82901 2 0
242 9113 -2.45889 -2.71604 2 0
243 9114 -2.56433 -2.59884 2 0
244 9115 -2.66505 -2.4776 2 0
245 9116 -2.76089 -2.35251 2 0
246 9117 -2.8517 -2.22376 2 0
247 9118 -2.93733 -2.09155 2 0
248 9119 -3.01766 -1.95608 2 0
249 9120 -3.09256 -1.81756 2 0
250 9121 -3.16191 -1.67622 2 0
251 8796 -2.27869 -3.23362 2 0
252 8797 -2.40462 -3.12301 2 0
253 9413 -3.3894 -1.7819 2 0
254 9414 -3.45703 -1.62886 2 0
255 8812 -2.31346 -3.54991 2 0
256 8813 -2.45174 -3.43763 2 0
257 9427 -3.70309 -1.73149 2 0
258 9428 -3.76841 -1.5661 2 0
259 8827 -2.48887 -3.77381 2 0
260 9441 -4.03407 -1.66473 2 0
261 9442 -4.09643 -1.48633 2 0
262 8840 -2.67537 -4.01171 2 0
263 9455 -4.38273 -1.5799 2 0
264 8851 -2.70274 -4.39291 2 0
265 8852 -2.87364 -4.26453 2 0
266 9468 -4.6871 -1.67931 2 0
267 8861 -2.71611 -4.79898 2 0
268 8862 -2.90288 -4.6697 2 0
269 9481 -5.01066 -1.78496 2 0
270 8869 -2.71356 -5.23089 2 0
271 8870 -2.91723 -5.10131 2 0
272 9494 -5.35461 -1.89723 2 0
273 8875 -2.69303 -5.6896 2 0
274 8876 -2.91465 -5.56041 2 0
275 9507 -5.72022 -2.01655 2 0
276 8879 -2.65228 -6.17603 2 0
277 8880 -2.89295 -6.04801 2 0
278 9520 -6.10884 -2.14335 2 0
279 8881 -2.58889 -6.69109 2 0
280 8882 -2.84975 -6.56509 2 0
281 9532 -6.52191 -2.27812 2 0
282 8563 -2.78249 -7.11262 2 0
283 9543 -6.96094 -2.42135 2 0
284 8583 -2.98828 -7.56067 2 0
285 9554 -7.42755 -2.57358 2 0
286 8603 -3.20701 -8.03694 2 0
287 8604 -3.51994 -7.88541 2 0
288 9565 -7.80947 -3.06377 2 0
289 9566 -7.92346 -2.73538 2 0
290 8624 -3.772 -8.38208 2 0
291 9577 -8.32939 -3.25641 2 0
292 8643 -4.03991 -8.91007 3 0
293 8644 -4.38621 -8.72496 3 0
294 9589 -8.88191 -3.46117 3 0
