293 240 53
1 3101 0.761249000 0.029439500 0.10588992387536884376 0.99437785776920262215 1 1 8 241 2 244 22 23 246 44 45 
2 3102 0.777785000 0.027659900 0.10806336838556147850 0.99414400788475631998 1 1 8 1 3 22 23 24 44 45 46 
3 3103 0.793893000 0.025891100 0.11019007491550641964 0.99391053289021702444 1 1 8 2 4 23 24 25 45 46 47 
4 3104 0.809547000 0.024138600 0.11225983361103865354 0.99367888664176717839 1 1 8 3 5 24 25 26 46 47 48 
5 3105 0.824724000 0.022408000 0.11427346203834422289 0.99344933231331489232 1 1 8 4 6 25 26 27 47 48 49 
6 3106 0.839400000 0.020704700 0.11624154724163376917 0.99322097374897955202 1 1 8 5 7 26 27 28 48 49 50 
7 3107 0.853553000 0.019034000 0.11816065709095549541 0.99299449097959946453 1 1 8 6 8 27 28 29 49 50 51 
8 3108 0.867161000 0.017401300 0.12002653447902668360 0.99277068400560408712 1 1 8 7 9 28 29 30 50 51 52 
9 3109 0.880203000 0.015812000 0.12184400527015776250 0.99254926244480468078 1 1 8 8 10 29 30 31 51 52 53 
10 3110 0.892659000 0.014271200 0.12361062933351839310 0.99233079782689992410 1 1 8 9 11 30 31 32 52 53 54 
11 3111 0.904509000 0.012784300 0.12532152258104284348 0.99211618068549278782 1 1 8 10 12 31 32 33 53 54 55 
12 3112 0.915735000 0.011356300 0.12696646216782009331 0.99190701050279284079 1 1 8 11 13 32 33 34 54 55 56 
13 3113 0.926320000 0.009992440 0.12853916603416695730 0.99170443318321466197 1 1 8 12 14 33 34 35 55 56 57 
14 3114 0.936248000 0.008697520 0.13004657339925981829 0.99150788637665976388 1 1 8 13 15 34 35 36 56 57 58 
15 3115 0.945503000 0.007476390 0.13146950540820348530 0.99132021524213986829 1 1 8 14 16 35 36 37 57 58 59 
16 3116 0.954072000 0.006333690 0.13281065986142420732 0.99114142715718078769 1 1 8 15 17 36 37 38 58 59 60 
17 3117 0.961940000 0.005273870 0.13406686263307679430 0.99097228838334505685 1 1 8 16 18 37 38 39 59 60 61 
18 3118 0.969096000 0.004301120 0.13522566085276543912 0.99081482661844177962 1 1 8 17 19 38 39 40 60 61 62 
19 3119 0.975528000 0.003419390 0.13627203577044180727 0.99067145526000666145 1 1 8 18 20 39 40 41 61 62 63 
20 3120 0.981228000 0.002632300 0.13721282869678594341 0.99054158905167954963 1 1 8 19 21 40 41 42 62 63 64 
21 3121 0.986185000 0.001943150 0.13804686302476867898 0.99042569817680958799 1 1 8 20 242 41 42 43 63 64 65 
22 3122 0.762971000 0.056023500 0.00000000000000000000 1.00000000000000000000 2 0 8 241 1 2 244 23 246 44 45 
23 3123 0.779564000 0.053632000 0.00000000000000000000 1.00000000000000000000 2 0 8 1 2 3 22 24 44 45 46 
24 3124 0.795722000 0.051210000 0.00000000000000000000 1.00000000000000000000 2 0 8 2 3 4 23 25 45 46 47 
25 3125 0.811419000 0.048764200 0.00000000000000000000 1.00000000000000000000 2 0 8 3 4 5 24 26 46 47 48 
26 3126 0.826631000 0.046301100 0.00000000000000000000 1.00000000000000000000 2 0 8 4 5 6 25 27 47 48 49 
27 3127 0.841336000 0.043827200 0.00000000000000000000 1.00000000000000000000 2 0 8 5 6 7 26 28 48 49 50 
28 3128 0.855511000 0.041349100 0.00000000000000000000 1.00000000000000000000 2 0 8 6 7 8 27 29 49 50 51 
29 3129 0.869133000 0.038873400 0.00000000000000000000 1.00000000000000000000 2 0 8 7 8 9 28 30 50 51 52 
30 3130 0.882182000 0.036406500 0.00000000000000000000 1.00000000000000000000 2 0 8 8 9 10 29 31 51 52 53 
31 3131 0.894639000 0.033954900 0.00000000000000000000 1.00000000000000000000 2 0 8 9 10 11 30 32 52 53 54 
32 3132 0.906484000 0.031525000 0.00000000000000000000 1.00000000000000000000 2 0 8 10 11 12 31 33 53 54 55 
33 3133 0.917698000 0.029123200 0.00000000000000000000 1.00000000000000000000 2 0 8 11 12 13 32 34 54 55 56 
34 3134 0.928266000 0.026755700 0.00000000000000000000 1.00000000000000000000 2 0 8 12 13 14 33 35 55 56 57 
35 3135 0.938170000 0.024428600 0.00000000000000000000 1.00000000000000000000 2 0 8 13 14 15 34 36 56 57 58 
36 3136 0.947397000 0.022147800 0.00000000000000000000 1.00000000000000000000 2 0 8 14 15 16 35 37 57 58 59 
37 3137 0.955931000 0.019919200 0.00000000000000000000 1.00000000000000000000 2 0 8 15 16 17 36 38 58 59 60 
38 3138 0.963760000 0.017748300 0.00000000000000000000 1.00000000000000000000 2 0 8 16 17 18 37 39 59 60 61 
39 3139 0.970874000 0.015640200 0.00000000000000000000 1.00000000000000000000 2 0 8 17 18 19 38 40 60 61 62 
40 3140 0.977260000 0.013599800 0.00000000000000000000 1.00000000000000000000 2 0 8 18 19 20 39 41 61 62 63 
41 3141 0.982910000 0.011631400 0.00000000000000000000 1.00000000000000000000 2 0 8 19 20 21 40 42 62 63 64 
42 3142 0.987816000 0.009738870 0.00000000000000000000 1.00000000000000000000 2 0 8 20 21 242 41 43 63 64 65 
43 3143 0.991972000 0.007925100 0.00000000000000000000 1.00000000000000000000 2 0 8 21 242 243 42 245 64 65 247 
44 3144 0.765698000 0.082807000 0.00000000000000000000 1.00000000000000000000 2 0 8 244 22 23 246 45 248 249 66 
45 3145 0.782417000 0.079795400 0.00000000000000000000 1.00000000000000000000 2 0 8 22 23 24 44 46 249 66 67 
46 3146 0.798692000 0.076712000 0.00000000000000000000 1.00000000000000000000 2 0 8 23 24 25 45 47 66 67 68 
47 3147 0.814498000 0.073564400 0.00000000000000000000 1.00000000000000000000 2 0 8 24 25 26 46 48 67 68 69 
48 3148 0.829811000 0.070360200 0.00000000000000000000 1.00000000000000000000 2 0 8 25 26 27 47 49 68 69 70 
49 3149 0.844608000 0.067107100 0.00000000000000000000 1.00000000000000000000 2 0 8 26 27 28 48 50 69 70 71 
50 3150 0.858867000 0.063812600 0.00000000000000000000 1.00000000000000000000 2 0 8 27 28 29 49 51 70 71 72 
51 3151 0.872565000 0.060484700 0.00000000000000000000 1.00000000000000000000 2 0 8 28 29 30 50 52 71 72 73 
52 3152 0.885682000 0.057130800 0.00000000000000000000 1.00000000000000000000 2 0 8 29 30 31 51 53 72 73 74 
53 3153 0.898198000 0.053758800 0.00000000000000000000 1.00000000000000000000 2 0 8 30 31 32 52 54 73 74 75 
54 3154 0.910094000 0.050376200 0.00000000000000000000 1.00000000000000000000 2 0 8 31 32 33 53 55 74 75 76 
55 3155 0.921353000 0.046990500 0.00000000000000000000 1.00000000000000000000 2 0 8 32 33 34 54 56 75 76 77 
56 3156 0.931957000 0.043609200 0.00000000000000000000 1.00000000000000000000 2 0 8 33 34 35 55 57 76 77 78 
57 3157 0.941890000 0.040239600 0.00000000000000000000 1.00000000000000000000 2 0 8 34 35 36 56 58 77 78 79 
58 3158 0.951139000 0.036888900 0.00000000000000000000 1.00000000000000000000 2 0 8 35 36 37 57 59 78 79 80 
59 3159 0.959690000 0.033563800 0.00000000000000000000 1.00000000000000000000 2 0 8 36 37 38 58 60 79 80 81 
60 3160 0.967530000 0.030271000 0.00000000000000000000 1.00000000000000000000 2 0 8 37 38 39 59 61 80 81 82 
61 3161 0.974648000 0.027016500 0.00000000000000000000 1.00000000000000000000 2 0 8 38 39 40 60 62 81 82 83 
62 3162 0.981035000 0.023806100 0.00000000000000000000 1.00000000000000000000 2 0 8 39 40 41 61 63 82 83 84 
63 3163 0.986683000 0.020644800 0.00000000000000000000 1.00000000000000000000 2 0 8 40 41 42 62 64 83 84 85 
64 3164 0.991584000 0.017536700 0.00000000000000000000 1.00000000000000000000 2 0 8 41 42 43 63 65 84 85 250 
65 3165 0.995733000 0.014484800 0.00000000000000000000 1.00000000000000000000 2 0 8 42 43 245 64 247 85 250 251 
66 3166 0.786352000 0.106250000 0.00000000000000000000 1.00000000000000000000 2 0 8 44 45 46 249 67 252 253 86 
67 3167 0.802813000 0.102494000 0.00000000000000000000 1.00000000000000000000 2 0 8 45 46 47 66 68 253 86 87 
68 3168 0.818795000 0.098633000 0.00000000000000000000 1.00000000000000000000 2 0 8 46 47 48 67 69 86 87 88 
69 3169 0.834274000 0.094676000 0.00000000000000000000 1.00000000000000000000 2 0 8 47 48 49 68 70 87 88 89 
70 3170 0.849228000 0.090631500 0.00000000000000000000 1.00000000000000000000 2 0 8 48 49 50 69 71 88 89 90 
71 3171 0.863633000 0.086508300 0.00000000000000000000 1.00000000000000000000 2 0 8 49 50 51 70 72 89 90 91 
72 3172 0.877468000 0.082315400 0.00000000000000000000 1.00000000000000000000 2 0 8 50 51 52 71 73 90 91 92 
73 3173 0.890712000 0.078061500 0.00000000000000000000 1.00000000000000000000 2 0 8 51 52 53 72 74 91 92 93 
74 3174 0.903346000 0.073755600 0.00000000000000000000 1.00000000000000000000 2 0 8 52 53 54 73 75 92 93 94 
75 3175 0.915350000 0.069406400 0.00000000000000000000 1.00000000000000000000 2 0 8 53 54 55 74 76 93 94 95 
76 3176 0.926707000 0.065022800 0.00000000000000000000 1.00000000000000000000 2 0 8 54 55 56 75 77 94 95 96 
77 3177 0.937401000 0.060613400 0.00000000000000000000 1.00000000000000000000 2 0 8 55 56 57 76 78 95 96 97 
78 3178 0.947415000 0.056186700 0.00000000000000000000 1.00000000000000000000 2 0 8 56 57 58 77 79 96 97 98 
79 3179 0.956737000 0.051750900 0.00000000000000000000 1.00000000000000000000 2 0 8 57 58 59 78 80 97 98 99 
80 3180 0.965351000 0.047314000 0.00000000000000000000 1.00000000000000000000 2 0 8 58 59 60 79 81 98 99 100 
81 3181 0.973248000 0.042883600 0.00000000000000000000 1.00000000000000000000 2 0 8 59 60 61 80 82 99 100 101 
82 3182 0.980416000 0.038467000 0.00000000000000000000 1.00000000000000000000 2 0 8 60 61 62 81 83 100 101 102 
83 3183 0.986846000 0.034070600 0.00000000000000000000 1.00000000000000000000 2 0 8 61 62 63 82 84 101 102 103 
84 3184 0.992531000 0.029700100 0.00000000000000000000 1.00000000000000000000 2 0 8 62 63 64 83 85 102 103 104 
85 3185 0.997464000 0.025360300 0.00000000000000000000 1.00000000000000000000 2 0 8 63 64 65 84 250 103 104 254 
86 3186 0.808099000 0.128653000 0.00000000000000000000 1.00000000000000000000 2 0 8 66 67 68 253 87 255 105 106 
87 3187 0.824324000 0.124065000 0.00000000000000000000 1.00000000000000000000 2 0 8 67 68 69 86 88 105 106 107 
88 3188 0.840036000 0.119340000 0.00000000000000000000 1.00000000000000000000 2 0 8 68 69 70 87 89 106 107 108 
89 3189 0.855210000 0.114489000 0.00000000000000000000 1.00000000000000000000 2 0 8 69 70 71 88 90 107 108 109 
90 3190 0.869825000 0.109521000 0.00000000000000000000 1.00000000000000000000 2 0 8 70 71 72 89 91 108 109 110 
91 3191 0.883857000 0.104447000 0.00000000000000000000 1.00000000000000000000 2 0 8 71 72 73 90 92 109 110 111 
92 3192 0.897288000 0.099276500 0.00000000000000000000 1.00000000000000000000 2 0 8 72 73 74 91 93 110 111 112 
93 3193 0.910097000 0.094019500 0.00000000000000000000 1.00000000000000000000 2 0 8 73 74 75 92 94 111 112 113 
94 3194 0.922265000 0.088686200 0.00000000000000000000 1.00000000000000000000 2 0 8 74 75 76 93 95 112 113 114 
95 3195 0.933775000 0.083286600 0.00000000000000000000 1.00000000000000000000 2 0 8 75 76 77 94 96 113 114 115 
96 3196 0.944610000 0.077830500 0.00000000000000000000 1.00000000000000000000 2 0 8 76 77 78 95 97 114 115 116 
97 3197 0.954756000 0.072327700 0.00000000000000000000 1.00000000000000000000 2 0 8 77 78 79 96 98 115 116 117 
98 3198 0.964197000 0.066787600 0.00000000000000000000 1.00000000000000000000 2 0 8 78 79 80 97 99 116 117 118 
99 3199 0.972922000 0.061219400 0.00000000000000000000 1.00000000000000000000 2 0 8 79 80 81 98 100 117 118 119 
100 3200 0.980919000 0.055631800 0.00000000000000000000 1.00000000000000000000 2 0 8 80 81 82 99 101 118 119 120 
101 3201 0.988177000 0.050032900 0.00000000000000000000 1.00000000000000000000 2 0 8 81 82 83 100 102 119 120 121 
102 3202 0.994688000 0.044430500 0.00000000000000000000 1.00000000000000000000 2 0 8 82 83 84 101 103 120 121 122 
103 3203 1.000440000 0.038831100 0.00000000000000000000 1.00000000000000000000 2 0 8 83 84 85 102 104 121 122 123 
104 3204 1.005440000 0.033240400 0.00000000000000000000 1.00000000000000000000 2 0 8 84 85 250 103 254 122 123 256 
105 3205 0.814569000 0.155288000 0.00000000000000000000 1.00000000000000000000 2 0 8 253 86 87 255 106 257 124 125 
106 3206 0.831105000 0.149955000 0.00000000000000000000 1.00000000000000000000 2 0 8 86 87 88 105 107 124 125 126 
107 3207 0.847115000 0.144446000 0.00000000000000000000 1.00000000000000000000 2 0 8 87 88 89 106 108 125 126 127 
108 3208 0.862574000 0.138770000 0.00000000000000000000 1.00000000000000000000 2 0 8 88 89 90 107 109 126 127 128 
109 3209 0.877461000 0.132938000 0.00000000000000000000 1.00000000000000000000 2 0 8 89 90 91 108 110 127 128 129 
110 3210 0.891753000 0.126963000 0.00000000000000000000 1.00000000000000000000 2 0 8 90 91 92 109 111 128 129 130 
111 3211 0.905430000 0.120856000 0.00000000000000000000 1.00000000000000000000 2 0 8 91 92 93 110 112 129 130 131 
112 3212 0.918472000 0.114627000 0.00000000000000000000 1.00000000000000000000 2 0 8 92 93 94 111 113 130 131 132 
113 3213 0.930859000 0.108288000 0.00000000000000000000 1.00000000000000000000 2 0 8 93 94 95 112 114 131 132 133 
114 3214 0.942576000 0.101850000 0.00000000000000000000 1.00000000000000000000 2 0 8 94 95 96 113 115 132 133 134 
115 3215 0.953604000 0.095324900 0.00000000000000000000 1.00000000000000000000 2 0 8 95 96 97 114 116 133 134 135 
116 3216 0.963929000 0.088723100 0.00000000000000000000 1.00000000000000000000 2 0 8 96 97 98 115 117 134 135 136 
117 3217 0.973537000 0.082055500 0.00000000000000000000 1.00000000000000000000 2 0 8 97 98 99 116 118 135 136 137 
118 3218 0.982415000 0.075332300 0.00000000000000000000 1.00000000000000000000 2 0 8 98 99 100 117 119 136 137 138 
119 3219 0.990553000 0.068563600 0.00000000000000000000 1.00000000000000000000 2 0 8 99 100 101 118 120 137 138 139 
120 3220 0.997939000 0.061758800 0.00000000000000000000 1.00000000000000000000 2 0 8 100 101 102 119 121 138 139 140 
121 3221 1.004570000 0.054926700 0.00000000000000000000 1.00000000000000000000 2 0 8 101 102 103 120 122 139 140 141 
122 3222 1.010430000 0.048075200 0.00000000000000000000 1.00000000000000000000 2 0 8 102 103 104 121 123 140 141 258 
123 3223 1.015510000 0.041211400 0.00000000000000000000 1.00000000000000000000 2 0 8 103 104 254 122 256 141 258 259 
124 3224 0.822246000 0.182500000 0.00000000000000000000 1.00000000000000000000 2 0 8 255 105 106 257 125 260 142 143 
125 3225 0.839161000 0.176403000 0.00000000000000000000 1.00000000000000000000 2 0 8 105 106 107 124 126 142 143 144 
126 3226 0.855535000 0.170088000 0.00000000000000000000 1.00000000000000000000 2 0 8 106 107 108 125 127 143 144 145 
127 3227 0.871346000 0.163565000 0.00000000000000000000 1.00000000000000000000 2 0 8 107 108 109 126 128 144 145 146 
128 3228 0.886568000 0.156848000 0.00000000000000000000 1.00000000000000000000 2 0 8 108 109 110 127 129 145 146 147 
129 3229 0.901181000 0.149949000 0.00000000000000000000 1.00000000000000000000 2 0 8 109 110 111 128 130 146 147 148 
130 3230 0.915164000 0.142880000 0.00000000000000000000 1.00000000000000000000 2 0 8 110 111 112 129 131 147 148 149 
131 3231 0.928496000 0.135655000 0.00000000000000000000 1.00000000000000000000 2 0 8 111 112 113 130 132 148 149 150 
132 3232 0.941158000 0.128285000 0.00000000000000000000 1.00000000000000000000 2 0 8 112 113 114 131 133 149 150 151 
133 3233 0.953133000 0.120784000 0.00000000000000000000 1.00000000000000000000 2 0 8 113 114 115 132 134 150 151 152 
134 3234 0.964405000 0.113163000 0.00000000000000000000 1.00000000000000000000 2 0 8 114 115 116 133 135 151 152 153 
135 3235 0.974958000 0.105435000 0.00000000000000000000 1.00000000000000000000 2 0 8 115 116 117 134 136 152 153 154 
136 3236 0.984778000 0.097612900 0.00000000000000000000 1.00000000000000000000 2 0 8 116 117 118 135 137 153 154 155 
137 3237 0.993852000 0.089707200 0.00000000000000000000 1.00000000000000000000 2 0 8 117 118 119 136 138 154 155 156 
138 3238 1.002170000 0.081729800 0.00000000000000000000 1.00000000000000000000 2 0 8 118 119 120 137 139 155 156 157 
139 3239 1.009720000 0.073691400 0.00000000000000000000 1.00000000000000000000 2 0 8 119 120 121 138 140 156 157 158 
140 3240 1.016500000 0.065602200 0.00000000000000000000 1.00000000000000000000 2 0 8 120 121 122 139 141 157 158 261 
141 3241 1.022490000 0.057471700 0.00000000000000000000 1.00000000000000000000 2 0 8 121 122 123 140 258 158 261 262 
142 3242 0.831156000 0.210393000 0.00000000000000000000 1.00000000000000000000 2 0 8 257 124 125 260 143 263 159 160 
143 3243 0.848519000 0.203509000 0.00000000000000000000 1.00000000000000000000 2 0 8 124 125 126 142 144 159 160 161 
144 3244 0.865326000 0.196363000 0.00000000000000000000 1.00000000000000000000 2 0 8 125 126 127 143 145 160 161 162 
145 3245 0.881553000 0.188969000 0.00000000000000000000 1.00000000000000000000 2 0 8 126 127 128 144 146 161 162 163 
146 3246 0.897176000 0.181340000 0.00000000000000000000 1.00000000000000000000 2 0 8 127 128 129 145 147 162 163 164 
147 3247 0.912172000 0.173491000 0.00000000000000000000 1.00000000000000000000 2 0 8 128 129 130 146 148 163 164 165 
148 3248 0.926520000 0.165434000 0.00000000000000000000 1.00000000000000000000 2 0 8 129 130 131 147 149 164 165 166 
149 3249 0.940200000 0.157184000 0.00000000000000000000 1.00000000000000000000 2 0 8 130 131 132 148 150 165 166 167 
150 3250 0.953192000 0.148754000 0.00000000000000000000 1.00000000000000000000 2 0 8 131 132 133 149 151 166 167 168 
151 3251 0.965480000 0.140159000 0.00000000000000000000 1.00000000000000000000 2 0 8 132 133 134 150 152 167 168 169 
152 3252 0.977045000 0.131413000 0.00000000000000000000 1.00000000000000000000 2 0 8 133 134 135 151 153 168 169 170 
153 3253 0.987873000 0.122529000 0.00000000000000000000 1.00000000000000000000 2 0 8 134 135 136 152 154 169 170 171 
154 3254 0.997950000 0.113520000 0.00000000000000000000 1.00000000000000000000 2 0 8 135 136 137 153 155 170 171 172 
155 3255 1.007260000 0.104400000 0.00000000000000000000 1.00000000000000000000 2 0 8 136 137 138 154 156 171 172 173 
156 3256 1.015800000 0.095182600 0.00000000000000000000 1.00000000000000000000 2 0 8 137 138 139 155 157 172 173 174 
157 3257 1.023550000 0.085878900 0.00000000000000000000 1.00000000000000000000 2 0 8 138 139 140 156 158 173 174 175 
158 3258 1.030500000 0.076501200 0.00000000000000000000 1.00000000000000000000 2 0 8 139 140 141 157 261 174 175 264 
159 3259 0.841330000 0.239071000 0.00000000000000000000 1.00000000000000000000 2 0 8 260 142 143 263 160 265 266 176 
160 3260 0.859213000 0.231374000 0.00000000000000000000 1.00000000000000000000 2 0 8 142 143 144 159 161 266 176 177 
161 3261 0.876522000 0.223372000 0.00000000000000000000 1.00000000000000000000 2 0 8 143 144 145 160 162 176 177 178 
162 3262 0.893232000 0.215078000 0.00000000000000000000 1.00000000000000000000 2 0 8 144 145 146 161 163 177 178 179 
163 3263 0.909320000 0.206509000 0.00000000000000000000 1.00000000000000000000 2 0 8 145 146 147 162 164 178 179 180 
164 3264 0.924762000 0.197679000 0.00000000000000000000 1.00000000000000000000 2 0 8 146 147 148 163 165 179 180 181 
165 3265 0.939536000 0.188602000 0.00000000000000000000 1.00000000000000000000 2 0 8 147 148 149 164 166 180 181 182 
166 3266 0.953622000 0.179295000 0.00000000000000000000 1.00000000000000000000 2 0 8 148 149 150 165 167 181 182 183 
167 3267 0.967001000 0.169773000 0.00000000000000000000 1.00000000000000000000 2 0 8 149 150 151 166 168 182 183 184 
168 3268 0.979653000 0.160051000 0.00000000000000000000 1.00000000000000000000 2 0 8 150 151 152 167 169 183 184 185 
169 3269 0.991563000 0.150145000 0.00000000000000000000 1.00000000000000000000 2 0 8 151 152 153 168 170 184 185 186 
170 3270 1.002710000 0.140069000 0.00000000000000000000 1.00000000000000000000 2 0 8 152 153 154 169 171 185 186 187 
171 3271 1.013090000 0.129839000 0.00000000000000000000 1.00000000000000000000 2 0 8 153 154 155 170 172 186 187 188 
172 3272 1.022680000 0.119470000 0.00000000000000000000 1.00000000000000000000 2 0 8 154 155 156 171 173 187 188 189 
173 3273 1.031470000 0.108976000 0.00000000000000000000 1.00000000000000000000 2 0 8 155 156 157 172 174 188 189 190 
174 3274 1.039460000 0.098370700 0.00000000000000000000 1.00000000000000000000 2 0 8 156 157 158 173 175 189 190 191 
175 3275 1.046630000 0.087668500 0.00000000000000000000 1.00000000000000000000 2 0 8 157 158 261 174 264 190 191 267 
176 3276 0.871280000 0.260105000 0.00000000000000000000 1.00000000000000000000 2 0 8 159 160 161 266 177 268 269 192 
177 3277 0.889161000 0.251216000 0.00000000000000000000 1.00000000000000000000 2 0 8 160 161 162 176 178 269 192 193 
178 3278 0.906423000 0.241992000 0.00000000000000000000 1.00000000000000000000 2 0 8 161 162 163 177 179 192 193 194 
179 3279 0.923042000 0.232449000 0.00000000000000000000 1.00000000000000000000 2 0 8 162 163 164 178 180 193 194 195 
180 3280 0.938994000 0.222604000 0.00000000000000000000 1.00000000000000000000 2 0 8 163 164 165 179 181 194 195 196 
181 3281 0.954256000 0.212474000 0.00000000000000000000 1.00000000000000000000 2 0 8 164 165 166 180 182 195 196 197 
182 3282 0.968807000 0.202074000 0.00000000000000000000 1.00000000000000000000 2 0 8 165 166 167 181 183 196 197 198 
183 3283 0.982628000 0.191423000 0.00000000000000000000 1.00000000000000000000 2 0 8 166 167 168 182 184 197 198 199 
184 3284 0.995700000 0.180536000 0.00000000000000000000 1.00000000000000000000 2 0 8 167 168 169 183 185 198 199 200 
185 3285 1.008000000 0.169431000 0.00000000000000000000 1.00000000000000000000 2 0 8 168 169 170 184 186 199 200 201 
186 3286 1.019530000 0.158125000 0.00000000000000000000 1.00000000000000000000 2 0 8 169 170 171 185 187 200 201 202 
187 3287 1.030250000 0.146634000 0.00000000000000000000 1.00000000000000000000 2 0 8 170 171 172 186 188 201 202 203 
188 3288 1.040160000 0.134975000 0.00000000000000000000 1.00000000000000000000 2 0 8 171 172 173 187 189 202 203 204 
189 3289 1.049250000 0.123164000 0.00000000000000000000 1.00000000000000000000 2 0 8 172 173 174 188 190 203 204 205 
190 3290 1.057500000 0.111217000 0.00000000000000000000 1.00000000000000000000 2 0 8 173 174 175 189 191 204 205 206 
191 3291 1.064910000 0.099149800 0.00000000000000000000 1.00000000000000000000 2 0 8 174 175 264 190 267 205 206 270 
192 3292 0.903288000 0.280000000 0.00000000000000000000 1.00000000000000000000 2 0 8 176 177 178 269 193 271 207 208 
193 3293 0.921172000 0.269811000 0.00000000000000000000 1.00000000000000000000 2 0 8 177 178 179 192 194 207 208 209 
194 3294 0.938390000 0.259259000 0.00000000000000000000 1.00000000000000000000 2 0 8 178 179 180 193 195 208 209 210 
195 3295 0.954917000 0.248362000 0.00000000000000000000 1.00000000000000000000 2 0 8 179 180 181 194 196 209 210 211 
196 3296 0.970730000 0.237139000 0.00000000000000000000 1.00000000000000000000 2 0 8 180 181 182 195 197 210 211 212 
197 3297 0.985807000 0.225608000 0.00000000000000000000 1.00000000000000000000 2 0 8 181 182 183 196 198 211 212 213 
198 3298 1.000130000 0.213786000 0.00000000000000000000 1.00000000000000000000 2 0 8 182 183 184 197 199 212 213 214 
199 3299 1.013670000 0.201693000 0.00000000000000000000 1.00000000000000000000 2 0 8 183 184 185 198 200 213 214 215 
200 3300 1.026420000 0.189347000 0.00000000000000000000 1.00000000000000000000 2 0 8 184 185 186 199 201 214 215 216 
201 3301 1.038360000 0.176767000 0.00000000000000000000 1.00000000000000000000 2 0 8 185 186 187 200 202 215 216 217 
202 3302 1.049480000 0.163970000 0.00000000000000000000 1.00000000000000000000 2 0 8 186 187 188 201 203 216 217 218 
203 3303 1.059750000 0.150977000 0.00000000000000000000 1.00000000000000000000 2 0 8 187 188 189 202 204 217 218 219 
204 3304 1.069170000 0.137804000 0.00000000000000000000 1.00000000000000000000 2 0 8 188 189 190 203 205 218 219 220 
205 3305 1.077730000 0.124470000 0.00000000000000000000 1.00000000000000000000 2 0 8 189 190 191 204 206 219 220 221 
206 3306 1.085410000 0.110992000 0.00000000000000000000 1.00000000000000000000 2 0 8 190 191 267 205 270 220 221 272 
207 3307 0.918953000 0.309834000 0.00000000000000000000 1.00000000000000000000 2 0 8 269 192 193 271 208 273 222 223 
208 3308 0.937532000 0.298641000 0.00000000000000000000 1.00000000000000000000 2 0 8 192 193 194 207 209 222 223 224 
209 3309 0.955418000 0.287040000 0.00000000000000000000 1.00000000000000000000 2 0 8 193 194 195 208 210 223 224 225 
210 3310 0.972587000 0.275051000 0.00000000000000000000 1.00000000000000000000 2 0 8 194 195 196 209 211 224 225 226 
211 3311 0.989015000 0.262692000 0.00000000000000000000 1.00000000000000000000 2 0 8 195 196 197 210 212 225 226 227 
212 3312 1.004680000 0.249985000 0.00000000000000000000 1.00000000000000000000 2 0 8 196 197 198 211 213 226 227 228 
213 3313 1.019560000 0.236948000 0.00000000000000000000 1.00000000000000000000 2 0 8 197 198 199 212 214 227 228 229 
214 3314 1.033630000 0.223602000 0.00000000000000000000 1.00000000000000000000 2 0 8 198 199 200 213 215 228 229 230 
215 3315 1.046880000 0.209968000 0.00000000000000000000 1.00000000000000000000 2 0 8 199 200 201 214 216 229 230 231 
216 3316 1.059290000 0.196065000 0.00000000000000000000 1.00000000000000000000 2 0 8 200 201 202 215 217 230 231 232 
217 3317 1.070840000 0.181915000 0.00000000000000000000 1.00000000000000000000 2 0 8 201 202 203 216 218 231 232 233 
218 3318 1.081520000 0.167538000 0.00000000000000000000 1.00000000000000000000 2 0 8 202 203 204 217 219 232 233 234 
219 3319 1.091310000 0.152953000 0.00000000000000000000 1.00000000000000000000 2 0 8 203 204 205 218 220 233 234 235 
220 3320 1.100210000 0.138181000 0.00000000000000000000 1.00000000000000000000 2 0 8 204 205 206 219 221 234 235 236 
221 3321 1.108190000 0.123241000 0.00000000000000000000 1.00000000000000000000 2 0 8 205 206 270 220 272 235 236 274 
222 3322 0.936213000 0.340831000 0.00000000000000000000 1.00000000000000000000 2 0 8 271 207 208 273 223 275 276 277 
223 3323 0.955559000 0.328592000 0.00000000000000000000 1.00000000000000000000 2 0 8 207 208 209 222 224 276 277 278 
224 3324 0.974186000 0.315899000 0.00000000000000000000 1.00000000000000000000 2 0 8 208 209 210 223 225 277 278 279 
225 3325 0.992066000 0.302771000 0.00000000000000000000 1.00000000000000000000 2 0 8 209 210 211 224 226 278 279 280 
226 3326 1.009180000 0.289230000 0.00000000000000000000 1.00000000000000000000 2 0 8 210 211 212 225 227 279 280 281 
227 3327 1.025490000 0.275298000 0.00000000000000000000 1.00000000000000000000 2 0 8 211 212 213 226 228 280 281 282 
228 3328 1.040990000 0.260997000 0.00000000000000000000 1.00000000000000000000 2 0 8 212 213 214 227 229 281 282 283 
229 3329 1.055650000 0.246348000 0.00000000000000000000 1.00000000000000000000 2 0 8 213 214 215 228 230 282 283 284 
230 3330 1.069450000 0.231373000 0.00000000000000000000 1.00000000000000000000 2 0 8 214 215 216 229 231 283 284 285 
231 3331 1.082380000 0.216096000 0.00000000000000000000 1.00000000000000000000 2 0 8 215 216 217 230 232 284 285 286 
232 3332 1.094410000 0.200538000 0.00000000000000000000 1.00000000000000000000 2 0 8 216 217 218 231 233 285 286 237 
233 3333 1.105540000 0.184722000 0.00000000000000000000 1.00000000000000000000 2 0 8 217 218 219 232 234 286 237 238 
234 3334 1.115750000 0.168670000 0.00000000000000000000 1.00000000000000000000 2 0 8 218 219 220 233 235 237 238 239 
235 3335 1.125020000 0.152404000 0.00000000000000000000 1.00000000000000000000 2 0 8 219 220 221 234 236 238 239 240 
236 3336 1.133340000 0.135947000 0.00000000000000000000 1.00000000000000000000 2 0 8 220 221 272 235 274 239 240 287 
237 3337 1.131900000 0.202596000 0.00000000000000000000 1.00000000000000000000 2 0 8 232 233 234 286 238 288 289 290 
238 3338 1.142560000 0.185016000 0.00000000000000000000 1.00000000000000000000 2 0 8 233 234 235 237 239 289 290 291 
239 3339 1.152240000 0.167196000 0.00000000000000000000 1.00000000000000000000 2 0 8 234 235 236 238 240 290 291 292 
240 3340 1.160940000 0.149159000 0.00000000000000000000 1.00000000000000000000 2 0 8 235 236 274 239 287 291 292 293 
241 2870 0.744311 0.0312245 1 1
242 4789 0.990393 0.00135487 1 1
243 4790 0.993844 0.00087 1 1
244 2879 0.745968 0.0583781 2 0
245 4804 0.995372 0.00619191 2 0
246 2888 0.74856 0.0857391 2 0
247 4818 0.999128 0.0114902 2 0
248 2897 0.752096 0.113412 2 0
249 2898 0.769438 0.109892 2 0
250 4832 1.00164 0.0210545 2 0
251 4833 1.00506 0.0167843 2 0
252 2908 0.774206 0.137381 2 0
253 2909 0.791385 0.133095 2 0
254 4847 1.00967 0.0276629 2 0
255 2920 0.797532 0.160432 2 0
256 4862 1.01982 0.034341 2 0
257 2931 0.804816 0.188366 2 0
258 4877 1.02769 0.0493086 2 0
259 4878 1.0321 0.0411204 2 0
260 2942 0.813261 0.217002 2 0
261 4893 1.03666 0.0670606 2 0
262 4894 1.042 0.0575676 2 0
263 2953 0.8229 0.246449 2 0
264 4910 1.05297 0.0768822 2 0
265 2964 0.833765 0.276817 2 0
266 2965 0.852805 0.268644 2 0
267 4927 1.07146 0.0869773 2 0
268 2977 0.865623 0.299222 2 0
269 2978 0.884763 0.28981 2 0
270 4944 1.09221 0.0973872 2 0
271 2992 0.89971 0.320601 2 0
272 4961 1.11526 0.108154 2 0
273 3006 0.916175 0.352594 2 0
274 4978 1.14071 0.11932 2 0
275 3019 0.934217 0.38591 2 0
276 3341 0.95513 0.373106 2 0
277 3342 0.97532 0.359776 2 0
278 3343 0.994761 0.345942 2 0
279 3344 1.01342 0.331627 2 0
280 3345 1.03128 0.316854 2 0
281 3346 1.04831 0.301645 2 0
282 3347 1.06449 0.286025 2 0
283 3348 1.0798 0.270017 2 0
284 3349 1.09421 0.253645 2 0
285 3350 1.10771 0.236935 2 0
286 3351 1.12028 0.219911 2 0
287 4991 1.16863 0.13093 2 0
288 3363 1.14852 0.240107 2 0
289 3364 1.16068 0.221229 2 0
290 3365 1.17184 0.202055 2 0
291 3366 1.18197 0.182612 2 0
292 3367 1.19107 0.162928 2 0
293 3368 1.19913 0.143029 2 0
