327 245 82
1 5504 1.106160000 -0.294714000 0.00000000000000000000 1.00000000000000000000 2 0 8 246 247 248 254 2 6 7 8 
2 5505 1.090140000 -0.312141000 0.00000000000000000000 1.00000000000000000000 2 0 8 247 248 249 1 3 7 8 9 
3 5506 1.073220000 -0.329138000 0.00000000000000000000 1.00000000000000000000 2 0 8 248 249 250 2 4 8 9 10 
4 5507 1.055400000 -0.345681000 0.00000000000000000000 1.00000000000000000000 2 0 8 249 250 251 3 5 9 10 11 
5 5508 1.036720000 -0.361742000 0.00000000000000000000 1.00000000000000000000 2 0 8 250 251 252 4 255 10 11 12 
6 5509 1.150640000 -0.301151000 0.00000000000000000000 1.00000000000000000000 2 0 8 253 254 1 258 7 13 14 15 
7 5510 1.134840000 -0.320506000 0.00000000000000000000 1.00000000000000000000 2 0 8 254 1 2 6 8 14 15 16 
8 5511 1.118050000 -0.339417000 0.00000000000000000000 1.00000000000000000000 2 0 8 1 2 3 7 9 15 16 17 
9 5512 1.100320000 -0.357856000 0.00000000000000000000 1.00000000000000000000 2 0 8 2 3 4 8 10 16 17 18 
10 5513 1.081650000 -0.375795000 0.00000000000000000000 1.00000000000000000000 2 0 8 3 4 5 9 11 17 18 19 
11 5514 1.062070000 -0.393205000 0.00000000000000000000 1.00000000000000000000 2 0 8 4 5 255 10 12 18 19 20 
12 5515 1.041620000 -0.410060000 0.00000000000000000000 1.00000000000000000000 2 0 8 5 255 256 11 259 19 20 21 
13 5516 1.198080000 -0.305139000 0.00000000000000000000 1.00000000000000000000 2 0 8 257 258 6 261 14 264 22 23 
14 5517 1.182530000 -0.326549000 0.00000000000000000000 1.00000000000000000000 2 0 8 258 6 7 13 15 22 23 24 
15 5518 1.165940000 -0.347503000 0.00000000000000000000 1.00000000000000000000 2 0 8 6 7 8 14 16 23 24 25 
16 5519 1.148320000 -0.367970000 0.00000000000000000000 1.00000000000000000000 2 0 8 7 8 9 15 17 24 25 26 
17 5520 1.129700000 -0.387920000 0.00000000000000000000 1.00000000000000000000 2 0 8 8 9 10 16 18 25 26 27 
18 5521 1.110100000 -0.407322000 0.00000000000000000000 1.00000000000000000000 2 0 8 9 10 11 17 19 26 27 28 
19 5522 1.089550000 -0.426146000 0.00000000000000000000 1.00000000000000000000 2 0 8 10 11 12 18 20 27 28 29 
20 5523 1.068090000 -0.444363000 0.00000000000000000000 1.00000000000000000000 2 0 8 11 12 259 19 21 28 29 30 
21 5524 1.045730000 -0.461944000 0.00000000000000000000 1.00000000000000000000 2 0 8 12 259 260 20 262 29 30 31 
22 5525 1.233360000 -0.330046000 0.00000000000000000000 1.00000000000000000000 2 0 8 261 13 14 264 23 267 32 33 
23 5526 1.217020000 -0.353175000 0.00000000000000000000 1.00000000000000000000 2 0 8 13 14 15 22 24 32 33 34 
24 5527 1.199570000 -0.375806000 0.00000000000000000000 1.00000000000000000000 2 0 8 14 15 16 23 25 33 34 35 
25 5528 1.181040000 -0.397906000 0.00000000000000000000 1.00000000000000000000 2 0 8 15 16 17 24 26 34 35 36 
26 5529 1.161470000 -0.419442000 0.00000000000000000000 1.00000000000000000000 2 0 8 16 17 18 25 27 35 36 37 
27 5530 1.140860000 -0.440379000 0.00000000000000000000 1.00000000000000000000 2 0 8 17 18 19 26 28 36 37 38 
28 5531 1.119270000 -0.460688000 0.00000000000000000000 1.00000000000000000000 2 0 8 18 19 20 27 29 37 38 39 
29 5532 1.096700000 -0.480335000 0.00000000000000000000 1.00000000000000000000 2 0 8 19 20 21 28 30 38 39 40 
30 5533 1.073210000 -0.499290000 0.00000000000000000000 1.00000000000000000000 2 0 8 20 21 262 29 31 39 40 41 
31 5534 1.048810000 -0.517524000 0.00000000000000000000 1.00000000000000000000 2 0 8 21 262 263 30 265 40 41 42 
32 5535 1.271430000 -0.356195000 0.00000000000000000000 1.00000000000000000000 2 0 8 264 22 23 267 33 270 43 44 
33 5536 1.254220000 -0.381130000 0.00000000000000000000 1.00000000000000000000 2 0 8 22 23 24 32 34 43 44 45 
34 5537 1.235850000 -0.405524000 0.00000000000000000000 1.00000000000000000000 2 0 8 23 24 25 33 35 44 45 46 
35 5538 1.216350000 -0.429339000 0.00000000000000000000 1.00000000000000000000 2 0 8 24 25 26 34 36 45 46 47 
36 5539 1.195740000 -0.452541000 0.00000000000000000000 1.00000000000000000000 2 0 8 25 26 27 35 37 46 47 48 
37 5540 1.174050000 -0.475093000 0.00000000000000000000 1.00000000000000000000 2 0 8 26 27 28 36 38 47 48 49 
38 5541 1.151320000 -0.496961000 0.00000000000000000000 1.00000000000000000000 2 0 8 27 28 29 37 39 48 49 50 
39 5542 1.127570000 -0.518112000 0.00000000000000000000 1.00000000000000000000 2 0 8 28 29 30 38 40 49 50 51 
40 5543 1.102840000 -0.538512000 0.00000000000000000000 1.00000000000000000000 2 0 8 29 30 31 39 41 50 51 52 
41 5544 1.077170000 -0.558128000 0.00000000000000000000 1.00000000000000000000 2 0 8 30 31 265 40 42 51 52 53 
42 5545 1.050580000 -0.576931000 0.00000000000000000000 1.00000000000000000000 2 0 8 31 265 266 41 268 52 53 54 
43 5546 1.312430000 -0.383683000 0.00000000000000000000 1.00000000000000000000 2 0 8 267 32 33 270 44 273 55 56 
44 5547 1.294280000 -0.410519000 0.00000000000000000000 1.00000000000000000000 2 0 8 32 33 34 43 45 55 56 57 
45 5548 1.274920000 -0.436766000 0.00000000000000000000 1.00000000000000000000 2 0 8 33 34 35 44 46 56 57 58 
46 5549 1.254360000 -0.462387000 0.00000000000000000000 1.00000000000000000000 2 0 8 34 35 36 45 47 57 58 59 
47 5550 1.232640000 -0.487341000 0.00000000000000000000 1.00000000000000000000 2 0 8 35 36 37 46 48 58 59 60 
48 5551 1.209790000 -0.511592000 0.00000000000000000000 1.00000000000000000000 2 0 8 36 37 38 47 49 59 60 61 
49 5552 1.185830000 -0.535102000 0.00000000000000000000 1.00000000000000000000 2 0 8 37 38 39 48 50 60 61 62 
50 5553 1.160810000 -0.557835000 0.00000000000000000000 1.00000000000000000000 2 0 8 38 39 40 49 51 61 62 63 
51 5554 1.134750000 -0.579755000 0.00000000000000000000 1.00000000000000000000 2 0 8 39 40 41 50 52 62 63 64 
52 5555 1.107700000 -0.600828000 0.00000000000000000000 1.00000000000000000000 2 0 8 40 41 42 51 53 63 64 65 
53 5556 1.079690000 -0.621020000 0.00000000000000000000 1.00000000000000000000 2 0 8 41 42 268 52 54 64 65 66 
54 5557 1.050770000 -0.640300000 0.00000000000000000000 1.00000000000000000000 2 0 8 42 268 269 53 271 65 66 67 
55 5558 1.356500000 -0.412616000 0.00000000000000000000 1.00000000000000000000 2 0 8 270 43 44 273 56 276 68 69 
56 5559 1.337350000 -0.441452000 0.00000000000000000000 1.00000000000000000000 2 0 8 43 44 45 55 57 68 69 70 
57 5560 1.316920000 -0.469652000 0.00000000000000000000 1.00000000000000000000 2 0 8 44 45 46 56 58 69 70 71 
58 5561 1.295230000 -0.497173000 0.00000000000000000000 1.00000000000000000000 2 0 8 45 46 47 57 59 70 71 72 
59 5562 1.272310000 -0.523974000 0.00000000000000000000 1.00000000000000000000 2 0 8 46 47 48 58 60 71 72 73 
60 5563 1.248200000 -0.550014000 0.00000000000000000000 1.00000000000000000000 2 0 8 47 48 49 59 61 72 73 74 
61 5564 1.222930000 -0.575253000 0.00000000000000000000 1.00000000000000000000 2 0 8 48 49 50 60 62 73 74 75 
62 5565 1.196540000 -0.599653000 0.00000000000000000000 1.00000000000000000000 2 0 8 49 50 51 61 63 74 75 76 
63 5566 1.169050000 -0.623175000 0.00000000000000000000 1.00000000000000000000 2 0 8 50 51 52 62 64 75 76 77 
64 5567 1.140520000 -0.645782000 0.00000000000000000000 1.00000000000000000000 2 0 8 51 52 53 63 65 76 77 78 
65 5568 1.110980000 -0.667439000 0.00000000000000000000 1.00000000000000000000 2 0 8 52 53 54 64 66 77 78 79 
66 5569 1.080470000 -0.688111000 0.00000000000000000000 1.00000000000000000000 2 0 8 53 54 271 65 67 78 79 80 
67 5570 1.049050000 -0.707764000 0.00000000000000000000 1.00000000000000000000 2 0 8 54 271 272 66 274 79 80 81 
68 5571 1.403800000 -0.443101000 0.00000000000000000000 1.00000000000000000000 2 0 8 273 55 56 276 69 280 82 83 
69 5572 1.383580000 -0.474046000 0.00000000000000000000 1.00000000000000000000 2 0 8 55 56 57 68 70 82 83 84 
70 5573 1.362000000 -0.504303000 0.00000000000000000000 1.00000000000000000000 2 0 8 56 57 58 69 71 83 84 85 
71 5574 1.339100000 -0.533828000 0.00000000000000000000 1.00000000000000000000 2 0 8 57 58 59 70 72 84 85 86 
72 5575 1.314900000 -0.562576000 0.00000000000000000000 1.00000000000000000000 2 0 8 58 59 60 71 73 85 86 87 
73 5576 1.289440000 -0.590502000 0.00000000000000000000 1.00000000000000000000 2 0 8 59 60 61 72 74 86 87 88 
74 5577 1.262750000 -0.617565000 0.00000000000000000000 1.00000000000000000000 2 0 8 60 61 62 73 75 87 88 89 
75 5578 1.234880000 -0.643722000 0.00000000000000000000 1.00000000000000000000 2 0 8 61 62 63 74 76 88 89 90 
76 5579 1.205870000 -0.668933000 0.00000000000000000000 1.00000000000000000000 2 0 8 62 63 64 75 77 89 90 91 
77 5580 1.175740000 -0.693158000 0.00000000000000000000 1.00000000000000000000 2 0 8 63 64 65 76 78 90 91 92 
78 5581 1.144560000 -0.716360000 0.00000000000000000000 1.00000000000000000000 2 0 8 64 65 66 77 79 91 92 93 
79 5582 1.112360000 -0.738501000 0.00000000000000000000 1.00000000000000000000 2 0 8 65 66 67 78 80 92 93 94 
80 5583 1.079190000 -0.759545000 0.00000000000000000000 1.00000000000000000000 2 0 8 66 67 274 79 81 93 94 95 
81 5584 1.045100000 -0.779459000 0.00000000000000000000 1.00000000000000000000 2 0 8 67 274 275 80 277 94 95 96 
82 5585 1.454520000 -0.475252000 0.00000000000000000000 1.00000000000000000000 2 0 8 276 68 69 280 83 97 98 99 
83 5586 1.433150000 -0.508422000 0.00000000000000000000 1.00000000000000000000 2 0 8 68 69 70 82 84 98 99 100 
84 5587 1.410340000 -0.540851000 0.00000000000000000000 1.00000000000000000000 2 0 8 69 70 71 83 85 99 100 101 
85 5588 1.386130000 -0.572490000 0.00000000000000000000 1.00000000000000000000 2 0 8 70 71 72 84 86 100 101 102 
86 5589 1.360550000 -0.603292000 0.00000000000000000000 1.00000000000000000000 2 0 8 71 72 73 85 87 101 102 103 
87 5590 1.333640000 -0.633209000 0.00000000000000000000 1.00000000000000000000 2 0 8 72 73 74 86 88 102 103 104 
88 5591 1.305440000 -0.662196000 0.00000000000000000000 1.00000000000000000000 2 0 8 73 74 75 87 89 103 104 105 
89 5592 1.275990000 -0.690208000 0.00000000000000000000 1.00000000000000000000 2 0 8 74 75 76 88 90 104 105 106 
90 5593 1.245330000 -0.717202000 0.00000000000000000000 1.00000000000000000000 2 0 8 75 76 77 89 91 105 106 107 
91 5594 1.213500000 -0.743135000 0.00000000000000000000 1.00000000000000000000 2 0 8 76 77 78 90 92 106 107 108 
92 5595 1.180560000 -0.767967000 0.00000000000000000000 1.00000000000000000000 2 0 8 77 78 79 91 93 107 108 109 
93 5596 1.146540000 -0.791658000 0.00000000000000000000 1.00000000000000000000 2 0 8 78 79 80 92 94 108 109 110 
94 5597 1.111490000 -0.814170000 0.00000000000000000000 1.00000000000000000000 2 0 8 79 80 81 93 95 109 110 111 
95 5598 1.075480000 -0.835468000 0.00000000000000000000 1.00000000000000000000 2 0 8 80 81 277 94 96 110 111 112 
96 5599 1.038550000 -0.855516000 0.00000000000000000000 1.00000000000000000000 2 0 8 81 277 278 95 281 111 112 113 
97 5600 1.529910000 -0.472927000 0.00000000000000000000 1.00000000000000000000 2 0 8 279 280 82 283 98 286 114 115 
98 5601 1.508840000 -0.509191000 0.00000000000000000000 1.00000000000000000000 2 0 8 280 82 83 97 99 114 115 116 
99 5602 1.486230000 -0.544710000 0.00000000000000000000 1.00000000000000000000 2 0 8 82 83 84 98 100 115 116 117 
100 5603 1.462100000 -0.579432000 0.00000000000000000000 1.00000000000000000000 2 0 8 83 84 85 99 101 116 117 118 
101 5604 1.436490000 -0.613303000 0.00000000000000000000 1.00000000000000000000 2 0 8 84 85 86 100 102 117 118 119 
102 5605 1.409440000 -0.646274000 0.00000000000000000000 1.00000000000000000000 2 0 8 85 86 87 101 103 118 119 120 
103 5606 1.380980000 -0.678293000 0.00000000000000000000 1.00000000000000000000 2 0 8 86 87 88 102 104 119 120 121 
104 5607 1.351160000 -0.709313000 0.00000000000000000000 1.00000000000000000000 2 0 8 87 88 89 103 105 120 121 122 
105 5608 1.320010000 -0.739284000 0.00000000000000000000 1.00000000000000000000 2 0 8 88 89 90 104 106 121 122 123 
106 5609 1.287590000 -0.768160000 0.00000000000000000000 1.00000000000000000000 2 0 8 89 90 91 105 107 122 123 124 
107 5610 1.253940000 -0.795897000 0.00000000000000000000 1.00000000000000000000 2 0 8 90 91 92 106 108 123 124 125 
108 5611 1.219100000 -0.822452000 0.00000000000000000000 1.00000000000000000000 2 0 8 91 92 93 107 109 124 125 126 
109 5612 1.183140000 -0.847781000 0.00000000000000000000 1.00000000000000000000 2 0 8 92 93 94 108 110 125 126 127 
110 5613 1.146090000 -0.871844000 0.00000000000000000000 1.00000000000000000000 2 0 8 93 94 95 109 111 126 127 128 
111 5614 1.108020000 -0.894604000 0.00000000000000000000 1.00000000000000000000 2 0 8 94 95 96 110 112 127 128 129 
112 5615 1.068980000 -0.916022000 0.00000000000000000000 1.00000000000000000000 2 0 8 95 96 281 111 113 128 129 130 
113 5616 1.029030000 -0.936065000 0.00000000000000000000 1.00000000000000000000 2 0 8 96 281 282 112 284 129 130 131 
114 5617 1.589260000 -0.506242000 0.00000000000000000000 1.00000000000000000000 2 0 8 283 97 98 286 115 289 132 133 
115 5618 1.566960000 -0.545044000 0.00000000000000000000 1.00000000000000000000 2 0 8 97 98 99 114 116 132 133 134 
116 5619 1.543020000 -0.583045000 0.00000000000000000000 1.00000000000000000000 2 0 8 98 99 100 115 117 133 134 135 
117 5620 1.517480000 -0.620190000 0.00000000000000000000 1.00000000000000000000 2 0 8 99 100 101 116 118 134 135 136 
118 5621 1.490380000 -0.656421000 0.00000000000000000000 1.00000000000000000000 2 0 8 100 101 102 117 119 135 136 137 
119 5622 1.461750000 -0.691683000 0.00000000000000000000 1.00000000000000000000 2 0 8 101 102 103 118 120 136 137 138 
120 5623 1.431630000 -0.725924000 0.00000000000000000000 1.00000000000000000000 2 0 8 102 103 104 119 121 137 138 139 
121 5624 1.400070000 -0.759091000 0.00000000000000000000 1.00000000000000000000 2 0 8 103 104 105 120 122 138 139 140 
122 5625 1.367120000 -0.791133000 0.00000000000000000000 1.00000000000000000000 2 0 8 104 105 106 121 123 139 140 141 
123 5626 1.332810000 -0.822000000 0.00000000000000000000 1.00000000000000000000 2 0 8 105 106 107 122 124 140 141 142 
124 5627 1.297200000 -0.851644000 0.00000000000000000000 1.00000000000000000000 2 0 8 106 107 108 123 125 141 142 143 
125 5628 1.260340000 -0.880018000 0.00000000000000000000 1.00000000000000000000 2 0 8 107 108 109 124 126 142 143 144 
126 5629 1.222290000 -0.907078000 0.00000000000000000000 1.00000000000000000000 2 0 8 108 109 110 125 127 143 144 145 
127 5630 1.183100000 -0.932782000 0.00000000000000000000 1.00000000000000000000 2 0 8 109 110 111 126 128 144 145 146 
128 5631 1.142830000 -0.957087000 0.00000000000000000000 1.00000000000000000000 2 0 8 110 111 112 127 129 145 146 147 
129 5632 1.101540000 -0.979954000 0.00000000000000000000 1.00000000000000000000 2 0 8 111 112 113 128 130 146 147 148 
130 5633 1.059280000 -1.001350000 0.00000000000000000000 1.00000000000000000000 2 0 8 112 113 284 129 131 147 148 149 
131 5634 1.016120000 -1.021230000 0.00000000000000000000 1.00000000000000000000 2 0 8 113 284 285 130 287 148 149 150 
132 5635 1.652710000 -0.541460000 0.00000000000000000000 1.00000000000000000000 2 0 8 286 114 115 289 133 291 151 152 
133 5636 1.629090000 -0.582945000 0.00000000000000000000 1.00000000000000000000 2 0 8 114 115 116 132 134 151 152 153 
134 5637 1.603740000 -0.623571000 0.00000000000000000000 1.00000000000000000000 2 0 8 115 116 117 133 135 152 153 154 
135 5638 1.576690000 -0.663277000 0.00000000000000000000 1.00000000000000000000 2 0 8 116 117 118 134 136 153 154 155 
136 5639 1.547990000 -0.702003000 0.00000000000000000000 1.00000000000000000000 2 0 8 117 118 119 135 137 154 155 156 
137 5640 1.517670000 -0.739689000 0.00000000000000000000 1.00000000000000000000 2 0 8 118 119 120 136 138 155 156 157 
138 5641 1.485780000 -0.776280000 0.00000000000000000000 1.00000000000000000000 2 0 8 119 120 121 137 139 156 157 158 
139 5642 1.452370000 -0.811718000 0.00000000000000000000 1.00000000000000000000 2 0 8 120 121 122 138 140 157 158 159 
140 5643 1.417470000 -0.845949000 0.00000000000000000000 1.00000000000000000000 2 0 8 121 122 123 139 141 158 159 160 
141 5644 1.381150000 -0.878921000 0.00000000000000000000 1.00000000000000000000 2 0 8 122 123 124 140 142 159 160 161 
142 5645 1.343450000 -0.910581000 0.00000000000000000000 1.00000000000000000000 2 0 8 123 124 125 141 143 160 161 162 
143 5646 1.304430000 -0.940881000 0.00000000000000000000 1.00000000000000000000 2 0 8 124 125 126 142 144 161 162 163 
144 5647 1.264150000 -0.969773000 0.00000000000000000000 1.00000000000000000000 2 0 8 125 126 127 143 145 162 163 164 
145 5648 1.222670000 -0.997210000 0.00000000000000000000 1.00000000000000000000 2 0 8 126 127 128 144 146 163 164 165 
146 5649 1.180040000 -1.023150000 0.00000000000000000000 1.00000000000000000000 2 0 8 127 128 129 145 147 164 165 166 
147 5650 1.136340000 -1.047550000 0.00000000000000000000 1.00000000000000000000 2 0 8 128 129 130 146 148 165 166 167 
148 5651 1.091610000 -1.070370000 0.00000000000000000000 1.00000000000000000000 2 0 8 129 130 131 147 149 166 167 168 
149 5652 1.045940000 -1.091580000 0.00000000000000000000 1.00000000000000000000 2 0 8 130 131 287 148 150 167 168 169 
150 5653 0.999394000 -1.111130000 0.00000000000000000000 1.00000000000000000000 2 0 8 131 287 288 149 290 168 169 292 
151 5654 1.720500000 -0.578713000 0.00000000000000000000 1.00000000000000000000 2 0 8 289 132 133 291 152 293 170 171 
152 5655 1.695470000 -0.623037000 0.00000000000000000000 1.00000000000000000000 2 0 8 132 133 134 151 153 170 171 172 
153 5656 1.668610000 -0.666439000 0.00000000000000000000 1.00000000000000000000 2 0 8 133 134 135 152 154 171 172 173 
154 5657 1.639950000 -0.708855000 0.00000000000000000000 1.00000000000000000000 2 0 8 134 135 136 153 155 172 173 174 
155 5658 1.609540000 -0.750220000 0.00000000000000000000 1.00000000000000000000 2 0 8 135 136 137 154 156 173 174 175 
156 5659 1.577420000 -0.790471000 0.00000000000000000000 1.00000000000000000000 2 0 8 136 137 138 155 157 174 175 176 
157 5660 1.543630000 -0.829548000 0.00000000000000000000 1.00000000000000000000 2 0 8 137 138 139 156 158 175 176 177 
158 5661 1.508230000 -0.867389000 0.00000000000000000000 1.00000000000000000000 2 0 8 138 139 140 157 159 176 177 178 
159 5662 1.471260000 -0.903937000 0.00000000000000000000 1.00000000000000000000 2 0 8 139 140 141 158 160 177 178 179 
160 5663 1.432790000 -0.939136000 0.00000000000000000000 1.00000000000000000000 2 0 8 140 141 142 159 161 178 179 180 
161 5664 1.392860000 -0.972930000 0.00000000000000000000 1.00000000000000000000 2 0 8 141 142 143 160 162 179 180 181 
162 5665 1.351530000 -1.005270000 0.00000000000000000000 1.00000000000000000000 2 0 8 142 143 144 161 163 180 181 182 
163 5666 1.308870000 -1.036100000 0.00000000000000000000 1.00000000000000000000 2 0 8 143 144 145 162 164 181 182 183 
164 5667 1.264930000 -1.065370000 0.00000000000000000000 1.00000000000000000000 2 0 8 144 145 146 163 165 182 183 184 
165 5668 1.219790000 -1.093040000 0.00000000000000000000 1.00000000000000000000 2 0 8 145 146 147 164 166 183 184 185 
166 5669 1.173510000 -1.119060000 0.00000000000000000000 1.00000000000000000000 2 0 8 146 147 148 165 167 184 185 186 
167 5670 1.126150000 -1.143390000 0.00000000000000000000 1.00000000000000000000 2 0 8 147 148 149 166 168 185 186 187 
168 5671 1.077800000 -1.166000000 0.00000000000000000000 1.00000000000000000000 2 0 8 148 149 150 167 169 186 187 188 
169 5672 1.028510000 -1.186840000 0.00000000000000000000 1.00000000000000000000 2 0 8 149 150 290 168 292 187 188 294 
170 5673 1.792870000 -0.618139000 0.00000000000000000000 1.00000000000000000000 2 0 8 291 151 152 293 171 295 189 190 
171 5674 1.766340000 -0.665468000 0.00000000000000000000 1.00000000000000000000 2 0 8 151 152 153 170 172 189 190 191 
172 5675 1.737860000 -0.711810000 0.00000000000000000000 1.00000000000000000000 2 0 8 152 153 154 171 173 190 191 192 
173 5676 1.707490000 -0.757095000 0.00000000000000000000 1.00000000000000000000 2 0 8 153 154 155 172 174 191 192 193 
174 5677 1.675250000 -0.801253000 0.00000000000000000000 1.00000000000000000000 2 0 8 154 155 156 173 175 192 193 194 
175 5678 1.641200000 -0.844219000 0.00000000000000000000 1.00000000000000000000 2 0 8 155 156 157 174 176 193 194 195 
176 5679 1.605390000 -0.885927000 0.00000000000000000000 1.00000000000000000000 2 0 8 156 157 158 175 177 194 195 196 
177 5680 1.567870000 -0.926312000 0.00000000000000000000 1.00000000000000000000 2 0 8 157 158 159 176 178 195 196 197 
178 5681 1.528700000 -0.965313000 0.00000000000000000000 1.00000000000000000000 2 0 8 158 159 160 177 179 196 197 198 
179 5682 1.487920000 -1.002870000 0.00000000000000000000 1.00000000000000000000 2 0 8 159 160 161 178 180 197 198 199 
180 5683 1.445610000 -1.038920000 0.00000000000000000000 1.00000000000000000000 2 0 8 160 161 162 179 181 198 199 200 
181 5684 1.401810000 -1.073420000 0.00000000000000000000 1.00000000000000000000 2 0 8 161 162 163 180 182 199 200 201 
182 5685 1.356610000 -1.106300000 0.00000000000000000000 1.00000000000000000000 2 0 8 162 163 164 181 183 200 201 202 
183 5686 1.310060000 -1.137520000 0.00000000000000000000 1.00000000000000000000 2 0 8 163 164 165 182 184 201 202 203 
184 5687 1.262230000 -1.167020000 0.00000000000000000000 1.00000000000000000000 2 0 8 164 165 166 183 185 202 203 204 
185 5688 1.213200000 -1.194760000 0.00000000000000000000 1.00000000000000000000 2 0 8 165 166 167 184 186 203 204 205 
186 5689 1.163030000 -1.220690000 0.00000000000000000000 1.00000000000000000000 2 0 8 166 167 168 185 187 204 205 206 
187 5690 1.111800000 -1.244780000 0.00000000000000000000 1.00000000000000000000 2 0 8 167 168 169 186 188 205 206 296 
188 5691 1.059590000 -1.266970000 0.00000000000000000000 1.00000000000000000000 2 0 8 168 169 292 187 294 206 296 297 
189 5692 1.870100000 -0.659887000 0.00000000000000000000 1.00000000000000000000 2 0 8 293 170 171 295 190 298 299 207 
190 5693 1.841970000 -0.710398000 0.00000000000000000000 1.00000000000000000000 2 0 8 170 171 172 189 191 299 207 208 
191 5694 1.811770000 -0.759853000 0.00000000000000000000 1.00000000000000000000 2 0 8 171 172 173 190 192 207 208 209 
192 5695 1.779550000 -0.808175000 0.00000000000000000000 1.00000000000000000000 2 0 8 172 173 174 191 193 208 209 210 
193 5696 1.745370000 -0.855293000 0.00000000000000000000 1.00000000000000000000 2 0 8 173 174 175 192 194 209 210 211 
194 5697 1.709270000 -0.901134000 0.00000000000000000000 1.00000000000000000000 2 0 8 174 175 176 193 195 210 211 212 
195 5698 1.671300000 -0.945628000 0.00000000000000000000 1.00000000000000000000 2 0 8 175 176 177 194 196 211 212 213 
196 5699 1.631520000 -0.988708000 0.00000000000000000000 1.00000000000000000000 2 0 8 176 177 178 195 197 212 213 214 
197 5700 1.589980000 -1.030310000 0.00000000000000000000 1.00000000000000000000 2 0 8 177 178 179 196 198 213 214 215 
198 5701 1.546750000 -1.070360000 0.00000000000000000000 1.00000000000000000000 2 0 8 178 179 180 197 199 214 215 216 
199 5702 1.501890000 -1.108810000 0.00000000000000000000 1.00000000000000000000 2 0 8 179 180 181 198 200 215 216 217 
200 5703 1.455470000 -1.145590000 0.00000000000000000000 1.00000000000000000000 2 0 8 180 181 182 199 201 216 217 218 
201 5704 1.407550000 -1.180640000 0.00000000000000000000 1.00000000000000000000 2 0 8 181 182 183 200 202 217 218 219 
202 5705 1.358210000 -1.213920000 0.00000000000000000000 1.00000000000000000000 2 0 8 182 183 184 201 203 218 219 220 
203 5706 1.307510000 -1.245360000 0.00000000000000000000 1.00000000000000000000 2 0 8 183 184 185 202 204 219 220 221 
204 5707 1.255540000 -1.274920000 0.00000000000000000000 1.00000000000000000000 2 0 8 184 185 186 203 205 220 221 222 
205 5708 1.202370000 -1.302550000 0.00000000000000000000 1.00000000000000000000 2 0 8 185 186 187 204 206 221 222 300 
206 5709 1.148090000 -1.328200000 0.00000000000000000000 1.00000000000000000000 2 0 8 186 187 188 205 296 222 300 301 
207 5710 1.922630000 -0.757995000 0.00000000000000000000 1.00000000000000000000 2 0 8 189 190 191 299 208 302 303 223 
208 5711 1.890590000 -0.810747000 0.00000000000000000000 1.00000000000000000000 2 0 8 190 191 192 207 209 303 223 224 
209 5712 1.856420000 -0.862288000 0.00000000000000000000 1.00000000000000000000 2 0 8 191 192 193 208 210 223 224 225 
210 5713 1.820160000 -0.912540000 0.00000000000000000000 1.00000000000000000000 2 0 8 192 193 194 209 211 224 225 226 
211 5714 1.781870000 -0.961427000 0.00000000000000000000 1.00000000000000000000 2 0 8 193 194 195 210 212 225 226 227 
212 5715 1.741600000 -1.008870000 0.00000000000000000000 1.00000000000000000000 2 0 8 194 195 196 211 213 226 227 228 
213 5716 1.699400000 -1.054810000 0.00000000000000000000 1.00000000000000000000 2 0 8 195 196 197 212 214 227 228 229 
214 5717 1.655350000 -1.099160000 0.00000000000000000000 1.00000000000000000000 2 0 8 196 197 198 213 215 228 229 230 
215 5718 1.609500000 -1.141860000 0.00000000000000000000 1.00000000000000000000 2 0 8 197 198 199 214 216 229 230 231 
216 5719 1.561930000 -1.182840000 0.00000000000000000000 1.00000000000000000000 2 0 8 198 199 200 215 217 230 231 232 
217 5720 1.512700000 -1.222040000 0.00000000000000000000 1.00000000000000000000 2 0 8 199 200 201 216 218 231 232 233 
218 5721 1.461880000 -1.259400000 0.00000000000000000000 1.00000000000000000000 2 0 8 200 201 202 217 219 232 233 304 
219 5722 1.409560000 -1.294860000 0.00000000000000000000 1.00000000000000000000 2 0 8 201 202 203 218 220 233 304 305 
220 5723 1.355810000 -1.328350000 0.00000000000000000000 1.00000000000000000000 2 0 8 202 203 204 219 221 304 305 306 
221 5724 1.300710000 -1.359840000 0.00000000000000000000 1.00000000000000000000 2 0 8 203 204 205 220 222 305 306 307 
222 5725 1.244340000 -1.389270000 0.00000000000000000000 1.00000000000000000000 2 0 8 204 205 206 221 300 306 307 308 
223 5726 1.974640000 -0.864682000 0.00000000000000000000 1.00000000000000000000 2 0 8 207 208 209 303 224 309 310 234 
224 5727 1.938380000 -0.919634000 0.00000000000000000000 1.00000000000000000000 2 0 8 208 209 210 223 225 310 234 235 
225 5728 1.899900000 -0.973209000 0.00000000000000000000 1.00000000000000000000 2 0 8 209 210 211 224 226 234 235 236 
226 5729 1.859270000 -1.025320000 0.00000000000000000000 1.00000000000000000000 2 0 8 210 211 212 225 227 235 236 237 
227 5730 1.816540000 -1.075900000 0.00000000000000000000 1.00000000000000000000 2 0 8 211 212 213 226 228 236 237 238 
228 5731 1.771770000 -1.124860000 0.00000000000000000000 1.00000000000000000000 2 0 8 212 213 214 227 229 237 238 239 
229 5732 1.725040000 -1.172130000 0.00000000000000000000 1.00000000000000000000 2 0 8 213 214 215 228 230 238 239 311 
230 5733 1.676400000 -1.217640000 0.00000000000000000000 1.00000000000000000000 2 0 8 214 215 216 229 231 239 311 312 
231 5734 1.625930000 -1.261300000 0.00000000000000000000 1.00000000000000000000 2 0 8 215 216 217 230 232 311 312 313 
232 5735 1.573710000 -1.303070000 0.00000000000000000000 1.00000000000000000000 2 0 8 216 217 218 231 233 312 313 314 
233 5736 1.519810000 -1.342870000 0.00000000000000000000 1.00000000000000000000 2 0 8 217 218 219 232 304 313 314 315 
234 5737 2.025720000 -0.980429000 0.00000000000000000000 1.00000000000000000000 2 0 8 223 224 225 310 235 316 317 240 
235 5738 1.984890000 -1.037530000 0.00000000000000000000 1.00000000000000000000 2 0 8 224 225 226 234 236 317 240 241 
236 5739 1.941760000 -1.093060000 0.00000000000000000000 1.00000000000000000000 2 0 8 225 226 227 235 237 240 241 242 
237 5740 1.896410000 -1.146960000 0.00000000000000000000 1.00000000000000000000 2 0 8 226 227 228 236 238 241 242 243 
238 5741 1.848910000 -1.199130000 0.00000000000000000000 1.00000000000000000000 2 0 8 227 228 229 237 239 242 243 318 
239 5742 1.799310000 -1.249490000 0.00000000000000000000 1.00000000000000000000 2 0 8 228 229 230 238 311 243 318 319 
240 5743 2.075430000 -1.105730000 0.00000000000000000000 1.00000000000000000000 2 0 8 234 235 236 317 241 320 321 244 
241 5744 2.029650000 -1.164900000 0.00000000000000000000 1.00000000000000000000 2 0 8 235 236 237 240 242 321 244 245 
242 5745 1.981520000 -1.222310000 0.00000000000000000000 1.00000000000000000000 2 0 8 236 237 238 241 243 244 245 322 
243 5746 1.931090000 -1.277890000 0.00000000000000000000 1.00000000000000000000 2 0 8 237 238 239 242 318 245 322 323 
244 5747 2.123270000 -1.241100000 0.00000000000000000000 1.00000000000000000000 2 0 8 240 241 242 321 245 324 325 326 
245 5748 2.072160000 -1.302250000 0.00000000000000000000 1.00000000000000000000 2 0 8 241 242 243 244 322 325 326 327 
246 5494 1.0942 -0.253659 2 0
247 5495 1.07979 -0.27003 2 0
248 5496 1.06448 -0.286037 2 0
249 5497 1.0483 -0.301657 2 0
250 5498 1.03127 -0.316866 2 0
251 5499 1.01341 -0.331639 2 0
252 5803 0.994746 -0.345954 2 0
253 5501 1.13536 -0.258679 2 0
254 5502 1.12123 -0.276885 2 0
255 5819 1.0172 -0.377298 2 0
256 5820 0.996869 -0.392323 2 0
257 5040 1.17924 -0.261224 2 0
258 5503 1.16545 -0.28138 2 0
259 5836 1.02032 -0.426333 2 0
260 5837 0.998193 -0.441998 2 0
261 5053 1.21256 -0.283306 2 0
262 5853 1.02252 -0.478862 2 0
263 5854 0.998474 -0.495089 2 0
264 5068 1.24859 -0.306454 2 0
265 5870 1.02354 -0.535006 2 0
266 5871 0.997448 -0.551709 2 0
267 5084 1.28746 -0.330755 2 0
268 5887 1.02313 -0.594889 2 0
269 5888 0.994835 -0.611973 2 0
270 5101 1.32933 -0.3563 2 0
271 5904 1.02097 -0.658635 2 0
272 5905 0.990333 -0.675996 2 0
273 5118 1.37433 -0.383186 2 0
274 5921 1.01675 -0.726368 2 0
275 5922 0.983619 -0.74389 2 0
276 5135 1.42264 -0.411514 2 0
277 5937 1.01013 -0.79821 2 0
278 5938 0.974348 -0.815767 2 0
279 5151 1.49286 -0.406888 2 0
280 5152 1.47444 -0.441391 2 0
281 5951 1.00076 -0.874281 2 0
282 5952 0.962151 -0.891733 2 0
283 5168 1.5494 -0.435973 2 0
284 5964 0.988228 -0.954698 2 0
285 5965 0.946635 -0.971891 2 0
286 5184 1.60989 -0.466698 2 0
287 5975 0.972136 -1.03957 2 0
288 5976 0.927379 -1.05633 2 0
289 5199 1.67456 -0.499178 2 0
290 5982 0.952034 -1.129 2 0
291 5213 1.74365 -0.533533 2 0
292 8172 0.978369 -1.20587 2 0
293 5226 1.81742 -0.569894 2 0
294 8184 1.00648 -1.28724 2 0
295 5237 1.89614 -0.608395 2 0
296 8197 1.09276 -1.35184 2 0
297 8198 1.03648 -1.37342 2 0
298 6958 1.9801 -0.64918 2 0
299 6959 1.95248 -0.704112 2 0
300 8212 1.18679 -1.41658 2 0
301 8213 1.12813 -1.44175 2 0
302 6963 2.04031 -0.75098 2 0
303 6964 2.00863 -0.808436 2 0
304 6469 1.46431 -1.38064 2 0
305 6470 1.4073 -1.41632 2 0
306 6471 1.34886 -1.44985 2 0
307 6472 1.28908 -1.48118 2 0
308 8229 1.22804 -1.51026 2 0
309 6970 2.10029 -0.861909 2 0
310 6971 2.06421 -0.921861 2 0
311 6473 1.7477 -1.29797 2 0
312 6474 1.69415 -1.34449 2 0
313 6475 1.63873 -1.38898 2 0
314 6476 1.58155 -1.43136 2 0
315 6477 1.52266 -1.47158 2 0
316 6979 2.15964 -0.982496 2 0
317 6980 2.11878 -1.0449 2 0
318 6482 1.87844 -1.33153 2 0
319 6483 1.82366 -1.38316 2 0
320 6990 2.2179 -1.11329 2 0
321 6991 2.17188 -1.17808 2 0
322 6493 2.01862 -1.36143 2 0
323 6494 1.96273 -1.41855 2 0
324 7002 2.27458 -1.25484 2 0
325 7003 2.22296 -1.32195 2 0
326 6506 2.16869 -1.38706 2 0
327 6507 2.11183 -1.45007 2 0
