300 242 58
1 7200 0.441231000 -0.055555700 0.04990056399133810383 -0.99875419083643723894 1 1 8 243 2 245 22 23 247 248 43 
2 7201 0.421783000 -0.056477300 0.04461974166234173450 -0.99900404336218062706 1 1 8 1 3 22 23 24 248 43 44 
3 7202 0.402455000 -0.057287600 0.03900317735249399231 -0.99923908658359128498 1 1 8 2 4 23 24 25 43 44 45 
4 7203 0.383277000 -0.057980300 0.03302454375919538360 -0.99945454099198371978 1 1 8 3 5 24 25 26 44 45 46 
5 7204 0.364280000 -0.058549000 0.02666441624749607900 -0.99964444124207507691 1 1 8 4 6 25 26 27 45 46 47 
6 7205 0.345491000 -0.058988200 0.01990285669254817508 -0.99980191852960353938 1 1 8 5 7 26 27 28 46 47 48 
7 7206 0.326941000 -0.059292300 0.01271311471719345325 -0.99991918509156896278 1 1 8 6 8 27 28 29 47 48 49 
8 7207 0.308658000 -0.059456500 0.00507285799859532021 -0.99998713297308283732 1 1 8 7 9 28 29 30 48 49 50 
9 7208 0.290670000 -0.059476300 -0.00304320807739406679 -0.99999536943157796287 1 1 8 8 10 29 30 31 49 50 51 
10 7209 0.273005000 -0.059348000 -0.01166268120857801363 -0.99993198862073962019 1 1 8 9 11 30 31 32 50 51 52 
11 7210 0.255689000 -0.059068300 -0.02081933190970869721 -0.99978325422005009937 1 1 8 10 12 31 32 33 51 52 53 
12 7211 0.238751000 -0.058634700 -0.03054378757292246921 -0.99953342967641667371 1 1 8 11 13 32 33 34 52 53 54 
13 7212 0.222215000 -0.058045400 -0.04087684655611406592 -0.99916419242065912520 1 1 8 12 14 33 34 35 53 54 55 
14 7213 0.206107000 -0.057299200 -0.05186637158812959503 -0.99865403393681939637 1 1 8 13 15 34 35 36 54 55 56 
15 7214 0.190453000 -0.056395800 -0.06356681202896688476 -0.99797758512327017222 1 1 8 14 16 35 36 37 55 56 57 
16 7215 0.175276000 -0.055335400 -0.07603623282026070185 -0.99710505529683435277 1 1 8 15 17 36 37 38 56 57 58 
17 7216 0.160600000 -0.054119300 -0.08934604967822146193 -0.99600064428036227948 1 1 8 16 18 37 38 39 57 58 59 
18 7217 0.146447000 -0.052749300 -0.10359294066850163740 -0.99461977792704903134 1 1 8 17 19 38 39 40 58 59 60 
19 7218 0.132839000 -0.051227900 -0.11889179065823295145 -0.99290721727363773219 1 1 8 18 20 39 40 41 59 60 61 
20 7219 0.119797000 -0.049558200 -0.13537400638470598047 -0.99079456921975184169 1 1 8 19 21 40 41 42 60 61 249 
21 7220 0.107342000 -0.047744200 -0.15320063262743277566 -0.98819510531197951586 1 1 8 20 244 41 42 246 61 249 250 
22 7221 0.440912000 -0.085549100 0.00000000000000000000 1.00000000000000000000 2 0 8 243 1 2 245 23 247 248 43 
23 7222 0.421289000 -0.086246600 0.00000000000000000000 1.00000000000000000000 2 0 8 1 2 3 22 24 248 43 44 
24 7223 0.401782000 -0.086787500 0.00000000000000000000 1.00000000000000000000 2 0 8 2 3 4 23 25 43 44 45 
25 7224 0.382422000 -0.087166200 0.00000000000000000000 1.00000000000000000000 2 0 8 3 4 5 24 26 44 45 46 
26 7225 0.363238000 -0.087377300 0.00000000000000000000 1.00000000000000000000 2 0 8 4 5 6 25 27 45 46 47 
27 7226 0.344260000 -0.087416000 0.00000000000000000000 1.00000000000000000000 2 0 8 5 6 7 26 28 46 47 48 
28 7227 0.325518000 -0.087278000 0.00000000000000000000 1.00000000000000000000 2 0 8 6 7 8 27 29 47 48 49 
29 7228 0.307040000 -0.086959300 0.00000000000000000000 1.00000000000000000000 2 0 8 7 8 9 28 30 48 49 50 
30 7229 0.288856000 -0.086456700 0.00000000000000000000 1.00000000000000000000 2 0 8 8 9 10 29 31 49 50 51 
31 7230 0.270994000 -0.085767300 0.00000000000000000000 1.00000000000000000000 2 0 8 9 10 11 30 32 50 51 52 
32 7231 0.253481000 -0.084889300 0.00000000000000000000 1.00000000000000000000 2 0 8 10 11 12 31 33 51 52 53 
33 7232 0.236345000 -0.083821100 0.00000000000000000000 1.00000000000000000000 2 0 8 11 12 13 32 34 52 53 54 
34 7233 0.219612000 -0.082562000 0.00000000000000000000 1.00000000000000000000 2 0 8 12 13 14 33 35 53 54 55 
35 7234 0.203309000 -0.081112200 0.00000000000000000000 1.00000000000000000000 2 0 8 13 14 15 34 36 54 55 56 
36 7235 0.187462000 -0.079472300 0.00000000000000000000 1.00000000000000000000 2 0 8 14 15 16 35 37 55 56 57 
37 7236 0.172094000 -0.077644000 0.00000000000000000000 1.00000000000000000000 2 0 8 15 16 17 36 38 56 57 58 
38 7237 0.157229000 -0.075629400 0.00000000000000000000 1.00000000000000000000 2 0 8 16 17 18 37 39 57 58 59 
39 7238 0.142892000 -0.073431400 0.00000000000000000000 1.00000000000000000000 2 0 8 17 18 19 38 40 58 59 60 
40 7239 0.129104000 -0.071053900 0.00000000000000000000 1.00000000000000000000 2 0 8 18 19 20 39 41 59 60 61 
41 7240 0.115887000 -0.068501000 0.00000000000000000000 1.00000000000000000000 2 0 8 19 20 21 40 42 60 61 249 
42 7241 0.103262000 -0.065777600 0.00000000000000000000 1.00000000000000000000 2 0 8 20 21 244 41 246 61 249 250 
43 7242 0.420489000 -0.116343000 0.00000000000000000000 1.00000000000000000000 2 0 8 22 23 24 248 44 251 62 63 
44 7243 0.400734000 -0.116619000 0.00000000000000000000 1.00000000000000000000 2 0 8 23 24 25 43 45 62 63 64 
45 7244 0.381122000 -0.116688000 0.00000000000000000000 1.00000000000000000000 2 0 8 24 25 26 44 46 63 64 65 
46 7245 0.361684000 -0.116546000 0.00000000000000000000 1.00000000000000000000 2 0 8 25 26 27 45 47 64 65 66 
47 7246 0.342451000 -0.116187000 0.00000000000000000000 1.00000000000000000000 2 0 8 26 27 28 46 48 65 66 67 
48 7247 0.323452000 -0.115609000 0.00000000000000000000 1.00000000000000000000 2 0 8 27 28 29 47 49 66 67 68 
49 7248 0.304717000 -0.114810000 0.00000000000000000000 1.00000000000000000000 2 0 8 28 29 30 48 50 67 68 69 
50 7249 0.286275000 -0.113785000 0.00000000000000000000 1.00000000000000000000 2 0 8 29 30 31 49 51 68 69 70 
51 7250 0.268156000 -0.112534000 0.00000000000000000000 1.00000000000000000000 2 0 8 30 31 32 50 52 69 70 71 
52 7251 0.250387000 -0.111057000 0.00000000000000000000 1.00000000000000000000 2 0 8 31 32 33 51 53 70 71 72 
53 7252 0.232997000 -0.109352000 0.00000000000000000000 1.00000000000000000000 2 0 8 32 33 34 52 54 71 72 73 
54 7253 0.216013000 -0.107419000 0.00000000000000000000 1.00000000000000000000 2 0 8 33 34 35 53 55 72 73 74 
55 7254 0.199461000 -0.105261000 0.00000000000000000000 1.00000000000000000000 2 0 8 34 35 36 54 56 73 74 75 
56 7255 0.183369000 -0.102880000 0.00000000000000000000 1.00000000000000000000 2 0 8 35 36 37 55 57 74 75 76 
57 7256 0.167760000 -0.100276000 0.00000000000000000000 1.00000000000000000000 2 0 8 36 37 38 56 58 75 76 77 
58 7257 0.152660000 -0.097455500 0.00000000000000000000 1.00000000000000000000 2 0 8 37 38 39 57 59 76 77 78 
59 7258 0.138093000 -0.094420900 0.00000000000000000000 1.00000000000000000000 2 0 8 38 39 40 58 60 77 78 79 
60 7259 0.124081000 -0.091177300 0.00000000000000000000 1.00000000000000000000 2 0 8 39 40 41 59 61 78 79 80 
61 7260 0.110647000 -0.087730300 0.00000000000000000000 1.00000000000000000000 2 0 8 40 41 42 60 249 79 80 81 
62 7261 0.419382000 -0.146876000 0.00000000000000000000 1.00000000000000000000 2 0 8 248 43 44 251 63 253 82 83 
63 7262 0.399307000 -0.146891000 0.00000000000000000000 1.00000000000000000000 2 0 8 43 44 45 62 64 82 83 84 
64 7263 0.379374000 -0.146654000 0.00000000000000000000 1.00000000000000000000 2 0 8 44 45 46 63 65 83 84 85 
65 7264 0.359614000 -0.146159000 0.00000000000000000000 1.00000000000000000000 2 0 8 45 46 47 64 66 84 85 86 
66 7265 0.340058000 -0.145404000 0.00000000000000000000 1.00000000000000000000 2 0 8 46 47 48 65 67 85 86 87 
67 7266 0.320736000 -0.144387000 0.00000000000000000000 1.00000000000000000000 2 0 8 47 48 49 66 68 86 87 88 
68 7267 0.301679000 -0.143105000 0.00000000000000000000 1.00000000000000000000 2 0 8 48 49 50 67 69 87 88 89 
69 7268 0.282917000 -0.141557000 0.00000000000000000000 1.00000000000000000000 2 0 8 49 50 51 68 70 88 89 90 
70 7269 0.264479000 -0.139742000 0.00000000000000000000 1.00000000000000000000 2 0 8 50 51 52 69 71 89 90 91 
71 7270 0.246395000 -0.137661000 0.00000000000000000000 1.00000000000000000000 2 0 8 51 52 53 70 72 90 91 92 
72 7271 0.228692000 -0.135314000 0.00000000000000000000 1.00000000000000000000 2 0 8 52 53 54 71 73 91 92 93 
73 7272 0.211400000 -0.132702000 0.00000000000000000000 1.00000000000000000000 2 0 8 53 54 55 72 74 92 93 94 
74 7273 0.194546000 -0.129829000 0.00000000000000000000 1.00000000000000000000 2 0 8 54 55 56 73 75 93 94 95 
75 7274 0.178155000 -0.126696000 0.00000000000000000000 1.00000000000000000000 2 0 8 55 56 57 74 76 94 95 96 
76 7275 0.162255000 -0.123309000 0.00000000000000000000 1.00000000000000000000 2 0 8 56 57 58 75 77 95 96 97 
77 7276 0.146871000 -0.119671000 0.00000000000000000000 1.00000000000000000000 2 0 8 57 58 59 76 78 96 97 98 
78 7277 0.132027000 -0.115788000 0.00000000000000000000 1.00000000000000000000 2 0 8 58 59 60 77 79 97 98 99 
79 7278 0.117747000 -0.111665000 0.00000000000000000000 1.00000000000000000000 2 0 8 59 60 61 78 80 98 99 100 
80 7279 0.104054000 -0.107310000 0.00000000000000000000 1.00000000000000000000 2 0 8 60 61 249 79 81 99 100 101 
81 7280 0.090968600 -0.102730000 0.00000000000000000000 1.00000000000000000000 2 0 8 61 249 250 80 252 100 101 254 
82 7281 0.417963000 -0.177958000 0.00000000000000000000 1.00000000000000000000 2 0 8 251 62 63 253 83 255 256 102 
83 7282 0.397498000 -0.177714000 0.00000000000000000000 1.00000000000000000000 2 0 8 62 63 64 82 84 256 102 103 
84 7283 0.377173000 -0.177171000 0.00000000000000000000 1.00000000000000000000 2 0 8 63 64 65 83 85 102 103 104 
85 7284 0.357021000 -0.176324000 0.00000000000000000000 1.00000000000000000000 2 0 8 64 65 66 84 86 103 104 105 
86 7285 0.337073000 -0.175172000 0.00000000000000000000 1.00000000000000000000 2 0 8 65 66 67 85 87 104 105 106 
87 7286 0.317361000 -0.173713000 0.00000000000000000000 1.00000000000000000000 2 0 8 66 67 68 86 88 105 106 107 
88 7287 0.297916000 -0.171946000 0.00000000000000000000 1.00000000000000000000 2 0 8 67 68 69 87 89 106 107 108 
89 7288 0.278769000 -0.169870000 0.00000000000000000000 1.00000000000000000000 2 0 8 68 69 70 88 90 107 108 109 
90 7289 0.259950000 -0.167485000 0.00000000000000000000 1.00000000000000000000 2 0 8 69 70 71 89 91 108 109 110 
91 7290 0.241488000 -0.164794000 0.00000000000000000000 1.00000000000000000000 2 0 8 70 71 72 90 92 109 110 111 
92 7291 0.223414000 -0.161797000 0.00000000000000000000 1.00000000000000000000 2 0 8 71 72 73 91 93 110 111 112 
93 7292 0.205756000 -0.158497000 0.00000000000000000000 1.00000000000000000000 2 0 8 72 73 74 92 94 111 112 113 
94 7293 0.188542000 -0.154898000 0.00000000000000000000 1.00000000000000000000 2 0 8 73 74 75 93 95 112 113 114 
95 7294 0.171799000 -0.151003000 0.00000000000000000000 1.00000000000000000000 2 0 8 74 75 76 94 96 113 114 115 
96 7295 0.155556000 -0.146819000 0.00000000000000000000 1.00000000000000000000 2 0 8 75 76 77 95 97 114 115 116 
97 7296 0.139837000 -0.142350000 0.00000000000000000000 1.00000000000000000000 2 0 8 76 77 78 96 98 115 116 117 
98 7297 0.124668000 -0.137604000 0.00000000000000000000 1.00000000000000000000 2 0 8 77 78 79 97 99 116 117 118 
99 7298 0.110073000 -0.132587000 0.00000000000000000000 1.00000000000000000000 2 0 8 78 79 80 98 100 117 118 119 
100 7299 0.096076200 -0.127307000 0.00000000000000000000 1.00000000000000000000 2 0 8 79 80 81 99 101 118 119 120 
101 7300 0.082699600 -0.121774000 0.00000000000000000000 1.00000000000000000000 2 0 8 80 81 252 100 254 119 120 257 
102 7301 0.395299000 -0.209201000 0.00000000000000000000 1.00000000000000000000 2 0 8 82 83 84 256 103 258 259 121 
103 7302 0.374510000 -0.208350000 0.00000000000000000000 1.00000000000000000000 2 0 8 83 84 85 102 104 259 121 122 
104 7303 0.353895000 -0.207150000 0.00000000000000000000 1.00000000000000000000 2 0 8 84 85 86 103 105 121 122 123 
105 7304 0.333485000 -0.205597000 0.00000000000000000000 1.00000000000000000000 2 0 8 85 86 87 104 106 122 123 124 
106 7305 0.313314000 -0.203692000 0.00000000000000000000 1.00000000000000000000 2 0 8 86 87 88 105 107 123 124 125 
107 7306 0.293414000 -0.201434000 0.00000000000000000000 1.00000000000000000000 2 0 8 87 88 89 106 108 124 125 126 
108 7307 0.273815000 -0.198823000 0.00000000000000000000 1.00000000000000000000 2 0 8 88 89 90 107 109 125 126 127 
109 7308 0.254549000 -0.195862000 0.00000000000000000000 1.00000000000000000000 2 0 8 89 90 91 108 110 126 127 128 
110 7309 0.235648000 -0.192550000 0.00000000000000000000 1.00000000000000000000 2 0 8 90 91 92 109 111 127 128 129 
111 7310 0.217140000 -0.188893000 0.00000000000000000000 1.00000000000000000000 2 0 8 91 92 93 110 112 128 129 130 
112 7311 0.199056000 -0.184893000 0.00000000000000000000 1.00000000000000000000 2 0 8 92 93 94 111 113 129 130 131 
113 7312 0.181425000 -0.180556000 0.00000000000000000000 1.00000000000000000000 2 0 8 93 94 95 112 114 130 131 132 
114 7313 0.164275000 -0.175885000 0.00000000000000000000 1.00000000000000000000 2 0 8 94 95 96 113 115 131 132 133 
115 7314 0.147634000 -0.170888000 0.00000000000000000000 1.00000000000000000000 2 0 8 95 96 97 114 116 132 133 134 
116 7315 0.131528000 -0.165572000 0.00000000000000000000 1.00000000000000000000 2 0 8 96 97 98 115 117 133 134 135 
117 7316 0.115984000 -0.159945000 0.00000000000000000000 1.00000000000000000000 2 0 8 97 98 99 116 118 134 135 136 
118 7317 0.101027000 -0.154014000 0.00000000000000000000 1.00000000000000000000 2 0 8 98 99 100 117 119 135 136 137 
119 7318 0.086681500 -0.147790000 0.00000000000000000000 1.00000000000000000000 2 0 8 99 100 101 118 120 136 137 138 
120 7319 0.072970000 -0.141282000 0.00000000000000000000 1.00000000000000000000 2 0 8 100 101 254 119 257 137 138 260 
121 7320 0.371377000 -0.240306000 0.00000000000000000000 1.00000000000000000000 2 0 8 102 103 104 259 122 261 262 139 
122 7321 0.350225000 -0.238748000 0.00000000000000000000 1.00000000000000000000 2 0 8 103 104 105 121 123 262 139 140 
123 7322 0.329282000 -0.236790000 0.00000000000000000000 1.00000000000000000000 2 0 8 104 105 106 122 124 139 140 141 
124 7323 0.308580000 -0.234433000 0.00000000000000000000 1.00000000000000000000 2 0 8 105 106 107 123 125 140 141 142 
125 7324 0.288155000 -0.231676000 0.00000000000000000000 1.00000000000000000000 2 0 8 106 107 108 124 126 141 142 143 
126 7325 0.268036000 -0.228522000 0.00000000000000000000 1.00000000000000000000 2 0 8 107 108 109 125 127 142 143 144 
127 7326 0.248258000 -0.224972000 0.00000000000000000000 1.00000000000000000000 2 0 8 108 109 110 126 128 143 144 145 
128 7327 0.228851000 -0.221030000 0.00000000000000000000 1.00000000000000000000 2 0 8 109 110 111 127 129 144 145 146 
129 7328 0.209846000 -0.216699000 0.00000000000000000000 1.00000000000000000000 2 0 8 110 111 112 128 130 145 146 147 
130 7329 0.191275000 -0.211984000 0.00000000000000000000 1.00000000000000000000 2 0 8 111 112 113 129 131 146 147 148 
131 7330 0.173167000 -0.206892000 0.00000000000000000000 1.00000000000000000000 2 0 8 112 113 114 130 132 147 148 149 
132 7331 0.155552000 -0.201428000 0.00000000000000000000 1.00000000000000000000 2 0 8 113 114 115 131 133 148 149 150 
133 7332 0.138457000 -0.195601000 0.00000000000000000000 1.00000000000000000000 2 0 8 114 115 116 132 134 149 150 151 
134 7333 0.121911000 -0.189417000 0.00000000000000000000 1.00000000000000000000 2 0 8 115 116 117 133 135 150 151 152 
135 7334 0.105941000 -0.182888000 0.00000000000000000000 1.00000000000000000000 2 0 8 116 117 118 134 136 151 152 153 
136 7335 0.090572200 -0.176021000 0.00000000000000000000 1.00000000000000000000 2 0 8 117 118 119 135 137 152 153 154 
137 7336 0.075830400 -0.168829000 0.00000000000000000000 1.00000000000000000000 2 0 8 118 119 120 136 138 153 154 155 
138 7337 0.061739300 -0.161323000 0.00000000000000000000 1.00000000000000000000 2 0 8 119 120 257 137 260 154 155 263 
139 7338 0.345998000 -0.271233000 0.00000000000000000000 1.00000000000000000000 2 0 8 121 122 123 262 140 264 265 156 
140 7339 0.324446000 -0.268863000 0.00000000000000000000 1.00000000000000000000 2 0 8 122 123 124 139 141 265 156 157 
141 7340 0.303142000 -0.266045000 0.00000000000000000000 1.00000000000000000000 2 0 8 123 124 125 140 142 156 157 158 
142 7341 0.282119000 -0.262780000 0.00000000000000000000 1.00000000000000000000 2 0 8 124 125 126 141 143 157 158 159 
143 7342 0.261411000 -0.259071000 0.00000000000000000000 1.00000000000000000000 2 0 8 125 126 127 142 144 158 159 160 
144 7343 0.241051000 -0.254920000 0.00000000000000000000 1.00000000000000000000 2 0 8 126 127 128 143 145 159 160 161 
145 7344 0.221071000 -0.250332000 0.00000000000000000000 1.00000000000000000000 2 0 8 127 128 129 144 146 160 161 162 
146 7345 0.201505000 -0.245312000 0.00000000000000000000 1.00000000000000000000 2 0 8 128 129 130 145 147 161 162 163 
147 7346 0.182382000 -0.239866000 0.00000000000000000000 1.00000000000000000000 2 0 8 129 130 131 146 148 162 163 164 
148 7347 0.163736000 -0.234000000 0.00000000000000000000 1.00000000000000000000 2 0 8 130 131 132 147 149 163 164 165 
149 7348 0.145595000 -0.227723000 0.00000000000000000000 1.00000000000000000000 2 0 8 131 132 133 148 150 164 165 166 
150 7349 0.127989000 -0.221043000 0.00000000000000000000 1.00000000000000000000 2 0 8 132 133 134 149 151 165 166 167 
151 7350 0.110947000 -0.213969000 0.00000000000000000000 1.00000000000000000000 2 0 8 133 134 135 150 152 166 167 168 
152 7351 0.094497100 -0.206513000 0.00000000000000000000 1.00000000000000000000 2 0 8 134 135 136 151 153 167 168 169 
153 7352 0.078665700 -0.198685000 0.00000000000000000000 1.00000000000000000000 2 0 8 135 136 137 152 154 168 169 170 
154 7353 0.063478900 -0.190499000 0.00000000000000000000 1.00000000000000000000 2 0 8 136 137 138 153 155 169 170 171 
155 7354 0.048961800 -0.181966000 0.00000000000000000000 1.00000000000000000000 2 0 8 137 138 260 154 263 170 171 266 
156 7355 0.318962000 -0.301932000 0.00000000000000000000 1.00000000000000000000 2 0 8 139 140 141 265 157 267 268 172 
157 7356 0.296979000 -0.298643000 0.00000000000000000000 1.00000000000000000000 2 0 8 140 141 142 156 158 268 172 173 
158 7357 0.275284000 -0.294858000 0.00000000000000000000 1.00000000000000000000 2 0 8 141 142 143 157 159 172 173 174 
159 7358 0.253914000 -0.290580000 0.00000000000000000000 1.00000000000000000000 2 0 8 142 143 144 158 160 173 174 175 
160 7359 0.232900000 -0.285814000 0.00000000000000000000 1.00000000000000000000 2 0 8 143 144 145 159 161 174 175 176 
161 7360 0.212279000 -0.280563000 0.00000000000000000000 1.00000000000000000000 2 0 8 144 145 146 160 162 175 176 177 
162 7361 0.192082000 -0.274835000 0.00000000000000000000 1.00000000000000000000 2 0 8 145 146 147 161 163 176 177 178 
163 7362 0.172343000 -0.268637000 0.00000000000000000000 1.00000000000000000000 2 0 8 146 147 148 162 164 177 178 179 
164 7363 0.153094000 -0.261976000 0.00000000000000000000 1.00000000000000000000 2 0 8 147 148 149 163 165 178 179 180 
165 7364 0.134366000 -0.254862000 0.00000000000000000000 1.00000000000000000000 2 0 8 148 149 150 164 166 179 180 181 
166 7365 0.116189000 -0.247305000 0.00000000000000000000 1.00000000000000000000 2 0 8 149 150 151 165 167 180 181 182 
167 7366 0.098593100 -0.239315000 0.00000000000000000000 1.00000000000000000000 2 0 8 150 151 152 166 168 181 182 183 
168 7367 0.081607600 -0.230904000 0.00000000000000000000 1.00000000000000000000 2 0 8 151 152 153 167 169 182 183 184 
169 7368 0.065260200 -0.222087000 0.00000000000000000000 1.00000000000000000000 2 0 8 152 153 154 168 170 183 184 185 
170 7369 0.049577800 -0.212875000 0.00000000000000000000 1.00000000000000000000 2 0 8 153 154 155 169 171 184 185 186 
171 7370 0.034586300 -0.203284000 0.00000000000000000000 1.00000000000000000000 2 0 8 154 155 263 170 266 185 186 269 
172 7371 0.290067000 -0.332346000 0.00000000000000000000 1.00000000000000000000 2 0 8 156 157 158 268 173 270 271 187 
173 7372 0.267625000 -0.328027000 0.00000000000000000000 1.00000000000000000000 2 0 8 157 158 159 172 174 271 187 188 
174 7373 0.245516000 -0.323164000 0.00000000000000000000 1.00000000000000000000 2 0 8 158 159 160 173 175 187 188 189 
175 7374 0.223776000 -0.317764000 0.00000000000000000000 1.00000000000000000000 2 0 8 159 160 161 174 176 188 189 190 
176 7375 0.202441000 -0.311831000 0.00000000000000000000 1.00000000000000000000 2 0 8 160 161 162 175 177 189 190 191 
177 7376 0.181544000 -0.305374000 0.00000000000000000000 1.00000000000000000000 2 0 8 161 162 163 176 178 190 191 192 
178 7377 0.161119000 -0.298401000 0.00000000000000000000 1.00000000000000000000 2 0 8 162 163 164 177 179 191 192 193 
179 7378 0.141201000 -0.290920000 0.00000000000000000000 1.00000000000000000000 2 0 8 163 164 165 178 180 192 193 194 
180 7379 0.121820000 -0.282943000 0.00000000000000000000 1.00000000000000000000 2 0 8 164 165 166 179 181 193 194 195 
181 7380 0.103010000 -0.274480000 0.00000000000000000000 1.00000000000000000000 2 0 8 165 166 167 180 182 194 195 196 
182 7381 0.084800600 -0.265544000 0.00000000000000000000 1.00000000000000000000 2 0 8 166 167 168 181 183 195 196 197 
183 7382 0.067222000 -0.256149000 0.00000000000000000000 1.00000000000000000000 2 0 8 167 168 169 182 184 196 197 198 
184 7383 0.050303200 -0.246308000 0.00000000000000000000 1.00000000000000000000 2 0 8 168 169 170 183 185 197 198 199 
185 7384 0.034072200 -0.236037000 0.00000000000000000000 1.00000000000000000000 2 0 8 169 170 171 184 186 198 199 200 
186 7385 0.018555900 -0.225353000 0.00000000000000000000 1.00000000000000000000 2 0 8 170 171 266 185 269 199 200 272 
187 7386 0.259112000 -0.362407000 0.00000000000000000000 1.00000000000000000000 2 0 8 172 173 174 271 188 273 201 202 
188 7387 0.236187000 -0.356941000 0.00000000000000000000 1.00000000000000000000 2 0 8 173 174 175 187 189 201 202 203 
189 7388 0.213644000 -0.350886000 0.00000000000000000000 1.00000000000000000000 2 0 8 174 175 176 188 190 202 203 204 
190 7389 0.191519000 -0.344250000 0.00000000000000000000 1.00000000000000000000 2 0 8 175 176 177 189 191 203 204 205 
191 7390 0.169848000 -0.337039000 0.00000000000000000000 1.00000000000000000000 2 0 8 176 177 178 190 192 204 205 206 
192 7391 0.148667000 -0.329265000 0.00000000000000000000 1.00000000000000000000 2 0 8 177 178 179 191 193 205 206 207 
193 7392 0.128010000 -0.320936000 0.00000000000000000000 1.00000000000000000000 2 0 8 178 179 180 192 194 206 207 208 
194 7393 0.107911000 -0.312066000 0.00000000000000000000 1.00000000000000000000 2 0 8 179 180 181 193 195 207 208 209 
195 7394 0.088402300 -0.302666000 0.00000000000000000000 1.00000000000000000000 2 0 8 180 181 182 194 196 208 209 210 
196 7395 0.069516400 -0.292751000 0.00000000000000000000 1.00000000000000000000 2 0 8 181 182 183 195 197 209 210 211 
197 7396 0.051284400 -0.282336000 0.00000000000000000000 1.00000000000000000000 2 0 8 182 183 184 196 198 210 211 212 
198 7397 0.033736400 -0.271436000 0.00000000000000000000 1.00000000000000000000 2 0 8 183 184 185 197 199 211 212 213 
199 7398 0.016901500 -0.260068000 0.00000000000000000000 1.00000000000000000000 2 0 8 184 185 186 198 200 212 213 214 
200 7399 0.000807704 -0.248251000 0.00000000000000000000 1.00000000000000000000 2 0 8 185 186 269 199 272 213 214 274 
201 7400 0.249714000 -0.398123000 0.00000000000000000000 1.00000000000000000000 2 0 8 271 187 188 273 202 275 276 215 
202 7401 0.225891000 -0.392034000 0.00000000000000000000 1.00000000000000000000 2 0 8 187 188 189 201 203 276 215 216 
203 7402 0.202465000 -0.385302000 0.00000000000000000000 1.00000000000000000000 2 0 8 188 189 190 202 204 215 216 217 
204 7403 0.179473000 -0.377936000 0.00000000000000000000 1.00000000000000000000 2 0 8 189 190 191 203 205 216 217 218 
205 7404 0.156952000 -0.369945000 0.00000000000000000000 1.00000000000000000000 2 0 8 190 191 192 204 206 217 218 219 
206 7405 0.134940000 -0.361340000 0.00000000000000000000 1.00000000000000000000 2 0 8 191 192 193 205 207 218 219 220 
207 7406 0.113472000 -0.352133000 0.00000000000000000000 1.00000000000000000000 2 0 8 192 193 194 206 208 219 220 221 
208 7407 0.092584100 -0.342337000 0.00000000000000000000 1.00000000000000000000 2 0 8 193 194 195 207 209 220 221 222 
209 7408 0.072309300 -0.331965000 0.00000000000000000000 1.00000000000000000000 2 0 8 194 195 196 208 210 221 222 223 
210 7409 0.052681600 -0.321035000 0.00000000000000000000 1.00000000000000000000 2 0 8 195 196 197 209 211 222 223 224 
211 7410 0.033733300 -0.309560000 0.00000000000000000000 1.00000000000000000000 2 0 8 196 197 198 210 212 223 224 225 
212 7411 0.015495800 -0.297561000 0.00000000000000000000 1.00000000000000000000 2 0 8 197 198 199 211 213 224 225 226 
213 7412 -0.002000740 -0.285054000 0.00000000000000000000 1.00000000000000000000 2 0 8 198 199 200 212 214 225 226 277 
214 7413 -0.018727100 -0.272060000 0.00000000000000000000 1.00000000000000000000 2 0 8 199 200 272 213 274 226 277 278 
215 7414 0.214590000 -0.428570000 0.00000000000000000000 1.00000000000000000000 2 0 8 201 202 203 276 216 279 280 281 
216 7415 0.190197000 -0.421136000 0.00000000000000000000 1.00000000000000000000 2 0 8 202 203 204 215 217 280 281 227 
217 7416 0.166256000 -0.413012000 0.00000000000000000000 1.00000000000000000000 2 0 8 203 204 205 216 218 281 227 228 
218 7417 0.142806000 -0.404211000 0.00000000000000000000 1.00000000000000000000 2 0 8 204 205 206 217 219 227 228 229 
219 7418 0.119886000 -0.394744000 0.00000000000000000000 1.00000000000000000000 2 0 8 205 206 207 218 220 228 229 230 
220 7419 0.097532000 -0.384623000 0.00000000000000000000 1.00000000000000000000 2 0 8 206 207 208 219 221 229 230 231 
221 7420 0.075781400 -0.373865000 0.00000000000000000000 1.00000000000000000000 2 0 8 207 208 209 220 222 230 231 232 
222 7421 0.054669800 -0.362483000 0.00000000000000000000 1.00000000000000000000 2 0 8 208 209 210 221 223 231 232 233 
223 7422 0.034231900 -0.350496000 0.00000000000000000000 1.00000000000000000000 2 0 8 209 210 211 222 224 232 233 282 
224 7423 0.014501500 -0.337921000 0.00000000000000000000 1.00000000000000000000 2 0 8 210 211 212 223 225 233 282 283 
225 7424 -0.004488700 -0.324777000 0.00000000000000000000 1.00000000000000000000 2 0 8 211 212 213 224 226 282 283 284 
226 7425 -0.022707200 -0.311086000 0.00000000000000000000 1.00000000000000000000 2 0 8 212 213 214 225 277 283 284 285 
227 7426 0.151820000 -0.449608000 0.00000000000000000000 1.00000000000000000000 2 0 8 216 217 218 281 228 286 287 234 
228 7427 0.127357000 -0.439963000 0.00000000000000000000 1.00000000000000000000 2 0 8 217 218 219 227 229 287 234 235 
229 7428 0.103447000 -0.429597000 0.00000000000000000000 1.00000000000000000000 2 0 8 218 219 220 228 230 234 235 236 
230 7429 0.080128500 -0.418526000 0.00000000000000000000 1.00000000000000000000 2 0 8 219 220 221 229 231 235 236 237 
231 7430 0.057439200 -0.406764000 0.00000000000000000000 1.00000000000000000000 2 0 8 220 221 222 230 232 236 237 238 
232 7431 0.035416700 -0.394330000 0.00000000000000000000 1.00000000000000000000 2 0 8 221 222 223 231 233 237 238 288 
233 7432 0.014097100 -0.381242000 0.00000000000000000000 1.00000000000000000000 2 0 8 222 223 224 232 282 238 288 289 
234 7433 0.110547000 -0.477330000 0.00000000000000000000 1.00000000000000000000 2 0 8 227 228 229 287 235 290 291 239 
235 7434 0.085562400 -0.466028000 0.00000000000000000000 1.00000000000000000000 2 0 8 228 229 230 234 236 291 239 240 
236 7435 0.061196200 -0.453964000 0.00000000000000000000 1.00000000000000000000 2 0 8 229 230 231 235 237 239 240 241 
237 7436 0.037488100 -0.441156000 0.00000000000000000000 1.00000000000000000000 2 0 8 230 231 232 236 238 240 241 292 
238 7437 0.014477000 -0.427623000 0.00000000000000000000 1.00000000000000000000 2 0 8 231 232 233 237 288 241 292 293 
239 7438 0.066164200 -0.504169000 0.00000000000000000000 1.00000000000000000000 2 0 8 234 235 236 291 240 294 295 242 
240 7439 0.040663900 -0.491067000 0.00000000000000000000 1.00000000000000000000 2 0 8 235 236 237 239 241 295 242 296 
241 7440 0.015852900 -0.477165000 0.00000000000000000000 1.00000000000000000000 2 0 8 236 237 238 240 292 242 296 297 
242 7441 0.018454400 -0.529972000 0.00000000000000000000 1.00000000000000000000 2 0 8 239 240 241 295 296 298 299 300 
243 7452 0.46077 -0.0545294 1 1
244 1906 0.0954915 -0.0457901 1 1
245 7463 0.460621 -0.0847009 2 0
246 1927 0.0912473 -0.0628894 2 0
247 7474 0.460308 -0.115188 2 0
248 7475 0.440358 -0.115864 2 0
249 1948 0.0978125 -0.084086 2 0
250 1949 0.0855967 -0.080251 2 0
251 7488 0.439566 -0.146611 2 0
252 1970 0.0785131 -0.0979332 2 0
253 7502 0.438537 -0.177906 2 0
254 1991 0.0699648 -0.115996 2 0
255 7516 0.437267 -0.209862 2 0
256 7517 0.416229 -0.209703 2 0
257 2012 0.0599152 -0.134502 2 0
258 7532 0.414175 -0.242228 2 0
259 7533 0.392705 -0.241465 2 0
260 2033 0.0483222 -0.153514 2 0
261 7548 0.389705 -0.274626 2 0
262 7549 0.367762 -0.273154 2 0
263 2054 0.0351383 -0.1731 2 0
264 7564 0.363653 -0.307014 2 0
265 7565 0.341198 -0.304723 2 0
266 2075 0.0203106 -0.193329 2 0
267 7580 0.335808 -0.339341 2 0
268 7581 0.312807 -0.336119 2 0
269 2095 0.00378006 -0.214271 2 0
270 7596 0.305961 -0.371547 2 0
271 7597 0.282383 -0.367277 2 0
272 2114 -0.0145182 -0.236002 2 0
273 7612 0.273896 -0.403563 2 0
274 2132 -0.0346553 -0.2586 2 0
275 7627 0.264575 -0.441336 2 0
276 7628 0.239396 -0.435306 2 0
277 7683 -0.0401237 -0.296867 2 0
278 7684 -0.0567091 -0.282145 2 0
279 7925 0.228119 -0.474093 2 0
280 7926 0.202241 -0.466684 2 0
281 7927 0.176794 -0.458519 2 0
282 7685 -0.00648423 -0.367519 2 0
283 7686 -0.0262933 -0.353183 2 0
284 7687 -0.0452972 -0.338256 2 0
285 7688 -0.0634643 -0.322761 2 0
286 7931 0.162207 -0.497588 2 0
287 7932 0.136109 -0.487855 2 0
288 7691 -0.00779918 -0.413385 2 0
289 7692 -0.0293037 -0.398464 2 0
290 7938 0.119065 -0.527896 2 0
291 7939 0.0923121 -0.516451 2 0
292 7699 -0.00822821 -0.462483 2 0
293 7700 -0.0315397 -0.447042 2 0
294 7947 0.0725845 -0.557468 2 0
295 7948 0.0451797 -0.544161 2 0
296 7709 -0.00754791 -0.514924 2 0
297 7710 -0.0327845 -0.499037 2 0
298 7958 0.0225303 -0.58615 2 0
299 7720 -0.00551572 -0.570822 2 0
300 7721 -0.0328021 -0.554571 2 0
