323 237 86
1 7925 0.228119000 -0.474093000 0.00000000000000000000 1.00000000000000000000 2 0 8 238 239 240 244 2 4 5 6 
2 7926 0.202241000 -0.466684000 0.00000000000000000000 1.00000000000000000000 2 0 8 239 240 241 1 3 5 6 7 
3 7927 0.176794000 -0.458519000 0.00000000000000000000 1.00000000000000000000 2 0 8 240 241 242 2 245 6 7 8 
4 7928 0.243289000 -0.521907000 0.00000000000000000000 1.00000000000000000000 2 0 8 243 244 1 248 5 9 10 11 
5 7929 0.215840000 -0.514625000 0.00000000000000000000 1.00000000000000000000 2 0 8 244 1 2 4 6 10 11 12 
6 7930 0.188798000 -0.506515000 0.00000000000000000000 1.00000000000000000000 2 0 8 1 2 3 5 7 11 12 13 
7 7931 0.162207000 -0.497588000 0.00000000000000000000 1.00000000000000000000 2 0 8 2 3 245 6 8 12 13 14 
8 7932 0.136109000 -0.487855000 0.00000000000000000000 1.00000000000000000000 2 0 8 3 245 246 7 249 13 14 15 
9 7933 0.260356000 -0.572048000 0.00000000000000000000 1.00000000000000000000 2 0 8 247 248 4 252 10 16 17 18 
10 7934 0.231245000 -0.565001000 0.00000000000000000000 1.00000000000000000000 2 0 8 248 4 5 9 11 17 18 19 
11 7935 0.202515000 -0.557052000 0.00000000000000000000 1.00000000000000000000 2 0 8 4 5 6 10 12 18 19 20 
12 7936 0.174211000 -0.548210000 0.00000000000000000000 1.00000000000000000000 2 0 8 5 6 7 11 13 19 20 21 
13 7937 0.146379000 -0.538487000 0.00000000000000000000 1.00000000000000000000 2 0 8 6 7 8 12 14 20 21 22 
14 7938 0.119065000 -0.527896000 0.00000000000000000000 1.00000000000000000000 2 0 8 7 8 249 13 15 21 22 23 
15 7939 0.092312100 -0.516451000 0.00000000000000000000 1.00000000000000000000 2 0 8 8 249 250 14 253 22 23 24 
16 7940 0.279590000 -0.624547000 0.00000000000000000000 1.00000000000000000000 2 0 8 251 252 9 256 17 25 26 27 
17 7941 0.248724000 -0.617853000 0.00000000000000000000 1.00000000000000000000 2 0 8 252 9 10 16 18 26 27 28 
18 7942 0.218208000 -0.610177000 0.00000000000000000000 1.00000000000000000000 2 0 8 9 10 11 17 19 27 28 29 
19 7943 0.188092000 -0.601530000 0.00000000000000000000 1.00000000000000000000 2 0 8 10 11 12 18 20 28 29 30 
20 7944 0.158425000 -0.591922000 0.00000000000000000000 1.00000000000000000000 2 0 8 11 12 13 19 21 29 30 31 
21 7945 0.129253000 -0.581366000 0.00000000000000000000 1.00000000000000000000 2 0 8 12 13 14 20 22 30 31 32 
22 7946 0.100624000 -0.569876000 0.00000000000000000000 1.00000000000000000000 2 0 8 13 14 15 21 23 31 32 33 
23 7947 0.072584500 -0.557468000 0.00000000000000000000 1.00000000000000000000 2 0 8 14 15 253 22 24 32 33 34 
24 7948 0.045179700 -0.544161000 0.00000000000000000000 1.00000000000000000000 2 0 8 15 253 254 23 257 33 34 260 
25 7949 0.301279000 -0.679430000 0.00000000000000000000 1.00000000000000000000 2 0 8 255 256 16 259 26 35 36 37 
26 7950 0.268561000 -0.673214000 0.00000000000000000000 1.00000000000000000000 2 0 8 256 16 17 25 27 36 37 38 
27 7951 0.236161000 -0.665935000 0.00000000000000000000 1.00000000000000000000 2 0 8 16 17 18 26 28 37 38 39 
28 7952 0.204130000 -0.657601000 0.00000000000000000000 1.00000000000000000000 2 0 8 17 18 19 27 29 38 39 40 
29 7953 0.172520000 -0.648222000 0.00000000000000000000 1.00000000000000000000 2 0 8 18 19 20 28 30 39 40 41 
30 7954 0.141381000 -0.637812000 0.00000000000000000000 1.00000000000000000000 2 0 8 19 20 21 29 31 40 41 42 
31 7955 0.110764000 -0.626383000 0.00000000000000000000 1.00000000000000000000 2 0 8 20 21 22 30 32 41 42 43 
32 7956 0.080717300 -0.613951000 0.00000000000000000000 1.00000000000000000000 2 0 8 21 22 23 31 33 42 43 44 
33 7957 0.051290200 -0.600534000 0.00000000000000000000 1.00000000000000000000 2 0 8 22 23 24 32 34 43 44 45 
34 7958 0.022530300 -0.586150000 0.00000000000000000000 1.00000000000000000000 2 0 8 23 24 257 33 260 44 45 265 
35 7959 0.325729000 -0.736718000 0.00000000000000000000 1.00000000000000000000 2 0 8 258 259 25 264 36 48 49 50 
36 7960 0.291060000 -0.731117000 0.00000000000000000000 1.00000000000000000000 2 0 8 259 25 26 35 37 49 50 51 
37 7961 0.256672000 -0.724366000 0.00000000000000000000 1.00000000000000000000 2 0 8 25 26 27 36 38 50 51 52 
38 7962 0.222620000 -0.716473000 0.00000000000000000000 1.00000000000000000000 2 0 8 26 27 28 37 39 51 52 53 
39 7963 0.188958000 -0.707449000 0.00000000000000000000 1.00000000000000000000 2 0 8 27 28 29 38 40 52 53 54 
40 7964 0.155738000 -0.697303000 0.00000000000000000000 1.00000000000000000000 2 0 8 28 29 30 39 41 53 54 55 
41 7965 0.123016000 -0.686050000 0.00000000000000000000 1.00000000000000000000 2 0 8 29 30 31 40 42 54 55 56 
42 7966 0.090842400 -0.673704000 0.00000000000000000000 1.00000000000000000000 2 0 8 30 31 32 41 43 55 56 57 
43 7967 0.059270000 -0.660283000 0.00000000000000000000 1.00000000000000000000 2 0 8 31 32 33 42 44 56 57 58 
44 7968 0.028349600 -0.645805000 0.00000000000000000000 1.00000000000000000000 2 0 8 32 33 34 43 45 57 58 59 
45 7969 -0.001868850 -0.630292000 0.00000000000000000000 1.00000000000000000000 2 0 8 33 34 260 44 265 58 59 267 
46 7970 0.427193000 -0.802366000 0.00000000000000000000 1.00000000000000000000 2 0 8 261 262 263 266 47 269 60 61 
47 7971 0.390167000 -0.800017000 0.00000000000000000000 1.00000000000000000000 2 0 8 262 263 264 46 48 60 61 62 
48 7972 0.353265000 -0.796422000 0.00000000000000000000 1.00000000000000000000 2 0 8 263 264 35 47 49 61 62 63 
49 7973 0.316544000 -0.791582000 0.00000000000000000000 1.00000000000000000000 2 0 8 264 35 36 48 50 62 63 64 
50 7974 0.280064000 -0.785503000 0.00000000000000000000 1.00000000000000000000 2 0 8 35 36 37 49 51 63 64 65 
51 7975 0.243881000 -0.778192000 0.00000000000000000000 1.00000000000000000000 2 0 8 36 37 38 50 52 64 65 66 
52 7976 0.208052000 -0.769655000 0.00000000000000000000 1.00000000000000000000 2 0 8 37 38 39 51 53 65 66 67 
53 7977 0.172635000 -0.759904000 0.00000000000000000000 1.00000000000000000000 2 0 8 38 39 40 52 54 66 67 68 
54 7978 0.137686000 -0.748952000 0.00000000000000000000 1.00000000000000000000 2 0 8 39 40 41 53 55 67 68 69 
55 7979 0.103261000 -0.736813000 0.00000000000000000000 1.00000000000000000000 2 0 8 40 41 42 54 56 68 69 70 
56 7980 0.069414800 -0.723504000 0.00000000000000000000 1.00000000000000000000 2 0 8 41 42 43 55 57 69 70 71 
57 7981 0.036202300 -0.709043000 0.00000000000000000000 1.00000000000000000000 2 0 8 42 43 44 56 58 70 71 72 
58 7982 0.003676800 -0.693450000 0.00000000000000000000 1.00000000000000000000 2 0 8 43 44 45 57 59 71 72 73 
59 7983 -0.028109000 -0.676749000 0.00000000000000000000 1.00000000000000000000 2 0 8 44 45 265 58 267 72 73 270 
60 7984 0.423235000 -0.861128000 0.00000000000000000000 1.00000000000000000000 2 0 8 266 46 47 269 61 74 75 76 
61 7985 0.384228000 -0.858545000 0.00000000000000000000 1.00000000000000000000 2 0 8 46 47 48 60 62 75 76 77 
62 7986 0.345355000 -0.854626000 0.00000000000000000000 1.00000000000000000000 2 0 8 47 48 49 61 63 76 77 78 
63 7987 0.306675000 -0.849374000 0.00000000000000000000 1.00000000000000000000 2 0 8 48 49 50 62 64 77 78 79 
64 7988 0.268249000 -0.842793000 0.00000000000000000000 1.00000000000000000000 2 0 8 49 50 51 63 65 78 79 80 
65 7989 0.230138000 -0.834890000 0.00000000000000000000 1.00000000000000000000 2 0 8 50 51 52 64 66 79 80 81 
66 7990 0.192402000 -0.825676000 0.00000000000000000000 1.00000000000000000000 2 0 8 51 52 53 65 67 80 81 82 
67 7991 0.155101000 -0.815162000 0.00000000000000000000 1.00000000000000000000 2 0 8 52 53 54 66 68 81 82 83 
68 7992 0.118295000 -0.803362000 0.00000000000000000000 1.00000000000000000000 2 0 8 53 54 55 67 69 82 83 84 
69 7993 0.082042400 -0.790291000 0.00000000000000000000 1.00000000000000000000 2 0 8 54 55 56 68 70 83 84 85 
70 7994 0.046400800 -0.775967000 0.00000000000000000000 1.00000000000000000000 2 0 8 55 56 57 69 71 84 85 86 
71 7995 0.011427900 -0.760411000 0.00000000000000000000 1.00000000000000000000 2 0 8 56 57 58 70 72 85 86 87 
72 7996 -0.022820200 -0.743645000 0.00000000000000000000 1.00000000000000000000 2 0 8 57 58 59 71 73 86 87 88 
73 7997 -0.056288200 -0.725693000 0.00000000000000000000 1.00000000000000000000 2 0 8 58 59 267 72 270 87 88 272 
74 7998 0.460193000 -0.924477000 0.00000000000000000000 1.00000000000000000000 2 0 8 268 269 60 271 75 274 89 90 
75 7999 0.418985000 -0.923081000 0.00000000000000000000 1.00000000000000000000 2 0 8 269 60 61 74 76 89 90 91 
76 8000 0.377854000 -0.920253000 0.00000000000000000000 1.00000000000000000000 2 0 8 60 61 62 75 77 90 91 92 
77 8001 0.336866000 -0.915993000 0.00000000000000000000 1.00000000000000000000 2 0 8 61 62 63 76 78 91 92 93 
78 8002 0.296083000 -0.910306000 0.00000000000000000000 1.00000000000000000000 2 0 8 62 63 64 77 79 92 93 94 
79 8003 0.255571000 -0.903196000 0.00000000000000000000 1.00000000000000000000 2 0 8 63 64 65 78 80 93 94 95 
80 8004 0.215393000 -0.894673000 0.00000000000000000000 1.00000000000000000000 2 0 8 64 65 66 79 81 94 95 96 
81 8005 0.175612000 -0.884746000 0.00000000000000000000 1.00000000000000000000 2 0 8 65 66 67 80 82 95 96 97 
82 8006 0.136291000 -0.873427000 0.00000000000000000000 1.00000000000000000000 2 0 8 66 67 68 81 83 96 97 98 
83 8007 0.097493900 -0.860733000 0.00000000000000000000 1.00000000000000000000 2 0 8 67 68 69 82 84 97 98 99 
84 8008 0.059281300 -0.846680000 0.00000000000000000000 1.00000000000000000000 2 0 8 68 69 70 83 85 98 99 100 
85 8009 0.021714800 -0.831287000 0.00000000000000000000 1.00000000000000000000 2 0 8 69 70 71 84 86 99 100 101 
86 8010 -0.015145600 -0.814577000 0.00000000000000000000 1.00000000000000000000 2 0 8 70 71 72 85 87 100 101 102 
87 8011 -0.051240400 -0.796574000 0.00000000000000000000 1.00000000000000000000 2 0 8 71 72 73 86 88 101 102 103 
88 8012 -0.086511600 -0.777304000 0.00000000000000000000 1.00000000000000000000 2 0 8 72 73 270 87 272 102 103 275 
89 8013 0.457918000 -0.990008000 0.00000000000000000000 1.00000000000000000000 2 0 8 271 74 75 274 90 104 105 106 
90 8014 0.414427000 -0.988455000 0.00000000000000000000 1.00000000000000000000 2 0 8 74 75 76 89 91 105 106 107 
91 8015 0.371021000 -0.985369000 0.00000000000000000000 1.00000000000000000000 2 0 8 75 76 77 90 92 106 107 108 
92 8016 0.327767000 -0.980751000 0.00000000000000000000 1.00000000000000000000 2 0 8 76 77 78 91 93 107 108 109 
93 8017 0.284732000 -0.974606000 0.00000000000000000000 1.00000000000000000000 2 0 8 77 78 79 92 94 108 109 110 
94 8018 0.241984000 -0.966939000 0.00000000000000000000 1.00000000000000000000 2 0 8 78 79 80 93 95 109 110 111 
95 8019 0.199591000 -0.957761000 0.00000000000000000000 1.00000000000000000000 2 0 8 79 80 81 94 96 110 111 112 
96 8020 0.157619000 -0.947081000 0.00000000000000000000 1.00000000000000000000 2 0 8 80 81 82 95 97 111 112 113 
97 8021 0.116135000 -0.934915000 0.00000000000000000000 1.00000000000000000000 2 0 8 81 82 83 96 98 112 113 114 
98 8022 0.075204400 -0.921278000 0.00000000000000000000 1.00000000000000000000 2 0 8 82 83 84 97 99 113 114 115 
99 8023 0.034892900 -0.906189000 0.00000000000000000000 1.00000000000000000000 2 0 8 83 84 85 98 100 114 115 116 
100 8024 -0.004735460 -0.889670000 0.00000000000000000000 1.00000000000000000000 2 0 8 84 85 86 99 101 115 116 117 
101 8025 -0.043617100 -0.871743000 0.00000000000000000000 1.00000000000000000000 2 0 8 85 86 87 100 102 116 117 118 
102 8026 -0.081689700 -0.852435000 0.00000000000000000000 1.00000000000000000000 2 0 8 86 87 88 101 103 117 118 119 
103 8027 -0.118892000 -0.831774000 0.00000000000000000000 1.00000000000000000000 2 0 8 87 88 272 102 275 118 119 277 
104 8028 0.501433000 -1.059290000 0.00000000000000000000 1.00000000000000000000 2 0 8 273 274 89 276 105 278 279 120 
105 8029 0.455479000 -1.059210000 0.00000000000000000000 1.00000000000000000000 2 0 8 274 89 90 104 106 279 120 121 
106 8030 0.409545000 -1.057490000 0.00000000000000000000 1.00000000000000000000 2 0 8 89 90 91 105 107 120 121 122 
107 8031 0.363703000 -1.054140000 0.00000000000000000000 1.00000000000000000000 2 0 8 90 91 92 106 108 121 122 123 
108 8032 0.318023000 -1.049140000 0.00000000000000000000 1.00000000000000000000 2 0 8 91 92 93 107 109 122 123 124 
109 8033 0.272577000 -1.042510000 0.00000000000000000000 1.00000000000000000000 2 0 8 92 93 94 108 110 123 124 125 
110 8034 0.227437000 -1.034260000 0.00000000000000000000 1.00000000000000000000 2 0 8 93 94 95 109 111 124 125 126 
111 8035 0.182673000 -1.024390000 0.00000000000000000000 1.00000000000000000000 2 0 8 94 95 96 110 112 125 126 127 
112 8036 0.138357000 -1.012910000 0.00000000000000000000 1.00000000000000000000 2 0 8 95 96 97 111 113 126 127 128 
113 8037 0.094557000 -0.999854000 0.00000000000000000000 1.00000000000000000000 2 0 8 96 97 98 112 114 127 128 129 
114 8038 0.051343900 -0.985222000 0.00000000000000000000 1.00000000000000000000 2 0 8 97 98 99 113 115 128 129 130 
115 8039 0.008786210 -0.969040000 0.00000000000000000000 1.00000000000000000000 2 0 8 98 99 100 114 116 129 130 131 
116 8040 -0.033048400 -0.951331000 0.00000000000000000000 1.00000000000000000000 2 0 8 99 100 101 115 117 130 131 132 
117 8041 -0.074093000 -0.932119000 0.00000000000000000000 1.00000000000000000000 2 0 8 100 101 102 116 118 131 132 133 
118 8042 -0.114282000 -0.911434000 0.00000000000000000000 1.00000000000000000000 2 0 8 101 102 103 117 119 132 133 134 
119 8043 -0.153550000 -0.889305000 0.00000000000000000000 1.00000000000000000000 2 0 8 102 103 275 118 277 133 134 280 
120 8044 0.452869000 -1.132340000 0.00000000000000000000 1.00000000000000000000 2 0 8 104 105 106 279 121 281 282 135 
121 8045 0.404321000 -1.130450000 0.00000000000000000000 1.00000000000000000000 2 0 8 105 106 107 120 122 282 135 136 
122 8046 0.355873000 -1.126810000 0.00000000000000000000 1.00000000000000000000 2 0 8 106 107 108 121 123 135 136 137 
123 8047 0.307599000 -1.121410000 0.00000000000000000000 1.00000000000000000000 2 0 8 107 108 109 122 124 136 137 138 
124 8048 0.259575000 -1.114280000 0.00000000000000000000 1.00000000000000000000 2 0 8 108 109 110 123 125 137 138 139 
125 8049 0.211876000 -1.105400000 0.00000000000000000000 1.00000000000000000000 2 0 8 109 110 111 124 126 138 139 140 
126 8050 0.164577000 -1.094800000 0.00000000000000000000 1.00000000000000000000 2 0 8 110 111 112 125 127 139 140 141 
127 8051 0.117753000 -1.082490000 0.00000000000000000000 1.00000000000000000000 2 0 8 111 112 113 126 128 140 141 142 
128 8052 0.071477400 -1.068480000 0.00000000000000000000 1.00000000000000000000 2 0 8 112 113 114 127 129 141 142 143 
129 8053 0.025823600 -1.052800000 0.00000000000000000000 1.00000000000000000000 2 0 8 113 114 115 128 130 142 143 144 
130 8054 -0.019135900 -1.035470000 0.00000000000000000000 1.00000000000000000000 2 0 8 114 115 116 129 131 143 144 145 
131 8055 -0.063329500 -1.016500000 0.00000000000000000000 1.00000000000000000000 2 0 8 115 116 117 130 132 144 145 146 
132 8056 -0.106687000 -0.995930000 0.00000000000000000000 1.00000000000000000000 2 0 8 116 117 118 131 133 145 146 147 
133 8057 -0.149138000 -0.973789000 0.00000000000000000000 1.00000000000000000000 2 0 8 117 118 119 132 134 146 147 148 
134 8058 -0.190615000 -0.950109000 0.00000000000000000000 1.00000000000000000000 2 0 8 118 119 277 133 280 147 148 283 
135 8059 0.398736000 -1.207600000 0.00000000000000000000 1.00000000000000000000 2 0 8 120 121 122 282 136 284 285 149 
136 8060 0.347502000 -1.203660000 0.00000000000000000000 1.00000000000000000000 2 0 8 121 122 123 135 137 285 149 150 
137 8061 0.296456000 -1.197840000 0.00000000000000000000 1.00000000000000000000 2 0 8 122 123 124 136 138 149 150 151 
138 8062 0.245677000 -1.190160000 0.00000000000000000000 1.00000000000000000000 2 0 8 123 124 125 137 139 150 151 152 
139 8063 0.195243000 -1.180630000 0.00000000000000000000 1.00000000000000000000 2 0 8 124 125 126 138 140 151 152 153 
140 8064 0.145235000 -1.169260000 0.00000000000000000000 1.00000000000000000000 2 0 8 125 126 127 139 141 152 153 154 
141 8065 0.095731700 -1.156070000 0.00000000000000000000 1.00000000000000000000 2 0 8 126 127 128 140 142 153 154 155 
142 8066 0.046810200 -1.141060000 0.00000000000000000000 1.00000000000000000000 2 0 8 127 128 129 141 143 154 155 156 
143 8067 -0.001451710 -1.124270000 0.00000000000000000000 1.00000000000000000000 2 0 8 128 129 130 142 144 155 156 157 
144 8068 -0.048977500 -1.105710000 0.00000000000000000000 1.00000000000000000000 2 0 8 129 130 131 143 145 156 157 158 
145 8069 -0.095691500 -1.085420000 0.00000000000000000000 1.00000000000000000000 2 0 8 130 131 132 144 146 157 158 159 
146 8070 -0.141519000 -1.063410000 0.00000000000000000000 1.00000000000000000000 2 0 8 131 132 133 145 147 158 159 160 
147 8071 -0.186388000 -1.039730000 0.00000000000000000000 1.00000000000000000000 2 0 8 132 133 134 146 148 159 160 161 
148 8072 -0.230226000 -1.014410000 0.00000000000000000000 1.00000000000000000000 2 0 8 133 134 280 147 283 160 161 286 
149 8073 0.338560000 -1.284970000 0.00000000000000000000 1.00000000000000000000 2 0 8 135 136 137 285 150 287 288 162 
150 8074 0.284553000 -1.278710000 0.00000000000000000000 1.00000000000000000000 2 0 8 136 137 138 149 151 288 162 163 
151 8075 0.230830000 -1.270460000 0.00000000000000000000 1.00000000000000000000 2 0 8 137 138 139 150 152 162 163 164 
152 8076 0.177477000 -1.260240000 0.00000000000000000000 1.00000000000000000000 2 0 8 138 139 140 151 153 163 164 165 
153 8077 0.124576000 -1.248050000 0.00000000000000000000 1.00000000000000000000 2 0 8 139 140 141 152 154 164 165 166 
154 8078 0.072210500 -1.233920000 0.00000000000000000000 1.00000000000000000000 2 0 8 140 141 142 153 155 165 166 167 
155 8079 0.020463500 -1.217860000 0.00000000000000000000 1.00000000000000000000 2 0 8 141 142 143 154 156 166 167 168 
156 8080 -0.030583400 -1.199890000 0.00000000000000000000 1.00000000000000000000 2 0 8 142 143 144 155 157 167 168 169 
157 8081 -0.080849500 -1.180040000 0.00000000000000000000 1.00000000000000000000 2 0 8 143 144 145 156 158 168 169 170 
158 8082 -0.130255000 -1.158340000 0.00000000000000000000 1.00000000000000000000 2 0 8 144 145 146 157 159 169 170 171 
159 8083 -0.178721000 -1.134820000 0.00000000000000000000 1.00000000000000000000 2 0 8 145 146 147 158 160 170 171 172 
160 8084 -0.226171000 -1.109510000 0.00000000000000000000 1.00000000000000000000 2 0 8 146 147 148 159 161 171 172 173 
161 8085 -0.272528000 -1.082450000 0.00000000000000000000 1.00000000000000000000 2 0 8 147 148 283 160 286 172 173 289 
162 8086 0.271844000 -1.364310000 0.00000000000000000000 1.00000000000000000000 2 0 8 149 150 151 288 163 291 292 174 
163 8087 0.214981000 -1.355460000 0.00000000000000000000 1.00000000000000000000 2 0 8 150 151 152 162 164 292 174 175 
164 8088 0.158510000 -1.344510000 0.00000000000000000000 1.00000000000000000000 2 0 8 151 152 153 163 165 174 175 176 
165 8089 0.102521000 -1.331460000 0.00000000000000000000 1.00000000000000000000 2 0 8 152 153 154 164 166 175 176 177 
166 8090 0.047101900 -1.316330000 0.00000000000000000000 1.00000000000000000000 2 0 8 153 154 155 165 167 176 177 178 
167 8091 -0.007660630 -1.299150000 0.00000000000000000000 1.00000000000000000000 2 0 8 154 155 156 166 168 177 178 179 
168 8092 -0.061680000 -1.279940000 0.00000000000000000000 1.00000000000000000000 2 0 8 155 156 157 167 169 178 179 180 
169 8093 -0.114871000 -1.258720000 0.00000000000000000000 1.00000000000000000000 2 0 8 156 157 158 168 170 179 180 181 
170 8094 -0.167149000 -1.235530000 0.00000000000000000000 1.00000000000000000000 2 0 8 157 158 159 169 171 180 181 182 
171 8095 -0.218430000 -1.210410000 0.00000000000000000000 1.00000000000000000000 2 0 8 158 159 160 170 172 181 182 183 
172 8096 -0.268635000 -1.183380000 0.00000000000000000000 1.00000000000000000000 2 0 8 159 160 161 171 173 182 183 184 
173 8097 -0.317681000 -1.154480000 0.00000000000000000000 1.00000000000000000000 2 0 8 160 161 286 172 289 183 184 185 
174 8098 0.198069000 -1.445480000 0.00000000000000000000 1.00000000000000000000 2 0 8 162 163 164 292 175 295 296 186 
175 8099 0.138273000 -1.433750000 0.00000000000000000000 1.00000000000000000000 2 0 8 163 164 165 174 176 296 186 187 
176 8100 0.078990100 -1.419790000 0.00000000000000000000 1.00000000000000000000 2 0 8 164 165 166 175 177 186 187 188 
177 8101 0.020312600 -1.403620000 0.00000000000000000000 1.00000000000000000000 2 0 8 165 166 167 176 178 187 188 189 
178 8102 -0.037666900 -1.385250000 0.00000000000000000000 1.00000000000000000000 2 0 8 166 167 168 177 179 188 189 190 
179 8103 -0.094857200 -1.364720000 0.00000000000000000000 1.00000000000000000000 2 0 8 167 168 169 178 180 189 190 191 
180 8104 -0.151168000 -1.342060000 0.00000000000000000000 1.00000000000000000000 2 0 8 168 169 170 179 181 190 191 192 
181 8105 -0.206510000 -1.317290000 0.00000000000000000000 1.00000000000000000000 2 0 8 169 170 171 180 182 191 192 193 
182 8106 -0.260795000 -1.290460000 0.00000000000000000000 1.00000000000000000000 2 0 8 170 171 172 181 183 192 193 194 
183 8107 -0.313938000 -1.261610000 0.00000000000000000000 1.00000000000000000000 2 0 8 171 172 173 182 184 193 194 195 
184 8108 -0.365853000 -1.230770000 0.00000000000000000000 1.00000000000000000000 2 0 8 172 173 289 183 185 194 195 196 
185 8109 -0.416458000 -1.198000000 0.00000000000000000000 1.00000000000000000000 2 0 8 173 289 290 184 293 195 196 197 
186 8110 0.116691000 -1.528310000 0.00000000000000000000 1.00000000000000000000 2 0 8 174 175 176 296 187 299 300 198 
187 8111 0.053894700 -1.513380000 0.00000000000000000000 1.00000000000000000000 2 0 8 175 176 177 186 188 300 198 199 
188 8112 -0.008257090 -1.496090000 0.00000000000000000000 1.00000000000000000000 2 0 8 176 177 178 187 189 198 199 200 
189 8113 -0.069667000 -1.476470000 0.00000000000000000000 1.00000000000000000000 2 0 8 177 178 179 188 190 199 200 201 
190 8114 -0.130238000 -1.454550000 0.00000000000000000000 1.00000000000000000000 2 0 8 178 179 180 189 191 200 201 202 
191 8115 -0.189876000 -1.430350000 0.00000000000000000000 1.00000000000000000000 2 0 8 179 180 181 190 192 201 202 203 
192 8116 -0.248485000 -1.403920000 0.00000000000000000000 1.00000000000000000000 2 0 8 180 181 182 191 193 202 203 204 
193 8117 -0.305973000 -1.375290000 0.00000000000000000000 1.00000000000000000000 2 0 8 181 182 183 192 194 203 204 205 
194 8118 -0.362248000 -1.344500000 0.00000000000000000000 1.00000000000000000000 2 0 8 182 183 184 193 195 204 205 206 
195 8119 -0.417222000 -1.311600000 0.00000000000000000000 1.00000000000000000000 2 0 8 183 184 185 194 196 205 206 207 
196 8120 -0.470806000 -1.276640000 0.00000000000000000000 1.00000000000000000000 2 0 8 184 185 293 195 197 206 207 208 
197 8121 -0.522916000 -1.239680000 0.00000000000000000000 1.00000000000000000000 2 0 8 185 293 294 196 297 207 208 209 
198 8122 0.027141700 -1.612570000 0.00000000000000000000 1.00000000000000000000 2 0 8 186 187 188 300 199 302 303 210 
199 8123 -0.038713600 -1.594110000 0.00000000000000000000 1.00000000000000000000 2 0 8 187 188 189 198 200 303 210 211 
200 8124 -0.103780000 -1.573160000 0.00000000000000000000 1.00000000000000000000 2 0 8 188 189 190 199 201 210 211 212 
201 8125 -0.167955000 -1.549760000 0.00000000000000000000 1.00000000000000000000 2 0 8 189 190 191 200 202 211 212 213 
202 8126 -0.231139000 -1.523940000 0.00000000000000000000 1.00000000000000000000 2 0 8 190 191 192 201 203 212 213 214 
203 8127 -0.293230000 -1.495740000 0.00000000000000000000 1.00000000000000000000 2 0 8 191 192 193 202 204 213 214 215 
204 8128 -0.354131000 -1.465190000 0.00000000000000000000 1.00000000000000000000 2 0 8 192 193 194 203 205 214 215 216 
205 8129 -0.413746000 -1.432360000 0.00000000000000000000 1.00000000000000000000 2 0 8 193 194 195 204 206 215 216 217 
206 8130 -0.471980000 -1.397270000 0.00000000000000000000 1.00000000000000000000 2 0 8 194 195 196 205 207 216 217 218 
207 8131 -0.528739000 -1.360000000 0.00000000000000000000 1.00000000000000000000 2 0 8 195 196 197 206 208 217 218 219 
208 8132 -0.583935000 -1.320590000 0.00000000000000000000 1.00000000000000000000 2 0 8 196 197 297 207 209 218 219 220 
209 8133 -0.637479000 -1.279100000 0.00000000000000000000 1.00000000000000000000 2 0 8 197 297 298 208 301 219 220 304 
210 8134 -0.071170200 -1.698030000 0.00000000000000000000 1.00000000000000000000 2 0 8 198 199 200 303 211 305 306 221 
211 8135 -0.140133000 -1.675670000 0.00000000000000000000 1.00000000000000000000 2 0 8 199 200 201 210 212 306 221 222 
212 8136 -0.208149000 -1.650700000 0.00000000000000000000 1.00000000000000000000 2 0 8 200 201 202 211 213 221 222 223 
213 8137 -0.275110000 -1.623160000 0.00000000000000000000 1.00000000000000000000 2 0 8 201 202 203 212 214 222 223 224 
214 8138 -0.340912000 -1.593080000 0.00000000000000000000 1.00000000000000000000 2 0 8 202 203 204 213 215 223 224 225 
215 8139 -0.405450000 -1.560510000 0.00000000000000000000 1.00000000000000000000 2 0 8 203 204 205 214 216 224 225 226 
216 8140 -0.468623000 -1.525500000 0.00000000000000000000 1.00000000000000000000 2 0 8 204 205 206 215 217 225 226 227 
217 8141 -0.530330000 -1.488100000 0.00000000000000000000 1.00000000000000000000 2 0 8 205 206 207 216 218 226 227 228 
218 8142 -0.590473000 -1.448370000 0.00000000000000000000 1.00000000000000000000 2 0 8 206 207 208 217 219 227 228 229 
219 8143 -0.648957000 -1.406370000 0.00000000000000000000 1.00000000000000000000 2 0 8 207 208 209 218 220 228 229 307 
220 8144 -0.705689000 -1.362160000 0.00000000000000000000 1.00000000000000000000 2 0 8 208 209 301 219 304 229 307 308 
221 8145 -0.178861000 -1.784380000 0.00000000000000000000 1.00000000000000000000 2 0 8 210 211 212 306 222 309 310 230 
222 8146 -0.250968000 -1.757750000 0.00000000000000000000 1.00000000000000000000 2 0 8 211 212 213 221 223 310 230 231 
223 8147 -0.321954000 -1.728380000 0.00000000000000000000 1.00000000000000000000 2 0 8 212 213 214 222 224 230 231 232 
224 8148 -0.391708000 -1.696320000 0.00000000000000000000 1.00000000000000000000 2 0 8 213 214 215 223 225 231 232 233 
225 8149 -0.460121000 -1.661600000 0.00000000000000000000 1.00000000000000000000 2 0 8 214 215 216 224 226 232 233 234 
226 8150 -0.527084000 -1.624290000 0.00000000000000000000 1.00000000000000000000 2 0 8 215 216 217 225 227 233 234 235 
227 8151 -0.592490000 -1.584430000 0.00000000000000000000 1.00000000000000000000 2 0 8 216 217 218 226 228 234 235 236 
228 8152 -0.656238000 -1.542100000 0.00000000000000000000 1.00000000000000000000 2 0 8 217 218 219 227 229 235 236 311 
229 8153 -0.718224000 -1.497350000 0.00000000000000000000 1.00000000000000000000 2 0 8 218 219 220 228 307 236 311 312 
230 8154 -0.296572000 -1.871310000 0.00000000000000000000 1.00000000000000000000 2 0 8 221 222 223 310 231 313 314 315 
231 8155 -0.371844000 -1.840000000 0.00000000000000000000 1.00000000000000000000 2 0 8 222 223 224 230 232 314 315 316 
232 8156 -0.445808000 -1.805830000 0.00000000000000000000 1.00000000000000000000 2 0 8 223 224 225 231 233 315 316 317 
233 8157 -0.518346000 -1.768830000 0.00000000000000000000 1.00000000000000000000 2 0 8 224 225 226 232 234 316 317 318 
234 8158 -0.589345000 -1.729080000 0.00000000000000000000 1.00000000000000000000 2 0 8 225 226 227 233 235 317 318 237 
235 8159 -0.658692000 -1.686620000 0.00000000000000000000 1.00000000000000000000 2 0 8 226 227 228 234 236 318 237 319 
236 8160 -0.726277000 -1.641520000 0.00000000000000000000 1.00000000000000000000 2 0 8 227 228 229 235 311 237 319 320 
237 8161 -0.729181000 -1.795040000 0.00000000000000000000 1.00000000000000000000 2 0 8 234 235 236 318 319 321 322 323 
238 7627 0.264575 -0.441336 2 0
239 7628 0.239396 -0.435306 2 0
240 7414 0.21459 -0.42857 2 0
241 7415 0.190197 -0.421136 2 0
242 7416 0.166256 -0.413012 2 0
243 7641 0.280999 -0.486606 2 0
244 7642 0.254385 -0.480736 2 0
245 7426 0.15182 -0.449608 2 0
246 7427 0.127357 -0.439963 2 0
247 7653 0.299231 -0.533956 2 0
248 7654 0.271101 -0.528353 2 0
249 7433 0.110547 -0.47733 2 0
250 7434 0.0855624 -0.466028 2 0
251 7663 0.319533 -0.583404 2 0
252 7664 0.289801 -0.578185 2 0
253 7438 0.0661642 -0.504169 2 0
254 7439 0.0406639 -0.491067 2 0
255 7671 0.342179 -0.634965 2 0
256 7672 0.310758 -0.630254 2 0
257 7441 0.0184544 -0.529972 2 0
258 7677 0.367462 -0.688647 2 0
259 7678 0.334264 -0.684576 2 0
260 7720 -0.00551572 -0.570822 2 0
261 7679 0.466118 -0.747542 2 0
262 7680 0.430874 -0.746577 2 0
263 7681 0.395691 -0.744451 2 0
264 7682 0.360625 -0.741164 2 0
265 7732 -0.0313362 -0.613766 2 0
266 5920 0.464285 -0.803468 2 0
267 7745 -0.0591036 -0.658964 2 0
268 5935 0.501401 -0.862283 2 0
269 5936 0.462313 -0.862374 2 0
270 7759 -0.0889218 -0.706582 2 0
271 5950 0.501414 -0.924441 2 0
272 7773 -0.120902 -0.756795 2 0
273 5962 0.544881 -0.988521 2 0
274 5963 0.501425 -0.990029 2 0
275 7787 -0.155164 -0.809791 2 0
276 5974 0.547335 -1.05774 2 0
277 7802 -0.191835 -0.865765 2 0
278 8164 0.549959 -1.13088 2 0
279 8165 0.50144 -1.13249 2 0
280 7818 -0.231052 -0.924924 2 0
281 8170 0.501445 -1.20989 2 0
282 8171 0.450076 -1.20968 2 0
283 7835 -0.272962 -0.987488 2 0
284 8182 0.447092 -1.2915 2 0
285 8183 0.392768 -1.28923 2 0
286 7853 -0.317719 -1.05369 2 0
287 8195 0.386395 -1.37564 2 0
288 8196 0.329012 -1.37104 2 0
289 7872 -0.365492 -1.12377 2 0
290 7873 -0.41199 -1.09129 2 0
291 8210 0.318824 -1.4622 2 0
292 8211 0.258284 -1.45497 2 0
293 7890 -0.465672 -1.16334 2 0
294 7891 -0.513416 -1.12684 2 0
295 8227 0.243821 -1.55103 2 0
296 8228 0.180033 -1.54086 2 0
297 7906 -0.573467 -1.20076 2 0
298 7907 -0.62238 -1.15995 2 0
299 8245 0.160804 -1.64196 2 0
300 8246 0.0936824 -1.62853 2 0
301 7920 -0.689285 -1.2356 2 0
302 8263 0.0691623 -1.73479 2 0
303 8264 -0.00136865 -1.71774 2 0
304 8891 -0.760578 -1.31581 2 0
305 8281 -0.0317423 -1.82927 2 0
306 8282 -0.105748 -1.80824 2 0
307 8905 -0.778351 -1.45025 2 0
308 8906 -0.836524 -1.40087 2 0
309 8299 -0.142575 -1.92514 2 0
310 8300 -0.220109 -1.89971 2 0
311 8921 -0.791993 -1.59386 2 0
312 8922 -0.855737 -1.54369 2 0
313 8317 -0.264029 -2.02207 2 0
314 8645 -0.345131 -1.9918 2 0
315 8646 -0.424967 -1.95844 2 0
316 8647 -0.503412 -1.92202 2 0
317 8648 -0.580343 -1.88261 2 0
318 8649 -0.655639 -1.84026 2 0
319 8939 -0.800852 -1.74701 2 0
320 8940 -0.870539 -1.69625 2 0
321 8655 -0.726213 -1.95826 2 0
322 8656 -0.804219 -1.9101 2 0
323 8958 -0.88024 -1.85896 2 0
