303 241 62
1 6228 4.047910000 -0.000068302 0.00000000000000000000 1.00000000000000000000 2 0 8 247 242 243 251 2 10 5 6 
2 6229 4.045180000 -0.137954000 0.00000000000000000000 1.00000000000000000000 2 0 8 242 243 244 1 3 5 6 7 
3 6230 4.037010000 -0.275631000 0.00000000000000000000 1.00000000000000000000 2 0 8 243 244 245 2 4 6 7 8 
4 6231 4.023420000 -0.412888000 0.00000000000000000000 1.00000000000000000000 2 0 8 244 245 246 3 248 7 8 9 
5 6232 4.269940000 -0.000069460 0.00000000000000000000 1.00000000000000000000 2 0 8 251 1 2 10 6 19 11 12 
6 6233 4.267040000 -0.146760000 0.00000000000000000000 1.00000000000000000000 2 0 8 1 2 3 5 7 11 12 13 
7 6234 4.258370000 -0.293226000 0.00000000000000000000 1.00000000000000000000 2 0 8 2 3 4 6 8 12 13 14 
8 6235 4.243920000 -0.439246000 0.00000000000000000000 1.00000000000000000000 2 0 8 3 4 248 7 9 13 14 15 
9 6236 4.223720000 -0.584598000 0.00000000000000000000 1.00000000000000000000 2 0 8 4 248 249 8 252 14 15 16 
10 6237 4.267050000 0.146621000 0.00000000000000000000 1.00000000000000000000 2 0 8 250 251 1 256 5 18 19 11 
11 6238 4.506090000 -0.000070280 0.00000000000000000000 1.00000000000000000000 2 0 8 10 5 6 19 12 30 20 21 
12 6239 4.503010000 -0.156114000 0.00000000000000000000 1.00000000000000000000 2 0 8 5 6 7 11 13 20 21 22 
13 6240 4.493780000 -0.311921000 0.00000000000000000000 1.00000000000000000000 2 0 8 6 7 8 12 14 21 22 23 
14 6241 4.478420000 -0.467252000 0.00000000000000000000 1.00000000000000000000 2 0 8 7 8 9 13 15 22 23 24 
15 6242 4.456960000 -0.621871000 0.00000000000000000000 1.00000000000000000000 2 0 8 8 9 252 14 16 23 24 25 
16 6243 4.429410000 -0.775542000 0.00000000000000000000 1.00000000000000000000 2 0 8 9 252 253 15 257 24 25 26 
17 6244 4.478440000 0.467113000 0.00000000000000000000 1.00000000000000000000 2 0 8 254 255 256 260 18 27 28 29 
18 6245 4.493790000 0.311782000 0.00000000000000000000 1.00000000000000000000 2 0 8 255 256 10 17 19 28 29 30 
19 6246 4.503010000 0.155975000 0.00000000000000000000 1.00000000000000000000 2 0 8 256 10 5 18 11 29 30 20 
20 6247 4.757230000 -0.000070714 0.00000000000000000000 1.00000000000000000000 2 0 8 19 11 12 30 21 42 31 32 
21 6248 4.753960000 -0.166054000 0.00000000000000000000 1.00000000000000000000 2 0 8 11 12 13 20 22 31 32 33 
22 6249 4.744150000 -0.331785000 0.00000000000000000000 1.00000000000000000000 2 0 8 12 13 14 21 23 32 33 34 
23 6250 4.727820000 -0.497009000 0.00000000000000000000 1.00000000000000000000 2 0 8 13 14 15 22 24 33 34 35 
24 6251 4.705000000 -0.661475000 0.00000000000000000000 1.00000000000000000000 2 0 8 14 15 16 23 25 34 35 36 
25 6252 4.675720000 -0.824931000 0.00000000000000000000 1.00000000000000000000 2 0 8 15 16 257 24 26 35 36 37 
26 6253 4.640020000 -0.987130000 0.00000000000000000000 1.00000000000000000000 2 0 8 16 257 258 25 261 36 37 38 
27 6254 4.705020000 0.661336000 0.00000000000000000000 1.00000000000000000000 2 0 8 259 260 17 263 28 266 39 40 
28 6255 4.727830000 0.496869000 0.00000000000000000000 1.00000000000000000000 2 0 8 260 17 18 27 29 39 40 41 
29 6256 4.744160000 0.331644000 0.00000000000000000000 1.00000000000000000000 2 0 8 17 18 19 28 30 40 41 42 
30 6257 4.753960000 0.165914000 0.00000000000000000000 1.00000000000000000000 2 0 8 18 19 11 29 20 41 42 31 
31 6258 5.024300000 -0.000070709 0.00000000000000000000 1.00000000000000000000 2 0 8 30 20 21 42 32 55 43 44 
32 6259 5.020820000 -0.176616000 0.00000000000000000000 1.00000000000000000000 2 0 8 20 21 22 31 33 43 44 45 
33 6260 5.010390000 -0.352892000 0.00000000000000000000 1.00000000000000000000 2 0 8 21 22 23 32 34 44 45 46 
34 6261 4.993040000 -0.528629000 0.00000000000000000000 1.00000000000000000000 2 0 8 22 23 24 33 35 45 46 47 
35 6262 4.968780000 -0.703559000 0.00000000000000000000 1.00000000000000000000 2 0 8 23 24 25 34 36 46 47 48 
36 6263 4.937650000 -0.877414000 0.00000000000000000000 1.00000000000000000000 2 0 8 24 25 26 35 37 47 48 49 
37 6264 4.899700000 -1.049930000 0.00000000000000000000 1.00000000000000000000 2 0 8 25 26 261 36 38 48 49 50 
38 6265 4.854990000 -1.220840000 0.00000000000000000000 1.00000000000000000000 2 0 8 26 261 262 37 264 49 50 51 
39 6266 4.968800000 0.703421000 0.00000000000000000000 1.00000000000000000000 2 0 8 263 27 28 266 40 269 52 53 
40 6267 4.993050000 0.528490000 0.00000000000000000000 1.00000000000000000000 2 0 8 27 28 29 39 41 52 53 54 
41 6268 5.010400000 0.352752000 0.00000000000000000000 1.00000000000000000000 2 0 8 28 29 30 40 42 53 54 55 
42 6269 5.020820000 0.176476000 0.00000000000000000000 1.00000000000000000000 2 0 8 29 30 20 41 31 54 55 43 
43 6270 5.308300000 -0.000070209 0.00000000000000000000 1.00000000000000000000 2 0 8 42 31 32 55 44 69 56 57 
44 6271 5.304600000 -0.187840000 0.00000000000000000000 1.00000000000000000000 2 0 8 31 32 33 43 45 56 57 58 
45 6272 5.293520000 -0.375323000 0.00000000000000000000 1.00000000000000000000 2 0 8 32 33 34 44 46 57 58 59 
46 6273 5.275070000 -0.562232000 0.00000000000000000000 1.00000000000000000000 2 0 8 33 34 35 45 47 58 59 60 
47 6274 5.249280000 -0.748281000 0.00000000000000000000 1.00000000000000000000 2 0 8 34 35 36 46 48 59 60 61 
48 6275 5.216180000 -0.933188000 0.00000000000000000000 1.00000000000000000000 2 0 8 35 36 37 47 49 60 61 62 
49 6276 5.175840000 -1.116670000 0.00000000000000000000 1.00000000000000000000 2 0 8 36 37 38 48 50 61 62 63 
50 6277 5.128310000 -1.298440000 0.00000000000000000000 1.00000000000000000000 2 0 8 37 38 264 49 51 62 63 64 
51 6278 5.073660000 -1.478230000 0.00000000000000000000 1.00000000000000000000 2 0 8 38 264 265 50 267 63 64 65 
52 6279 5.249300000 0.748144000 0.00000000000000000000 1.00000000000000000000 2 0 8 266 39 40 269 53 272 66 67 
53 6280 5.275080000 0.562093000 0.00000000000000000000 1.00000000000000000000 2 0 8 39 40 41 52 54 66 67 68 
54 6281 5.293530000 0.375184000 0.00000000000000000000 1.00000000000000000000 2 0 8 40 41 42 53 55 67 68 69 
55 6282 5.304610000 0.187700000 0.00000000000000000000 1.00000000000000000000 2 0 8 41 42 31 54 43 68 69 56 
56 6283 5.610300000 -0.000069156 0.00000000000000000000 1.00000000000000000000 2 0 8 55 43 44 69 57 84 70 71 
57 6284 5.606370000 -0.199768000 0.00000000000000000000 1.00000000000000000000 2 0 8 43 44 45 56 58 70 71 72 
58 6285 5.594580000 -0.399161000 0.00000000000000000000 1.00000000000000000000 2 0 8 44 45 46 57 59 71 72 73 
59 6286 5.574970000 -0.597943000 0.00000000000000000000 1.00000000000000000000 2 0 8 45 46 47 58 60 72 73 74 
60 6287 5.547550000 -0.795811000 0.00000000000000000000 1.00000000000000000000 2 0 8 46 47 48 59 61 73 74 75 
61 6288 5.512360000 -0.992462000 0.00000000000000000000 1.00000000000000000000 2 0 8 47 48 49 60 62 74 75 76 
62 6289 5.469470000 -1.187590000 0.00000000000000000000 1.00000000000000000000 2 0 8 48 49 50 61 63 75 76 77 
63 6290 5.418940000 -1.380910000 0.00000000000000000000 1.00000000000000000000 2 0 8 49 50 51 62 64 76 77 78 
64 6291 5.360840000 -1.572110000 0.00000000000000000000 1.00000000000000000000 2 0 8 50 51 267 63 65 77 78 79 
65 6292 5.295270000 -1.760910000 0.00000000000000000000 1.00000000000000000000 2 0 8 51 267 268 64 270 78 79 80 
66 6293 5.547560000 0.795676000 0.00000000000000000000 1.00000000000000000000 2 0 8 269 52 53 272 67 275 81 82 
67 6294 5.574980000 0.597807000 0.00000000000000000000 1.00000000000000000000 2 0 8 52 53 54 66 68 81 82 83 
68 6295 5.594590000 0.399024000 0.00000000000000000000 1.00000000000000000000 2 0 8 53 54 55 67 69 82 83 84 
69 6296 5.606370000 0.199630000 0.00000000000000000000 1.00000000000000000000 2 0 8 54 55 43 68 56 83 84 70 
70 6297 5.931420000 -0.000067485 0.00000000000000000000 1.00000000000000000000 2 0 8 69 56 57 84 71 99 85 86 
71 6298 5.927230000 -0.212444000 0.00000000000000000000 1.00000000000000000000 2 0 8 56 57 58 70 72 85 86 87 
72 6299 5.914710000 -0.424496000 0.00000000000000000000 1.00000000000000000000 2 0 8 57 58 59 71 73 86 87 88 
73 6300 5.893850000 -0.635898000 0.00000000000000000000 1.00000000000000000000 2 0 8 58 59 60 72 74 87 88 89 
74 6301 5.864700000 -0.846326000 0.00000000000000000000 1.00000000000000000000 2 0 8 59 60 61 73 75 88 89 90 
75 6302 5.827300000 -1.055460000 0.00000000000000000000 1.00000000000000000000 2 0 8 60 61 62 74 76 89 90 91 
76 6303 5.781700000 -1.262980000 0.00000000000000000000 1.00000000000000000000 2 0 8 61 62 63 75 77 90 91 92 
77 6304 5.727980000 -1.468560000 0.00000000000000000000 1.00000000000000000000 2 0 8 62 63 64 76 78 91 92 93 
78 6305 5.666210000 -1.671890000 0.00000000000000000000 1.00000000000000000000 2 0 8 63 64 65 77 79 92 93 94 
79 6306 5.596500000 -1.872670000 0.00000000000000000000 1.00000000000000000000 2 0 8 64 65 270 78 80 93 94 95 
80 6307 5.518940000 -2.070570000 0.00000000000000000000 1.00000000000000000000 2 0 8 65 270 271 79 273 94 95 96 
81 6308 5.864720000 0.846195000 0.00000000000000000000 1.00000000000000000000 2 0 8 272 66 67 275 82 278 279 97 
82 6309 5.893870000 0.635765000 0.00000000000000000000 1.00000000000000000000 2 0 8 66 67 68 81 83 279 97 98 
83 6310 5.914720000 0.424363000 0.00000000000000000000 1.00000000000000000000 2 0 8 67 68 69 82 84 97 98 99 
84 6311 5.927240000 0.212310000 0.00000000000000000000 1.00000000000000000000 2 0 8 68 69 56 83 70 98 99 85 
85 6312 6.272850000 -0.000065130 0.00000000000000000000 1.00000000000000000000 2 0 8 84 70 71 99 86 115 100 101 
86 6313 6.268410000 -0.225918000 0.00000000000000000000 1.00000000000000000000 2 0 8 70 71 72 85 87 100 101 102 
87 6314 6.255090000 -0.451424000 0.00000000000000000000 1.00000000000000000000 2 0 8 71 72 73 86 88 101 102 103 
88 6315 6.232920000 -0.676239000 0.00000000000000000000 1.00000000000000000000 2 0 8 72 73 74 87 89 102 103 104 
89 6316 6.201930000 -0.900018000 0.00000000000000000000 1.00000000000000000000 2 0 8 73 74 75 88 90 103 104 105 
90 6317 6.162160000 -1.122420000 0.00000000000000000000 1.00000000000000000000 2 0 8 74 75 76 89 91 104 105 106 
91 6318 6.113680000 -1.343100000 0.00000000000000000000 1.00000000000000000000 2 0 8 75 76 77 90 92 105 106 107 
92 6319 6.056570000 -1.561720000 0.00000000000000000000 1.00000000000000000000 2 0 8 76 77 78 91 93 106 107 108 
93 6320 5.990900000 -1.777950000 0.00000000000000000000 1.00000000000000000000 2 0 8 77 78 79 92 94 107 108 109 
94 6321 5.916790000 -1.991450000 0.00000000000000000000 1.00000000000000000000 2 0 8 78 79 80 93 95 108 109 110 
95 6322 5.834330000 -2.201910000 0.00000000000000000000 1.00000000000000000000 2 0 8 79 80 273 94 96 109 110 111 
96 6323 5.743660000 -2.408980000 0.00000000000000000000 1.00000000000000000000 2 0 8 80 273 274 95 276 110 111 112 
97 6324 6.232930000 0.676111000 0.00000000000000000000 1.00000000000000000000 2 0 8 81 82 83 279 98 281 113 114 
98 6325 6.255100000 0.451295000 0.00000000000000000000 1.00000000000000000000 2 0 8 82 83 84 97 99 113 114 115 
99 6326 6.268410000 0.225788000 0.00000000000000000000 1.00000000000000000000 2 0 8 83 84 70 98 85 114 115 100 
100 6327 6.635890000 -0.000062018 0.00000000000000000000 1.00000000000000000000 2 0 8 99 85 86 115 101 131 116 117 
101 6328 6.631170000 -0.240239000 0.00000000000000000000 1.00000000000000000000 2 0 8 85 86 87 100 102 116 117 118 
102 6329 6.617010000 -0.480047000 0.00000000000000000000 1.00000000000000000000 2 0 8 86 87 88 101 103 117 118 119 
103 6330 6.593430000 -0.719119000 0.00000000000000000000 1.00000000000000000000 2 0 8 87 88 89 102 104 118 119 120 
104 6331 6.560480000 -0.957089000 0.00000000000000000000 1.00000000000000000000 2 0 8 88 89 90 103 105 119 120 121 
105 6332 6.518210000 -1.193590000 0.00000000000000000000 1.00000000000000000000 2 0 8 89 90 91 104 106 120 121 122 
106 6333 6.466670000 -1.428260000 0.00000000000000000000 1.00000000000000000000 2 0 8 90 91 92 105 107 121 122 123 
107 6334 6.405950000 -1.660740000 0.00000000000000000000 1.00000000000000000000 2 0 8 91 92 93 106 108 122 123 124 
108 6335 6.336130000 -1.890680000 0.00000000000000000000 1.00000000000000000000 2 0 8 92 93 94 107 109 123 124 125 
109 6336 6.257330000 -2.117710000 0.00000000000000000000 1.00000000000000000000 2 0 8 93 94 95 108 110 124 125 126 
110 6337 6.169670000 -2.341500000 0.00000000000000000000 1.00000000000000000000 2 0 8 94 95 96 109 111 125 126 127 
111 6338 6.073280000 -2.561700000 0.00000000000000000000 1.00000000000000000000 2 0 8 95 96 276 110 112 126 127 128 
112 6339 5.968300000 -2.777960000 0.00000000000000000000 1.00000000000000000000 2 0 8 96 276 277 111 280 127 128 282 
113 6340 6.593450000 0.718997000 0.00000000000000000000 1.00000000000000000000 2 0 8 279 97 98 281 114 283 129 130 
114 6341 6.617010000 0.479924000 0.00000000000000000000 1.00000000000000000000 2 0 8 97 98 99 113 115 129 130 131 
115 6342 6.631170000 0.240115000 0.00000000000000000000 1.00000000000000000000 2 0 8 98 99 85 114 100 130 131 116 
116 6343 7.021880000 -0.000058075 0.00000000000000000000 1.00000000000000000000 2 0 8 115 100 101 131 117 147 132 133 
117 6344 7.016860000 -0.255461000 0.00000000000000000000 1.00000000000000000000 2 0 8 100 101 102 116 118 132 133 134 
118 6345 7.001810000 -0.510472000 0.00000000000000000000 1.00000000000000000000 2 0 8 101 102 103 117 119 133 134 135 
119 6346 6.976740000 -0.764700000 0.00000000000000000000 1.00000000000000000000 2 0 8 102 103 104 118 120 134 135 136 
120 6347 6.941710000 -1.017750000 0.00000000000000000000 1.00000000000000000000 2 0 8 103 104 105 119 121 135 136 137 
121 6348 6.896770000 -1.269250000 0.00000000000000000000 1.00000000000000000000 2 0 8 104 105 106 120 122 136 137 138 
122 6349 6.841970000 -1.518790000 0.00000000000000000000 1.00000000000000000000 2 0 8 105 106 107 121 123 137 138 139 
123 6350 6.777410000 -1.766010000 0.00000000000000000000 1.00000000000000000000 2 0 8 106 107 108 122 124 138 139 140 
124 6351 6.703190000 -2.010510000 0.00000000000000000000 1.00000000000000000000 2 0 8 107 108 109 123 125 139 140 141 
125 6352 6.619420000 -2.251930000 0.00000000000000000000 1.00000000000000000000 2 0 8 108 109 110 124 126 140 141 142 
126 6353 6.526220000 -2.489890000 0.00000000000000000000 1.00000000000000000000 2 0 8 109 110 111 125 127 141 142 143 
127 6354 6.423740000 -2.724030000 0.00000000000000000000 1.00000000000000000000 2 0 8 110 111 112 126 128 142 143 144 
128 6355 6.312130000 -2.953990000 0.00000000000000000000 1.00000000000000000000 2 0 8 111 112 280 127 282 143 144 284 
129 6356 6.976760000 0.764586000 0.00000000000000000000 1.00000000000000000000 2 0 8 281 113 114 283 130 285 145 146 
130 6357 7.001810000 0.510357000 0.00000000000000000000 1.00000000000000000000 2 0 8 113 114 115 129 131 145 146 147 
131 6358 7.016860000 0.255346000 0.00000000000000000000 1.00000000000000000000 2 0 8 114 115 100 130 116 146 147 132 
132 6359 7.432280000 -0.000053221 0.00000000000000000000 1.00000000000000000000 2 0 8 131 116 117 147 133 163 148 149 
133 6360 7.426940000 -0.271643000 0.00000000000000000000 1.00000000000000000000 2 0 8 116 117 118 132 134 148 149 150 
134 6361 7.410930000 -0.542815000 0.00000000000000000000 1.00000000000000000000 2 0 8 117 118 119 133 135 149 150 151 
135 6362 7.384290000 -0.813154000 0.00000000000000000000 1.00000000000000000000 2 0 8 118 119 120 134 136 150 151 152 
136 6363 7.347040000 -1.082240000 0.00000000000000000000 1.00000000000000000000 2 0 8 119 120 121 135 137 151 152 153 
137 6364 7.299250000 -1.349670000 0.00000000000000000000 1.00000000000000000000 2 0 8 120 121 122 136 138 152 153 154 
138 6365 7.241000000 -1.615030000 0.00000000000000000000 1.00000000000000000000 2 0 8 121 122 123 137 139 153 154 155 
139 6366 7.172360000 -1.877900000 0.00000000000000000000 1.00000000000000000000 2 0 8 122 123 124 138 140 154 155 156 
140 6367 7.093450000 -2.137890000 0.00000000000000000000 1.00000000000000000000 2 0 8 123 124 125 139 141 155 156 157 
141 6368 7.004380000 -2.394600000 0.00000000000000000000 1.00000000000000000000 2 0 8 124 125 126 140 142 156 157 158 
142 6369 6.905290000 -2.647630000 0.00000000000000000000 1.00000000000000000000 2 0 8 125 126 127 141 143 157 158 159 
143 6370 6.796340000 -2.896600000 0.00000000000000000000 1.00000000000000000000 2 0 8 126 127 128 142 144 158 159 160 
144 6371 6.677690000 -3.141110000 0.00000000000000000000 1.00000000000000000000 2 0 8 127 128 282 143 284 159 160 286 
145 6372 7.384300000 0.813049000 0.00000000000000000000 1.00000000000000000000 2 0 8 283 129 130 285 146 287 161 162 
146 6373 7.410940000 0.542710000 0.00000000000000000000 1.00000000000000000000 2 0 8 129 130 131 145 147 161 162 163 
147 6374 7.426940000 0.271537000 0.00000000000000000000 1.00000000000000000000 2 0 8 130 131 116 146 132 162 163 148 
148 6375 7.868600000 -0.000047373 0.00000000000000000000 1.00000000000000000000 2 0 8 147 132 133 163 149 179 164 165 
149 6376 7.862920000 -0.288845000 0.00000000000000000000 1.00000000000000000000 2 0 8 132 133 134 148 150 164 165 166 
150 6377 7.845910000 -0.577198000 0.00000000000000000000 1.00000000000000000000 2 0 8 133 134 135 149 151 165 166 167 
151 6378 7.817580000 -0.864664000 0.00000000000000000000 1.00000000000000000000 2 0 8 134 135 136 150 152 166 167 168 
152 6379 7.777980000 -1.150800000 0.00000000000000000000 1.00000000000000000000 2 0 8 135 136 137 151 153 167 168 169 
153 6380 7.727170000 -1.435170000 0.00000000000000000000 1.00000000000000000000 2 0 8 136 137 138 152 154 168 169 170 
154 6381 7.665230000 -1.717340000 0.00000000000000000000 1.00000000000000000000 2 0 8 137 138 139 153 155 169 170 171 
155 6382 7.592260000 -1.996860000 0.00000000000000000000 1.00000000000000000000 2 0 8 138 139 140 154 156 170 171 172 
156 6383 7.508360000 -2.273320000 0.00000000000000000000 1.00000000000000000000 2 0 8 139 140 141 155 157 171 172 173 
157 6384 7.413670000 -2.546280000 0.00000000000000000000 1.00000000000000000000 2 0 8 140 141 142 156 158 172 173 174 
158 6385 7.308320000 -2.815330000 0.00000000000000000000 1.00000000000000000000 2 0 8 141 142 143 157 159 173 174 175 
159 6386 7.192480000 -3.080050000 0.00000000000000000000 1.00000000000000000000 2 0 8 142 143 144 158 160 174 175 176 
160 6387 7.066340000 -3.340040000 0.00000000000000000000 1.00000000000000000000 2 0 8 143 144 284 159 286 175 176 288 
161 6388 7.817590000 0.864571000 0.00000000000000000000 1.00000000000000000000 2 0 8 285 145 146 287 162 289 177 178 
162 6389 7.845910000 0.577104000 0.00000000000000000000 1.00000000000000000000 2 0 8 145 146 147 161 163 177 178 179 
163 6390 7.862930000 0.288750000 0.00000000000000000000 1.00000000000000000000 2 0 8 146 147 132 162 148 178 179 164 
164 6391 8.332490000 -0.000040442 0.00000000000000000000 1.00000000000000000000 2 0 8 163 148 149 179 165 194 180 181 
165 6392 8.326450000 -0.307132000 0.00000000000000000000 1.00000000000000000000 2 0 8 148 149 150 164 166 180 181 182 
166 6393 8.308360000 -0.613752000 0.00000000000000000000 1.00000000000000000000 2 0 8 149 150 151 165 167 181 182 183 
167 6394 8.278240000 -0.919427000 0.00000000000000000000 1.00000000000000000000 2 0 8 150 151 152 166 168 182 183 184 
168 6395 8.236140000 -1.223690000 0.00000000000000000000 1.00000000000000000000 2 0 8 151 152 153 167 169 183 184 185 
169 6396 8.182120000 -1.526070000 0.00000000000000000000 1.00000000000000000000 2 0 8 152 153 154 168 170 184 185 186 
170 6397 8.116270000 -1.826100000 0.00000000000000000000 1.00000000000000000000 2 0 8 153 154 155 169 171 185 186 187 
171 6398 8.038680000 -2.123330000 0.00000000000000000000 1.00000000000000000000 2 0 8 154 155 156 170 172 186 187 188 
172 6399 7.949480000 -2.417290000 0.00000000000000000000 1.00000000000000000000 2 0 8 155 156 157 171 173 187 188 189 
173 6400 7.848800000 -2.707530000 0.00000000000000000000 1.00000000000000000000 2 0 8 156 157 158 172 174 188 189 190 
174 6401 7.736800000 -2.993610000 0.00000000000000000000 1.00000000000000000000 2 0 8 157 158 159 173 175 189 190 191 
175 6402 7.613650000 -3.275080000 0.00000000000000000000 1.00000000000000000000 2 0 8 158 159 160 174 176 190 191 290 
176 6403 7.479530000 -3.551520000 0.00000000000000000000 1.00000000000000000000 2 0 8 159 160 286 175 288 191 290 291 
177 6404 8.278250000 0.919348000 0.00000000000000000000 1.00000000000000000000 2 0 8 287 161 162 289 178 293 192 193 
178 6405 8.308370000 0.613672000 0.00000000000000000000 1.00000000000000000000 2 0 8 161 162 163 177 179 192 193 194 
179 6406 8.326460000 0.307052000 0.00000000000000000000 1.00000000000000000000 2 0 8 162 163 148 178 164 193 194 180 
180 6407 8.825670000 -0.000032338 0.00000000000000000000 1.00000000000000000000 2 0 8 179 164 165 194 181 209 195 196 
181 6408 8.819260000 -0.326575000 0.00000000000000000000 1.00000000000000000000 2 0 8 164 165 166 180 182 195 196 197 
182 6409 8.800020000 -0.652615000 0.00000000000000000000 1.00000000000000000000 2 0 8 165 166 167 181 183 196 197 198 
183 6410 8.768000000 -0.977651000 0.00000000000000000000 1.00000000000000000000 2 0 8 166 167 168 182 184 197 198 199 
184 6411 8.723240000 -1.301180000 0.00000000000000000000 1.00000000000000000000 2 0 8 167 168 169 183 185 198 199 200 
185 6412 8.665800000 -1.622710000 0.00000000000000000000 1.00000000000000000000 2 0 8 168 169 170 184 186 199 200 201 
186 6413 8.595790000 -1.941740000 0.00000000000000000000 1.00000000000000000000 2 0 8 169 170 171 185 187 200 201 202 
187 6414 8.513300000 -2.257790000 0.00000000000000000000 1.00000000000000000000 2 0 8 170 171 172 186 188 201 202 203 
188 6415 8.418460000 -2.570360000 0.00000000000000000000 1.00000000000000000000 2 0 8 171 172 173 187 189 202 203 204 
189 6416 8.311420000 -2.878970000 0.00000000000000000000 1.00000000000000000000 2 0 8 172 173 174 188 190 203 204 205 
190 6417 8.192330000 -3.183150000 0.00000000000000000000 1.00000000000000000000 2 0 8 173 174 175 189 191 204 205 294 
191 6418 8.061400000 -3.482440000 0.00000000000000000000 1.00000000000000000000 2 0 8 174 175 176 190 290 205 294 295 
192 6419 8.768010000 0.977587000 0.00000000000000000000 1.00000000000000000000 2 0 8 289 177 178 293 193 206 207 208 
193 6420 8.800030000 0.652551000 0.00000000000000000000 1.00000000000000000000 2 0 8 177 178 179 192 194 207 208 209 
194 6421 8.819260000 0.326511000 0.00000000000000000000 1.00000000000000000000 2 0 8 178 179 164 193 180 208 209 195 
195 6422 9.350000000 -0.000022964 0.00000000000000000000 1.00000000000000000000 2 0 8 194 180 181 209 196 224 210 211 
196 6423 9.343170000 -0.347247000 0.00000000000000000000 1.00000000000000000000 2 0 8 180 181 182 195 197 210 211 212 
197 6424 9.322720000 -0.693936000 0.00000000000000000000 1.00000000000000000000 2 0 8 181 182 183 196 198 211 212 213 
198 6425 9.288680000 -1.039560000 0.00000000000000000000 1.00000000000000000000 2 0 8 182 183 184 197 199 212 213 214 
199 6426 9.241080000 -1.383580000 0.00000000000000000000 1.00000000000000000000 2 0 8 183 184 185 198 200 213 214 215 
200 6427 9.180020000 -1.725460000 0.00000000000000000000 1.00000000000000000000 2 0 8 184 185 186 199 201 214 215 216 
201 6428 9.105580000 -2.064700000 0.00000000000000000000 1.00000000000000000000 2 0 8 185 186 187 200 202 215 216 217 
202 6429 9.017870000 -2.400750000 0.00000000000000000000 1.00000000000000000000 2 0 8 186 187 188 201 203 216 217 218 
203 6430 8.917040000 -2.733110000 0.00000000000000000000 1.00000000000000000000 2 0 8 187 188 189 202 204 217 218 219 
204 6431 8.803230000 -3.061250000 0.00000000000000000000 1.00000000000000000000 2 0 8 188 189 190 203 205 218 219 220 
205 6432 8.676620000 -3.384690000 0.00000000000000000000 1.00000000000000000000 2 0 8 189 190 191 204 294 219 220 298 
206 6433 9.241090000 1.383530000 0.00000000000000000000 1.00000000000000000000 2 0 8 292 293 192 297 207 301 221 222 
207 6434 9.288680000 1.039510000 0.00000000000000000000 1.00000000000000000000 2 0 8 293 192 193 206 208 221 222 223 
208 6435 9.322730000 0.693890000 0.00000000000000000000 1.00000000000000000000 2 0 8 192 193 194 207 209 222 223 224 
209 6436 9.343170000 0.347201000 0.00000000000000000000 1.00000000000000000000 2 0 8 193 194 180 208 195 223 224 210 
210 6437 9.907410000 -0.000012220 0.00000000000000000000 1.00000000000000000000 2 0 8 209 195 196 224 211 241 225 226 
211 6438 9.900160000 -0.369226000 0.00000000000000000000 1.00000000000000000000 2 0 8 195 196 197 210 212 225 226 227 
212 6439 9.878420000 -0.737872000 0.00000000000000000000 1.00000000000000000000 2 0 8 196 197 198 211 213 226 227 228 
213 6440 9.842220000 -1.105380000 0.00000000000000000000 1.00000000000000000000 2 0 8 197 198 199 212 214 227 228 229 
214 6441 9.791620000 -1.471180000 0.00000000000000000000 1.00000000000000000000 2 0 8 198 199 200 213 215 228 229 230 
215 6442 9.726690000 -1.834720000 0.00000000000000000000 1.00000000000000000000 2 0 8 199 200 201 214 216 229 230 231 
216 6443 9.647540000 -2.195430000 0.00000000000000000000 1.00000000000000000000 2 0 8 200 201 202 215 217 230 231 232 
217 6444 9.554290000 -2.552760000 0.00000000000000000000 1.00000000000000000000 2 0 8 201 202 203 216 218 231 232 233 
218 6445 9.447080000 -2.906160000 0.00000000000000000000 1.00000000000000000000 2 0 8 202 203 204 217 219 232 233 234 
219 6446 9.326080000 -3.255070000 0.00000000000000000000 1.00000000000000000000 2 0 8 203 204 205 218 220 233 234 235 
220 6447 9.191470000 -3.598970000 0.00000000000000000000 1.00000000000000000000 2 0 8 204 205 294 219 298 234 235 236 
221 6448 9.791620000 1.471160000 0.00000000000000000000 1.00000000000000000000 2 0 8 297 206 207 301 222 237 238 239 
222 6449 9.842220000 1.105360000 0.00000000000000000000 1.00000000000000000000 2 0 8 206 207 208 221 223 238 239 240 
223 6450 9.878420000 0.737847000 0.00000000000000000000 1.00000000000000000000 2 0 8 207 208 209 222 224 239 240 241 
224 6451 9.900160000 0.369202000 0.00000000000000000000 1.00000000000000000000 2 0 8 208 209 195 223 210 240 241 225 
225 6452 10.500000000 0.000000000 0.99980772181371246887 -0.01960916626667839197 3 0 9 224 210 211 241 226 223 212 240 227 
226 6453 10.492300000 -0.392598000 0.99923036785665630966 -0.03922590920617784888 3 0 8 210 211 212 225 227 195 196 197 
227 6454 10.469200000 -0.784591000 0.99691788084202492826 -0.07845214374028332271 3 0 8 211 212 213 226 228 196 197 198 
228 6455 10.430700000 -1.175370000 0.99306687754364719734 -0.11755074106831842062 3 0 8 212 213 214 227 229 197 198 199 
229 6456 10.376900000 -1.564340000 0.98769461406689917915 -0.15639485075679213089 3 0 8 213 214 215 228 230 198 199 200 
230 6457 10.307900000 -1.950900000 0.98078147951815464189 -0.19510942938305086969 3 0 8 214 215 216 229 231 199 200 201 
231 6458 10.223700000 -2.334450000 0.97236995871930587132 -0.23344520423477366222 3 0 8 215 216 217 230 232 200 201 202 
232 6459 10.124600000 -2.714400000 0.96246690843181492703 -0.27139906074580361084 3 0 8 216 217 218 231 233 201 202 203 
233 6460 10.010600000 -3.090170000 0.95103790582147740285 -0.30907426565584311673 3 0 8 217 218 219 232 234 202 203 204 
234 6461 9.881910000 -3.461170000 0.93817819331705998298 -0.34615267958566708906 3 0 8 218 219 220 233 235 203 204 205 
235 6462 9.738800000 -3.826830000 0.92388085835679678581 -0.38268023147519464322 3 0 8 219 220 298 234 236 204 205 294 
236 6463 9.581430000 -4.186600000 0.90814529595099369175 -0.41865513425978917450 3 0 8 220 298 299 235 302 205 294 295 
237 6464 10.307900000 1.950900000 0.98078147951815464189 0.19510942938305086969 3 0 8 300 301 221 303 238 296 297 206 
238 6465 10.376900000 1.564340000 0.98769461406689917915 0.15639485075679213089 3 0 8 301 221 222 237 239 297 206 207 
239 6466 10.430700000 1.175370000 0.99306687754364719734 0.11755074106831842062 3 0 8 221 222 223 238 240 206 207 208 
240 6467 10.469200000 0.784591000 0.99691788084202492826 0.07845214374028332271 3 0 8 222 223 224 239 241 207 208 209 
241 6468 10.492300000 0.392598000 0.99923036785665630966 0.03922590920617784888 3 0 9 223 224 210 240 225 222 211 239 226 
242 6203 3.83915 -6.68511e-05 2 0
243 6204 3.83659 -0.129666 2 0
244 6205 3.8289 -0.259068 2 0
245 7085 3.81612 -0.388077 2 0
246 7086 3.79824 -0.516496 2 0
247 6213 3.83659 0.129533 2 0
248 7102 4.00442 -0.549517 2 0
249 7103 3.98005 -0.685311 2 0
250 6219 4.03702 0.275495 2 0
251 6220 4.04518 0.137818 2 0
252 7118 4.19781 -0.72906 2 0
253 7119 4.16622 -0.872411 2 0
254 6223 4.22374 0.584462 2 0
255 6224 4.24393 0.43911 2 0
256 6225 4.25837 0.293089 2 0
257 7133 4.39583 -0.928031 2 0
258 7134 4.35626 -1.07911 2 0
259 6226 4.42944 0.775406 2 0
260 6227 4.45698 0.621733 2 0
261 7147 4.59796 -1.14782 2 0
262 7148 4.5496 -1.30676 2 0
263 3671 4.67574 0.824794 2 0
264 7160 4.80358 -1.38989 2 0
265 7161 4.74555 -1.55681 2 0
266 3683 4.93767 0.877277 2 0
267 7172 5.01197 -1.65576 2 0
268 7173 4.94335 -1.83075 2 0
269 3694 5.21621 0.933052 2 0
270 7182 5.22231 -1.94701 2 0
271 7183 5.14209 -2.13014 2 0
272 3705 5.51239 0.992328 2 0
273 7190 5.43365 -2.26531 2 0
274 7191 5.34077 -2.45658 2 0
275 3715 5.82732 1.05533 2 0
276 7196 5.64492 -2.61237 2 0
277 7197 5.53825 -2.81175 2 0
278 3725 6.16218 1.12229 2 0
279 3726 6.20194 0.899891 2 0
280 6772 5.8549 -2.98997 2 0
281 3737 6.5605 0.956968 2 0
282 6792 6.19157 -3.17941 2 0
283 3748 6.94173 1.01764 2 0
284 6812 6.54952 -3.3808 2 0
285 3759 7.34706 1.08214 2 0
286 6832 6.93007 -3.59489 2 0
287 3770 7.77799 1.15071 2 0
288 6852 7.33466 -3.82249 2 0
289 3781 8.23615 1.22361 2 0
290 6872 7.91881 -3.77636 2 0
291 6873 7.76478 -4.06447 2 0
292 3791 8.66581 1.62265 2 0
293 3792 8.72325 1.30112 2 0
294 6892 8.53741 -3.70291 2 0
295 6893 8.38581 -4.01542 2 0
296 3801 9.10559 2.06465 2 0
297 3802 9.18003 1.72542 2 0
298 6913 9.04346 -3.93733 2 0
299 6914 8.88228 -4.26961 2 0
300 3811 9.64755 2.19541 2 0
301 3812 9.72669 1.8347 2 0
302 6935 9.41007 -4.53991 3 0
303 3821 10.2237 2.33445 3 0
