322 242 80
1 7683 -0.040123700 -0.296867000 0.00000000000000000000 1.00000000000000000000 2 0 8 243 244 245 250 2 5 6 7 
2 7684 -0.056709100 -0.282145000 0.00000000000000000000 1.00000000000000000000 2 0 8 244 245 246 1 251 6 7 8 
3 7685 -0.006484230 -0.367519000 0.00000000000000000000 1.00000000000000000000 2 0 8 247 248 249 254 4 9 10 11 
4 7686 -0.026293300 -0.353183000 0.00000000000000000000 1.00000000000000000000 2 0 8 248 249 250 3 5 10 11 12 
5 7687 -0.045297200 -0.338256000 0.00000000000000000000 1.00000000000000000000 2 0 8 249 250 1 4 6 11 12 13 
6 7688 -0.063464300 -0.322761000 0.00000000000000000000 1.00000000000000000000 2 0 8 250 1 2 5 7 12 13 14 
7 7689 -0.080764100 -0.306724000 0.00000000000000000000 1.00000000000000000000 2 0 8 1 2 251 6 8 13 14 15 
8 7690 -0.097167900 -0.290168000 0.00000000000000000000 1.00000000000000000000 2 0 8 2 251 252 7 255 14 15 16 
9 7691 -0.007799180 -0.413385000 0.00000000000000000000 1.00000000000000000000 2 0 8 253 254 3 258 10 17 18 19 
10 7692 -0.029303700 -0.398464000 0.00000000000000000000 1.00000000000000000000 2 0 8 254 3 4 9 11 18 19 20 
11 7693 -0.050001000 -0.382882000 0.00000000000000000000 1.00000000000000000000 2 0 8 3 4 5 10 12 19 20 21 
12 7694 -0.069856600 -0.366665000 0.00000000000000000000 1.00000000000000000000 2 0 8 4 5 6 11 13 20 21 22 
13 7695 -0.088837600 -0.349836000 0.00000000000000000000 1.00000000000000000000 2 0 8 5 6 7 12 14 21 22 23 
14 7696 -0.106912000 -0.332424000 0.00000000000000000000 1.00000000000000000000 2 0 8 6 7 8 13 15 22 23 24 
15 7697 -0.124050000 -0.314455000 0.00000000000000000000 1.00000000000000000000 2 0 8 7 8 255 14 16 23 24 25 
16 7698 -0.140223000 -0.295959000 0.00000000000000000000 1.00000000000000000000 2 0 8 8 255 256 15 259 24 25 26 
17 7699 -0.008228210 -0.462483000 0.00000000000000000000 1.00000000000000000000 2 0 8 257 258 9 262 18 27 28 29 
18 7700 -0.031539700 -0.447042000 0.00000000000000000000 1.00000000000000000000 2 0 8 258 9 10 17 19 28 29 30 
19 7701 -0.054043200 -0.430867000 0.00000000000000000000 1.00000000000000000000 2 0 8 9 10 11 18 20 29 30 31 
20 7702 -0.075701500 -0.413983000 0.00000000000000000000 1.00000000000000000000 2 0 8 10 11 12 19 21 30 31 32 
21 7703 -0.096478600 -0.396415000 0.00000000000000000000 1.00000000000000000000 2 0 8 11 12 13 20 22 31 32 33 
22 7704 -0.116340000 -0.378191000 0.00000000000000000000 1.00000000000000000000 2 0 8 12 13 14 21 23 32 33 34 
23 7705 -0.135253000 -0.359339000 0.00000000000000000000 1.00000000000000000000 2 0 8 13 14 15 22 24 33 34 35 
24 7706 -0.153185000 -0.339891000 0.00000000000000000000 1.00000000000000000000 2 0 8 14 15 16 23 25 34 35 36 
25 7707 -0.170106000 -0.319877000 0.00000000000000000000 1.00000000000000000000 2 0 8 15 16 259 24 26 35 36 37 
26 7708 -0.185989000 -0.299328000 0.00000000000000000000 1.00000000000000000000 2 0 8 16 259 260 25 263 36 37 266 
27 7709 -0.007547910 -0.514924000 0.00000000000000000000 1.00000000000000000000 2 0 8 261 262 17 265 28 38 39 40 
28 7710 -0.032784500 -0.499037000 0.00000000000000000000 1.00000000000000000000 2 0 8 262 17 18 27 29 39 40 41 
29 7711 -0.057214000 -0.482337000 0.00000000000000000000 1.00000000000000000000 2 0 8 17 18 19 28 30 40 41 42 
30 7712 -0.080796100 -0.464849000 0.00000000000000000000 1.00000000000000000000 2 0 8 18 19 20 29 31 41 42 43 
31 7713 -0.103492000 -0.446598000 0.00000000000000000000 1.00000000000000000000 2 0 8 19 20 21 30 32 42 43 44 
32 7714 -0.125264000 -0.427615000 0.00000000000000000000 1.00000000000000000000 2 0 8 20 21 22 31 33 43 44 45 
33 7715 -0.146075000 -0.407928000 0.00000000000000000000 1.00000000000000000000 2 0 8 21 22 23 32 34 44 45 46 
34 7716 -0.165893000 -0.387569000 0.00000000000000000000 1.00000000000000000000 2 0 8 22 23 24 33 35 45 46 47 
35 7717 -0.184682000 -0.366569000 0.00000000000000000000 1.00000000000000000000 2 0 8 23 24 25 34 36 46 47 48 
36 7718 -0.202412000 -0.344963000 0.00000000000000000000 1.00000000000000000000 2 0 8 24 25 26 35 37 47 48 49 
37 7719 -0.219053000 -0.322785000 0.00000000000000000000 1.00000000000000000000 2 0 8 25 26 263 36 266 48 49 268 
38 7720 -0.005515720 -0.570822000 0.00000000000000000000 1.00000000000000000000 2 0 8 264 265 27 267 39 270 50 51 
39 7721 -0.032802100 -0.554571000 0.00000000000000000000 1.00000000000000000000 2 0 8 265 27 28 38 40 50 51 52 
40 7722 -0.059284200 -0.537421000 0.00000000000000000000 1.00000000000000000000 2 0 8 27 28 29 39 41 51 52 53 
41 7723 -0.084918500 -0.519399000 0.00000000000000000000 1.00000000000000000000 2 0 8 28 29 30 40 42 52 53 54 
42 7724 -0.109663000 -0.500532000 0.00000000000000000000 1.00000000000000000000 2 0 8 29 30 31 41 43 53 54 55 
43 7725 -0.133477000 -0.480849000 0.00000000000000000000 1.00000000000000000000 2 0 8 30 31 32 42 44 54 55 56 
44 7726 -0.156320000 -0.460380000 0.00000000000000000000 1.00000000000000000000 2 0 8 31 32 33 43 45 55 56 57 
45 7727 -0.178156000 -0.439158000 0.00000000000000000000 1.00000000000000000000 2 0 8 32 33 34 44 46 56 57 58 
46 7728 -0.198948000 -0.417215000 0.00000000000000000000 1.00000000000000000000 2 0 8 33 34 35 45 47 57 58 59 
47 7729 -0.218661000 -0.394587000 0.00000000000000000000 1.00000000000000000000 2 0 8 34 35 36 46 48 58 59 60 
48 7730 -0.237262000 -0.371310000 0.00000000000000000000 1.00000000000000000000 2 0 8 35 36 37 47 49 59 60 61 
49 7731 -0.254720000 -0.347421000 0.00000000000000000000 1.00000000000000000000 2 0 8 36 37 266 48 268 60 61 62 
50 7732 -0.031336200 -0.613766000 0.00000000000000000000 1.00000000000000000000 2 0 8 267 38 39 270 51 273 63 64 
51 7733 -0.060004300 -0.596252000 0.00000000000000000000 1.00000000000000000000 2 0 8 38 39 40 50 52 63 64 65 
52 7734 -0.087826600 -0.577775000 0.00000000000000000000 1.00000000000000000000 2 0 8 39 40 41 51 53 64 65 66 
53 7735 -0.114757000 -0.558364000 0.00000000000000000000 1.00000000000000000000 2 0 8 40 41 42 52 54 65 66 67 
54 7736 -0.140752000 -0.538049000 0.00000000000000000000 1.00000000000000000000 2 0 8 41 42 43 53 55 66 67 68 
55 7737 -0.165769000 -0.516859000 0.00000000000000000000 1.00000000000000000000 2 0 8 42 43 44 54 56 67 68 69 
56 7738 -0.189766000 -0.494830000 0.00000000000000000000 1.00000000000000000000 2 0 8 43 44 45 55 57 68 69 70 
57 7739 -0.212703000 -0.471994000 0.00000000000000000000 1.00000000000000000000 2 0 8 44 45 46 56 58 69 70 71 
58 7740 -0.234543000 -0.448387000 0.00000000000000000000 1.00000000000000000000 2 0 8 45 46 47 57 59 70 71 72 
59 7741 -0.255249000 -0.424048000 0.00000000000000000000 1.00000000000000000000 2 0 8 46 47 48 58 60 71 72 73 
60 7742 -0.274786000 -0.399014000 0.00000000000000000000 1.00000000000000000000 2 0 8 47 48 49 59 61 72 73 74 
61 7743 -0.293123000 -0.373327000 0.00000000000000000000 1.00000000000000000000 2 0 8 48 49 268 60 62 73 74 75 
62 7744 -0.310228000 -0.347026000 0.00000000000000000000 1.00000000000000000000 2 0 8 49 268 269 61 271 74 75 76 
63 7745 -0.059103600 -0.658964000 0.00000000000000000000 1.00000000000000000000 2 0 8 270 50 51 273 64 275 77 78 
64 7746 -0.089256500 -0.640121000 0.00000000000000000000 1.00000000000000000000 2 0 8 50 51 52 63 65 77 78 79 
65 7747 -0.118519000 -0.620248000 0.00000000000000000000 1.00000000000000000000 2 0 8 51 52 53 64 66 78 79 80 
66 7748 -0.146842000 -0.599376000 0.00000000000000000000 1.00000000000000000000 2 0 8 52 53 54 65 67 79 80 81 
67 7749 -0.174181000 -0.577537000 0.00000000000000000000 1.00000000000000000000 2 0 8 53 54 55 66 68 80 81 82 
68 7750 -0.200489000 -0.554763000 0.00000000000000000000 1.00000000000000000000 2 0 8 54 55 56 67 69 81 82 83 
69 7751 -0.225725000 -0.531091000 0.00000000000000000000 1.00000000000000000000 2 0 8 55 56 57 68 70 82 83 84 
70 7752 -0.249845000 -0.506557000 0.00000000000000000000 1.00000000000000000000 2 0 8 56 57 58 69 71 83 84 85 
71 7753 -0.272811000 -0.481200000 0.00000000000000000000 1.00000000000000000000 2 0 8 57 58 59 70 72 84 85 86 
72 7754 -0.294584000 -0.455059000 0.00000000000000000000 1.00000000000000000000 2 0 8 58 59 60 71 73 85 86 87 
73 7755 -0.315127000 -0.428177000 0.00000000000000000000 1.00000000000000000000 2 0 8 59 60 61 72 74 86 87 88 
74 7756 -0.334408000 -0.400596000 0.00000000000000000000 1.00000000000000000000 2 0 8 60 61 62 73 75 87 88 89 
75 7757 -0.352393000 -0.372361000 0.00000000000000000000 1.00000000000000000000 2 0 8 61 62 271 74 76 88 89 90 
76 7758 -0.369053000 -0.343516000 0.00000000000000000000 1.00000000000000000000 2 0 8 62 271 272 75 274 89 90 276 
77 7759 -0.088921800 -0.706582000 0.00000000000000000000 1.00000000000000000000 2 0 8 273 63 64 275 78 277 91 92 
78 7760 -0.120668000 -0.686339000 0.00000000000000000000 1.00000000000000000000 2 0 8 63 64 65 77 79 91 92 93 
79 7761 -0.151475000 -0.664997000 0.00000000000000000000 1.00000000000000000000 2 0 8 64 65 66 78 80 92 93 94 
80 7762 -0.181293000 -0.642586000 0.00000000000000000000 1.00000000000000000000 2 0 8 65 66 67 79 81 93 94 95 
81 7763 -0.210073000 -0.619142000 0.00000000000000000000 1.00000000000000000000 2 0 8 66 67 68 80 82 94 95 96 
82 7764 -0.237768000 -0.594699000 0.00000000000000000000 1.00000000000000000000 2 0 8 67 68 69 81 83 95 96 97 
83 7765 -0.264332000 -0.569297000 0.00000000000000000000 1.00000000000000000000 2 0 8 68 69 70 82 84 96 97 98 
84 7766 -0.289722000 -0.542975000 0.00000000000000000000 1.00000000000000000000 2 0 8 69 70 71 83 85 97 98 99 
85 7767 -0.313896000 -0.515773000 0.00000000000000000000 1.00000000000000000000 2 0 8 70 71 72 84 86 98 99 100 
86 7768 -0.336813000 -0.487735000 0.00000000000000000000 1.00000000000000000000 2 0 8 71 72 73 85 87 99 100 101 
87 7769 -0.358436000 -0.458906000 0.00000000000000000000 1.00000000000000000000 2 0 8 72 73 74 86 88 100 101 102 
88 7770 -0.378729000 -0.429331000 0.00000000000000000000 1.00000000000000000000 2 0 8 73 74 75 87 89 101 102 103 
89 7771 -0.397658000 -0.399057000 0.00000000000000000000 1.00000000000000000000 2 0 8 74 75 76 88 90 102 103 104 
90 7772 -0.415191000 -0.368133000 0.00000000000000000000 1.00000000000000000000 2 0 8 75 76 274 89 276 103 104 278 
91 7773 -0.120902000 -0.756795000 0.00000000000000000000 1.00000000000000000000 2 0 8 275 77 78 277 92 280 105 106 
92 7774 -0.154356000 -0.735079000 0.00000000000000000000 1.00000000000000000000 2 0 8 77 78 79 91 93 105 106 107 
93 7775 -0.186820000 -0.712186000 0.00000000000000000000 1.00000000000000000000 2 0 8 78 79 80 92 94 106 107 108 
94 7776 -0.218239000 -0.688154000 0.00000000000000000000 1.00000000000000000000 2 0 8 79 80 81 93 95 107 108 109 
95 7777 -0.248564000 -0.663017000 0.00000000000000000000 1.00000000000000000000 2 0 8 80 81 82 94 96 108 109 110 
96 7778 -0.277745000 -0.636816000 0.00000000000000000000 1.00000000000000000000 2 0 8 81 82 83 95 97 109 110 111 
97 7779 -0.305733000 -0.609589000 0.00000000000000000000 1.00000000000000000000 2 0 8 82 83 84 96 98 110 111 112 
98 7780 -0.332483000 -0.581381000 0.00000000000000000000 1.00000000000000000000 2 0 8 83 84 85 97 99 111 112 113 
99 7781 -0.357951000 -0.552235000 0.00000000000000000000 1.00000000000000000000 2 0 8 84 85 86 98 100 112 113 114 
100 7782 -0.382095000 -0.522197000 0.00000000000000000000 1.00000000000000000000 2 0 8 85 86 87 99 101 113 114 115 
101 7783 -0.404874000 -0.491314000 0.00000000000000000000 1.00000000000000000000 2 0 8 86 87 88 100 102 114 115 116 
102 7784 -0.426252000 -0.459636000 0.00000000000000000000 1.00000000000000000000 2 0 8 87 88 89 101 103 115 116 117 
103 7785 -0.446192000 -0.427213000 0.00000000000000000000 1.00000000000000000000 2 0 8 88 89 90 102 104 116 117 118 
104 7786 -0.464662000 -0.394097000 0.00000000000000000000 1.00000000000000000000 2 0 8 89 90 276 103 278 117 118 119 
105 7787 -0.155164000 -0.809791000 0.00000000000000000000 1.00000000000000000000 2 0 8 277 91 92 280 106 283 120 121 
106 7788 -0.190447000 -0.786518000 0.00000000000000000000 1.00000000000000000000 2 0 8 91 92 93 105 107 120 121 122 
107 7789 -0.224684000 -0.761991000 0.00000000000000000000 1.00000000000000000000 2 0 8 92 93 94 106 108 121 122 123 
108 7790 -0.257819000 -0.736247000 0.00000000000000000000 1.00000000000000000000 2 0 8 93 94 95 107 109 122 123 124 
109 7791 -0.289798000 -0.709325000 0.00000000000000000000 1.00000000000000000000 2 0 8 94 95 96 108 110 123 124 125 
110 7792 -0.320569000 -0.681267000 0.00000000000000000000 1.00000000000000000000 2 0 8 95 96 97 109 111 124 125 126 
111 7793 -0.350082000 -0.652117000 0.00000000000000000000 1.00000000000000000000 2 0 8 96 97 98 110 112 125 126 127 
112 7794 -0.378289000 -0.621918000 0.00000000000000000000 1.00000000000000000000 2 0 8 97 98 99 111 113 126 127 128 
113 7795 -0.405142000 -0.590720000 0.00000000000000000000 1.00000000000000000000 2 0 8 98 99 100 112 114 127 128 129 
114 7796 -0.430599000 -0.558571000 0.00000000000000000000 1.00000000000000000000 2 0 8 99 100 101 113 115 128 129 130 
115 7797 -0.454616000 -0.525521000 0.00000000000000000000 1.00000000000000000000 2 0 8 100 101 102 114 116 129 130 131 
116 7798 -0.477155000 -0.491623000 0.00000000000000000000 1.00000000000000000000 2 0 8 101 102 103 115 117 130 131 132 
117 7799 -0.498178000 -0.456932000 0.00000000000000000000 1.00000000000000000000 2 0 8 102 103 104 116 118 131 132 133 
118 7800 -0.517650000 -0.421501000 0.00000000000000000000 1.00000000000000000000 2 0 8 103 104 278 117 119 132 133 134 
119 7801 -0.535539000 -0.385389000 0.00000000000000000000 1.00000000000000000000 2 0 8 104 278 279 118 281 133 134 135 
120 7802 -0.191835000 -0.865765000 0.00000000000000000000 1.00000000000000000000 2 0 8 280 105 106 283 121 286 136 137 
121 7803 -0.229075000 -0.840849000 0.00000000000000000000 1.00000000000000000000 2 0 8 105 106 107 120 122 136 137 138 
122 7804 -0.265209000 -0.814596000 0.00000000000000000000 1.00000000000000000000 2 0 8 106 107 108 121 123 137 138 139 
123 7805 -0.300178000 -0.787045000 0.00000000000000000000 1.00000000000000000000 2 0 8 107 108 109 122 124 138 139 140 
124 7806 -0.333927000 -0.758238000 0.00000000000000000000 1.00000000000000000000 2 0 8 108 109 110 123 125 139 140 141 
125 7807 -0.366400000 -0.728219000 0.00000000000000000000 1.00000000000000000000 2 0 8 109 110 111 124 126 140 141 142 
126 7808 -0.397544000 -0.697036000 0.00000000000000000000 1.00000000000000000000 2 0 8 110 111 112 125 127 141 142 143 
127 7809 -0.427309000 -0.664736000 0.00000000000000000000 1.00000000000000000000 2 0 8 111 112 113 126 128 142 143 144 
128 7810 -0.455645000 -0.631371000 0.00000000000000000000 1.00000000000000000000 2 0 8 112 113 114 127 129 143 144 145 
129 7811 -0.482505000 -0.596992000 0.00000000000000000000 1.00000000000000000000 2 0 8 113 114 115 128 130 144 145 146 
130 7812 -0.507847000 -0.561653000 0.00000000000000000000 1.00000000000000000000 2 0 8 114 115 116 129 131 145 146 147 
131 7813 -0.531628000 -0.525411000 0.00000000000000000000 1.00000000000000000000 2 0 8 115 116 117 130 132 146 147 148 
132 7814 -0.553809000 -0.488324000 0.00000000000000000000 1.00000000000000000000 2 0 8 116 117 118 131 133 147 148 149 
133 7815 -0.574354000 -0.450449000 0.00000000000000000000 1.00000000000000000000 2 0 8 117 118 119 132 134 148 149 150 
134 7816 -0.593228000 -0.411848000 0.00000000000000000000 1.00000000000000000000 2 0 8 118 119 281 133 135 149 150 151 
135 7817 -0.610400000 -0.372583000 0.00000000000000000000 1.00000000000000000000 2 0 8 119 281 282 134 284 150 151 152 
136 7818 -0.231052000 -0.924924000 0.00000000000000000000 1.00000000000000000000 2 0 8 283 120 121 286 137 289 153 154 
137 7819 -0.270384000 -0.898272000 0.00000000000000000000 1.00000000000000000000 2 0 8 120 121 122 136 138 153 154 155 
138 7820 -0.308546000 -0.870195000 0.00000000000000000000 1.00000000000000000000 2 0 8 121 122 123 137 139 154 155 156 
139 7821 -0.345477000 -0.840734000 0.00000000000000000000 1.00000000000000000000 2 0 8 122 123 124 138 140 155 156 157 
140 7822 -0.381118000 -0.809935000 0.00000000000000000000 1.00000000000000000000 2 0 8 123 124 125 139 141 156 157 158 
141 7823 -0.415410000 -0.777845000 0.00000000000000000000 1.00000000000000000000 2 0 8 124 125 126 140 142 157 158 159 
142 7824 -0.448297000 -0.744513000 0.00000000000000000000 1.00000000000000000000 2 0 8 125 126 127 141 143 158 159 160 
143 7825 -0.479727000 -0.709993000 0.00000000000000000000 1.00000000000000000000 2 0 8 126 127 128 142 144 159 160 161 
144 7826 -0.509647000 -0.674337000 0.00000000000000000000 1.00000000000000000000 2 0 8 127 128 129 143 145 160 161 162 
145 7827 -0.538009000 -0.637601000 0.00000000000000000000 1.00000000000000000000 2 0 8 128 129 130 144 146 161 162 163 
146 7828 -0.564766000 -0.599844000 0.00000000000000000000 1.00000000000000000000 2 0 8 129 130 131 145 147 162 163 164 
147 7829 -0.589875000 -0.561125000 0.00000000000000000000 1.00000000000000000000 2 0 8 130 131 132 146 148 163 164 165 
148 7830 -0.613294000 -0.521505000 0.00000000000000000000 1.00000000000000000000 2 0 8 131 132 133 147 149 164 165 166 
149 7831 -0.634984000 -0.481047000 0.00000000000000000000 1.00000000000000000000 2 0 8 132 133 134 148 150 165 166 167 
150 7832 -0.654911000 -0.439816000 0.00000000000000000000 1.00000000000000000000 2 0 8 133 134 135 149 151 166 167 168 
151 7833 -0.673040000 -0.397877000 0.00000000000000000000 1.00000000000000000000 2 0 8 134 135 284 150 152 167 168 169 
152 7834 -0.689342000 -0.355297000 0.00000000000000000000 1.00000000000000000000 2 0 8 135 284 285 151 287 168 169 170 
153 7835 -0.272962000 -0.987488000 0.00000000000000000000 1.00000000000000000000 2 0 8 286 136 137 289 154 292 171 172 
154 7836 -0.314528000 -0.959001000 0.00000000000000000000 1.00000000000000000000 2 0 8 136 137 138 153 155 171 172 173 
155 7837 -0.354857000 -0.928994000 0.00000000000000000000 1.00000000000000000000 2 0 8 137 138 139 154 156 172 173 174 
156 7838 -0.393883000 -0.897514000 0.00000000000000000000 1.00000000000000000000 2 0 8 138 139 140 155 157 173 174 175 
157 7839 -0.431545000 -0.864608000 0.00000000000000000000 1.00000000000000000000 2 0 8 139 140 141 156 158 174 175 176 
158 7840 -0.467780000 -0.830328000 0.00000000000000000000 1.00000000000000000000 2 0 8 140 141 142 157 159 175 176 177 
159 7841 -0.502530000 -0.794725000 0.00000000000000000000 1.00000000000000000000 2 0 8 141 142 143 158 160 176 177 178 
160 7842 -0.535738000 -0.757856000 0.00000000000000000000 1.00000000000000000000 2 0 8 142 143 144 159 161 177 178 179 
161 7843 -0.567351000 -0.719778000 0.00000000000000000000 1.00000000000000000000 2 0 8 143 144 145 160 162 178 179 180 
162 7844 -0.597317000 -0.680550000 0.00000000000000000000 1.00000000000000000000 2 0 8 144 145 146 161 163 179 180 181 
163 7845 -0.625586000 -0.640235000 0.00000000000000000000 1.00000000000000000000 2 0 8 145 146 147 162 164 180 181 182 
164 7846 -0.652113000 -0.598896000 0.00000000000000000000 1.00000000000000000000 2 0 8 146 147 148 163 165 181 182 183 
165 7847 -0.676854000 -0.556598000 0.00000000000000000000 1.00000000000000000000 2 0 8 147 148 149 164 166 182 183 184 
166 7848 -0.699768000 -0.513408000 0.00000000000000000000 1.00000000000000000000 2 0 8 148 149 150 165 167 183 184 185 
167 7849 -0.720819000 -0.469395000 0.00000000000000000000 1.00000000000000000000 2 0 8 149 150 151 166 168 184 185 186 
168 7850 -0.739970000 -0.424629000 0.00000000000000000000 1.00000000000000000000 2 0 8 150 151 152 167 169 185 186 187 
169 7851 -0.757191000 -0.379181000 0.00000000000000000000 1.00000000000000000000 2 0 8 151 152 287 168 170 186 187 188 
170 7852 -0.772454000 -0.333125000 0.00000000000000000000 1.00000000000000000000 2 0 8 152 287 288 169 290 187 188 189 
171 7853 -0.317719000 -1.053690000 0.00000000000000000000 1.00000000000000000000 2 0 8 289 153 154 292 172 294 190 191 
172 7854 -0.361671000 -1.023260000 0.00000000000000000000 1.00000000000000000000 2 0 8 153 154 155 171 173 190 191 192 
173 7855 -0.404314000 -0.991213000 0.00000000000000000000 1.00000000000000000000 2 0 8 154 155 156 172 174 191 192 193 
174 7856 -0.445578000 -0.957596000 0.00000000000000000000 1.00000000000000000000 2 0 8 155 156 157 173 175 192 193 194 
175 7857 -0.485397000 -0.922461000 0.00000000000000000000 1.00000000000000000000 2 0 8 156 157 158 174 176 193 194 195 
176 7858 -0.523706000 -0.885863000 0.00000000000000000000 1.00000000000000000000 2 0 8 157 158 159 175 177 194 195 196 
177 7859 -0.560445000 -0.847857000 0.00000000000000000000 1.00000000000000000000 2 0 8 158 159 160 176 178 195 196 197 
178 7860 -0.595552000 -0.808503000 0.00000000000000000000 1.00000000000000000000 2 0 8 159 160 161 177 179 196 197 198 
179 7861 -0.628972000 -0.767862000 0.00000000000000000000 1.00000000000000000000 2 0 8 160 161 162 178 180 197 198 199 
180 7862 -0.660649000 -0.725998000 0.00000000000000000000 1.00000000000000000000 2 0 8 161 162 163 179 181 198 199 200 
181 7863 -0.690533000 -0.682976000 0.00000000000000000000 1.00000000000000000000 2 0 8 162 163 164 180 182 199 200 201 
182 7864 -0.718574000 -0.638864000 0.00000000000000000000 1.00000000000000000000 2 0 8 163 164 165 181 183 200 201 202 
183 7865 -0.744726000 -0.593732000 0.00000000000000000000 1.00000000000000000000 2 0 8 164 165 166 182 184 201 202 203 
184 7866 -0.768947000 -0.547652000 0.00000000000000000000 1.00000000000000000000 2 0 8 165 166 167 183 185 202 203 204 
185 7867 -0.791197000 -0.500695000 0.00000000000000000000 1.00000000000000000000 2 0 8 166 167 168 184 186 203 204 205 
186 7868 -0.811440000 -0.452938000 0.00000000000000000000 1.00000000000000000000 2 0 8 167 168 169 185 187 204 205 206 
187 7869 -0.829643000 -0.404455000 0.00000000000000000000 1.00000000000000000000 2 0 8 168 169 170 186 188 205 206 207 
188 7870 -0.845774000 -0.355325000 0.00000000000000000000 1.00000000000000000000 2 0 8 169 170 290 187 189 206 207 295 
189 7871 -0.859809000 -0.305625000 0.00000000000000000000 1.00000000000000000000 2 0 8 170 290 291 188 293 207 295 296 
190 7872 -0.365492000 -1.123770000 0.00000000000000000000 1.00000000000000000000 2 0 8 292 171 172 294 191 297 298 208 
191 7873 -0.411990000 -1.091290000 0.00000000000000000000 1.00000000000000000000 2 0 8 171 172 173 190 192 298 208 209 
192 7874 -0.457101000 -1.057080000 0.00000000000000000000 1.00000000000000000000 2 0 8 172 173 174 191 193 208 209 210 
193 7875 -0.500752000 -1.021200000 0.00000000000000000000 1.00000000000000000000 2 0 8 173 174 175 192 194 209 210 211 
194 7876 -0.542874000 -0.983708000 0.00000000000000000000 1.00000000000000000000 2 0 8 174 175 176 193 195 210 211 212 
195 7877 -0.583397000 -0.944656000 0.00000000000000000000 1.00000000000000000000 2 0 8 175 176 177 194 196 211 212 213 
196 7878 -0.622257000 -0.904106000 0.00000000000000000000 1.00000000000000000000 2 0 8 176 177 178 195 197 212 213 214 
197 7879 -0.659391000 -0.862121000 0.00000000000000000000 1.00000000000000000000 2 0 8 177 178 179 196 198 213 214 215 
198 7880 -0.694739000 -0.818767000 0.00000000000000000000 1.00000000000000000000 2 0 8 178 179 180 197 199 214 215 216 
199 7881 -0.728243000 -0.774112000 0.00000000000000000000 1.00000000000000000000 2 0 8 179 180 181 198 200 215 216 217 
200 7882 -0.759849000 -0.728225000 0.00000000000000000000 1.00000000000000000000 2 0 8 180 181 182 199 201 216 217 218 
201 7883 -0.789505000 -0.681178000 0.00000000000000000000 1.00000000000000000000 2 0 8 181 182 183 200 202 217 218 219 
202 7884 -0.817163000 -0.633046000 0.00000000000000000000 1.00000000000000000000 2 0 8 182 183 184 201 203 218 219 220 
203 7885 -0.842779000 -0.583905000 0.00000000000000000000 1.00000000000000000000 2 0 8 183 184 185 202 204 219 220 221 
204 7886 -0.866309000 -0.533833000 0.00000000000000000000 1.00000000000000000000 2 0 8 184 185 186 203 205 220 221 222 
205 7887 -0.887717000 -0.482908000 0.00000000000000000000 1.00000000000000000000 2 0 8 185 186 187 204 206 221 222 223 
206 7888 -0.906966000 -0.431212000 0.00000000000000000000 1.00000000000000000000 2 0 8 186 187 188 205 207 222 223 299 
207 7889 -0.924025000 -0.378828000 0.00000000000000000000 1.00000000000000000000 2 0 8 187 188 189 206 295 223 299 300 
208 7890 -0.465672000 -1.163340000 0.00000000000000000000 1.00000000000000000000 2 0 8 190 191 192 298 209 301 302 224 
209 7891 -0.513416000 -1.126840000 0.00000000000000000000 1.00000000000000000000 2 0 8 191 192 193 208 210 302 224 225 
210 7892 -0.559613000 -1.088570000 0.00000000000000000000 1.00000000000000000000 2 0 8 192 193 194 209 211 224 225 226 
211 7893 -0.604190000 -1.048580000 0.00000000000000000000 1.00000000000000000000 2 0 8 193 194 195 210 212 225 226 227 
212 7894 -0.647075000 -1.006930000 0.00000000000000000000 1.00000000000000000000 2 0 8 194 195 196 211 213 226 227 228 
213 7895 -0.688198000 -0.963681000 0.00000000000000000000 1.00000000000000000000 2 0 8 195 196 197 212 214 227 228 229 
214 7896 -0.727493000 -0.918911000 0.00000000000000000000 1.00000000000000000000 2 0 8 196 197 198 213 215 228 229 230 
215 7897 -0.764897000 -0.872683000 0.00000000000000000000 1.00000000000000000000 2 0 8 197 198 199 214 216 229 230 231 
216 7898 -0.800349000 -0.825071000 0.00000000000000000000 1.00000000000000000000 2 0 8 198 199 200 215 217 230 231 232 
217 7899 -0.833792000 -0.776149000 0.00000000000000000000 1.00000000000000000000 2 0 8 199 200 201 216 218 231 232 233 
218 7900 -0.865171000 -0.725995000 0.00000000000000000000 1.00000000000000000000 2 0 8 200 201 202 217 219 232 233 234 
219 7901 -0.894436000 -0.674685000 0.00000000000000000000 1.00000000000000000000 2 0 8 201 202 203 218 220 233 234 235 
220 7902 -0.921538000 -0.622303000 0.00000000000000000000 1.00000000000000000000 2 0 8 202 203 204 219 221 234 235 236 
221 7903 -0.946434000 -0.568930000 0.00000000000000000000 1.00000000000000000000 2 0 8 203 204 205 220 222 235 236 237 
222 7904 -0.969083000 -0.514651000 0.00000000000000000000 1.00000000000000000000 2 0 8 204 205 206 221 223 236 237 303 
223 7905 -0.989449000 -0.459552000 0.00000000000000000000 1.00000000000000000000 2 0 8 205 206 207 222 299 237 303 304 
224 7906 -0.573467000 -1.200760000 0.00000000000000000000 1.00000000000000000000 2 0 8 208 209 210 302 225 305 306 238 
225 7907 -0.622380000 -1.159950000 0.00000000000000000000 1.00000000000000000000 2 0 8 209 210 211 224 226 306 238 239 
226 7908 -0.669575000 -1.117310000 0.00000000000000000000 1.00000000000000000000 2 0 8 210 211 212 225 227 238 239 240 
227 7909 -0.714977000 -1.072900000 0.00000000000000000000 1.00000000000000000000 2 0 8 211 212 213 226 228 239 240 241 
228 7910 -0.758512000 -1.026800000 0.00000000000000000000 1.00000000000000000000 2 0 8 212 213 214 227 229 240 241 242 
229 7911 -0.800112000 -0.979081000 0.00000000000000000000 1.00000000000000000000 2 0 8 213 214 215 228 230 241 242 307 
230 7912 -0.839708000 -0.929809000 0.00000000000000000000 1.00000000000000000000 2 0 8 214 215 216 229 231 242 307 308 
231 7913 -0.877237000 -0.879065000 0.00000000000000000000 1.00000000000000000000 2 0 8 215 216 217 230 232 307 308 309 
232 7914 -0.912638000 -0.826928000 0.00000000000000000000 1.00000000000000000000 2 0 8 216 217 218 231 233 308 309 310 
233 7915 -0.945854000 -0.773480000 0.00000000000000000000 1.00000000000000000000 2 0 8 217 218 219 232 234 309 310 311 
234 7916 -0.976831000 -0.718804000 0.00000000000000000000 1.00000000000000000000 2 0 8 218 219 220 233 235 310 311 312 
235 7917 -1.005520000 -0.662988000 0.00000000000000000000 1.00000000000000000000 2 0 8 219 220 221 234 236 311 312 313 
236 7918 -1.031870000 -0.606118000 0.00000000000000000000 1.00000000000000000000 2 0 8 220 221 222 235 237 312 313 314 
237 7919 -1.055840000 -0.548285000 0.00000000000000000000 1.00000000000000000000 2 0 8 221 222 223 236 303 313 314 315 
238 7920 -0.689285000 -1.235600000 0.00000000000000000000 1.00000000000000000000 2 0 8 224 225 226 306 239 316 317 318 
239 7921 -0.739270000 -1.190150000 0.00000000000000000000 1.00000000000000000000 2 0 8 225 226 227 238 240 317 318 319 
240 7922 -0.787355000 -1.142830000 0.00000000000000000000 1.00000000000000000000 2 0 8 226 227 228 239 241 318 319 320 
241 7923 -0.833462000 -1.093710000 0.00000000000000000000 1.00000000000000000000 2 0 8 227 228 229 240 242 319 320 321 
242 7924 -0.877517000 -1.042860000 0.00000000000000000000 1.00000000000000000000 2 0 8 228 229 230 241 307 320 321 322 
243 7412 -0.00200074 -0.285054 2 0
244 7413 -0.0187271 -0.27206 2 0
245 2132 -0.0346553 -0.2586 2 0
246 2133 -0.0497588 -0.244695 2 0
247 7422 0.0342319 -0.350496 2 0
248 7423 0.0145015 -0.337921 2 0
249 7424 -0.0044887 -0.324777 2 0
250 7425 -0.0227072 -0.311086 2 0
251 2140 -0.0724356 -0.266943 2 0
252 2141 -0.0872767 -0.251285 2 0
253 7431 0.0354167 -0.39433 2 0
254 7432 0.0140971 -0.381242 2 0
255 2146 -0.112648 -0.273122 2 0
256 2147 -0.127178 -0.255614 2 0
257 7436 0.0374881 -0.441156 2 0
258 7437 0.014477 -0.427623 2 0
259 2150 -0.155403 -0.276965 2 0
260 2151 -0.169565 -0.257505 2 0
261 7439 0.0406639 -0.491067 2 0
262 7440 0.0158529 -0.477165 2 0
263 2201 -0.200806 -0.27828 2 0
264 7948 0.0451797 -0.544161 2 0
265 7441 0.0184544 -0.529972 2 0
266 2218 -0.234578 -0.300071 2 0
267 7958 0.0225303 -0.58615 2 0
268 2236 -0.271006 -0.322959 2 0
269 2237 -0.286092 -0.297962 2 0
270 7969 -0.00186885 -0.630292 2 0
271 2255 -0.326074 -0.320155 2 0
272 2256 -0.340632 -0.292756 2 0
273 7983 -0.028109 -0.676749 2 0
274 2274 -0.384359 -0.314109 2 0
275 7997 -0.0562882 -0.725693 2 0
276 2292 -0.4313 -0.336609 2 0
277 8012 -0.0865116 -0.777304 2 0
278 2310 -0.481631 -0.36034 2 0
279 2311 -0.49707 -0.325998 2 0
280 8027 -0.118892 -0.831774 2 0
281 2328 -0.551816 -0.348652 2 0
282 2329 -0.566453 -0.311351 2 0
283 8043 -0.15355 -0.889305 2 0
284 2345 -0.625841 -0.332715 2 0
285 2346 -0.639527 -0.29231 2 0
286 8058 -0.190615 -0.950109 2 0
287 2360 -0.70379 -0.312146 2 0
288 2361 -0.716361 -0.268491 2 0
289 8072 -0.230226 -1.01441 2 0
290 2373 -0.785733 -0.286533 2 0
291 2374 -0.797006 -0.239481 2 0
292 8085 -0.272528 -1.08245 2 0
293 1687 -0.871724 -0.255435 2 0
294 8097 -0.317681 -1.15448 2 0
295 1706 -0.938866 -0.325837 2 0
296 1707 -0.951466 -0.272326 2 0
297 8108 -0.365853 -1.23077 2 0
298 8109 -0.416458 -1.198 2 0
299 1727 -1.0075 -0.403721 2 0
300 1728 -1.0232 -0.347246 2 0
301 8120 -0.470806 -1.27664 2 0
302 8121 -0.522916 -1.23968 2 0
303 1748 -1.0774 -0.48958 2 0
304 1749 -1.0965 -0.430097 2 0
305 8132 -0.583935 -1.32059 2 0
306 8133 -0.637479 -1.2791 2 0
307 8883 -0.91945 -0.990358 2 0
308 8884 -0.959193 -0.936294 2 0
309 8885 -0.996681 -0.880749 2 0
310 8886 -1.03185 -0.82381 2 0
311 8887 -1.06466 -0.765567 2 0
312 8888 -1.09503 -0.70611 2 0
313 8889 -1.12294 -0.645534 2 0
314 8890 -1.14832 -0.583934 2 0
315 1770 -1.17114 -0.521407 2 0
316 8144 -0.705689 -1.36216 2 0
317 8891 -0.760578 -1.31581 2 0
318 8892 -0.813536 -1.26739 2 0
319 8893 -0.86448 -1.21697 2 0
320 8894 -0.913326 -1.16464 2 0
321 8895 -0.959998 -1.11047 2 0
322 8896 -1.00442 -1.05455 2 0
