328 244 84
1 4059 1.021000000 0.658616000 0.00000000000000000000 1.00000000000000000000 2 0 8 245 246 247 249 250 2 3 4 
2 4060 1.016780000 0.726348000 0.00000000000000000000 1.00000000000000000000 2 0 8 248 249 1 253 3 5 6 7 
3 4061 1.049080000 0.707744000 0.00000000000000000000 1.00000000000000000000 2 0 8 249 1 250 2 4 6 7 8 
4 4062 1.080510000 0.688089000 0.00000000000000000000 1.00000000000000000000 2 0 8 1 250 251 3 254 7 8 9 
5 4063 1.010170000 0.798190000 0.00000000000000000000 1.00000000000000000000 2 0 8 252 253 2 257 6 10 11 12 
6 4064 1.045130000 0.779438000 0.00000000000000000000 1.00000000000000000000 2 0 8 253 2 3 5 7 11 12 13 
7 4065 1.079220000 0.759522000 0.00000000000000000000 1.00000000000000000000 2 0 8 2 3 4 6 8 12 13 14 
8 4066 1.112390000 0.738477000 0.00000000000000000000 1.00000000000000000000 2 0 8 3 4 254 7 9 13 14 15 
9 4067 1.144590000 0.716335000 0.00000000000000000000 1.00000000000000000000 2 0 8 4 254 255 8 258 14 15 16 
10 4068 1.000800000 0.874261000 0.00000000000000000000 1.00000000000000000000 2 0 8 256 257 5 261 11 17 18 19 
11 4069 1.038590000 0.855494000 0.00000000000000000000 1.00000000000000000000 2 0 8 257 5 6 10 12 18 19 20 
12 4070 1.075520000 0.835445000 0.00000000000000000000 1.00000000000000000000 2 0 8 5 6 7 11 13 19 20 21 
13 4071 1.111530000 0.814146000 0.00000000000000000000 1.00000000000000000000 2 0 8 6 7 8 12 14 20 21 22 
14 4072 1.146570000 0.791632000 0.00000000000000000000 1.00000000000000000000 2 0 8 7 8 9 13 15 21 22 23 
15 4073 1.180590000 0.767939000 0.00000000000000000000 1.00000000000000000000 2 0 8 8 9 258 14 16 22 23 24 
16 4074 1.213540000 0.743106000 0.00000000000000000000 1.00000000000000000000 2 0 8 9 258 259 15 262 23 24 25 
17 4075 0.988274000 0.954678000 0.00000000000000000000 1.00000000000000000000 2 0 8 260 261 10 266 18 27 28 29 
18 4076 1.029080000 0.936043000 0.00000000000000000000 1.00000000000000000000 2 0 8 261 10 11 17 19 28 29 30 
19 4077 1.069020000 0.915998000 0.00000000000000000000 1.00000000000000000000 2 0 8 10 11 12 18 20 29 30 31 
20 4078 1.108060000 0.894578000 0.00000000000000000000 1.00000000000000000000 2 0 8 11 12 13 19 21 30 31 32 
21 4079 1.146130000 0.871817000 0.00000000000000000000 1.00000000000000000000 2 0 8 12 13 14 20 22 31 32 33 
22 4080 1.183180000 0.847752000 0.00000000000000000000 1.00000000000000000000 2 0 8 13 14 15 21 23 32 33 34 
23 4081 1.219140000 0.822422000 0.00000000000000000000 1.00000000000000000000 2 0 8 14 15 16 22 24 33 34 35 
24 4082 1.253980000 0.795866000 0.00000000000000000000 1.00000000000000000000 2 0 8 15 16 262 23 25 34 35 36 
25 4083 1.287630000 0.768128000 0.00000000000000000000 1.00000000000000000000 2 0 8 16 262 263 24 26 35 36 37 
26 4084 1.320050000 0.739250000 0.00000000000000000000 1.00000000000000000000 2 0 8 262 263 264 25 267 36 37 38 
27 4085 0.972186000 1.039550000 0.00000000000000000000 1.00000000000000000000 2 0 8 265 266 17 269 28 273 39 40 
28 4086 1.016170000 1.021210000 0.00000000000000000000 1.00000000000000000000 2 0 8 266 17 18 27 29 39 40 41 
29 4087 1.059330000 1.001320000 0.00000000000000000000 1.00000000000000000000 2 0 8 17 18 19 28 30 40 41 42 
30 4088 1.101580000 0.979928000 0.00000000000000000000 1.00000000000000000000 2 0 8 18 19 20 29 31 41 42 43 
31 4089 1.142880000 0.957059000 0.00000000000000000000 1.00000000000000000000 2 0 8 19 20 21 30 32 42 43 44 
32 4090 1.183150000 0.932753000 0.00000000000000000000 1.00000000000000000000 2 0 8 20 21 22 31 33 43 44 45 
33 4091 1.222340000 0.907048000 0.00000000000000000000 1.00000000000000000000 2 0 8 21 22 23 32 34 44 45 46 
34 4092 1.260390000 0.879986000 0.00000000000000000000 1.00000000000000000000 2 0 8 22 23 24 33 35 45 46 47 
35 4093 1.297240000 0.851610000 0.00000000000000000000 1.00000000000000000000 2 0 8 23 24 25 34 36 46 47 48 
36 4094 1.332850000 0.821964000 0.00000000000000000000 1.00000000000000000000 2 0 8 24 25 26 35 37 47 48 49 
37 4095 1.367160000 0.791096000 0.00000000000000000000 1.00000000000000000000 2 0 8 25 26 267 36 38 48 49 50 
38 4096 1.400110000 0.759053000 0.00000000000000000000 1.00000000000000000000 2 0 8 26 267 268 37 270 49 50 51 
39 4097 0.999448000 1.111110000 0.00000000000000000000 1.00000000000000000000 2 0 8 269 27 28 273 40 276 277 53 
40 4098 1.046000000 1.091550000 0.00000000000000000000 1.00000000000000000000 2 0 8 27 28 29 39 41 277 53 54 
41 4099 1.091670000 1.070350000 0.00000000000000000000 1.00000000000000000000 2 0 8 28 29 30 40 42 53 54 55 
42 4100 1.136390000 1.047520000 0.00000000000000000000 1.00000000000000000000 2 0 8 29 30 31 41 43 54 55 56 
43 4101 1.180090000 1.023120000 0.00000000000000000000 1.00000000000000000000 2 0 8 30 31 32 42 44 55 56 57 
44 4102 1.222720000 0.997179000 0.00000000000000000000 1.00000000000000000000 2 0 8 31 32 33 43 45 56 57 58 
45 4103 1.264200000 0.969739000 0.00000000000000000000 1.00000000000000000000 2 0 8 32 33 34 44 46 57 58 59 
46 4104 1.304480000 0.940846000 0.00000000000000000000 1.00000000000000000000 2 0 8 33 34 35 45 47 58 59 60 
47 4105 1.343490000 0.910544000 0.00000000000000000000 1.00000000000000000000 2 0 8 34 35 36 46 48 59 60 61 
48 4106 1.381190000 0.878882000 0.00000000000000000000 1.00000000000000000000 2 0 8 35 36 37 47 49 60 61 62 
49 4107 1.417510000 0.845909000 0.00000000000000000000 1.00000000000000000000 2 0 8 36 37 38 48 50 61 62 63 
50 4108 1.452410000 0.811676000 0.00000000000000000000 1.00000000000000000000 2 0 8 37 38 270 49 51 62 63 64 
51 4109 1.485820000 0.776237000 0.00000000000000000000 1.00000000000000000000 2 0 8 38 270 271 50 52 63 64 65 
52 4110 1.517710000 0.739645000 0.00000000000000000000 1.00000000000000000000 2 0 8 270 271 272 51 274 64 65 66 
53 4111 1.077850000 1.165970000 0.00000000000000000000 1.00000000000000000000 2 0 8 39 40 41 277 54 280 67 68 
54 4112 1.126210000 1.143370000 0.00000000000000000000 1.00000000000000000000 2 0 8 40 41 42 53 55 67 68 69 
55 4113 1.173560000 1.119030000 0.00000000000000000000 1.00000000000000000000 2 0 8 41 42 43 54 56 68 69 70 
56 4114 1.219850000 1.093010000 0.00000000000000000000 1.00000000000000000000 2 0 8 42 43 44 55 57 69 70 71 
57 4115 1.264990000 1.065340000 0.00000000000000000000 1.00000000000000000000 2 0 8 43 44 45 56 58 70 71 72 
58 4116 1.308920000 1.036060000 0.00000000000000000000 1.00000000000000000000 2 0 8 44 45 46 57 59 71 72 73 
59 4117 1.351580000 1.005230000 0.00000000000000000000 1.00000000000000000000 2 0 8 45 46 47 58 60 72 73 74 
60 4118 1.392910000 0.972891000 0.00000000000000000000 1.00000000000000000000 2 0 8 46 47 48 59 61 73 74 75 
61 4119 1.432830000 0.939094000 0.00000000000000000000 1.00000000000000000000 2 0 8 47 48 49 60 62 74 75 76 
62 4120 1.471310000 0.903894000 0.00000000000000000000 1.00000000000000000000 2 0 8 48 49 50 61 63 75 76 77 
63 4121 1.508270000 0.867344000 0.00000000000000000000 1.00000000000000000000 2 0 8 49 50 51 62 64 76 77 78 
64 4122 1.543670000 0.829501000 0.00000000000000000000 1.00000000000000000000 2 0 8 50 51 52 63 65 77 78 79 
65 4123 1.577460000 0.790423000 0.00000000000000000000 1.00000000000000000000 2 0 8 51 52 274 64 66 78 79 80 
66 4124 1.609580000 0.750171000 0.00000000000000000000 1.00000000000000000000 2 0 8 52 274 275 65 278 79 80 81 
67 4125 1.111860000 1.244750000 0.00000000000000000000 1.00000000000000000000 2 0 8 277 53 54 280 68 284 82 83 
68 4126 1.163090000 1.220660000 0.00000000000000000000 1.00000000000000000000 2 0 8 53 54 55 67 69 82 83 84 
69 4127 1.213250000 1.194730000 0.00000000000000000000 1.00000000000000000000 2 0 8 54 55 56 68 70 83 84 85 
70 4128 1.262290000 1.166980000 0.00000000000000000000 1.00000000000000000000 2 0 8 55 56 57 69 71 84 85 86 
71 4129 1.310110000 1.137480000 0.00000000000000000000 1.00000000000000000000 2 0 8 56 57 58 70 72 85 86 87 
72 4130 1.356660000 1.106260000 0.00000000000000000000 1.00000000000000000000 2 0 8 57 58 59 71 73 86 87 88 
73 4131 1.401870000 1.073380000 0.00000000000000000000 1.00000000000000000000 2 0 8 58 59 60 72 74 87 88 89 
74 4132 1.445660000 1.038880000 0.00000000000000000000 1.00000000000000000000 2 0 8 59 60 61 73 75 88 89 90 
75 4133 1.487970000 1.002830000 0.00000000000000000000 1.00000000000000000000 2 0 8 60 61 62 74 76 89 90 91 
76 4134 1.528740000 0.965267000 0.00000000000000000000 1.00000000000000000000 2 0 8 61 62 63 75 77 90 91 92 
77 4135 1.567920000 0.926264000 0.00000000000000000000 1.00000000000000000000 2 0 8 62 63 64 76 78 91 92 93 
78 4136 1.605440000 0.885877000 0.00000000000000000000 1.00000000000000000000 2 0 8 63 64 65 77 79 92 93 94 
79 4137 1.641250000 0.844168000 0.00000000000000000000 1.00000000000000000000 2 0 8 64 65 66 78 80 93 94 95 
80 4138 1.675290000 0.801200000 0.00000000000000000000 1.00000000000000000000 2 0 8 65 66 278 79 81 94 95 96 
81 4139 1.707520000 0.757040000 0.00000000000000000000 1.00000000000000000000 2 0 8 66 278 279 80 281 95 96 97 
82 4140 1.148150000 1.328170000 0.00000000000000000000 1.00000000000000000000 2 0 8 280 67 68 284 83 287 99 100 
83 4141 1.202440000 1.302510000 0.00000000000000000000 1.00000000000000000000 2 0 8 67 68 69 82 84 99 100 101 
84 4142 1.255610000 1.274880000 0.00000000000000000000 1.00000000000000000000 2 0 8 68 69 70 83 85 100 101 102 
85 4143 1.307570000 1.245320000 0.00000000000000000000 1.00000000000000000000 2 0 8 69 70 71 84 86 101 102 103 
86 4144 1.358270000 1.213880000 0.00000000000000000000 1.00000000000000000000 2 0 8 70 71 72 85 87 102 103 104 
87 4145 1.407610000 1.180600000 0.00000000000000000000 1.00000000000000000000 2 0 8 71 72 73 86 88 103 104 105 
88 4146 1.455530000 1.145540000 0.00000000000000000000 1.00000000000000000000 2 0 8 72 73 74 87 89 104 105 106 
89 4147 1.501950000 1.108760000 0.00000000000000000000 1.00000000000000000000 2 0 8 73 74 75 88 90 105 106 107 
90 4148 1.546800000 1.070310000 0.00000000000000000000 1.00000000000000000000 2 0 8 74 75 76 89 91 106 107 108 
91 4149 1.590030000 1.030260000 0.00000000000000000000 1.00000000000000000000 2 0 8 75 76 77 90 92 107 108 109 
92 4150 1.631570000 0.988656000 0.00000000000000000000 1.00000000000000000000 2 0 8 76 77 78 91 93 108 109 110 
93 4151 1.671350000 0.945575000 0.00000000000000000000 1.00000000000000000000 2 0 8 77 78 79 92 94 109 110 111 
94 4152 1.709310000 0.901078000 0.00000000000000000000 1.00000000000000000000 2 0 8 78 79 80 93 95 110 111 112 
95 4153 1.745410000 0.855236000 0.00000000000000000000 1.00000000000000000000 2 0 8 79 80 81 94 96 111 112 113 
96 4154 1.779590000 0.808116000 0.00000000000000000000 1.00000000000000000000 2 0 8 80 81 281 95 97 112 113 114 
97 4155 1.811810000 0.759792000 0.00000000000000000000 1.00000000000000000000 2 0 8 81 281 282 96 98 113 114 115 
98 4156 1.842000000 0.710337000 0.00000000000000000000 1.00000000000000000000 2 0 8 281 282 283 97 285 114 115 116 
99 4157 1.186850000 1.416550000 0.00000000000000000000 1.00000000000000000000 2 0 8 284 82 83 287 100 289 117 118 
100 4158 1.244410000 1.389230000 0.00000000000000000000 1.00000000000000000000 2 0 8 82 83 84 99 101 117 118 119 
101 4159 1.300780000 1.359800000 0.00000000000000000000 1.00000000000000000000 2 0 8 83 84 85 100 102 118 119 120 
102 4160 1.355880000 1.328310000 0.00000000000000000000 1.00000000000000000000 2 0 8 84 85 86 101 103 119 120 121 
103 4161 1.409630000 1.294810000 0.00000000000000000000 1.00000000000000000000 2 0 8 85 86 87 102 104 120 121 122 
104 4162 1.461950000 1.259360000 0.00000000000000000000 1.00000000000000000000 2 0 8 86 87 88 103 105 121 122 123 
105 4163 1.512760000 1.222000000 0.00000000000000000000 1.00000000000000000000 2 0 8 87 88 89 104 106 122 123 124 
106 4164 1.561990000 1.182790000 0.00000000000000000000 1.00000000000000000000 2 0 8 88 89 90 105 107 123 124 125 
107 4165 1.609560000 1.141810000 0.00000000000000000000 1.00000000000000000000 2 0 8 89 90 91 106 108 124 125 126 
108 4166 1.655400000 1.099110000 0.00000000000000000000 1.00000000000000000000 2 0 8 90 91 92 107 109 125 126 127 
109 4167 1.699450000 1.054750000 0.00000000000000000000 1.00000000000000000000 2 0 8 91 92 93 108 110 126 127 128 
110 4168 1.741640000 1.008820000 0.00000000000000000000 1.00000000000000000000 2 0 8 92 93 94 109 111 127 128 129 
111 4169 1.781920000 0.961368000 0.00000000000000000000 1.00000000000000000000 2 0 8 93 94 95 110 112 128 129 130 
112 4170 1.820210000 0.912479000 0.00000000000000000000 1.00000000000000000000 2 0 8 94 95 96 111 113 129 130 131 
113 4171 1.856470000 0.862225000 0.00000000000000000000 1.00000000000000000000 2 0 8 95 96 97 112 114 130 131 132 
114 4172 1.890630000 0.810682000 0.00000000000000000000 1.00000000000000000000 2 0 8 96 97 98 113 115 131 132 133 
115 4173 1.922670000 0.757929000 0.00000000000000000000 1.00000000000000000000 2 0 8 97 98 285 114 116 132 133 134 
116 4174 1.952510000 0.704045000 0.00000000000000000000 1.00000000000000000000 2 0 8 98 285 286 115 288 133 134 290 
117 4175 1.228110000 1.510220000 0.00000000000000000000 1.00000000000000000000 2 0 8 287 99 100 289 118 291 135 136 
118 4176 1.289150000 1.481140000 0.00000000000000000000 1.00000000000000000000 2 0 8 99 100 101 117 119 135 136 137 
119 4177 1.348930000 1.449810000 0.00000000000000000000 1.00000000000000000000 2 0 8 100 101 102 118 120 136 137 138 
120 4178 1.407370000 1.416270000 0.00000000000000000000 1.00000000000000000000 2 0 8 101 102 103 119 121 137 138 139 
121 4179 1.464380000 1.380590000 0.00000000000000000000 1.00000000000000000000 2 0 8 102 103 104 120 122 138 139 140 
122 4180 1.519880000 1.342820000 0.00000000000000000000 1.00000000000000000000 2 0 8 103 104 105 121 123 139 140 141 
123 4181 1.573770000 1.303020000 0.00000000000000000000 1.00000000000000000000 2 0 8 104 105 106 122 124 140 141 142 
124 4182 1.625990000 1.261250000 0.00000000000000000000 1.00000000000000000000 2 0 8 105 106 107 123 125 141 142 143 
125 4183 1.676460000 1.217580000 0.00000000000000000000 1.00000000000000000000 2 0 8 106 107 108 124 126 142 143 144 
126 4184 1.725090000 1.172070000 0.00000000000000000000 1.00000000000000000000 2 0 8 107 108 109 125 127 143 144 145 
127 4185 1.771830000 1.124800000 0.00000000000000000000 1.00000000000000000000 2 0 8 108 109 110 126 128 144 145 146 
128 4186 1.816590000 1.075840000 0.00000000000000000000 1.00000000000000000000 2 0 8 109 110 111 127 129 145 146 147 
129 4187 1.859320000 1.025260000 0.00000000000000000000 1.00000000000000000000 2 0 8 110 111 112 128 130 146 147 148 
130 4188 1.899950000 0.973144000 0.00000000000000000000 1.00000000000000000000 2 0 8 111 112 113 129 131 147 148 149 
131 4189 1.938420000 0.919568000 0.00000000000000000000 1.00000000000000000000 2 0 8 112 113 114 130 132 148 149 150 
132 4190 1.974680000 0.864613000 0.00000000000000000000 1.00000000000000000000 2 0 8 113 114 115 131 133 149 150 151 
133 4191 2.008670000 0.808365000 0.00000000000000000000 1.00000000000000000000 2 0 8 114 115 116 132 134 150 151 152 
134 4192 2.040340000 0.750908000 0.00000000000000000000 1.00000000000000000000 2 0 8 115 116 288 133 290 151 152 292 
135 4193 1.272090000 1.609530000 0.00000000000000000000 1.00000000000000000000 2 0 8 289 117 118 291 136 293 294 153 
136 4194 1.336830000 1.578580000 0.00000000000000000000 1.00000000000000000000 2 0 8 117 118 119 135 137 294 153 154 
137 4195 1.400250000 1.545230000 0.00000000000000000000 1.00000000000000000000 2 0 8 118 119 120 136 138 153 154 155 
138 4196 1.462250000 1.509530000 0.00000000000000000000 1.00000000000000000000 2 0 8 119 120 121 137 139 154 155 156 
139 4197 1.522730000 1.471530000 0.00000000000000000000 1.00000000000000000000 2 0 8 120 121 122 138 140 155 156 157 
140 4198 1.581610000 1.431310000 0.00000000000000000000 1.00000000000000000000 2 0 8 121 122 123 139 141 156 157 158 
141 4199 1.638800000 1.388920000 0.00000000000000000000 1.00000000000000000000 2 0 8 122 123 124 140 142 157 158 159 
142 4200 1.694210000 1.344430000 0.00000000000000000000 1.00000000000000000000 2 0 8 123 124 125 141 143 158 159 160 
143 4201 1.747760000 1.297910000 0.00000000000000000000 1.00000000000000000000 2 0 8 124 125 126 142 144 159 160 161 
144 4202 1.799370000 1.249430000 0.00000000000000000000 1.00000000000000000000 2 0 8 125 126 127 143 145 160 161 162 
145 4203 1.848960000 1.199070000 0.00000000000000000000 1.00000000000000000000 2 0 8 126 127 128 144 146 161 162 163 
146 4204 1.896470000 1.146900000 0.00000000000000000000 1.00000000000000000000 2 0 8 127 128 129 145 147 162 163 164 
147 4205 1.941820000 1.093000000 0.00000000000000000000 1.00000000000000000000 2 0 8 128 129 130 146 148 163 164 165 
148 4206 1.984940000 1.037460000 0.00000000000000000000 1.00000000000000000000 2 0 8 129 130 131 147 149 164 165 166 
149 4207 2.025770000 0.980359000 0.00000000000000000000 1.00000000000000000000 2 0 8 130 131 132 148 150 165 166 167 
150 4208 2.064250000 0.921788000 0.00000000000000000000 1.00000000000000000000 2 0 8 131 132 133 149 151 166 167 168 
151 4209 2.100330000 0.861834000 0.00000000000000000000 1.00000000000000000000 2 0 8 132 133 134 150 152 167 168 169 
152 4210 2.133950000 0.800589000 0.00000000000000000000 1.00000000000000000000 2 0 8 133 134 290 151 292 168 169 295 
153 4211 1.387630000 1.681910000 0.00000000000000000000 1.00000000000000000000 2 0 8 135 136 137 294 154 296 297 170 
154 4212 1.454930000 1.646420000 0.00000000000000000000 1.00000000000000000000 2 0 8 136 137 138 153 155 297 170 171 
155 4213 1.520720000 1.608420000 0.00000000000000000000 1.00000000000000000000 2 0 8 137 138 139 154 156 170 171 172 
156 4214 1.584910000 1.567980000 0.00000000000000000000 1.00000000000000000000 2 0 8 138 139 140 155 157 171 172 173 
157 4215 1.647390000 1.525150000 0.00000000000000000000 1.00000000000000000000 2 0 8 139 140 141 156 158 172 173 174 
158 4216 1.708080000 1.480020000 0.00000000000000000000 1.00000000000000000000 2 0 8 140 141 142 157 159 173 174 175 
159 4217 1.766890000 1.432640000 0.00000000000000000000 1.00000000000000000000 2 0 8 141 142 143 158 160 174 175 176 
160 4218 1.823730000 1.383100000 0.00000000000000000000 1.00000000000000000000 2 0 8 142 143 144 159 161 175 176 177 
161 4219 1.878510000 1.331460000 0.00000000000000000000 1.00000000000000000000 2 0 8 143 144 145 160 162 176 177 178 
162 4220 1.931150000 1.277820000 0.00000000000000000000 1.00000000000000000000 2 0 8 144 145 146 161 163 177 178 179 
163 4221 1.981570000 1.222250000 0.00000000000000000000 1.00000000000000000000 2 0 8 145 146 147 162 164 178 179 180 
164 4222 2.029710000 1.164830000 0.00000000000000000000 1.00000000000000000000 2 0 8 146 147 148 163 165 179 180 181 
165 4223 2.075490000 1.105660000 0.00000000000000000000 1.00000000000000000000 2 0 8 147 148 149 164 166 180 181 182 
166 4224 2.118830000 1.044820000 0.00000000000000000000 1.00000000000000000000 2 0 8 148 149 150 165 167 181 182 183 
167 4225 2.159690000 0.982419000 0.00000000000000000000 1.00000000000000000000 2 0 8 149 150 151 166 168 182 183 184 
168 4226 2.197990000 0.918536000 0.00000000000000000000 1.00000000000000000000 2 0 8 150 151 152 167 169 183 184 185 
169 4227 2.233680000 0.853274000 0.00000000000000000000 1.00000000000000000000 2 0 8 151 152 292 168 295 184 185 298 
170 4228 1.513170000 1.753760000 0.00000000000000000000 1.00000000000000000000 2 0 8 153 154 155 297 171 299 300 186 
171 4229 1.582990000 1.713320000 0.00000000000000000000 1.00000000000000000000 2 0 8 154 155 156 170 172 300 186 187 
172 4230 1.651120000 1.670280000 0.00000000000000000000 1.00000000000000000000 2 0 8 155 156 157 171 173 186 187 188 
173 4231 1.717450000 1.624700000 0.00000000000000000000 1.00000000000000000000 2 0 8 156 157 158 172 174 187 188 189 
174 4232 1.781880000 1.576650000 0.00000000000000000000 1.00000000000000000000 2 0 8 157 158 159 173 175 188 189 190 
175 4233 1.844310000 1.526210000 0.00000000000000000000 1.00000000000000000000 2 0 8 158 159 160 174 176 189 190 191 
176 4234 1.904640000 1.473460000 0.00000000000000000000 1.00000000000000000000 2 0 8 159 160 161 175 177 190 191 192 
177 4235 1.962800000 1.418480000 0.00000000000000000000 1.00000000000000000000 2 0 8 160 161 162 176 178 191 192 193 
178 4236 2.018680000 1.361360000 0.00000000000000000000 1.00000000000000000000 2 0 8 161 162 163 177 179 192 193 194 
179 4237 2.072220000 1.302180000 0.00000000000000000000 1.00000000000000000000 2 0 8 162 163 164 178 180 193 194 195 
180 4238 2.123330000 1.241030000 0.00000000000000000000 1.00000000000000000000 2 0 8 163 164 165 179 181 194 195 196 
181 4239 2.171930000 1.178000000 0.00000000000000000000 1.00000000000000000000 2 0 8 164 165 166 180 182 195 196 197 
182 4240 2.217960000 1.113210000 0.00000000000000000000 1.00000000000000000000 2 0 8 165 166 167 181 183 196 197 198 
183 4241 2.261340000 1.046730000 0.00000000000000000000 1.00000000000000000000 2 0 8 166 167 168 182 184 197 198 199 
184 4242 2.302010000 0.978682000 0.00000000000000000000 1.00000000000000000000 2 0 8 167 168 169 183 185 198 199 200 
185 4243 2.339910000 0.909158000 0.00000000000000000000 1.00000000000000000000 2 0 8 168 169 295 184 298 199 200 301 
186 4244 1.649310000 1.824630000 0.00000000000000000000 1.00000000000000000000 2 0 8 170 171 172 300 187 302 303 201 
187 4245 1.721640000 1.778820000 0.00000000000000000000 1.00000000000000000000 2 0 8 171 172 173 186 188 303 201 202 
188 4246 1.792060000 1.730320000 0.00000000000000000000 1.00000000000000000000 2 0 8 172 173 174 187 189 201 202 203 
189 4247 1.860460000 1.679180000 0.00000000000000000000 1.00000000000000000000 2 0 8 173 174 175 188 190 202 203 204 
190 4248 1.926740000 1.625490000 0.00000000000000000000 1.00000000000000000000 2 0 8 174 175 176 189 191 203 204 205 
191 4249 1.990800000 1.569340000 0.00000000000000000000 1.00000000000000000000 2 0 8 175 176 177 190 192 204 205 206 
192 4250 2.052560000 1.510810000 0.00000000000000000000 1.00000000000000000000 2 0 8 176 177 178 191 193 205 206 207 
193 4251 2.111900000 1.449990000 0.00000000000000000000 1.00000000000000000000 2 0 8 177 178 179 192 194 206 207 208 
194 4252 2.168750000 1.386980000 0.00000000000000000000 1.00000000000000000000 2 0 8 178 179 180 193 195 207 208 209 
195 4253 2.223020000 1.321870000 0.00000000000000000000 1.00000000000000000000 2 0 8 179 180 181 194 196 208 209 210 
196 4254 2.274640000 1.254760000 0.00000000000000000000 1.00000000000000000000 2 0 8 180 181 182 195 197 209 210 211 
197 4255 2.323510000 1.185760000 0.00000000000000000000 1.00000000000000000000 2 0 8 181 182 183 196 198 210 211 212 
198 4256 2.369580000 1.114970000 0.00000000000000000000 1.00000000000000000000 2 0 8 182 183 184 197 199 211 212 213 
199 4257 2.412780000 1.042500000 0.00000000000000000000 1.00000000000000000000 2 0 8 183 184 185 198 200 212 213 214 
200 4258 2.453030000 0.968451000 0.00000000000000000000 1.00000000000000000000 2 0 8 184 185 298 199 301 213 214 304 
201 4259 1.796710000 1.894020000 0.00000000000000000000 1.00000000000000000000 2 0 8 186 187 188 303 202 305 306 215 
202 4260 1.871480000 1.842400000 0.00000000000000000000 1.00000000000000000000 2 0 8 187 188 189 201 203 306 215 216 
203 4261 1.944120000 1.787990000 0.00000000000000000000 1.00000000000000000000 2 0 8 188 189 190 202 204 215 216 217 
204 4262 2.014510000 1.730850000 0.00000000000000000000 1.00000000000000000000 2 0 8 189 190 191 203 205 216 217 218 
205 4263 2.082540000 1.671090000 0.00000000000000000000 1.00000000000000000000 2 0 8 190 191 192 204 206 217 218 219 
206 4264 2.148120000 1.608800000 0.00000000000000000000 1.00000000000000000000 2 0 8 191 192 193 205 207 218 219 220 
207 4265 2.211140000 1.544060000 0.00000000000000000000 1.00000000000000000000 2 0 8 192 193 194 206 208 219 220 221 
208 4266 2.271520000 1.476980000 0.00000000000000000000 1.00000000000000000000 2 0 8 193 194 195 207 209 220 221 222 
209 4267 2.329160000 1.407670000 0.00000000000000000000 1.00000000000000000000 2 0 8 194 195 196 208 210 221 222 223 
210 4268 2.383980000 1.336220000 0.00000000000000000000 1.00000000000000000000 2 0 8 195 196 197 209 211 222 223 224 
211 4269 2.435890000 1.262760000 0.00000000000000000000 1.00000000000000000000 2 0 8 196 197 198 210 212 223 224 225 
212 4270 2.484830000 1.187390000 0.00000000000000000000 1.00000000000000000000 2 0 8 197 198 199 211 213 224 225 226 
213 4271 2.530710000 1.110220000 0.00000000000000000000 1.00000000000000000000 2 0 8 198 199 200 212 214 225 226 307 
214 4272 2.573470000 1.031380000 0.00000000000000000000 1.00000000000000000000 2 0 8 199 200 301 213 304 226 307 308 
215 4273 1.956030000 1.961380000 0.00000000000000000000 1.00000000000000000000 2 0 8 201 202 203 306 216 309 310 227 
216 4274 2.033170000 1.903480000 0.00000000000000000000 1.00000000000000000000 2 0 8 202 203 204 215 217 310 227 228 
217 4275 2.107930000 1.842690000 0.00000000000000000000 1.00000000000000000000 2 0 8 203 204 205 216 218 227 228 229 
218 4276 2.180180000 1.779100000 0.00000000000000000000 1.00000000000000000000 2 0 8 204 205 206 217 219 228 229 230 
219 4277 2.249840000 1.712800000 0.00000000000000000000 1.00000000000000000000 2 0 8 205 206 207 218 220 229 230 231 
220 4278 2.316780000 1.643900000 0.00000000000000000000 1.00000000000000000000 2 0 8 206 207 208 219 221 230 231 232 
221 4279 2.380910000 1.572510000 0.00000000000000000000 1.00000000000000000000 2 0 8 207 208 209 220 222 231 232 233 
222 4280 2.442140000 1.498730000 0.00000000000000000000 1.00000000000000000000 2 0 8 208 209 210 221 223 232 233 234 
223 4281 2.500370000 1.422690000 0.00000000000000000000 1.00000000000000000000 2 0 8 209 210 211 222 224 233 234 311 
224 4282 2.555520000 1.344490000 0.00000000000000000000 1.00000000000000000000 2 0 8 210 211 212 223 225 234 311 312 
225 4283 2.607500000 1.264250000 0.00000000000000000000 1.00000000000000000000 2 0 8 211 212 213 224 226 311 312 313 
226 4284 2.656240000 1.182100000 0.00000000000000000000 1.00000000000000000000 2 0 8 212 213 214 225 307 312 313 314 
227 4285 2.127940000 2.026090000 0.00000000000000000000 1.00000000000000000000 2 0 8 215 216 217 310 228 315 316 235 
228 4286 2.207350000 1.961420000 0.00000000000000000000 1.00000000000000000000 2 0 8 216 217 218 227 229 316 235 236 
229 4287 2.284110000 1.893750000 0.00000000000000000000 1.00000000000000000000 2 0 8 217 218 219 228 230 235 236 237 
230 4288 2.358100000 1.823210000 0.00000000000000000000 1.00000000000000000000 2 0 8 218 219 220 229 231 236 237 238 
231 4289 2.429210000 1.749900000 0.00000000000000000000 1.00000000000000000000 2 0 8 219 220 221 230 232 237 238 239 
232 4290 2.497340000 1.673930000 0.00000000000000000000 1.00000000000000000000 2 0 8 220 221 222 231 233 238 239 240 
233 4291 2.562390000 1.595410000 0.00000000000000000000 1.00000000000000000000 2 0 8 221 222 223 232 234 239 240 317 
234 4292 2.624250000 1.514480000 0.00000000000000000000 1.00000000000000000000 2 0 8 222 223 224 233 311 240 317 318 
235 4293 2.313150000 2.087480000 0.00000000000000000000 1.00000000000000000000 2 0 8 227 228 229 316 236 319 320 241 
236 4294 2.394690000 2.015500000 0.00000000000000000000 1.00000000000000000000 2 0 8 228 229 230 235 237 320 241 242 
237 4295 2.473300000 1.940450000 0.00000000000000000000 1.00000000000000000000 2 0 8 229 230 231 236 238 241 242 243 
238 4296 2.548850000 1.862440000 0.00000000000000000000 1.00000000000000000000 2 0 8 230 231 232 237 239 242 243 244 
239 4297 2.621230000 1.781610000 0.00000000000000000000 1.00000000000000000000 2 0 8 231 232 233 238 240 243 244 321 
240 4298 2.690340000 1.698070000 0.00000000000000000000 1.00000000000000000000 2 0 8 232 233 234 239 317 244 321 322 
241 4299 2.512350000 2.144780000 0.00000000000000000000 1.00000000000000000000 2 0 8 235 236 237 320 242 323 324 325 
242 4300 2.595870000 2.064940000 0.00000000000000000000 1.00000000000000000000 2 0 8 236 237 238 241 243 324 325 326 
243 4301 2.676140000 1.981960000 0.00000000000000000000 1.00000000000000000000 2 0 8 237 238 239 242 244 325 326 327 
244 4302 2.753050000 1.895960000 0.00000000000000000000 1.00000000000000000000 2 0 8 238 239 240 243 321 326 327 328 
245 3070 0.965783 0.62814 2 0
246 3431 0.994863 0.611956 2 0
247 3432 1.02315 0.594871 2 0
248 3079 0.958946 0.692337 2 0
249 3080 0.990364 0.675978 2 0
250 3452 1.0508 0.64028 2 0
251 3453 1.07972 0.621 2 0
252 3087 0.949747 0.760285 2 0
253 3088 0.983654 0.743872 2 0
254 3472 1.11101 0.667416 2 0
255 3473 1.14055 0.645758 2 0
256 3093 0.937836 0.832083 2 0
257 3094 0.974387 0.815748 2 0
258 3491 1.17578 0.693132 2 0
259 3492 1.2059 0.668906 2 0
260 3097 0.92284 0.907825 2 0
261 3098 0.962194 0.891714 2 0
262 3509 1.24536 0.717172 2 0
263 3510 1.27602 0.690177 2 0
264 3511 1.30547 0.662163 2 0
265 3099 0.904361 0.987598 2 0
266 3100 0.946682 0.971872 2 0
267 3526 1.35119 0.709277 2 0
268 3527 1.38102 0.678257 2 0
269 4339 0.92743 1.05632 2 0
270 3541 1.43167 0.725885 2 0
271 3542 1.46178 0.691642 2 0
272 3543 1.49041 0.656378 2 0
273 4354 0.952088 1.12898 2 0
274 3554 1.54803 0.701957 2 0
275 3555 1.57673 0.66323 2 0
276 4370 0.978428 1.20585 2 0
277 4371 1.02857 1.18681 2 0
278 3564 1.63998 0.708804 2 0
279 3565 1.66864 0.666387 2 0
280 4389 1.05966 1.26695 2 0
281 3572 1.7379 0.711754 2 0
282 3573 1.76637 0.665411 2 0
283 3574 1.7929 0.61808 2 0
284 4408 1.09283 1.35181 2 0
285 3578 1.87014 0.659824 2 0
286 3579 1.89617 0.60833 2 0
287 4427 1.1282 1.44172 2 0
288 3581 1.98013 0.649111 2 0
289 4446 1.16592 1.53701 2 0
290 6032 2.06965 0.692329 2 0
291 4465 1.20611 1.63803 2 0
292 6047 2.16506 0.738145 2 0
293 4482 1.24893 1.74517 2 0
294 4543 1.31893 1.71485 2 0
295 6063 2.26671 0.786731 2 0
296 4545 1.36883 1.82656 2 0
297 4546 1.44174 1.79153 2 0
298 6080 2.37499 0.838267 2 0
299 4550 1.49936 1.90783 2 0
300 4551 1.57518 1.86765 2 0
301 6097 2.49029 0.892948 2 0
302 4557 1.6412 1.98852 2 0
303 4558 1.71991 1.94275 2 0
304 6114 2.61304 0.950976 2 0
305 4566 1.79506 2.06813 2 0
306 4567 1.87662 2.01629 2 0
307 6130 2.70167 1.09817 2 0
308 6131 2.74371 1.01257 2 0
309 4578 1.96166 2.1461 2 0
310 4579 2.04601 2.08769 2 0
311 3582 2.68284 1.43125 2 0
312 3583 2.73806 1.34585 2 0
313 3584 2.78985 1.25842 2 0
314 6147 2.83811 1.16907 2 0
315 4592 2.14176 2.2218 2 0
316 4593 2.2288 2.15628 2 0
317 3585 2.75607 1.61195 2 0
318 3586 2.81832 1.52338 2 0
319 4608 2.3361 2.29453 2 0
320 4609 2.42572 2.22135 2 0
321 3590 2.82648 1.80708 2 0
322 3591 2.89632 1.71545 2 0
323 4626 2.54548 2.36353 2 0
324 4627 2.63753 2.28208 2 0
325 3597 2.72627 2.19716 2 0
326 3598 2.81157 2.10889 2 0
327 3599 2.89329 2.01741 2 0
328 3600 2.97132 1.92285 2 0
