322 236 86
1 8162 0.646543000 -1.122450000 0.00000000000000000000 1.00000000000000000000 2 0 8 237 238 239 244 2 5 6 7 
2 8163 0.598351000 -1.127530000 0.00000000000000000000 1.00000000000000000000 2 0 8 238 239 240 1 3 6 7 8 
3 8164 0.549959000 -1.130880000 0.00000000000000000000 1.00000000000000000000 2 0 8 239 240 241 2 4 7 8 9 
4 8165 0.501440000 -1.132490000 0.00000000000000000000 1.00000000000000000000 2 0 8 240 241 242 3 245 8 9 10 
5 8166 0.705608000 -1.192110000 0.00000000000000000000 1.00000000000000000000 2 0 8 243 244 1 252 6 15 16 17 
6 8167 0.654921000 -1.199320000 0.00000000000000000000 1.00000000000000000000 2 0 8 244 1 2 5 7 16 17 18 
7 8168 0.603946000 -1.204700000 0.00000000000000000000 1.00000000000000000000 2 0 8 1 2 3 6 8 17 18 19 
8 8169 0.552761000 -1.208220000 0.00000000000000000000 1.00000000000000000000 2 0 8 2 3 4 7 9 18 19 20 
9 8170 0.501445000 -1.209890000 0.00000000000000000000 1.00000000000000000000 2 0 8 3 4 245 8 10 19 20 21 
10 8171 0.450076000 -1.209680000 0.00000000000000000000 1.00000000000000000000 2 0 8 4 245 246 9 253 20 21 22 
11 8172 0.978369000 -1.205870000 0.00000000000000000000 1.00000000000000000000 2 0 8 247 248 249 255 12 259 23 24 
12 8173 0.927447000 -1.223070000 0.00000000000000000000 1.00000000000000000000 2 0 8 248 249 250 11 13 23 24 25 
13 8174 0.875822000 -1.238410000 0.00000000000000000000 1.00000000000000000000 2 0 8 249 250 251 12 14 24 25 26 
14 8175 0.823572000 -1.251870000 0.00000000000000000000 1.00000000000000000000 2 0 8 250 251 252 13 15 25 26 27 
15 8176 0.770776000 -1.263400000 0.00000000000000000000 1.00000000000000000000 2 0 8 251 252 5 14 16 26 27 28 
16 8177 0.717514000 -1.273010000 0.00000000000000000000 1.00000000000000000000 2 0 8 252 5 6 15 17 27 28 29 
17 8178 0.663868000 -1.280660000 0.00000000000000000000 1.00000000000000000000 2 0 8 5 6 7 16 18 28 29 30 
18 8179 0.609919000 -1.286350000 0.00000000000000000000 1.00000000000000000000 2 0 8 6 7 8 17 19 29 30 31 
19 8180 0.555752000 -1.290060000 0.00000000000000000000 1.00000000000000000000 2 0 8 7 8 9 18 20 30 31 32 
20 8181 0.501448000 -1.291780000 0.00000000000000000000 1.00000000000000000000 2 0 8 8 9 10 19 21 31 32 33 
21 8182 0.447092000 -1.291500000 0.00000000000000000000 1.00000000000000000000 2 0 8 9 10 253 20 22 32 33 34 
22 8183 0.392768000 -1.289230000 0.00000000000000000000 1.00000000000000000000 2 0 8 10 253 254 21 256 33 34 35 
23 8184 1.006480000 -1.287240000 0.00000000000000000000 1.00000000000000000000 2 0 8 255 11 12 259 24 36 37 38 
24 8185 0.952549000 -1.305560000 0.00000000000000000000 1.00000000000000000000 2 0 8 11 12 13 23 25 37 38 39 
25 8186 0.897872000 -1.321880000 0.00000000000000000000 1.00000000000000000000 2 0 8 12 13 14 24 26 38 39 40 
26 8187 0.842536000 -1.336190000 0.00000000000000000000 1.00000000000000000000 2 0 8 13 14 15 25 27 39 40 41 
27 8188 0.786624000 -1.348450000 0.00000000000000000000 1.00000000000000000000 2 0 8 14 15 16 26 28 40 41 42 
28 8189 0.730223000 -1.358650000 0.00000000000000000000 1.00000000000000000000 2 0 8 15 16 17 27 29 41 42 43 
29 8190 0.673417000 -1.366760000 0.00000000000000000000 1.00000000000000000000 2 0 8 16 17 18 28 30 42 43 44 
30 8191 0.616295000 -1.372780000 0.00000000000000000000 1.00000000000000000000 2 0 8 17 18 19 29 31 43 44 45 
31 8192 0.558943000 -1.376680000 0.00000000000000000000 1.00000000000000000000 2 0 8 18 19 20 30 32 44 45 46 
32 8193 0.501450000 -1.378460000 0.00000000000000000000 1.00000000000000000000 2 0 8 19 20 21 31 33 45 46 47 
33 8194 0.443904000 -1.378120000 0.00000000000000000000 1.00000000000000000000 2 0 8 20 21 22 32 34 46 47 48 
34 8195 0.386395000 -1.375640000 0.00000000000000000000 1.00000000000000000000 2 0 8 21 22 256 33 35 47 48 49 
35 8196 0.329012000 -1.371040000 0.00000000000000000000 1.00000000000000000000 2 0 8 22 256 257 34 260 48 49 50 
36 8197 1.092760000 -1.351840000 0.00000000000000000000 1.00000000000000000000 2 0 8 258 259 23 263 37 51 52 53 
37 8198 1.036480000 -1.373420000 0.00000000000000000000 1.00000000000000000000 2 0 8 259 23 24 36 38 52 53 54 
38 8199 0.979331000 -1.392910000 0.00000000000000000000 1.00000000000000000000 2 0 8 23 24 25 37 39 53 54 55 
39 8200 0.921398000 -1.410270000 0.00000000000000000000 1.00000000000000000000 2 0 8 24 25 26 38 40 54 55 56 
40 8201 0.862769000 -1.425490000 0.00000000000000000000 1.00000000000000000000 2 0 8 25 26 27 39 41 55 56 57 
41 8202 0.803533000 -1.438520000 0.00000000000000000000 1.00000000000000000000 2 0 8 26 27 28 40 42 56 57 58 
42 8203 0.743782000 -1.449340000 0.00000000000000000000 1.00000000000000000000 2 0 8 27 28 29 41 43 57 58 59 
43 8204 0.683605000 -1.457950000 0.00000000000000000000 1.00000000000000000000 2 0 8 28 29 30 42 44 58 59 60 
44 8205 0.623095000 -1.464310000 0.00000000000000000000 1.00000000000000000000 2 0 8 29 30 31 43 45 59 60 61 
45 8206 0.562346000 -1.468420000 0.00000000000000000000 1.00000000000000000000 2 0 8 30 31 32 44 46 60 61 62 
46 8207 0.501450000 -1.470270000 0.00000000000000000000 1.00000000000000000000 2 0 8 31 32 33 45 47 61 62 63 
47 8208 0.440501000 -1.469850000 0.00000000000000000000 1.00000000000000000000 2 0 8 32 33 34 46 48 62 63 64 
48 8209 0.379595000 -1.467160000 0.00000000000000000000 1.00000000000000000000 2 0 8 33 34 35 47 49 63 64 65 
49 8210 0.318824000 -1.462200000 0.00000000000000000000 1.00000000000000000000 2 0 8 34 35 260 48 50 64 65 66 
50 8211 0.258284000 -1.454970000 0.00000000000000000000 1.00000000000000000000 2 0 8 35 260 261 49 264 65 66 67 
51 8212 1.186790000 -1.416580000 0.00000000000000000000 1.00000000000000000000 2 0 8 262 263 36 266 52 269 68 69 
52 8213 1.128130000 -1.441750000 0.00000000000000000000 1.00000000000000000000 2 0 8 263 36 37 51 53 68 69 70 
53 8214 1.068470000 -1.464720000 0.00000000000000000000 1.00000000000000000000 2 0 8 36 37 38 52 54 69 70 71 
54 8215 1.007890000 -1.485450000 0.00000000000000000000 1.00000000000000000000 2 0 8 37 38 39 53 55 70 71 72 
55 8216 0.946488000 -1.503920000 0.00000000000000000000 1.00000000000000000000 2 0 8 38 39 40 54 56 71 72 73 
56 8217 0.884347000 -1.520100000 0.00000000000000000000 1.00000000000000000000 2 0 8 39 40 41 55 57 72 73 74 
57 8218 0.821566000 -1.533940000 0.00000000000000000000 1.00000000000000000000 2 0 8 40 41 42 56 58 73 74 75 
58 8219 0.758241000 -1.545430000 0.00000000000000000000 1.00000000000000000000 2 0 8 41 42 43 57 59 74 75 76 
59 8220 0.694469000 -1.554560000 0.00000000000000000000 1.00000000000000000000 2 0 8 42 43 44 58 60 75 76 77 
60 8221 0.630347000 -1.561290000 0.00000000000000000000 1.00000000000000000000 2 0 8 43 44 45 59 61 76 77 78 
61 8222 0.565974000 -1.565620000 0.00000000000000000000 1.00000000000000000000 2 0 8 44 45 46 60 62 77 78 79 
62 8223 0.501449000 -1.567540000 0.00000000000000000000 1.00000000000000000000 2 0 8 45 46 47 61 63 78 79 80 
63 8224 0.436871000 -1.567040000 0.00000000000000000000 1.00000000000000000000 2 0 8 46 47 48 62 64 79 80 81 
64 8225 0.372340000 -1.564120000 0.00000000000000000000 1.00000000000000000000 2 0 8 47 48 49 63 65 80 81 82 
65 8226 0.307957000 -1.558780000 0.00000000000000000000 1.00000000000000000000 2 0 8 48 49 50 64 66 81 82 83 
66 8227 0.243821000 -1.551030000 0.00000000000000000000 1.00000000000000000000 2 0 8 49 50 264 65 67 82 83 84 
67 8228 0.180033000 -1.540860000 0.00000000000000000000 1.00000000000000000000 2 0 8 50 264 265 66 267 83 84 85 
68 8229 1.228040000 -1.510260000 0.00000000000000000000 1.00000000000000000000 2 0 8 266 51 52 269 69 272 273 86 
69 8230 1.165840000 -1.537040000 0.00000000000000000000 1.00000000000000000000 2 0 8 51 52 53 68 70 273 86 87 
70 8231 1.102580000 -1.561480000 0.00000000000000000000 1.00000000000000000000 2 0 8 52 53 54 69 71 86 87 88 
71 8232 1.038340000 -1.583540000 0.00000000000000000000 1.00000000000000000000 2 0 8 53 54 55 70 72 87 88 89 
72 8233 0.973235000 -1.603180000 0.00000000000000000000 1.00000000000000000000 2 0 8 54 55 56 71 73 88 89 90 
73 8234 0.907349000 -1.620370000 0.00000000000000000000 1.00000000000000000000 2 0 8 55 56 57 72 74 89 90 91 
74 8235 0.840789000 -1.635080000 0.00000000000000000000 1.00000000000000000000 2 0 8 56 57 58 73 75 90 91 92 
75 8236 0.773655000 -1.647280000 0.00000000000000000000 1.00000000000000000000 2 0 8 57 58 59 74 76 91 92 93 
76 8237 0.706049000 -1.656950000 0.00000000000000000000 1.00000000000000000000 2 0 8 58 59 60 75 77 92 93 94 
77 8238 0.638076000 -1.664080000 0.00000000000000000000 1.00000000000000000000 2 0 8 59 60 61 76 78 93 94 95 
78 8239 0.569840000 -1.668640000 0.00000000000000000000 1.00000000000000000000 2 0 8 60 61 62 77 79 94 95 96 
79 8240 0.501446000 -1.670630000 0.00000000000000000000 1.00000000000000000000 2 0 8 61 62 63 78 80 95 96 97 
80 8241 0.433000000 -1.670050000 0.00000000000000000000 1.00000000000000000000 2 0 8 62 63 64 79 81 96 97 98 
81 8242 0.364606000 -1.666890000 0.00000000000000000000 1.00000000000000000000 2 0 8 63 64 65 80 82 97 98 99 
82 8243 0.296372000 -1.661150000 0.00000000000000000000 1.00000000000000000000 2 0 8 64 65 66 81 83 98 99 100 
83 8244 0.228403000 -1.652830000 0.00000000000000000000 1.00000000000000000000 2 0 8 65 66 67 82 84 99 100 101 
84 8245 0.160804000 -1.641960000 0.00000000000000000000 1.00000000000000000000 2 0 8 66 67 267 83 85 100 101 102 
85 8246 0.093682400 -1.628530000 0.00000000000000000000 1.00000000000000000000 2 0 8 67 267 268 84 270 101 102 103 
86 8247 1.206030000 -1.638060000 0.00000000000000000000 1.00000000000000000000 2 0 8 68 69 70 273 87 276 277 104 
87 8248 1.138930000 -1.664060000 0.00000000000000000000 1.00000000000000000000 2 0 8 69 70 71 86 88 277 104 105 
88 8249 1.070800000 -1.687530000 0.00000000000000000000 1.00000000000000000000 2 0 8 70 71 72 87 89 104 105 106 
89 8250 1.001740000 -1.708410000 0.00000000000000000000 1.00000000000000000000 2 0 8 71 72 73 88 90 105 106 107 
90 8251 0.931863000 -1.726680000 0.00000000000000000000 1.00000000000000000000 2 0 8 72 73 74 89 91 106 107 108 
91 8252 0.861274000 -1.742300000 0.00000000000000000000 1.00000000000000000000 2 0 8 73 74 75 90 92 107 108 109 
92 8253 0.790080000 -1.755250000 0.00000000000000000000 1.00000000000000000000 2 0 8 74 75 76 91 93 108 109 110 
93 8254 0.718389000 -1.765510000 0.00000000000000000000 1.00000000000000000000 2 0 8 75 76 77 92 94 109 110 111 
94 8255 0.646312000 -1.773050000 0.00000000000000000000 1.00000000000000000000 2 0 8 76 77 78 93 95 110 111 112 
95 8256 0.573960000 -1.777860000 0.00000000000000000000 1.00000000000000000000 2 0 8 77 78 79 94 96 111 112 113 
96 8257 0.501443000 -1.779930000 0.00000000000000000000 1.00000000000000000000 2 0 8 78 79 80 95 97 112 113 114 
97 8258 0.428873000 -1.779260000 0.00000000000000000000 1.00000000000000000000 2 0 8 79 80 81 96 98 113 114 115 
98 8259 0.356363000 -1.775840000 0.00000000000000000000 1.00000000000000000000 2 0 8 80 81 82 97 99 114 115 116 
99 8260 0.284024000 -1.769670000 0.00000000000000000000 1.00000000000000000000 2 0 8 81 82 83 98 100 115 116 117 
100 8261 0.211970000 -1.760770000 0.00000000000000000000 1.00000000000000000000 2 0 8 82 83 84 99 101 116 117 118 
101 8262 0.140312000 -1.749130000 0.00000000000000000000 1.00000000000000000000 2 0 8 83 84 85 100 102 117 118 119 
102 8263 0.069162300 -1.734790000 0.00000000000000000000 1.00000000000000000000 2 0 8 84 85 270 101 103 118 119 120 
103 8264 -0.001368650 -1.717740000 0.00000000000000000000 1.00000000000000000000 2 0 8 85 270 271 102 274 119 120 121 
104 8265 1.177650000 -1.772860000 0.00000000000000000000 1.00000000000000000000 2 0 8 86 87 88 277 105 280 281 122 
105 8266 1.105370000 -1.797810000 0.00000000000000000000 1.00000000000000000000 2 0 8 87 88 89 104 106 281 122 123 
106 8267 1.032110000 -1.820000000 0.00000000000000000000 1.00000000000000000000 2 0 8 88 89 90 105 107 122 123 124 
107 8268 0.957978000 -1.839420000 0.00000000000000000000 1.00000000000000000000 2 0 8 89 90 91 106 108 123 124 125 
108 8269 0.883097000 -1.856010000 0.00000000000000000000 1.00000000000000000000 2 0 8 90 91 92 107 109 124 125 126 
109 8270 0.807578000 -1.869760000 0.00000000000000000000 1.00000000000000000000 2 0 8 91 92 93 108 110 125 126 127 
110 8271 0.731535000 -1.880630000 0.00000000000000000000 1.00000000000000000000 2 0 8 92 93 94 109 111 126 127 128 
111 8272 0.655086000 -1.888610000 0.00000000000000000000 1.00000000000000000000 2 0 8 93 94 95 110 112 127 128 129 
112 8273 0.578347000 -1.893690000 0.00000000000000000000 1.00000000000000000000 2 0 8 94 95 96 111 113 128 129 130 
113 8274 0.501437000 -1.895850000 0.00000000000000000000 1.00000000000000000000 2 0 8 95 96 97 112 114 129 130 131 
114 8275 0.424475000 -1.895080000 0.00000000000000000000 1.00000000000000000000 2 0 8 96 97 98 113 115 130 131 132 
115 8276 0.347579000 -1.891390000 0.00000000000000000000 1.00000000000000000000 2 0 8 97 98 99 114 116 131 132 133 
116 8277 0.270869000 -1.884770000 0.00000000000000000000 1.00000000000000000000 2 0 8 98 99 100 115 117 132 133 134 
117 8278 0.194463000 -1.875240000 0.00000000000000000000 1.00000000000000000000 2 0 8 99 100 101 116 118 133 134 135 
118 8279 0.118480000 -1.862800000 0.00000000000000000000 1.00000000000000000000 2 0 8 100 101 102 117 119 134 135 136 
119 8280 0.043039400 -1.847470000 0.00000000000000000000 1.00000000000000000000 2 0 8 101 102 103 118 120 135 136 137 
120 8281 -0.031742300 -1.829270000 0.00000000000000000000 1.00000000000000000000 2 0 8 102 103 274 119 121 136 137 138 
121 8282 -0.105748000 -1.808240000 0.00000000000000000000 1.00000000000000000000 2 0 8 103 274 275 120 278 137 138 139 
122 8283 1.142190000 -1.914790000 0.00000000000000000000 1.00000000000000000000 2 0 8 104 105 106 281 123 283 284 140 
123 8284 1.064450000 -1.938380000 0.00000000000000000000 1.00000000000000000000 2 0 8 105 106 107 122 124 284 140 141 
124 8285 0.985793000 -1.959010000 0.00000000000000000000 1.00000000000000000000 2 0 8 106 107 108 123 125 140 141 142 
125 8286 0.906341000 -1.976630000 0.00000000000000000000 1.00000000000000000000 2 0 8 107 108 109 124 126 141 142 143 
126 8287 0.826214000 -1.991220000 0.00000000000000000000 1.00000000000000000000 2 0 8 108 109 110 125 127 142 143 144 
127 8288 0.745536000 -2.002760000 0.00000000000000000000 1.00000000000000000000 2 0 8 109 110 111 126 128 143 144 145 
128 8289 0.664429000 -2.011210000 0.00000000000000000000 1.00000000000000000000 2 0 8 110 111 112 127 129 144 145 146 
129 8290 0.583019000 -2.016560000 0.00000000000000000000 1.00000000000000000000 2 0 8 111 112 113 128 130 145 146 147 
130 8291 0.501431000 -2.018810000 0.00000000000000000000 1.00000000000000000000 2 0 8 112 113 114 129 131 146 147 148 
131 8292 0.419790000 -2.017940000 0.00000000000000000000 1.00000000000000000000 2 0 8 113 114 115 130 132 147 148 149 
132 8293 0.338223000 -2.013960000 0.00000000000000000000 1.00000000000000000000 2 0 8 114 115 116 131 133 148 149 150 
133 8294 0.256857000 -2.006870000 0.00000000000000000000 1.00000000000000000000 2 0 8 115 116 117 132 134 149 150 151 
134 8295 0.175816000 -1.996670000 0.00000000000000000000 1.00000000000000000000 2 0 8 116 117 118 133 135 150 151 152 
135 8296 0.095227400 -1.983380000 0.00000000000000000000 1.00000000000000000000 2 0 8 117 118 119 134 136 151 152 153 
136 8297 0.015216300 -1.967010000 0.00000000000000000000 1.00000000000000000000 2 0 8 118 119 120 135 137 152 153 154 
137 8298 -0.064092400 -1.947590000 0.00000000000000000000 1.00000000000000000000 2 0 8 119 120 121 136 138 153 154 155 
138 8299 -0.142575000 -1.925140000 0.00000000000000000000 1.00000000000000000000 2 0 8 120 121 278 137 139 154 155 156 
139 8300 -0.220109000 -1.899710000 0.00000000000000000000 1.00000000000000000000 2 0 8 121 278 279 138 282 155 156 285 
140 8301 1.098890000 -2.063990000 0.00000000000000000000 1.00000000000000000000 2 0 8 122 123 124 284 141 286 287 157 
141 8302 1.015410000 -2.085900000 0.00000000000000000000 1.00000000000000000000 2 0 8 123 124 125 140 142 287 157 158 
142 8303 0.931090000 -2.104620000 0.00000000000000000000 1.00000000000000000000 2 0 8 124 125 126 141 143 157 158 159 
143 8304 0.846057000 -2.120110000 0.00000000000000000000 1.00000000000000000000 2 0 8 125 126 127 142 144 158 159 160 
144 8305 0.760443000 -2.132330000 0.00000000000000000000 1.00000000000000000000 2 0 8 126 127 128 143 145 159 160 161 
145 8306 0.674377000 -2.141280000 0.00000000000000000000 1.00000000000000000000 2 0 8 127 128 129 144 146 160 161 162 
146 8307 0.587993000 -2.146930000 0.00000000000000000000 1.00000000000000000000 2 0 8 128 129 130 145 147 161 162 163 
147 8308 0.501423000 -2.149280000 0.00000000000000000000 1.00000000000000000000 2 0 8 129 130 131 146 148 162 163 164 
148 8309 0.414801000 -2.148300000 0.00000000000000000000 1.00000000000000000000 2 0 8 130 131 132 147 149 163 164 165 
149 8310 0.328260000 -2.144020000 0.00000000000000000000 1.00000000000000000000 2 0 8 131 132 133 148 150 164 165 166 
150 8311 0.241935000 -2.136410000 0.00000000000000000000 1.00000000000000000000 2 0 8 132 133 134 149 151 165 166 167 
151 8312 0.155960000 -2.125510000 0.00000000000000000000 1.00000000000000000000 2 0 8 133 134 135 150 152 166 167 168 
152 8313 0.070466600 -2.111310000 0.00000000000000000000 1.00000000000000000000 2 0 8 134 135 136 151 153 167 168 169 
153 8314 -0.014410400 -2.093840000 0.00000000000000000000 1.00000000000000000000 2 0 8 135 136 137 152 154 168 169 170 
154 8315 -0.098539300 -2.073120000 0.00000000000000000000 1.00000000000000000000 2 0 8 136 137 138 153 155 169 170 171 
155 8316 -0.181789000 -2.049190000 0.00000000000000000000 1.00000000000000000000 2 0 8 137 138 139 154 156 170 171 288 
156 8317 -0.264029000 -2.022070000 0.00000000000000000000 1.00000000000000000000 2 0 8 138 139 282 155 285 171 288 289 
157 8318 1.046940000 -2.220570000 0.00000000000000000000 1.00000000000000000000 2 0 8 140 141 142 287 158 290 291 172 
158 8319 0.957438000 -2.240440000 0.00000000000000000000 1.00000000000000000000 2 0 8 141 142 143 157 159 291 172 173 
159 8320 0.867182000 -2.256880000 0.00000000000000000000 1.00000000000000000000 2 0 8 142 143 144 158 160 172 173 174 
160 8321 0.776312000 -2.269850000 0.00000000000000000000 1.00000000000000000000 2 0 8 143 144 145 159 161 173 174 175 
161 8322 0.684967000 -2.279320000 0.00000000000000000000 1.00000000000000000000 2 0 8 144 145 146 160 162 174 175 176 
162 8323 0.593287000 -2.285290000 0.00000000000000000000 1.00000000000000000000 2 0 8 145 146 147 161 163 175 176 177 
163 8324 0.501414000 -2.287730000 0.00000000000000000000 1.00000000000000000000 2 0 8 146 147 148 162 164 176 177 178 
164 8325 0.409488000 -2.286650000 0.00000000000000000000 1.00000000000000000000 2 0 8 147 148 149 163 165 177 178 179 
165 8326 0.317653000 -2.282040000 0.00000000000000000000 1.00000000000000000000 2 0 8 148 149 150 164 166 178 179 180 
166 8327 0.226049000 -2.273900000 0.00000000000000000000 1.00000000000000000000 2 0 8 149 150 151 165 167 179 180 181 
167 8328 0.134820000 -2.262240000 0.00000000000000000000 1.00000000000000000000 2 0 8 150 151 152 166 168 180 181 182 
168 8329 0.044106000 -2.247080000 0.00000000000000000000 1.00000000000000000000 2 0 8 151 152 153 167 169 181 182 183 
169 8330 -0.045951100 -2.228440000 0.00000000000000000000 1.00000000000000000000 2 0 8 152 153 154 168 170 182 183 184 
170 8331 -0.135211000 -2.206350000 0.00000000000000000000 1.00000000000000000000 2 0 8 153 154 155 169 171 183 184 292 
171 8332 -0.223535000 -2.180830000 0.00000000000000000000 1.00000000000000000000 2 0 8 154 155 156 170 288 184 292 293 
172 8333 0.985482000 -2.384620000 0.00000000000000000000 1.00000000000000000000 2 0 8 157 158 159 291 173 294 185 186 
173 8334 0.889667000 -2.402060000 0.00000000000000000000 1.00000000000000000000 2 0 8 158 159 160 172 174 185 186 187 
174 8335 0.793203000 -2.415810000 0.00000000000000000000 1.00000000000000000000 2 0 8 159 160 161 173 175 186 187 188 
175 8336 0.696238000 -2.425850000 0.00000000000000000000 1.00000000000000000000 2 0 8 160 161 162 174 176 187 188 189 
176 8337 0.598922000 -2.432150000 0.00000000000000000000 1.00000000000000000000 2 0 8 161 162 163 175 177 188 189 190 
177 8338 0.501403000 -2.434700000 0.00000000000000000000 1.00000000000000000000 2 0 8 162 163 164 176 178 189 190 191 
178 8339 0.403832000 -2.433500000 0.00000000000000000000 1.00000000000000000000 2 0 8 163 164 165 177 179 190 191 192 
179 8340 0.306361000 -2.428540000 0.00000000000000000000 1.00000000000000000000 2 0 8 164 165 166 178 180 191 192 193 
180 8341 0.209139000 -2.419820000 0.00000000000000000000 1.00000000000000000000 2 0 8 165 166 167 179 181 192 193 194 
181 8342 0.112318000 -2.407370000 0.00000000000000000000 1.00000000000000000000 2 0 8 166 167 168 180 182 193 194 195 
182 8343 0.016047400 -2.391190000 0.00000000000000000000 1.00000000000000000000 2 0 8 167 168 169 181 183 194 195 196 
183 8344 -0.079523200 -2.371310000 0.00000000000000000000 1.00000000000000000000 2 0 8 168 169 170 182 184 195 196 295 
184 8345 -0.174245000 -2.347750000 0.00000000000000000000 1.00000000000000000000 2 0 8 169 170 171 183 292 196 295 296 
185 8346 1.015330000 -2.537670000 0.00000000000000000000 1.00000000000000000000 2 0 8 291 172 173 294 186 297 197 198 
186 8347 0.913595000 -2.556190000 0.00000000000000000000 1.00000000000000000000 2 0 8 172 173 174 185 187 197 198 199 
187 8348 0.811178000 -2.570770000 0.00000000000000000000 1.00000000000000000000 2 0 8 173 174 175 186 188 198 199 200 
188 8349 0.708232000 -2.581400000 0.00000000000000000000 1.00000000000000000000 2 0 8 174 175 176 187 189 199 200 201 
189 8350 0.604917000 -2.588050000 0.00000000000000000000 1.00000000000000000000 2 0 8 175 176 177 188 190 200 201 202 
190 8351 0.501390000 -2.590720000 0.00000000000000000000 1.00000000000000000000 2 0 8 176 177 178 189 191 201 202 203 
191 8352 0.397813000 -2.589390000 0.00000000000000000000 1.00000000000000000000 2 0 8 177 178 179 190 192 202 203 204 
192 8353 0.294343000 -2.584060000 0.00000000000000000000 1.00000000000000000000 2 0 8 178 179 180 191 193 203 204 205 
193 8354 0.191143000 -2.574740000 0.00000000000000000000 1.00000000000000000000 2 0 8 179 180 181 192 194 204 205 206 
194 8355 0.088370500 -2.561440000 0.00000000000000000000 1.00000000000000000000 2 0 8 180 181 182 193 195 205 206 207 
195 8356 -0.013813900 -2.544180000 0.00000000000000000000 1.00000000000000000000 2 0 8 181 182 183 194 196 206 207 298 
196 8357 -0.115252000 -2.522980000 0.00000000000000000000 1.00000000000000000000 2 0 8 182 183 184 195 295 207 298 299 
197 8358 1.047080000 -2.700180000 0.00000000000000000000 1.00000000000000000000 2 0 8 294 185 186 297 198 300 208 209 
198 8359 0.939056000 -2.719830000 0.00000000000000000000 1.00000000000000000000 2 0 8 185 186 187 197 199 208 209 210 
199 8360 0.830304000 -2.735300000 0.00000000000000000000 1.00000000000000000000 2 0 8 186 187 188 198 200 209 210 211 
200 8361 0.720994000 -2.746560000 0.00000000000000000000 1.00000000000000000000 2 0 8 187 188 189 199 201 210 211 212 
201 8362 0.611295000 -2.753590000 0.00000000000000000000 1.00000000000000000000 2 0 8 188 189 190 200 202 211 212 213 
202 8363 0.501376000 -2.756380000 0.00000000000000000000 1.00000000000000000000 2 0 8 189 190 191 201 203 212 213 214 
203 8364 0.391406000 -2.754910000 0.00000000000000000000 1.00000000000000000000 2 0 8 190 191 192 202 204 213 214 215 
204 8365 0.281555000 -2.749190000 0.00000000000000000000 1.00000000000000000000 2 0 8 191 192 193 203 205 214 215 216 
205 8366 0.171992000 -2.739230000 0.00000000000000000000 1.00000000000000000000 2 0 8 192 193 194 204 206 215 216 217 
206 8367 0.062887900 -2.725030000 0.00000000000000000000 1.00000000000000000000 2 0 8 193 194 195 205 207 216 217 301 
207 8368 -0.045588900 -2.706620000 0.00000000000000000000 1.00000000000000000000 2 0 8 194 195 196 206 298 217 301 302 
208 8369 1.080870000 -2.872750000 0.00000000000000000000 1.00000000000000000000 2 0 8 297 197 198 300 209 303 304 218 
209 8370 0.966144000 -2.893610000 0.00000000000000000000 1.00000000000000000000 2 0 8 197 198 199 208 210 304 218 219 
210 8371 0.850652000 -2.910020000 0.00000000000000000000 1.00000000000000000000 2 0 8 198 199 200 209 211 218 219 220 
211 8372 0.734571000 -2.921950000 0.00000000000000000000 1.00000000000000000000 2 0 8 199 200 201 210 212 219 220 221 
212 8373 0.618081000 -2.929380000 0.00000000000000000000 1.00000000000000000000 2 0 8 200 201 202 211 213 220 221 222 
213 8374 0.501360000 -2.932290000 0.00000000000000000000 1.00000000000000000000 2 0 8 201 202 203 212 214 221 222 223 
214 8375 0.384589000 -2.930680000 0.00000000000000000000 1.00000000000000000000 2 0 8 202 203 204 213 215 222 223 224 
215 8376 0.267948000 -2.924550000 0.00000000000000000000 1.00000000000000000000 2 0 8 203 204 205 214 216 223 224 225 
216 8377 0.151616000 -2.913900000 0.00000000000000000000 1.00000000000000000000 2 0 8 204 205 206 215 217 224 225 305 
217 8378 0.035775300 -2.898750000 0.00000000000000000000 1.00000000000000000000 2 0 8 205 206 207 216 301 225 305 306 
218 8379 0.994960000 -3.078170000 0.00000000000000000000 1.00000000000000000000 2 0 8 208 209 210 304 219 307 308 226 
219 8380 0.872298000 -3.095580000 0.00000000000000000000 1.00000000000000000000 2 0 8 209 210 211 218 220 308 226 227 
220 8381 0.749014000 -3.108220000 0.00000000000000000000 1.00000000000000000000 2 0 8 210 211 212 219 221 226 227 228 
221 8382 0.625298000 -3.116070000 0.00000000000000000000 1.00000000000000000000 2 0 8 211 212 213 220 222 227 228 229 
222 8383 0.501342000 -3.119120000 0.00000000000000000000 1.00000000000000000000 2 0 8 212 213 214 221 223 228 229 230 
223 8384 0.377336000 -3.117350000 0.00000000000000000000 1.00000000000000000000 2 0 8 213 214 215 222 224 229 230 231 
224 8385 0.253471000 -3.110780000 0.00000000000000000000 1.00000000000000000000 2 0 8 214 215 216 223 225 230 231 309 
225 8386 0.129939000 -3.099410000 0.00000000000000000000 1.00000000000000000000 2 0 8 215 216 217 224 305 231 309 310 
226 8387 0.895322000 -3.292670000 0.00000000000000000000 1.00000000000000000000 2 0 8 218 219 220 308 227 311 312 232 
227 8388 0.764375000 -3.306060000 0.00000000000000000000 1.00000000000000000000 2 0 8 219 220 221 226 228 312 232 233 
228 8389 0.632974000 -3.314360000 0.00000000000000000000 1.00000000000000000000 2 0 8 220 221 222 227 229 232 233 234 
229 8390 0.501321000 -3.317550000 0.00000000000000000000 1.00000000000000000000 2 0 8 221 222 223 228 230 233 234 235 
230 8391 0.369619000 -3.315630000 0.00000000000000000000 1.00000000000000000000 2 0 8 222 223 224 229 231 234 235 313 
231 8392 0.238071000 -3.308590000 0.00000000000000000000 1.00000000000000000000 2 0 8 223 224 225 230 309 235 313 314 
232 8393 0.780714000 -3.516220000 0.00000000000000000000 1.00000000000000000000 2 0 8 226 227 228 312 233 315 316 317 
233 8394 0.641138000 -3.524990000 0.00000000000000000000 1.00000000000000000000 2 0 8 227 228 229 232 234 316 317 236 
234 8395 0.501298000 -3.528340000 0.00000000000000000000 1.00000000000000000000 2 0 8 228 229 230 233 235 317 236 318 
235 8396 0.361410000 -3.526240000 0.00000000000000000000 1.00000000000000000000 2 0 8 229 230 231 234 313 236 318 319 
236 8397 0.501273000 -3.752260000 0.00000000000000000000 1.00000000000000000000 2 0 8 233 234 235 317 318 320 321 322 
237 5971 0.684028 -1.04332 2 0
238 5972 0.638703 -1.04974 2 0
239 5973 0.593116 -1.05455 2 0
240 5974 0.547335 -1.05774 2 0
241 8028 0.501433 -1.05929 2 0
242 8029 0.455479 -1.05921 2 0
243 5980 0.742028 -1.10712 2 0
244 5981 0.694459 -1.11564 2 0
245 8044 0.452869 -1.13234 2 0
246 8045 0.404321 -1.13045 2 0
247 5653 0.999394 -1.11113 2 0
248 5982 0.952034 -1.129 2 0
249 5983 0.903934 -1.14515 2 0
250 5984 0.855167 -1.15956 2 0
251 5985 0.805807 -1.17221 2 0
252 5986 0.755929 -1.18306 2 0
253 8059 0.398736 -1.2076 2 0
254 8060 0.347502 -1.20366 2 0
255 5672 1.02851 -1.18684 2 0
256 8073 0.33856 -1.28497 2 0
257 8074 0.284553 -1.27871 2 0
258 5690 1.1118 -1.24478 2 0
259 5691 1.05959 -1.26697 2 0
260 8086 0.271844 -1.36431 2 0
261 8087 0.214981 -1.35546 2 0
262 5708 1.20237 -1.30255 2 0
263 5709 1.14809 -1.3282 2 0
264 8098 0.198069 -1.44548 2 0
265 8099 0.138273 -1.43375 2 0
266 5725 1.24434 -1.38927 2 0
267 8110 0.116691 -1.52831 2 0
268 8111 0.0538947 -1.51338 2 0
269 6472 1.28908 -1.48118 2 0
270 8122 0.0271417 -1.61257 2 0
271 8123 -0.0387136 -1.59411 2 0
272 6480 1.33676 -1.57862 2 0
273 6481 1.27201 -1.60957 2 0
274 8134 -0.0711702 -1.69803 2 0
275 8135 -0.140133 -1.67567 2 0
276 6491 1.31885 -1.71488 2 0
277 6492 1.24885 -1.7452 2 0
278 8145 -0.178861 -1.78438 2 0
279 8146 -0.250968 -1.75775 2 0
280 6504 1.29445 -1.85885 2 0
281 6505 1.2189 -1.88826 2 0
282 8154 -0.296572 -1.87131 2 0
283 6519 1.26281 -2.01071 2 0
284 6520 1.1814 -2.03891 2 0
285 8645 -0.345131 -1.9918 2 0
286 6535 1.22314 -2.17063 2 0
287 6536 1.13555 -2.19729 2 0
288 8650 -0.310786 -2.15192 2 0
289 8651 -0.396825 -2.11967 2 0
290 6552 1.17458 -2.33877 2 0
291 6553 1.0805 -2.36351 2 0
292 8657 -0.26797 -2.32056 2 0
293 8658 -0.360553 -2.28976 2 0
294 6570 1.11622 -2.51526 2 0
295 8665 -0.215785 -2.49787 2 0
296 8666 -0.315258 -2.46889 2 0
297 6587 1.15422 -2.67638 2 0
298 8674 -0.15327 -2.68402 2 0
299 8675 -0.259988 -2.65727 2 0
300 6603 1.19466 -2.84748 2 0
301 8685 -0.0793961 -2.87912 2 0
302 8686 -0.193719 -2.85503 2 0
303 6618 1.23767 -3.0292 2 0
304 6619 1.11681 -3.05603 2 0
305 8697 0.00693152 -3.08324 2 0
306 8698 -0.115361 -3.06231 2 0
307 6635 1.15505 -3.2507 2 0
308 6636 1.02561 -3.2742 2 0
309 8710 0.10688 -3.29644 2 0
310 8711 -0.0237508 -3.2792 2 0
311 6653 1.05821 -3.48244 2 0
312 8398 0.91981 -3.50202 2 0
313 8725 0.22169 -3.5187 2 0
314 8726 0.0823524 -3.50573 2 0
315 8400 0.945853 -3.72443 2 0
316 8401 0.798089 -3.73948 2 0
317 8402 0.649819 -3.74876 2 0
318 8742 0.352679 -3.74998 2 0
319 8743 0.204267 -3.74191 2 0
320 8407 0.659049 -3.98649 2 0
321 8408 0.501244 -3.99017 2 0
322 8761 0.343391 -3.98769 2 0
