302 246 56
1 5258 0.961940000 -0.005273880 0.13406686263307679430 -0.99097228838334505685 1 1 8 247 2 249 23 24 251 45 46 
2 5259 0.954072000 -0.006333700 0.13281006750325285992 -0.99114150653162602644 1 1 8 1 3 23 24 25 45 46 47 
3 5260 0.945503000 -0.007476390 0.13146895884956646960 -0.99132028772693392416 1 1 8 2 4 24 25 26 46 47 48 
4 5261 0.936248000 -0.008697520 0.13004657339925981829 -0.99150788637665976388 1 1 8 3 5 25 26 27 47 48 49 
5 5262 0.926320000 -0.009992440 0.12854392066912434522 -0.99170381690251141471 1 1 8 4 6 26 27 28 48 49 50 
6 5263 0.915735000 -0.011356400 0.12696073505246974200 -0.99190774357040711884 1 1 8 5 7 27 28 29 49 50 51 
7 5264 0.904508000 -0.012784300 0.12531194563675995823 -0.99211739037309976119 1 1 8 6 8 28 29 30 50 51 52 
8 5265 0.892658000 -0.014271200 0.12361563743041628638 -0.99233017397571454676 1 1 8 7 9 29 30 31 51 52 53 
9 5266 0.880203000 -0.015812000 0.12184871307927289119 -0.99254868450919075951 1 1 8 8 10 30 31 32 52 53 54 
10 5267 0.867161000 -0.017401300 0.12002653447902668360 -0.99277068400560408712 1 1 8 9 11 31 32 33 53 54 55 
11 5268 0.853553000 -0.019034000 0.11816065709095549541 -0.99299449097959946453 1 1 8 10 12 32 33 34 54 55 56 
12 5269 0.839400000 -0.020704700 0.11624154724163376917 -0.99322097374897955202 1 1 8 11 13 33 34 35 55 56 57 
13 5270 0.824724000 -0.022408000 0.11427346203834422289 -0.99344933231331489232 1 1 8 12 14 34 35 36 56 57 58 
14 5271 0.809547000 -0.024138600 0.11225983361103865354 -0.99367888664176717839 1 1 8 13 15 35 36 37 57 58 59 
15 5272 0.793893000 -0.025891100 0.11019007491550641964 -0.99391053289021702444 1 1 8 14 16 36 37 38 58 59 60 
16 5273 0.777785000 -0.027659900 0.10806336838556147850 -0.99414400788475631998 1 1 8 15 17 37 38 39 59 60 61 
17 5274 0.761249000 -0.029439500 0.10588992387536884376 -0.99437785776920262215 1 1 8 16 18 38 39 40 60 61 62 
18 5275 0.744311000 -0.031224500 0.10364558072098142838 -0.99461429388331767942 1 1 8 17 19 39 40 41 61 62 63 
19 5276 0.726995000 -0.033009000 0.10132820498595720982 -0.99485305189978889828 1 1 8 18 20 40 41 42 62 63 64 
20 5277 0.709330000 -0.034787400 0.09893996602310112243 -0.99509340422060255094 1 1 8 19 21 41 42 43 63 64 65 
21 5278 0.691342000 -0.036553900 0.09646021694760552323 -0.99533684074609685144 1 1 8 20 22 42 43 44 64 65 66 
22 5279 0.673059000 -0.038302500 0.09387689900059185966 -0.99558381256126948777 1 1 8 21 248 43 44 250 65 66 252 
23 5280 0.963760000 -0.017748500 0.00000000000000000000 1.00000000000000000000 2 0 8 247 1 2 249 24 251 45 46 
24 5281 0.955930000 -0.019919400 0.00000000000000000000 1.00000000000000000000 2 0 8 1 2 3 23 25 45 46 47 
25 5282 0.947396000 -0.022148000 0.00000000000000000000 1.00000000000000000000 2 0 8 2 3 4 24 26 46 47 48 
26 5283 0.938170000 -0.024428700 0.00000000000000000000 1.00000000000000000000 2 0 8 3 4 5 25 27 47 48 49 
27 5284 0.928265000 -0.026755900 0.00000000000000000000 1.00000000000000000000 2 0 8 4 5 6 26 28 48 49 50 
28 5285 0.917697000 -0.029123400 0.00000000000000000000 1.00000000000000000000 2 0 8 5 6 7 27 29 49 50 51 
29 5286 0.906483000 -0.031525200 0.00000000000000000000 1.00000000000000000000 2 0 8 6 7 8 28 30 50 51 52 
30 5287 0.894638000 -0.033955100 0.00000000000000000000 1.00000000000000000000 2 0 8 7 8 9 29 31 51 52 53 
31 5288 0.882182000 -0.036406700 0.00000000000000000000 1.00000000000000000000 2 0 8 8 9 10 30 32 52 53 54 
32 5289 0.869132000 -0.038873600 0.00000000000000000000 1.00000000000000000000 2 0 8 9 10 11 31 33 53 54 55 
33 5290 0.855510000 -0.041349300 0.00000000000000000000 1.00000000000000000000 2 0 8 10 11 12 32 34 54 55 56 
34 5291 0.841335000 -0.043827400 0.00000000000000000000 1.00000000000000000000 2 0 8 11 12 13 33 35 55 56 57 
35 5292 0.826630000 -0.046301200 0.00000000000000000000 1.00000000000000000000 2 0 8 12 13 14 34 36 56 57 58 
36 5293 0.811418000 -0.048764300 0.00000000000000000000 1.00000000000000000000 2 0 8 13 14 15 35 37 57 58 59 
37 5294 0.795721000 -0.051210200 0.00000000000000000000 1.00000000000000000000 2 0 8 14 15 16 36 38 58 59 60 
38 5295 0.779563000 -0.053632100 0.00000000000000000000 1.00000000000000000000 2 0 8 15 16 17 37 39 59 60 61 
39 5296 0.762970000 -0.056023700 0.00000000000000000000 1.00000000000000000000 2 0 8 16 17 18 38 40 60 61 62 
40 5297 0.745967000 -0.058378300 0.00000000000000000000 1.00000000000000000000 2 0 8 17 18 19 39 41 61 62 63 
41 5298 0.728580000 -0.060689200 0.00000000000000000000 1.00000000000000000000 2 0 8 18 19 20 40 42 62 63 64 
42 5299 0.710835000 -0.062949900 0.00000000000000000000 1.00000000000000000000 2 0 8 19 20 21 41 43 63 64 65 
43 5300 0.692761000 -0.065153800 0.00000000000000000000 1.00000000000000000000 2 0 8 20 21 22 42 44 64 65 66 
44 5301 0.674384000 -0.067294100 0.00000000000000000000 1.00000000000000000000 2 0 8 21 22 248 43 250 65 66 252 
45 5302 0.967529000 -0.030271400 0.00000000000000000000 1.00000000000000000000 2 0 8 249 23 24 251 46 253 67 68 
46 5303 0.959689000 -0.033564300 0.00000000000000000000 1.00000000000000000000 2 0 8 23 24 25 45 47 67 68 69 
47 5304 0.951138000 -0.036889400 0.00000000000000000000 1.00000000000000000000 2 0 8 24 25 26 46 48 68 69 70 
48 5305 0.941889000 -0.040240100 0.00000000000000000000 1.00000000000000000000 2 0 8 25 26 27 47 49 69 70 71 
49 5306 0.931955000 -0.043609700 0.00000000000000000000 1.00000000000000000000 2 0 8 26 27 28 48 50 70 71 72 
50 5307 0.921351000 -0.046991000 0.00000000000000000000 1.00000000000000000000 2 0 8 27 28 29 49 51 71 72 73 
51 5308 0.910092000 -0.050376700 0.00000000000000000000 1.00000000000000000000 2 0 8 28 29 30 50 52 72 73 74 
52 5309 0.898196000 -0.053759300 0.00000000000000000000 1.00000000000000000000 2 0 8 29 30 31 51 53 73 74 75 
53 5310 0.885680000 -0.057131300 0.00000000000000000000 1.00000000000000000000 2 0 8 30 31 32 52 54 74 75 76 
54 5311 0.872563000 -0.060485200 0.00000000000000000000 1.00000000000000000000 2 0 8 31 32 33 53 55 75 76 77 
55 5312 0.858865000 -0.063813100 0.00000000000000000000 1.00000000000000000000 2 0 8 32 33 34 54 56 76 77 78 
56 5313 0.844607000 -0.067107500 0.00000000000000000000 1.00000000000000000000 2 0 8 33 34 35 55 57 77 78 79 
57 5314 0.829809000 -0.070360700 0.00000000000000000000 1.00000000000000000000 2 0 8 34 35 36 56 58 78 79 80 
58 5315 0.814496000 -0.073564900 0.00000000000000000000 1.00000000000000000000 2 0 8 35 36 37 57 59 79 80 81 
59 5316 0.798690000 -0.076712500 0.00000000000000000000 1.00000000000000000000 2 0 8 36 37 38 58 60 80 81 82 
60 5317 0.782414000 -0.079795900 0.00000000000000000000 1.00000000000000000000 2 0 8 37 38 39 59 61 81 82 83 
61 5318 0.765695000 -0.082807400 0.00000000000000000000 1.00000000000000000000 2 0 8 38 39 40 60 62 82 83 84 
62 5319 0.748558000 -0.085739500 0.00000000000000000000 1.00000000000000000000 2 0 8 39 40 41 61 63 83 84 85 
63 5320 0.731028000 -0.088584700 0.00000000000000000000 1.00000000000000000000 2 0 8 40 41 42 62 64 84 85 86 
64 5321 0.713133000 -0.091335400 0.00000000000000000000 1.00000000000000000000 2 0 8 41 42 43 63 65 85 86 87 
65 5322 0.694900000 -0.093984200 0.00000000000000000000 1.00000000000000000000 2 0 8 42 43 44 64 66 86 87 254 
66 5323 0.676357000 -0.096523800 0.00000000000000000000 1.00000000000000000000 2 0 8 43 44 250 65 252 87 254 255 
67 5324 0.973247000 -0.042884600 0.00000000000000000000 1.00000000000000000000 2 0 8 251 45 46 253 68 256 88 89 
68 5325 0.965350000 -0.047314900 0.00000000000000000000 1.00000000000000000000 2 0 8 45 46 47 67 69 88 89 90 
69 5326 0.956735000 -0.051751800 0.00000000000000000000 1.00000000000000000000 2 0 8 46 47 48 68 70 89 90 91 
70 5327 0.947413000 -0.056187600 0.00000000000000000000 1.00000000000000000000 2 0 8 47 48 49 69 71 90 91 92 
71 5328 0.937399000 -0.060614400 0.00000000000000000000 1.00000000000000000000 2 0 8 48 49 50 70 72 91 92 93 
72 5329 0.926705000 -0.065023800 0.00000000000000000000 1.00000000000000000000 2 0 8 49 50 51 71 73 92 93 94 
73 5330 0.915347000 -0.069407400 0.00000000000000000000 1.00000000000000000000 2 0 8 50 51 52 72 74 93 94 95 
74 5331 0.903343000 -0.073756500 0.00000000000000000000 1.00000000000000000000 2 0 8 51 52 53 73 75 94 95 96 
75 5332 0.890710000 -0.078062400 0.00000000000000000000 1.00000000000000000000 2 0 8 52 53 54 74 76 95 96 97 
76 5333 0.877465000 -0.082316300 0.00000000000000000000 1.00000000000000000000 2 0 8 53 54 55 75 77 96 97 98 
77 5334 0.863630000 -0.086509200 0.00000000000000000000 1.00000000000000000000 2 0 8 54 55 56 76 78 97 98 99 
78 5335 0.849225000 -0.090632400 0.00000000000000000000 1.00000000000000000000 2 0 8 55 56 57 77 79 98 99 100 
79 5336 0.834271000 -0.094676800 0.00000000000000000000 1.00000000000000000000 2 0 8 56 57 58 78 80 99 100 101 
80 5337 0.818792000 -0.098633800 0.00000000000000000000 1.00000000000000000000 2 0 8 57 58 59 79 81 100 101 102 
81 5338 0.802810000 -0.102495000 0.00000000000000000000 1.00000000000000000000 2 0 8 58 59 60 80 82 101 102 103 
82 5339 0.786349000 -0.106250000 0.00000000000000000000 1.00000000000000000000 2 0 8 59 60 61 81 83 102 103 104 
83 5340 0.769435000 -0.109892000 0.00000000000000000000 1.00000000000000000000 2 0 8 60 61 62 82 84 103 104 105 
84 5341 0.752093000 -0.113412000 0.00000000000000000000 1.00000000000000000000 2 0 8 61 62 63 83 85 104 105 106 
85 5342 0.734349000 -0.116802000 0.00000000000000000000 1.00000000000000000000 2 0 8 62 63 64 84 86 105 106 107 
86 5343 0.716232000 -0.120052000 0.00000000000000000000 1.00000000000000000000 2 0 8 63 64 65 85 87 106 107 257 
87 5344 0.697767000 -0.123155000 0.00000000000000000000 1.00000000000000000000 2 0 8 64 65 66 86 254 107 257 258 
88 5345 0.980917000 -0.055633300 0.00000000000000000000 1.00000000000000000000 2 0 8 253 67 68 256 89 259 108 109 
89 5346 0.972920000 -0.061221000 0.00000000000000000000 1.00000000000000000000 2 0 8 67 68 69 88 90 108 109 110 
90 5347 0.964195000 -0.066789200 0.00000000000000000000 1.00000000000000000000 2 0 8 68 69 70 89 91 109 110 111 
91 5348 0.954753000 -0.072329300 0.00000000000000000000 1.00000000000000000000 2 0 8 69 70 71 90 92 110 111 112 
92 5349 0.944608000 -0.077832100 0.00000000000000000000 1.00000000000000000000 2 0 8 70 71 72 91 93 111 112 113 
93 5350 0.933772000 -0.083288100 0.00000000000000000000 1.00000000000000000000 2 0 8 71 72 73 92 94 112 113 114 
94 5351 0.922262000 -0.088687700 0.00000000000000000000 1.00000000000000000000 2 0 8 72 73 74 93 95 113 114 115 
95 5352 0.910094000 -0.094021000 0.00000000000000000000 1.00000000000000000000 2 0 8 73 74 75 94 96 114 115 116 
96 5353 0.897285000 -0.099278000 0.00000000000000000000 1.00000000000000000000 2 0 8 74 75 76 95 97 115 116 117 
97 5354 0.883854000 -0.104449000 0.00000000000000000000 1.00000000000000000000 2 0 8 75 76 77 96 98 116 117 118 
98 5355 0.869821000 -0.109523000 0.00000000000000000000 1.00000000000000000000 2 0 8 76 77 78 97 99 117 118 119 
99 5356 0.855206000 -0.114490000 0.00000000000000000000 1.00000000000000000000 2 0 8 77 78 79 98 100 118 119 120 
100 5357 0.840032000 -0.119341000 0.00000000000000000000 1.00000000000000000000 2 0 8 78 79 80 99 101 119 120 121 
101 5358 0.824320000 -0.124066000 0.00000000000000000000 1.00000000000000000000 2 0 8 79 80 81 100 102 120 121 122 
102 5359 0.808095000 -0.128654000 0.00000000000000000000 1.00000000000000000000 2 0 8 80 81 82 101 103 121 122 123 
103 5360 0.791380000 -0.133096000 0.00000000000000000000 1.00000000000000000000 2 0 8 81 82 83 102 104 122 123 124 
104 5361 0.774201000 -0.137382000 0.00000000000000000000 1.00000000000000000000 2 0 8 82 83 84 103 105 123 124 125 
105 5362 0.756584000 -0.141502000 0.00000000000000000000 1.00000000000000000000 2 0 8 83 84 85 104 106 124 125 126 
106 5363 0.738556000 -0.145448000 0.00000000000000000000 1.00000000000000000000 2 0 8 84 85 86 105 107 125 126 127 
107 5364 0.720143000 -0.149210000 0.00000000000000000000 1.00000000000000000000 2 0 8 85 86 87 106 257 126 127 260 
108 5365 0.990550000 -0.068566000 0.00000000000000000000 1.00000000000000000000 2 0 8 256 88 89 259 109 261 128 129 
109 5366 0.982413000 -0.075334700 0.00000000000000000000 1.00000000000000000000 2 0 8 88 89 90 108 110 128 129 130 
110 5367 0.973534000 -0.082057800 0.00000000000000000000 1.00000000000000000000 2 0 8 89 90 91 109 111 129 130 131 
111 5368 0.963926000 -0.088725400 0.00000000000000000000 1.00000000000000000000 2 0 8 90 91 92 110 112 130 131 132 
112 5369 0.953600000 -0.095327200 0.00000000000000000000 1.00000000000000000000 2 0 8 91 92 93 111 113 131 132 133 
113 5370 0.942572000 -0.101852000 0.00000000000000000000 1.00000000000000000000 2 0 8 92 93 94 112 114 132 133 134 
114 5371 0.930855000 -0.108290000 0.00000000000000000000 1.00000000000000000000 2 0 8 93 94 95 113 115 133 134 135 
115 5372 0.918468000 -0.114629000 0.00000000000000000000 1.00000000000000000000 2 0 8 94 95 96 114 116 134 135 136 
116 5373 0.905426000 -0.120858000 0.00000000000000000000 1.00000000000000000000 2 0 8 95 96 97 115 117 135 136 137 
117 5374 0.891749000 -0.126965000 0.00000000000000000000 1.00000000000000000000 2 0 8 96 97 98 116 118 136 137 138 
118 5375 0.877456000 -0.132940000 0.00000000000000000000 1.00000000000000000000 2 0 8 97 98 99 117 119 137 138 139 
119 5376 0.862569000 -0.138771000 0.00000000000000000000 1.00000000000000000000 2 0 8 98 99 100 118 120 138 139 140 
120 5377 0.847110000 -0.144448000 0.00000000000000000000 1.00000000000000000000 2 0 8 99 100 101 119 121 139 140 141 
121 5378 0.831100000 -0.149957000 0.00000000000000000000 1.00000000000000000000 2 0 8 100 101 102 120 122 140 141 142 
122 5379 0.814564000 -0.155290000 0.00000000000000000000 1.00000000000000000000 2 0 8 101 102 103 121 123 141 142 143 
123 5380 0.797526000 -0.160434000 0.00000000000000000000 1.00000000000000000000 2 0 8 102 103 104 122 124 142 143 144 
124 5381 0.780013000 -0.165380000 0.00000000000000000000 1.00000000000000000000 2 0 8 103 104 105 123 125 143 144 145 
125 5382 0.762049000 -0.170116000 0.00000000000000000000 1.00000000000000000000 2 0 8 104 105 106 124 126 144 145 146 
126 5383 0.743662000 -0.174632000 0.00000000000000000000 1.00000000000000000000 2 0 8 105 106 107 125 127 145 146 262 
127 5384 0.724881000 -0.178919000 0.00000000000000000000 1.00000000000000000000 2 0 8 106 107 257 126 260 146 262 263 
128 5385 1.002170000 -0.081733100 0.00000000000000000000 1.00000000000000000000 2 0 8 259 108 109 261 129 264 147 148 
129 5386 0.993849000 -0.089710500 0.00000000000000000000 1.00000000000000000000 2 0 8 108 109 110 128 130 147 148 149 
130 5387 0.984774000 -0.097616100 0.00000000000000000000 1.00000000000000000000 2 0 8 109 110 111 129 131 148 149 150 
131 5388 0.974954000 -0.105439000 0.00000000000000000000 1.00000000000000000000 2 0 8 110 111 112 130 132 149 150 151 
132 5389 0.964401000 -0.113166000 0.00000000000000000000 1.00000000000000000000 2 0 8 111 112 113 131 133 150 151 152 
133 5390 0.953129000 -0.120787000 0.00000000000000000000 1.00000000000000000000 2 0 8 112 113 114 132 134 151 152 153 
134 5391 0.941153000 -0.128288000 0.00000000000000000000 1.00000000000000000000 2 0 8 113 114 115 133 135 152 153 154 
135 5392 0.928490000 -0.135658000 0.00000000000000000000 1.00000000000000000000 2 0 8 114 115 116 134 136 153 154 155 
136 5393 0.915158000 -0.142883000 0.00000000000000000000 1.00000000000000000000 2 0 8 115 116 117 135 137 154 155 156 
137 5394 0.901176000 -0.149952000 0.00000000000000000000 1.00000000000000000000 2 0 8 116 117 118 136 138 155 156 157 
138 5395 0.886562000 -0.156851000 0.00000000000000000000 1.00000000000000000000 2 0 8 117 118 119 137 139 156 157 158 
139 5396 0.871340000 -0.163568000 0.00000000000000000000 1.00000000000000000000 2 0 8 118 119 120 138 140 157 158 159 
140 5397 0.855529000 -0.170090000 0.00000000000000000000 1.00000000000000000000 2 0 8 119 120 121 139 141 158 159 160 
141 5398 0.839154000 -0.176406000 0.00000000000000000000 1.00000000000000000000 2 0 8 120 121 122 140 142 159 160 161 
142 5399 0.822239000 -0.182503000 0.00000000000000000000 1.00000000000000000000 2 0 8 121 122 123 141 143 160 161 162 
143 5400 0.804809000 -0.188369000 0.00000000000000000000 1.00000000000000000000 2 0 8 122 123 124 142 144 161 162 163 
144 5401 0.786889000 -0.193992000 0.00000000000000000000 1.00000000000000000000 2 0 8 123 124 125 143 145 162 163 164 
145 5402 0.768506000 -0.199361000 0.00000000000000000000 1.00000000000000000000 2 0 8 124 125 126 144 146 163 164 265 
146 5403 0.749688000 -0.204465000 0.00000000000000000000 1.00000000000000000000 2 0 8 125 126 127 145 262 164 265 266 
147 5404 1.015790000 -0.095187000 0.00000000000000000000 1.00000000000000000000 2 0 8 261 128 129 264 148 267 165 166 
148 5405 1.007260000 -0.104405000 0.00000000000000000000 1.00000000000000000000 2 0 8 128 129 130 147 149 165 166 167 
149 5406 0.997945000 -0.113524000 0.00000000000000000000 1.00000000000000000000 2 0 8 129 130 131 148 150 166 167 168 
150 5407 0.987868000 -0.122533000 0.00000000000000000000 1.00000000000000000000 2 0 8 130 131 132 149 151 167 168 169 
151 5408 0.977040000 -0.131417000 0.00000000000000000000 1.00000000000000000000 2 0 8 131 132 133 150 152 168 169 170 
152 5409 0.965474000 -0.140163000 0.00000000000000000000 1.00000000000000000000 2 0 8 132 133 134 151 153 169 170 171 
153 5410 0.953187000 -0.148758000 0.00000000000000000000 1.00000000000000000000 2 0 8 133 134 135 152 154 170 171 172 
154 5411 0.940194000 -0.157188000 0.00000000000000000000 1.00000000000000000000 2 0 8 134 135 136 153 155 171 172 173 
155 5412 0.926514000 -0.165438000 0.00000000000000000000 1.00000000000000000000 2 0 8 135 136 137 154 156 172 173 174 
156 5413 0.912165000 -0.173494000 0.00000000000000000000 1.00000000000000000000 2 0 8 136 137 138 155 157 173 174 175 
157 5414 0.897169000 -0.181344000 0.00000000000000000000 1.00000000000000000000 2 0 8 137 138 139 156 158 174 175 176 
158 5415 0.881546000 -0.188973000 0.00000000000000000000 1.00000000000000000000 2 0 8 138 139 140 157 159 175 176 177 
159 5416 0.865319000 -0.196367000 0.00000000000000000000 1.00000000000000000000 2 0 8 139 140 141 158 160 176 177 178 
160 5417 0.848511000 -0.203512000 0.00000000000000000000 1.00000000000000000000 2 0 8 140 141 142 159 161 177 178 179 
161 5418 0.831148000 -0.210396000 0.00000000000000000000 1.00000000000000000000 2 0 8 141 142 143 160 162 178 179 180 
162 5419 0.813253000 -0.217005000 0.00000000000000000000 1.00000000000000000000 2 0 8 142 143 144 161 163 179 180 181 
163 5420 0.794855000 -0.223327000 0.00000000000000000000 1.00000000000000000000 2 0 8 143 144 145 162 164 180 181 268 
164 5421 0.775979000 -0.229349000 0.00000000000000000000 1.00000000000000000000 2 0 8 144 145 146 163 265 181 268 269 
165 5422 1.031470000 -0.108981000 0.00000000000000000000 1.00000000000000000000 2 0 8 264 147 148 267 166 270 182 183 
166 5423 1.022680000 -0.119476000 0.00000000000000000000 1.00000000000000000000 2 0 8 147 148 149 165 167 182 183 184 
167 5424 1.013090000 -0.129845000 0.00000000000000000000 1.00000000000000000000 2 0 8 148 149 150 166 168 183 184 185 
168 5425 1.002710000 -0.140075000 0.00000000000000000000 1.00000000000000000000 2 0 8 149 150 151 167 169 184 185 186 
169 5426 0.991557000 -0.150150000 0.00000000000000000000 1.00000000000000000000 2 0 8 150 151 152 168 170 185 186 187 
170 5427 0.979647000 -0.160057000 0.00000000000000000000 1.00000000000000000000 2 0 8 151 152 153 169 171 186 187 188 
171 5428 0.966994000 -0.169778000 0.00000000000000000000 1.00000000000000000000 2 0 8 152 153 154 170 172 187 188 189 
172 5429 0.953615000 -0.179300000 0.00000000000000000000 1.00000000000000000000 2 0 8 153 154 155 171 173 188 189 190 
173 5430 0.939529000 -0.188607000 0.00000000000000000000 1.00000000000000000000 2 0 8 154 155 156 172 174 189 190 191 
174 5431 0.924754000 -0.197683000 0.00000000000000000000 1.00000000000000000000 2 0 8 155 156 157 173 175 190 191 192 
175 5432 0.909312000 -0.206514000 0.00000000000000000000 1.00000000000000000000 2 0 8 156 157 158 174 176 191 192 193 
176 5433 0.893224000 -0.215083000 0.00000000000000000000 1.00000000000000000000 2 0 8 157 158 159 175 177 192 193 194 
177 5434 0.876513000 -0.223376000 0.00000000000000000000 1.00000000000000000000 2 0 8 158 159 160 176 178 193 194 195 
178 5435 0.859204000 -0.231378000 0.00000000000000000000 1.00000000000000000000 2 0 8 159 160 161 177 179 194 195 196 
179 5436 0.841321000 -0.239075000 0.00000000000000000000 1.00000000000000000000 2 0 8 160 161 162 178 180 195 196 197 
180 5437 0.822890000 -0.246453000 0.00000000000000000000 1.00000000000000000000 2 0 8 161 162 163 179 181 196 197 271 
181 5438 0.803939000 -0.253496000 0.00000000000000000000 1.00000000000000000000 2 0 8 162 163 164 180 268 197 271 272 
182 5439 1.049240000 -0.123171000 0.00000000000000000000 1.00000000000000000000 2 0 8 267 165 166 270 183 273 198 199 
183 5440 1.040150000 -0.134982000 0.00000000000000000000 1.00000000000000000000 2 0 8 165 166 167 182 184 198 199 200 
184 5441 1.030240000 -0.146641000 0.00000000000000000000 1.00000000000000000000 2 0 8 166 167 168 183 185 199 200 201 
185 5442 1.019520000 -0.158132000 0.00000000000000000000 1.00000000000000000000 2 0 8 167 168 169 184 186 200 201 202 
186 5443 1.008000000 -0.169438000 0.00000000000000000000 1.00000000000000000000 2 0 8 168 169 170 185 187 201 202 203 
187 5444 0.995692000 -0.180543000 0.00000000000000000000 1.00000000000000000000 2 0 8 169 170 171 186 188 202 203 204 
188 5445 0.982621000 -0.191429000 0.00000000000000000000 1.00000000000000000000 2 0 8 170 171 172 187 189 203 204 205 
189 5446 0.968799000 -0.202081000 0.00000000000000000000 1.00000000000000000000 2 0 8 171 172 173 188 190 204 205 206 
190 5447 0.954248000 -0.212480000 0.00000000000000000000 1.00000000000000000000 2 0 8 172 173 174 189 191 205 206 207 
191 5448 0.938985000 -0.222610000 0.00000000000000000000 1.00000000000000000000 2 0 8 173 174 175 190 192 206 207 208 
192 5449 0.923033000 -0.232455000 0.00000000000000000000 1.00000000000000000000 2 0 8 174 175 176 191 193 207 208 209 
193 5450 0.906414000 -0.241997000 0.00000000000000000000 1.00000000000000000000 2 0 8 175 176 177 192 194 208 209 210 
194 5451 0.889151000 -0.251221000 0.00000000000000000000 1.00000000000000000000 2 0 8 176 177 178 193 195 209 210 274 
195 5452 0.871270000 -0.260110000 0.00000000000000000000 1.00000000000000000000 2 0 8 177 178 179 194 196 210 274 275 
196 5453 0.852795000 -0.268649000 0.00000000000000000000 1.00000000000000000000 2 0 8 178 179 180 195 197 274 275 276 
197 5454 0.833754000 -0.276821000 0.00000000000000000000 1.00000000000000000000 2 0 8 179 180 181 196 271 275 276 277 
198 5455 1.069170000 -0.137813000 0.00000000000000000000 1.00000000000000000000 2 0 8 270 182 183 273 199 278 211 212 
199 5456 1.059740000 -0.150985000 0.00000000000000000000 1.00000000000000000000 2 0 8 182 183 184 198 200 211 212 213 
200 5457 1.049470000 -0.163979000 0.00000000000000000000 1.00000000000000000000 2 0 8 183 184 185 199 201 212 213 214 
201 5458 1.038360000 -0.176775000 0.00000000000000000000 1.00000000000000000000 2 0 8 184 185 186 200 202 213 214 215 
202 5459 1.026420000 -0.189355000 0.00000000000000000000 1.00000000000000000000 2 0 8 185 186 187 201 203 214 215 216 
203 5460 1.013660000 -0.201701000 0.00000000000000000000 1.00000000000000000000 2 0 8 186 187 188 202 204 215 216 217 
204 5461 1.000120000 -0.213794000 0.00000000000000000000 1.00000000000000000000 2 0 8 187 188 189 203 205 216 217 218 
205 5462 0.985798000 -0.225615000 0.00000000000000000000 1.00000000000000000000 2 0 8 188 189 190 204 206 217 218 219 
206 5463 0.970720000 -0.237147000 0.00000000000000000000 1.00000000000000000000 2 0 8 189 190 191 205 207 218 219 220 
207 5464 0.954907000 -0.248370000 0.00000000000000000000 1.00000000000000000000 2 0 8 190 191 192 206 208 219 220 221 
208 5465 0.938380000 -0.259266000 0.00000000000000000000 1.00000000000000000000 2 0 8 191 192 193 207 209 220 221 222 
209 5466 0.921161000 -0.269818000 0.00000000000000000000 1.00000000000000000000 2 0 8 192 193 194 208 210 221 222 279 
210 5467 0.903277000 -0.280007000 0.00000000000000000000 1.00000000000000000000 2 0 8 193 194 195 209 274 222 279 280 
211 5468 1.091310000 -0.152963000 0.00000000000000000000 1.00000000000000000000 2 0 8 273 198 199 278 212 281 223 224 
212 5469 1.081510000 -0.167548000 0.00000000000000000000 1.00000000000000000000 2 0 8 198 199 200 211 213 223 224 225 
213 5470 1.070830000 -0.181925000 0.00000000000000000000 1.00000000000000000000 2 0 8 199 200 201 212 214 224 225 226 
214 5471 1.059280000 -0.196075000 0.00000000000000000000 1.00000000000000000000 2 0 8 200 201 202 213 215 225 226 227 
215 5472 1.046870000 -0.209977000 0.00000000000000000000 1.00000000000000000000 2 0 8 201 202 203 214 216 226 227 228 
216 5473 1.033620000 -0.223611000 0.00000000000000000000 1.00000000000000000000 2 0 8 202 203 204 215 217 227 228 229 
217 5474 1.019550000 -0.236957000 0.00000000000000000000 1.00000000000000000000 2 0 8 203 204 205 216 218 228 229 230 
218 5475 1.004670000 -0.249994000 0.00000000000000000000 1.00000000000000000000 2 0 8 204 205 206 217 219 229 230 231 
219 5476 0.989004000 -0.262701000 0.00000000000000000000 1.00000000000000000000 2 0 8 205 206 207 218 220 230 231 232 
220 5477 0.972575000 -0.275059000 0.00000000000000000000 1.00000000000000000000 2 0 8 206 207 208 219 221 231 232 233 
221 5478 0.955406000 -0.287049000 0.00000000000000000000 1.00000000000000000000 2 0 8 207 208 209 220 222 232 233 282 
222 5479 0.937519000 -0.298649000 0.00000000000000000000 1.00000000000000000000 2 0 8 208 209 210 221 279 233 282 283 
223 5480 1.115740000 -0.168682000 0.00000000000000000000 1.00000000000000000000 2 0 8 278 211 212 281 224 284 285 234 
224 5481 1.105530000 -0.184734000 0.00000000000000000000 1.00000000000000000000 2 0 8 211 212 213 223 225 285 234 235 
225 5482 1.094410000 -0.200550000 0.00000000000000000000 1.00000000000000000000 2 0 8 212 213 214 224 226 234 235 236 
226 5483 1.082370000 -0.216108000 0.00000000000000000000 1.00000000000000000000 2 0 8 213 214 215 225 227 235 236 237 
227 5484 1.069440000 -0.231385000 0.00000000000000000000 1.00000000000000000000 2 0 8 214 215 216 226 228 236 237 238 
228 5485 1.055640000 -0.246359000 0.00000000000000000000 1.00000000000000000000 2 0 8 215 216 217 227 229 237 238 239 
229 5486 1.040980000 -0.261008000 0.00000000000000000000 1.00000000000000000000 2 0 8 216 217 218 228 230 238 239 240 
230 5487 1.025480000 -0.275309000 0.00000000000000000000 1.00000000000000000000 2 0 8 217 218 219 229 231 239 240 241 
231 5488 1.009160000 -0.289241000 0.00000000000000000000 1.00000000000000000000 2 0 8 218 219 220 230 232 240 241 242 
232 5489 0.992053000 -0.302781000 0.00000000000000000000 1.00000000000000000000 2 0 8 219 220 221 231 233 241 242 286 
233 5490 0.974172000 -0.315908000 0.00000000000000000000 1.00000000000000000000 2 0 8 220 221 222 232 282 242 286 287 
234 5491 1.131890000 -0.202610000 0.00000000000000000000 1.00000000000000000000 2 0 8 223 224 225 285 235 288 289 243 
235 5492 1.120270000 -0.219925000 0.00000000000000000000 1.00000000000000000000 2 0 8 224 225 226 234 236 289 243 244 
236 5493 1.107700000 -0.236949000 0.00000000000000000000 1.00000000000000000000 2 0 8 225 226 227 235 237 243 244 245 
237 5494 1.094200000 -0.253659000 0.00000000000000000000 1.00000000000000000000 2 0 8 226 227 228 236 238 244 245 290 
238 5495 1.079790000 -0.270030000 0.00000000000000000000 1.00000000000000000000 2 0 8 227 228 229 237 239 245 290 291 
239 5496 1.064480000 -0.286037000 0.00000000000000000000 1.00000000000000000000 2 0 8 228 229 230 238 240 290 291 292 
240 5497 1.048300000 -0.301657000 0.00000000000000000000 1.00000000000000000000 2 0 8 229 230 231 239 241 291 292 293 
241 5498 1.031270000 -0.316866000 0.00000000000000000000 1.00000000000000000000 2 0 8 230 231 232 240 242 292 293 294 
242 5499 1.013410000 -0.331639000 0.00000000000000000000 1.00000000000000000000 2 0 8 231 232 233 241 286 293 294 295 
243 5500 1.148510000 -0.240124000 0.00000000000000000000 1.00000000000000000000 2 0 8 234 235 236 289 244 296 297 246 
244 5501 1.135360000 -0.258679000 0.00000000000000000000 1.00000000000000000000 2 0 8 235 236 237 243 245 297 246 298 
245 5502 1.121230000 -0.276885000 0.00000000000000000000 1.00000000000000000000 2 0 8 236 237 238 244 290 246 298 299 
246 5503 1.165450000 -0.281380000 0.00000000000000000000 1.00000000000000000000 2 0 8 243 244 245 297 298 300 301 302 
247 4788 0.969096 -0.00430113 1 1
248 7442 0.654508 -0.0400271 1 1
249 4803 0.970873 -0.0156404 2 0
250 7453 0.655733 -0.0693641 2 0
251 4817 0.974647 -0.027017 2 0
252 7464 0.657532 -0.0989467 2 0
253 4831 0.980415 -0.038468 2 0
254 7476 0.678984 -0.126103 2 0
255 7477 0.659911 -0.128888 2 0
256 4846 0.988175 -0.0500345 2 0
257 7489 0.701373 -0.152779 2 0
258 7490 0.682276 -0.156145 2 0
259 4861 0.997937 -0.0617612 2 0
260 7503 0.705732 -0.182966 2 0
261 4876 1.00972 -0.0736947 2 0
262 5749 0.730463 -0.209292 2 0
263 7518 0.710859 -0.213832 2 0
264 4892 1.02354 -0.0858834 2 0
265 5750 0.756655 -0.235058 2 0
266 5751 0.73691 -0.240444 2 0
267 4909 1.03946 -0.0983764 2 0
268 5753 0.784495 -0.260193 2 0
269 5754 0.764587 -0.266529 2 0
270 4926 1.0575 -0.111224 2 0
271 5758 0.814175 -0.284613 2 0
272 5759 0.794085 -0.292009 2 0
273 4943 1.07772 -0.124478 2 0
274 5765 0.884751 -0.289816 2 0
275 5766 0.865611 -0.299228 2 0
276 5767 0.845884 -0.308226 2 0
277 5768 0.825598 -0.316795 2 0
278 4960 1.1002 -0.138191 2 0
279 5776 0.918941 -0.309842 2 0
280 5777 0.899697 -0.320608 2 0
281 4977 1.12501 -0.152417 2 0
282 5789 0.955546 -0.328601 2 0
283 5790 0.936199 -0.34084 2 0
284 5023 1.15223 -0.16721 2 0
285 5024 1.14255 -0.185031 2 0
286 5803 0.994746 -0.345954 2 0
287 5804 0.975305 -0.359787 2 0
288 5030 1.17183 -0.202072 2 0
289 5031 1.16067 -0.221246 2 0
290 5504 1.10616 -0.294714 2 0
291 5505 1.09014 -0.312141 2 0
292 5506 1.07322 -0.329138 2 0
293 5507 1.0554 -0.345681 2 0
294 5508 1.03672 -0.361742 2 0
295 5819 1.0172 -0.377298 2 0
296 5039 1.19199 -0.240711 2 0
297 5040 1.17924 -0.261224 2 0
298 5509 1.15064 -0.301151 2 0
299 5510 1.13484 -0.320506 2 0
300 5053 1.21256 -0.283306 2 0
301 5516 1.19808 -0.305139 2 0
302 5517 1.18253 -0.326549 2 0
