322 238 84
1 8645 -0.345131000 -1.991800000 0.00000000000000000000 1.00000000000000000000 2 0 8 239 240 241 247 2 6 7 8 
2 8646 -0.424967000 -1.958440000 0.00000000000000000000 1.00000000000000000000 2 0 8 240 241 242 1 3 7 8 9 
3 8647 -0.503412000 -1.922020000 0.00000000000000000000 1.00000000000000000000 2 0 8 241 242 243 2 4 8 9 10 
4 8648 -0.580343000 -1.882610000 0.00000000000000000000 1.00000000000000000000 2 0 8 242 243 244 3 5 9 10 11 
5 8649 -0.655639000 -1.840260000 0.00000000000000000000 1.00000000000000000000 2 0 8 243 244 245 4 248 10 11 12 
6 8650 -0.310786000 -2.151920000 0.00000000000000000000 1.00000000000000000000 2 0 8 246 247 1 251 7 13 14 15 
7 8651 -0.396825000 -2.119670000 0.00000000000000000000 1.00000000000000000000 2 0 8 247 1 2 6 8 14 15 16 
8 8652 -0.481519000 -2.084130000 0.00000000000000000000 1.00000000000000000000 2 0 8 1 2 3 7 9 15 16 17 
9 8653 -0.564735000 -2.045340000 0.00000000000000000000 1.00000000000000000000 2 0 8 2 3 4 8 10 16 17 18 
10 8654 -0.646343000 -2.003360000 0.00000000000000000000 1.00000000000000000000 2 0 8 3 4 5 9 11 17 18 19 
11 8655 -0.726213000 -1.958260000 0.00000000000000000000 1.00000000000000000000 2 0 8 4 5 248 10 12 18 19 20 
12 8656 -0.804219000 -1.910100000 0.00000000000000000000 1.00000000000000000000 2 0 8 5 248 249 11 252 19 20 255 
13 8657 -0.267970000 -2.320560000 0.00000000000000000000 1.00000000000000000000 2 0 8 250 251 6 254 14 21 22 23 
14 8658 -0.360553000 -2.289760000 0.00000000000000000000 1.00000000000000000000 2 0 8 251 6 7 13 15 22 23 24 
15 8659 -0.451848000 -2.255400000 0.00000000000000000000 1.00000000000000000000 2 0 8 6 7 8 14 16 23 24 25 
16 8660 -0.541712000 -2.217540000 0.00000000000000000000 1.00000000000000000000 2 0 8 7 8 9 15 17 24 25 26 
17 8661 -0.630006000 -2.176220000 0.00000000000000000000 1.00000000000000000000 2 0 8 8 9 10 16 18 25 26 27 
18 8662 -0.716590000 -2.131520000 0.00000000000000000000 1.00000000000000000000 2 0 8 9 10 11 17 19 26 27 28 
19 8663 -0.801328000 -2.083500000 0.00000000000000000000 1.00000000000000000000 2 0 8 10 11 12 18 20 27 28 29 
20 8664 -0.884087000 -2.032230000 0.00000000000000000000 1.00000000000000000000 2 0 8 11 12 252 19 255 28 29 258 
21 8665 -0.215785000 -2.497870000 0.00000000000000000000 1.00000000000000000000 2 0 8 253 254 13 257 22 30 31 32 
22 8666 -0.315258000 -2.468890000 0.00000000000000000000 1.00000000000000000000 2 0 8 254 13 14 21 23 31 32 33 
23 8667 -0.413515000 -2.436080000 0.00000000000000000000 1.00000000000000000000 2 0 8 13 14 15 22 24 32 33 34 
24 8668 -0.510403000 -2.399490000 0.00000000000000000000 1.00000000000000000000 2 0 8 14 15 16 23 25 33 34 35 
25 8669 -0.605770000 -2.359160000 0.00000000000000000000 1.00000000000000000000 2 0 8 15 16 17 24 26 34 35 36 
26 8670 -0.699467000 -2.315170000 0.00000000000000000000 1.00000000000000000000 2 0 8 16 17 18 25 27 35 36 37 
27 8671 -0.791346000 -2.267580000 0.00000000000000000000 1.00000000000000000000 2 0 8 17 18 19 26 28 36 37 38 
28 8672 -0.881265000 -2.216460000 0.00000000000000000000 1.00000000000000000000 2 0 8 18 19 20 27 29 37 38 39 
29 8673 -0.969081000 -2.161890000 0.00000000000000000000 1.00000000000000000000 2 0 8 19 20 255 28 258 38 39 40 
30 8674 -0.153270000 -2.684020000 0.00000000000000000000 1.00000000000000000000 2 0 8 256 257 21 261 31 41 42 43 
31 8675 -0.259988000 -2.657270000 0.00000000000000000000 1.00000000000000000000 2 0 8 257 21 22 30 32 42 43 44 
32 8676 -0.365576000 -2.626390000 0.00000000000000000000 1.00000000000000000000 2 0 8 21 22 23 31 33 43 44 45 
33 8677 -0.469871000 -2.591440000 0.00000000000000000000 1.00000000000000000000 2 0 8 22 23 24 32 34 44 45 46 
34 8678 -0.572709000 -2.552470000 0.00000000000000000000 1.00000000000000000000 2 0 8 23 24 25 33 35 45 46 47 
35 8679 -0.673930000 -2.509540000 0.00000000000000000000 1.00000000000000000000 2 0 8 24 25 26 34 36 46 47 48 
36 8680 -0.773376000 -2.462710000 0.00000000000000000000 1.00000000000000000000 2 0 8 25 26 27 35 37 47 48 49 
37 8681 -0.870890000 -2.412040000 0.00000000000000000000 1.00000000000000000000 2 0 8 26 27 28 36 38 48 49 50 
38 8682 -0.966321000 -2.357630000 0.00000000000000000000 1.00000000000000000000 2 0 8 27 28 29 37 39 49 50 51 
39 8683 -1.059520000 -2.299540000 0.00000000000000000000 1.00000000000000000000 2 0 8 28 29 258 38 40 50 51 52 
40 8684 -1.150330000 -2.237880000 0.00000000000000000000 1.00000000000000000000 2 0 8 29 258 259 39 262 51 52 265 
41 8685 -0.079396100 -2.879120000 0.00000000000000000000 1.00000000000000000000 2 0 8 260 261 30 264 42 53 54 55 
42 8686 -0.193719000 -2.855030000 0.00000000000000000000 1.00000000000000000000 2 0 8 261 30 31 41 43 54 55 56 
43 8687 -0.307016000 -2.826520000 0.00000000000000000000 1.00000000000000000000 2 0 8 30 31 32 42 44 55 56 57 
44 8688 -0.419111000 -2.793640000 0.00000000000000000000 1.00000000000000000000 2 0 8 31 32 33 43 45 56 57 58 
45 8689 -0.529829000 -2.756420000 0.00000000000000000000 1.00000000000000000000 2 0 8 32 33 34 44 46 57 58 59 
46 8690 -0.638998000 -2.714930000 0.00000000000000000000 1.00000000000000000000 2 0 8 33 34 35 45 47 58 59 60 
47 8691 -0.746447000 -2.669220000 0.00000000000000000000 1.00000000000000000000 2 0 8 34 35 36 46 48 59 60 61 
48 8692 -0.852009000 -2.619370000 0.00000000000000000000 1.00000000000000000000 2 0 8 35 36 37 47 49 60 61 62 
49 8693 -0.955518000 -2.565440000 0.00000000000000000000 1.00000000000000000000 2 0 8 36 37 38 48 50 61 62 63 
50 8694 -1.056810000 -2.507530000 0.00000000000000000000 1.00000000000000000000 2 0 8 37 38 39 49 51 62 63 64 
51 8695 -1.155730000 -2.445720000 0.00000000000000000000 1.00000000000000000000 2 0 8 38 39 40 50 52 63 64 65 
52 8696 -1.252120000 -2.380100000 0.00000000000000000000 1.00000000000000000000 2 0 8 39 40 262 51 265 64 65 268 
53 8697 0.006931520 -3.083240000 0.00000000000000000000 1.00000000000000000000 2 0 8 263 264 41 267 54 66 67 68 
54 8698 -0.115361000 -3.062310000 0.00000000000000000000 1.00000000000000000000 2 0 8 264 41 42 53 55 67 68 69 
55 8699 -0.236750000 -3.036650000 0.00000000000000000000 1.00000000000000000000 2 0 8 41 42 43 54 56 68 69 70 
56 8700 -0.357046000 -3.006280000 0.00000000000000000000 1.00000000000000000000 2 0 8 42 43 44 55 57 69 70 71 
57 8701 -0.476062000 -2.971250000 0.00000000000000000000 1.00000000000000000000 2 0 8 43 44 45 56 58 70 71 72 
58 8702 -0.593613000 -2.931630000 0.00000000000000000000 1.00000000000000000000 2 0 8 44 45 46 57 59 71 72 73 
59 8703 -0.709516000 -2.887450000 0.00000000000000000000 1.00000000000000000000 2 0 8 45 46 47 58 60 72 73 74 
60 8704 -0.823590000 -2.838800000 0.00000000000000000000 1.00000000000000000000 2 0 8 46 47 48 59 61 73 74 75 
61 8705 -0.935658000 -2.785740000 0.00000000000000000000 1.00000000000000000000 2 0 8 47 48 49 60 62 74 75 76 
62 8706 -1.045540000 -2.728360000 0.00000000000000000000 1.00000000000000000000 2 0 8 48 49 50 61 63 75 76 77 
63 8707 -1.153070000 -2.666730000 0.00000000000000000000 1.00000000000000000000 2 0 8 49 50 51 62 64 76 77 78 
64 8708 -1.258080000 -2.600960000 0.00000000000000000000 1.00000000000000000000 2 0 8 50 51 52 63 65 77 78 79 
65 8709 -1.360410000 -2.531150000 0.00000000000000000000 1.00000000000000000000 2 0 8 51 52 265 64 268 78 79 80 
66 8710 0.106880000 -3.296440000 0.00000000000000000000 1.00000000000000000000 2 0 8 266 267 53 271 67 81 82 83 
67 8711 -0.023750800 -3.279200000 0.00000000000000000000 1.00000000000000000000 2 0 8 267 53 54 66 68 82 83 84 
68 8712 -0.153619000 -3.256890000 0.00000000000000000000 1.00000000000000000000 2 0 8 53 54 55 67 69 83 84 85 
69 8713 -0.282523000 -3.229540000 0.00000000000000000000 1.00000000000000000000 2 0 8 54 55 56 68 70 84 85 86 
70 8714 -0.410263000 -3.197200000 0.00000000000000000000 1.00000000000000000000 2 0 8 55 56 57 69 71 85 86 87 
71 8715 -0.536641000 -3.159910000 0.00000000000000000000 1.00000000000000000000 2 0 8 56 57 58 70 72 86 87 88 
72 8716 -0.661460000 -3.117720000 0.00000000000000000000 1.00000000000000000000 2 0 8 57 58 59 71 73 87 88 89 
73 8717 -0.784526000 -3.070700000 0.00000000000000000000 1.00000000000000000000 2 0 8 58 59 60 72 74 88 89 90 
74 8718 -0.905647000 -3.018920000 0.00000000000000000000 1.00000000000000000000 2 0 8 59 60 61 73 75 89 90 91 
75 8719 -1.024630000 -2.962450000 0.00000000000000000000 1.00000000000000000000 2 0 8 60 61 62 74 76 90 91 92 
76 8720 -1.141300000 -2.901390000 0.00000000000000000000 1.00000000000000000000 2 0 8 61 62 63 75 77 91 92 93 
77 8721 -1.255470000 -2.835820000 0.00000000000000000000 1.00000000000000000000 2 0 8 62 63 64 76 78 92 93 94 
78 8722 -1.366950000 -2.765840000 0.00000000000000000000 1.00000000000000000000 2 0 8 63 64 65 77 79 93 94 95 
79 8723 -1.475580000 -2.691570000 0.00000000000000000000 1.00000000000000000000 2 0 8 64 65 268 78 80 94 95 96 
80 8724 -1.581190000 -2.613110000 0.00000000000000000000 1.00000000000000000000 2 0 8 65 268 269 79 272 95 96 97 
81 8725 0.221690000 -3.518700000 0.00000000000000000000 1.00000000000000000000 2 0 8 270 271 66 275 82 98 99 100 
82 8726 0.082352400 -3.505730000 0.00000000000000000000 1.00000000000000000000 2 0 8 271 66 67 81 83 99 100 101 
83 8727 -0.056386100 -3.487350000 0.00000000000000000000 1.00000000000000000000 2 0 8 66 67 68 82 84 100 101 102 
84 8728 -0.194311000 -3.463570000 0.00000000000000000000 1.00000000000000000000 2 0 8 67 68 69 83 85 101 102 103 
85 8729 -0.331209000 -3.434440000 0.00000000000000000000 1.00000000000000000000 2 0 8 68 69 70 84 86 102 103 104 
86 8730 -0.466867000 -3.400000000 0.00000000000000000000 1.00000000000000000000 2 0 8 69 70 71 85 87 103 104 105 
87 8731 -0.601074000 -3.360300000 0.00000000000000000000 1.00000000000000000000 2 0 8 70 71 72 86 88 104 105 106 
88 8732 -0.733623000 -3.315390000 0.00000000000000000000 1.00000000000000000000 2 0 8 71 72 73 87 89 105 106 107 
89 8733 -0.864307000 -3.265340000 0.00000000000000000000 1.00000000000000000000 2 0 8 72 73 74 88 90 106 107 108 
90 8734 -0.992923000 -3.210240000 0.00000000000000000000 1.00000000000000000000 2 0 8 73 74 75 89 91 107 108 109 
91 8735 -1.119270000 -3.150150000 0.00000000000000000000 1.00000000000000000000 2 0 8 74 75 76 90 92 108 109 110 
92 8736 -1.243150000 -3.085180000 0.00000000000000000000 1.00000000000000000000 2 0 8 75 76 77 91 93 109 110 111 
93 8737 -1.364370000 -3.015420000 0.00000000000000000000 1.00000000000000000000 2 0 8 76 77 78 92 94 110 111 112 
94 8738 -1.482740000 -2.940980000 0.00000000000000000000 1.00000000000000000000 2 0 8 77 78 79 93 95 111 112 113 
95 8739 -1.598080000 -2.861970000 0.00000000000000000000 1.00000000000000000000 2 0 8 78 79 80 94 96 112 113 114 
96 8740 -1.710210000 -2.778510000 0.00000000000000000000 1.00000000000000000000 2 0 8 79 80 272 95 97 113 114 115 
97 8741 -1.818940000 -2.690740000 0.00000000000000000000 1.00000000000000000000 2 0 8 80 272 273 96 276 114 115 116 
98 8742 0.352679000 -3.749980000 0.00000000000000000000 1.00000000000000000000 2 0 8 274 275 81 278 99 280 117 118 
99 8743 0.204267000 -3.741910000 0.00000000000000000000 1.00000000000000000000 2 0 8 275 81 82 98 100 117 118 119 
100 8744 0.056265400 -3.728070000 0.00000000000000000000 1.00000000000000000000 2 0 8 81 82 83 99 101 118 119 120 
101 8745 -0.091095900 -3.708470000 0.00000000000000000000 1.00000000000000000000 2 0 8 82 83 84 100 102 119 120 121 
102 8746 -0.237589000 -3.683140000 0.00000000000000000000 1.00000000000000000000 2 0 8 83 84 85 101 103 120 121 122 
103 8747 -0.382988000 -3.652110000 0.00000000000000000000 1.00000000000000000000 2 0 8 84 85 86 102 104 121 122 123 
104 8748 -0.527067000 -3.615440000 0.00000000000000000000 1.00000000000000000000 2 0 8 85 86 87 103 105 122 123 124 
105 8749 -0.669601000 -3.573170000 0.00000000000000000000 1.00000000000000000000 2 0 8 86 87 88 104 106 123 124 125 
106 8750 -0.810371000 -3.525380000 0.00000000000000000000 1.00000000000000000000 2 0 8 87 88 89 105 107 124 125 126 
107 8751 -0.949156000 -3.472120000 0.00000000000000000000 1.00000000000000000000 2 0 8 88 89 90 106 108 125 126 127 
108 8752 -1.085740000 -3.413480000 0.00000000000000000000 1.00000000000000000000 2 0 8 89 90 91 107 109 126 127 128 
109 8753 -1.219920000 -3.349550000 0.00000000000000000000 1.00000000000000000000 2 0 8 90 91 92 108 110 127 128 129 
110 8754 -1.351470000 -3.280430000 0.00000000000000000000 1.00000000000000000000 2 0 8 91 92 93 109 111 128 129 130 
111 8755 -1.480190000 -3.206220000 0.00000000000000000000 1.00000000000000000000 2 0 8 92 93 94 110 112 129 130 131 
112 8756 -1.605890000 -3.127030000 0.00000000000000000000 1.00000000000000000000 2 0 8 93 94 95 111 113 130 131 132 
113 8757 -1.728360000 -3.042990000 0.00000000000000000000 1.00000000000000000000 2 0 8 94 95 96 112 114 131 132 133 
114 8758 -1.847420000 -2.954220000 0.00000000000000000000 1.00000000000000000000 2 0 8 95 96 97 113 115 132 133 134 
115 8759 -1.962870000 -2.860860000 0.00000000000000000000 1.00000000000000000000 2 0 8 96 97 276 114 116 133 134 135 
116 8760 -2.074550000 -2.763060000 0.00000000000000000000 1.00000000000000000000 2 0 8 97 276 277 115 279 134 135 281 
117 8761 0.343391000 -3.987690000 0.00000000000000000000 1.00000000000000000000 2 0 8 278 98 99 280 118 282 283 136 
118 8762 0.185736000 -3.979060000 0.00000000000000000000 1.00000000000000000000 2 0 8 98 99 100 117 119 283 136 137 
119 8763 0.028521400 -3.964280000 0.00000000000000000000 1.00000000000000000000 2 0 8 99 100 101 118 120 136 137 138 
120 8764 -0.128010000 -3.943390000 0.00000000000000000000 1.00000000000000000000 2 0 8 100 101 102 119 121 137 138 139 
121 8765 -0.283615000 -3.916400000 0.00000000000000000000 1.00000000000000000000 2 0 8 101 102 103 120 122 138 139 140 
122 8766 -0.438054000 -3.883360000 0.00000000000000000000 1.00000000000000000000 2 0 8 102 103 104 121 123 139 140 141 
123 8767 -0.591087000 -3.844320000 0.00000000000000000000 1.00000000000000000000 2 0 8 103 104 105 122 124 140 141 142 
124 8768 -0.742477000 -3.799330000 0.00000000000000000000 1.00000000000000000000 2 0 8 104 105 106 123 125 141 142 143 
125 8769 -0.891988000 -3.748460000 0.00000000000000000000 1.00000000000000000000 2 0 8 105 106 107 124 126 142 143 144 
126 8770 -1.039390000 -3.691790000 0.00000000000000000000 1.00000000000000000000 2 0 8 106 107 108 125 127 143 144 145 
127 8771 -1.184450000 -3.629400000 0.00000000000000000000 1.00000000000000000000 2 0 8 107 108 109 126 128 144 145 146 
128 8772 -1.326950000 -3.561390000 0.00000000000000000000 1.00000000000000000000 2 0 8 108 109 110 127 129 145 146 147 
129 8773 -1.466650000 -3.487850000 0.00000000000000000000 1.00000000000000000000 2 0 8 109 110 111 128 130 146 147 148 
130 8774 -1.603360000 -3.408910000 0.00000000000000000000 1.00000000000000000000 2 0 8 110 111 112 129 131 147 148 149 
131 8775 -1.736840000 -3.324680000 0.00000000000000000000 1.00000000000000000000 2 0 8 111 112 113 130 132 148 149 150 
132 8776 -1.866900000 -3.235290000 0.00000000000000000000 1.00000000000000000000 2 0 8 112 113 114 131 133 149 150 151 
133 8777 -1.993330000 -3.140880000 0.00000000000000000000 1.00000000000000000000 2 0 8 113 114 115 132 134 150 151 152 
134 8778 -2.115930000 -3.041600000 0.00000000000000000000 1.00000000000000000000 2 0 8 114 115 116 133 135 151 152 153 
135 8779 -2.234510000 -2.937590000 0.00000000000000000000 1.00000000000000000000 2 0 8 115 116 279 134 281 152 153 284 
136 8780 0.166029000 -4.231010000 0.00000000000000000000 1.00000000000000000000 2 0 8 117 118 119 283 137 285 286 154 
137 8781 -0.000982964 -4.215250000 0.00000000000000000000 1.00000000000000000000 2 0 8 118 119 120 136 138 286 154 155 
138 8782 -0.167265000 -4.192990000 0.00000000000000000000 1.00000000000000000000 2 0 8 119 120 121 137 139 154 155 156 
139 8783 -0.332560000 -4.164240000 0.00000000000000000000 1.00000000000000000000 2 0 8 120 121 122 138 140 155 156 157 
140 8784 -0.496612000 -4.129060000 0.00000000000000000000 1.00000000000000000000 2 0 8 121 122 123 139 141 156 157 158 
141 8785 -0.659167000 -4.087500000 0.00000000000000000000 1.00000000000000000000 2 0 8 122 123 124 140 142 157 158 159 
142 8786 -0.819973000 -4.039610000 0.00000000000000000000 1.00000000000000000000 2 0 8 123 124 125 141 143 158 159 160 
143 8787 -0.978780000 -3.985480000 0.00000000000000000000 1.00000000000000000000 2 0 8 124 125 126 142 144 159 160 161 
144 8788 -1.135340000 -3.925180000 0.00000000000000000000 1.00000000000000000000 2 0 8 125 126 127 143 145 160 161 162 
145 8789 -1.289410000 -3.858800000 0.00000000000000000000 1.00000000000000000000 2 0 8 126 127 128 144 146 161 162 163 
146 8790 -1.440760000 -3.786450000 0.00000000000000000000 1.00000000000000000000 2 0 8 127 128 129 145 147 162 163 164 
147 8791 -1.589140000 -3.708230000 0.00000000000000000000 1.00000000000000000000 2 0 8 128 129 130 146 148 163 164 165 
148 8792 -1.734330000 -3.624260000 0.00000000000000000000 1.00000000000000000000 2 0 8 129 130 131 147 149 164 165 166 
149 8793 -1.876090000 -3.534680000 0.00000000000000000000 1.00000000000000000000 2 0 8 130 131 132 148 150 165 166 167 
150 8794 -2.014220000 -3.439610000 0.00000000000000000000 1.00000000000000000000 2 0 8 131 132 133 149 151 166 167 168 
151 8795 -2.148490000 -3.339200000 0.00000000000000000000 1.00000000000000000000 2 0 8 132 133 134 150 152 167 168 169 
152 8796 -2.278690000 -3.233620000 0.00000000000000000000 1.00000000000000000000 2 0 8 133 134 135 151 153 168 169 287 
153 8797 -2.404620000 -3.123010000 0.00000000000000000000 1.00000000000000000000 2 0 8 134 135 281 152 284 169 287 288 
154 8798 -0.032357900 -4.481920000 0.00000000000000000000 1.00000000000000000000 2 0 8 136 137 138 286 155 289 290 170 
155 8799 -0.209009000 -4.458190000 0.00000000000000000000 1.00000000000000000000 2 0 8 137 138 139 154 156 290 170 171 
156 8800 -0.384607000 -4.427580000 0.00000000000000000000 1.00000000000000000000 2 0 8 138 139 140 155 157 170 171 172 
157 8801 -0.558880000 -4.390120000 0.00000000000000000000 1.00000000000000000000 2 0 8 139 140 141 156 158 171 172 173 
158 8802 -0.731560000 -4.345880000 0.00000000000000000000 1.00000000000000000000 2 0 8 140 141 142 157 159 172 173 174 
159 8803 -0.902377000 -4.294920000 0.00000000000000000000 1.00000000000000000000 2 0 8 141 142 143 158 160 173 174 175 
160 8804 -1.071070000 -4.237320000 0.00000000000000000000 1.00000000000000000000 2 0 8 142 143 144 159 161 174 175 176 
161 8805 -1.237370000 -4.173160000 0.00000000000000000000 1.00000000000000000000 2 0 8 143 144 145 160 162 175 176 177 
162 8806 -1.401020000 -4.102550000 0.00000000000000000000 1.00000000000000000000 2 0 8 144 145 146 161 163 176 177 178 
163 8807 -1.561780000 -4.025580000 0.00000000000000000000 1.00000000000000000000 2 0 8 145 146 147 162 164 177 178 179 
164 8808 -1.719380000 -3.942380000 0.00000000000000000000 1.00000000000000000000 2 0 8 146 147 148 163 165 178 179 180 
165 8809 -1.873590000 -3.853070000 0.00000000000000000000 1.00000000000000000000 2 0 8 147 148 149 164 166 179 180 181 
166 8810 -2.024160000 -3.757790000 0.00000000000000000000 1.00000000000000000000 2 0 8 148 149 150 165 167 180 181 182 
167 8811 -2.170860000 -3.656690000 0.00000000000000000000 1.00000000000000000000 2 0 8 149 150 151 166 168 181 182 183 
168 8812 -2.313460000 -3.549910000 0.00000000000000000000 1.00000000000000000000 2 0 8 150 151 152 167 169 182 183 291 
169 8813 -2.451740000 -3.437630000 0.00000000000000000000 1.00000000000000000000 2 0 8 151 152 153 168 287 183 291 292 
170 8814 -0.253396000 -4.740000000 0.00000000000000000000 1.00000000000000000000 2 0 8 154 155 156 290 171 293 294 184 
171 8815 -0.439948000 -4.707390000 0.00000000000000000000 1.00000000000000000000 2 0 8 155 156 157 170 172 294 184 185 
172 8816 -0.625090000 -4.667520000 0.00000000000000000000 1.00000000000000000000 2 0 8 156 157 158 171 173 184 185 186 
173 8817 -0.808534000 -4.620430000 0.00000000000000000000 1.00000000000000000000 2 0 8 157 158 159 172 174 185 186 187 
174 8818 -0.989996000 -4.566210000 0.00000000000000000000 1.00000000000000000000 2 0 8 158 159 160 173 175 186 187 188 
175 8819 -1.169200000 -4.504920000 0.00000000000000000000 1.00000000000000000000 2 0 8 159 160 161 174 176 187 188 189 
176 8820 -1.345850000 -4.436660000 0.00000000000000000000 1.00000000000000000000 2 0 8 160 161 162 175 177 188 189 190 
177 8821 -1.519700000 -4.361540000 0.00000000000000000000 1.00000000000000000000 2 0 8 161 162 163 176 178 189 190 191 
178 8822 -1.690450000 -4.279680000 0.00000000000000000000 1.00000000000000000000 2 0 8 162 163 164 177 179 190 191 192 
179 8823 -1.857860000 -4.191180000 0.00000000000000000000 1.00000000000000000000 2 0 8 163 164 165 178 180 191 192 193 
180 8824 -2.021660000 -4.096200000 0.00000000000000000000 1.00000000000000000000 2 0 8 164 165 166 179 181 192 193 194 
181 8825 -2.181590000 -3.994870000 0.00000000000000000000 1.00000000000000000000 2 0 8 165 166 167 180 182 193 194 195 
182 8826 -2.337410000 -3.887350000 0.00000000000000000000 1.00000000000000000000 2 0 8 166 167 168 181 183 194 195 196 
183 8827 -2.488870000 -3.773810000 0.00000000000000000000 1.00000000000000000000 2 0 8 167 168 169 182 291 195 196 295 
184 8828 -0.498792000 -5.004740000 0.00000000000000000000 1.00000000000000000000 2 0 8 170 171 172 294 185 296 297 197 
185 8829 -0.695488000 -4.962300000 0.00000000000000000000 1.00000000000000000000 2 0 8 171 172 173 184 186 297 197 198 
186 8830 -0.890377000 -4.912190000 0.00000000000000000000 1.00000000000000000000 2 0 8 172 173 174 185 187 197 198 199 
187 8831 -1.083160000 -4.854480000 0.00000000000000000000 1.00000000000000000000 2 0 8 173 174 175 186 188 198 199 200 
188 8832 -1.273530000 -4.789280000 0.00000000000000000000 1.00000000000000000000 2 0 8 174 175 176 187 189 199 200 201 
189 8833 -1.461200000 -4.716670000 0.00000000000000000000 1.00000000000000000000 2 0 8 175 176 177 188 190 200 201 202 
190 8834 -1.645870000 -4.636760000 0.00000000000000000000 1.00000000000000000000 2 0 8 176 177 178 189 191 201 202 203 
191 8835 -1.827260000 -4.549680000 0.00000000000000000000 1.00000000000000000000 2 0 8 177 178 179 190 192 202 203 204 
192 8836 -2.005100000 -4.455560000 0.00000000000000000000 1.00000000000000000000 2 0 8 178 179 180 191 193 203 204 205 
193 8837 -2.179090000 -4.354540000 0.00000000000000000000 1.00000000000000000000 2 0 8 179 180 181 192 194 204 205 206 
194 8838 -2.348970000 -4.246790000 0.00000000000000000000 1.00000000000000000000 2 0 8 180 181 182 193 195 205 206 207 
195 8839 -2.514490000 -4.132450000 0.00000000000000000000 1.00000000000000000000 2 0 8 181 182 183 194 196 206 207 208 
196 8840 -2.675370000 -4.011710000 0.00000000000000000000 1.00000000000000000000 2 0 8 182 183 291 195 295 207 208 298 
197 8841 -0.770337000 -5.275560000 0.00000000000000000000 1.00000000000000000000 2 0 8 184 185 186 297 198 299 300 209 
198 8842 -0.977393000 -5.222230000 0.00000000000000000000 1.00000000000000000000 2 0 8 185 186 187 197 199 300 209 210 
199 8843 -1.182200000 -5.160830000 0.00000000000000000000 1.00000000000000000000 2 0 8 186 187 188 198 200 209 210 211 
200 8844 -1.384450000 -5.091460000 0.00000000000000000000 1.00000000000000000000 2 0 8 187 188 189 199 201 210 211 212 
201 8845 -1.583830000 -5.014220000 0.00000000000000000000 1.00000000000000000000 2 0 8 188 189 190 200 202 211 212 213 
202 8846 -1.780020000 -4.929220000 0.00000000000000000000 1.00000000000000000000 2 0 8 189 190 191 201 203 212 213 214 
203 8847 -1.972720000 -4.836610000 0.00000000000000000000 1.00000000000000000000 2 0 8 190 191 192 202 204 213 214 215 
204 8848 -2.161630000 -4.736510000 0.00000000000000000000 1.00000000000000000000 2 0 8 191 192 193 203 205 214 215 216 
205 8849 -2.346460000 -4.629080000 0.00000000000000000000 1.00000000000000000000 2 0 8 192 193 194 204 206 215 216 217 
206 8850 -2.526930000 -4.514490000 0.00000000000000000000 1.00000000000000000000 2 0 8 193 194 195 205 207 216 217 218 
207 8851 -2.702740000 -4.392910000 0.00000000000000000000 1.00000000000000000000 2 0 8 194 195 196 206 208 217 218 301 
208 8852 -2.873640000 -4.264530000 0.00000000000000000000 1.00000000000000000000 2 0 8 195 196 295 207 298 218 301 302 
209 8853 -1.069910000 -5.551720000 0.00000000000000000000 1.00000000000000000000 2 0 8 197 198 199 300 210 303 304 219 
210 8854 -1.287510000 -5.486400000 0.00000000000000000000 1.00000000000000000000 2 0 8 198 199 200 209 211 304 219 220 
211 8855 -1.502390000 -5.412600000 0.00000000000000000000 1.00000000000000000000 2 0 8 199 200 201 210 212 219 220 221 
212 8856 -1.714200000 -5.330430000 0.00000000000000000000 1.00000000000000000000 2 0 8 200 201 202 211 213 220 221 222 
213 8857 -1.922630000 -5.240030000 0.00000000000000000000 1.00000000000000000000 2 0 8 201 202 203 212 214 221 222 223 
214 8858 -2.127350000 -5.141530000 0.00000000000000000000 1.00000000000000000000 2 0 8 202 203 204 213 215 222 223 224 
215 8859 -2.328050000 -5.035070000 0.00000000000000000000 1.00000000000000000000 2 0 8 203 204 205 214 216 223 224 225 
216 8860 -2.524400000 -4.920830000 0.00000000000000000000 1.00000000000000000000 2 0 8 204 205 206 215 217 224 225 226 
217 8861 -2.716110000 -4.798980000 0.00000000000000000000 1.00000000000000000000 2 0 8 205 206 207 216 218 225 226 305 
218 8862 -2.902880000 -4.669700000 0.00000000000000000000 1.00000000000000000000 2 0 8 206 207 208 217 301 226 305 306 
219 8863 -1.399460000 -5.832400000 0.00000000000000000000 1.00000000000000000000 2 0 8 209 210 211 304 220 307 308 227 
220 8864 -1.627760000 -5.753890000 0.00000000000000000000 1.00000000000000000000 2 0 8 210 211 212 219 221 308 227 228 
221 8865 -1.852800000 -5.666500000 0.00000000000000000000 1.00000000000000000000 2 0 8 211 212 213 220 222 227 228 229 
222 8866 -2.074250000 -5.570340000 0.00000000000000000000 1.00000000000000000000 2 0 8 212 213 214 221 223 228 229 230 
223 8867 -2.291740000 -5.465580000 0.00000000000000000000 1.00000000000000000000 2 0 8 213 214 215 222 224 229 230 231 
224 8868 -2.504960000 -5.352370000 0.00000000000000000000 1.00000000000000000000 2 0 8 214 215 216 223 225 230 231 232 
225 8869 -2.713560000 -5.230890000 0.00000000000000000000 1.00000000000000000000 2 0 8 215 216 217 224 226 231 232 309 
226 8870 -2.917230000 -5.101310000 0.00000000000000000000 1.00000000000000000000 2 0 8 216 217 218 225 305 232 309 310 
227 8871 -1.761040000 -6.116630000 0.00000000000000000000 1.00000000000000000000 2 0 8 219 220 221 308 228 311 312 233 
228 8872 -2.000150000 -6.023670000 0.00000000000000000000 1.00000000000000000000 2 0 8 220 221 222 227 229 312 233 234 
229 8873 -2.235420000 -5.921400000 0.00000000000000000000 1.00000000000000000000 2 0 8 221 222 223 228 230 233 234 235 
230 8874 -2.466500000 -5.809990000 0.00000000000000000000 1.00000000000000000000 2 0 8 222 223 224 229 231 234 235 236 
231 8875 -2.693030000 -5.689600000 0.00000000000000000000 1.00000000000000000000 2 0 8 223 224 225 230 232 235 236 313 
232 8876 -2.914650000 -5.560410000 0.00000000000000000000 1.00000000000000000000 2 0 8 224 225 226 231 309 236 313 314 
233 8877 -2.156780000 -6.403280000 0.00000000000000000000 1.00000000000000000000 2 0 8 227 228 229 312 234 315 316 237 
234 8878 -2.406760000 -6.294520000 0.00000000000000000000 1.00000000000000000000 2 0 8 228 229 230 233 235 316 237 238 
235 8879 -2.652280000 -6.176030000 0.00000000000000000000 1.00000000000000000000 2 0 8 229 230 231 234 236 237 238 317 
236 8880 -2.892950000 -6.048010000 0.00000000000000000000 1.00000000000000000000 2 0 8 230 231 232 235 313 238 317 318 
237 8881 -2.588890000 -6.691090000 0.00000000000000000000 1.00000000000000000000 2 0 8 233 234 235 316 238 319 320 321 
238 8882 -2.849750000 -6.565090000 0.00000000000000000000 1.00000000000000000000 2 0 8 234 235 236 237 317 320 321 322 
239 8300 -0.220109 -1.89971 2 0
240 8154 -0.296572 -1.87131 2 0
241 8155 -0.371844 -1.84 2 0
242 8156 -0.445808 -1.80583 2 0
243 8157 -0.518346 -1.76883 2 0
244 8158 -0.589345 -1.72908 2 0
245 8159 -0.658692 -1.68662 2 0
246 8316 -0.181789 -2.04919 2 0
247 8317 -0.264029 -2.02207 2 0
248 8161 -0.729181 -1.79504 2 0
249 8939 -0.800852 -1.74701 2 0
250 8331 -0.135211 -2.20635 2 0
251 8332 -0.223535 -2.18083 2 0
252 8958 -0.88024 -1.85896 2 0
253 8344 -0.0795232 -2.37131 2 0
254 8345 -0.174245 -2.34775 2 0
255 8978 -0.964737 -1.97779 2 0
256 8356 -0.0138139 -2.54418 2 0
257 8357 -0.115252 -2.52298 2 0
258 8998 -1.05466 -2.10394 2 0
259 8999 -1.13786 -2.04272 2 0
260 8367 0.0628879 -2.72503 2 0
261 8368 -0.0455889 -2.70662 2 0
262 9019 -1.23863 -2.17272 2 0
263 8377 0.151616 -2.9139 2 0
264 8378 0.0357753 -2.89875 2 0
265 9038 -1.34584 -2.31078 2 0
266 8385 0.253471 -3.11078 2 0
267 8386 0.129939 -3.09941 2 0
268 9056 -1.45988 -2.45739 2 0
269 9057 -1.55635 -2.37981 2 0
270 8391 0.369619 -3.31563 2 0
271 8392 0.238071 -3.30859 2 0
272 9073 -1.6836 -2.53058 2 0
273 9074 -1.78267 -2.44412 2 0
274 8395 0.501298 -3.52834 2 0
275 8396 0.36141 -3.52624 2 0
276 9088 -1.92412 -2.59877 2 0
277 9089 -2.02556 -2.50277 2 0
278 8397 0.501273 -3.75226 2 0
279 9101 -2.18226 -2.66096 2 0
280 8408 0.501244 -3.99017 2 0
281 9112 -2.34889 -2.82901 2 0
282 8415 0.501211 -4.24293 2 0
283 8416 0.333514 -4.24024 2 0
284 9122 -2.52608 -3.00755 2 0
285 8425 0.323008 -4.5086 2 0
286 8426 0.145073 -4.49873 2 0
287 9131 -2.58548 -3.32002 2 0
288 9132 -2.71448 -3.19725 2 0
289 8437 0.122787 -4.78321 2 0
290 8438 -0.0657205 -4.76528 2 0
291 9142 -2.63574 -3.65441 2 0
292 9143 -2.77779 -3.52935 2 0
293 8450 -0.101195 -5.0664 2 0
294 8451 -0.300592 -5.03946 2 0
295 9155 -2.83137 -3.88476 2 0
296 8463 -0.350773 -5.3577 2 0
297 8464 -0.561356 -5.32074 2 0
298 9169 -3.03934 -4.12954 2 0
299 8477 -0.627873 -5.65656 2 0
300 8478 -0.849914 -5.60847 2 0
301 9183 -3.08442 -4.53319 2 0
302 9184 -3.26044 -4.38967 2 0
303 8492 -0.934517 -5.96228 2 0
304 8493 -1.16826 -5.9019 2 0
305 9198 -3.11564 -4.96385 2 0
306 9199 -3.30849 -4.81871 2 0
307 8508 -1.27282 -6.27408 2 0
308 8509 -1.51848 -6.20014 2 0
309 9214 -3.13102 -5.42263 2 0
310 9215 -3.34181 -5.27647 2 0
311 8525 -1.64499 -6.59099 2 0
312 8526 -1.90273 -6.50215 2 0
313 9231 -3.12841 -5.91064 2 0
314 9232 -3.35829 -5.76413 2 0
315 8543 -2.05335 -6.91193 2 0
316 8544 -2.32329 -6.80676 2 0
317 9249 -3.10546 -6.42895 2 0
318 9250 -3.35563 -6.28288 2 0
319 8562 -2.50028 -7.23563 2 0
320 8563 -2.78249 -7.11262 2 0
321 9268 -3.05966 -6.97862 2 0
322 9269 -3.33135 -6.83385 2 0
