311 235 76
1 1 -1.477070000 0.982767000 0.00000000000000000000 1.00000000000000000000 2 0 8 236 237 238 245 2 7 8 9 
2 2 -1.435700000 1.057580000 0.00000000000000000000 1.00000000000000000000 2 0 8 237 238 239 1 246 8 9 10 
3 3 -1.766840000 0.625497000 0.00000000000000000000 1.00000000000000000000 2 0 8 240 241 242 249 4 11 12 13 
4 4 -1.739790000 0.712021000 0.00000000000000000000 1.00000000000000000000 2 0 8 241 242 243 3 5 12 13 14 
5 5 -1.709270000 0.797424000 0.00000000000000000000 1.00000000000000000000 2 0 8 242 243 244 4 6 13 14 15 
6 6 -1.675330000 0.881571000 0.00000000000000000000 1.00000000000000000000 2 0 8 243 244 245 5 7 14 15 16 
7 7 -1.638020000 0.964332000 0.00000000000000000000 1.00000000000000000000 2 0 8 244 245 1 6 8 15 16 17 
8 8 -1.597390000 1.045580000 0.00000000000000000000 1.00000000000000000000 2 0 8 245 1 2 7 9 16 17 18 
9 9 -1.553520000 1.125180000 0.00000000000000000000 1.00000000000000000000 2 0 8 1 2 246 8 10 17 18 19 
10 10 -1.506470000 1.203010000 0.00000000000000000000 1.00000000000000000000 2 0 8 2 246 247 9 250 18 19 20 
11 11 -1.930110000 0.572268000 0.00000000000000000000 1.00000000000000000000 2 0 8 248 249 3 253 12 21 22 23 
12 12 -1.905160000 0.665356000 0.00000000000000000000 1.00000000000000000000 2 0 8 249 3 4 11 13 22 23 24 
13 13 -1.876480000 0.757397000 0.00000000000000000000 1.00000000000000000000 2 0 8 3 4 5 12 14 23 24 25 
14 14 -1.844110000 0.848248000 0.00000000000000000000 1.00000000000000000000 2 0 8 4 5 6 13 15 24 25 26 
15 15 -1.808110000 0.937766000 0.00000000000000000000 1.00000000000000000000 2 0 8 5 6 7 14 16 25 26 27 
16 16 -1.768540000 1.025810000 0.00000000000000000000 1.00000000000000000000 2 0 8 6 7 8 15 17 26 27 28 
17 17 -1.725450000 1.112240000 0.00000000000000000000 1.00000000000000000000 2 0 8 7 8 9 16 18 27 28 29 
18 18 -1.678920000 1.196930000 0.00000000000000000000 1.00000000000000000000 2 0 8 8 9 10 17 19 28 29 30 
19 19 -1.629020000 1.279740000 0.00000000000000000000 1.00000000000000000000 2 0 8 9 10 250 18 20 29 30 31 
20 20 -1.575830000 1.360540000 0.00000000000000000000 1.00000000000000000000 2 0 8 10 250 251 19 254 30 31 32 
21 21 -2.101280000 0.508691000 0.00000000000000000000 1.00000000000000000000 2 0 8 252 253 11 257 22 33 34 35 
22 22 -2.078820000 0.608658000 0.00000000000000000000 1.00000000000000000000 2 0 8 253 11 12 21 23 34 35 36 
23 23 -2.052350000 0.707668000 0.00000000000000000000 1.00000000000000000000 2 0 8 11 12 13 22 24 35 36 37 
24 24 -2.021930000 0.805567000 0.00000000000000000000 1.00000000000000000000 2 0 8 12 13 14 23 25 36 37 38 
25 25 -1.987590000 0.902202000 0.00000000000000000000 1.00000000000000000000 2 0 8 13 14 15 24 26 37 38 39 
26 26 -1.949410000 0.997420000 0.00000000000000000000 1.00000000000000000000 2 0 8 14 15 16 25 27 38 39 40 
27 27 -1.907430000 1.091070000 0.00000000000000000000 1.00000000000000000000 2 0 8 15 16 17 26 28 39 40 41 
28 28 -1.861720000 1.183010000 0.00000000000000000000 1.00000000000000000000 2 0 8 16 17 18 27 29 40 41 42 
29 29 -1.812360000 1.273100000 0.00000000000000000000 1.00000000000000000000 2 0 8 17 18 19 28 30 41 42 43 
30 30 -1.759430000 1.361190000 0.00000000000000000000 1.00000000000000000000 2 0 8 18 19 20 29 31 42 43 44 
31 31 -1.703000000 1.447150000 0.00000000000000000000 1.00000000000000000000 2 0 8 19 20 254 30 32 43 44 45 
32 32 -1.643180000 1.530840000 0.00000000000000000000 1.00000000000000000000 2 0 8 20 254 255 31 258 44 45 46 
33 33 -2.280430000 0.433817000 0.00000000000000000000 1.00000000000000000000 2 0 8 256 257 21 262 34 48 49 50 
34 34 -2.260870000 0.540979000 0.00000000000000000000 1.00000000000000000000 2 0 8 257 21 22 33 35 49 50 51 
35 35 -2.237040000 0.647294000 0.00000000000000000000 1.00000000000000000000 2 0 8 21 22 23 34 36 50 51 52 
36 36 -2.208960000 0.752592000 0.00000000000000000000 1.00000000000000000000 2 0 8 22 23 24 35 37 51 52 53 
37 37 -2.176680000 0.856711000 0.00000000000000000000 1.00000000000000000000 2 0 8 23 24 25 36 38 52 53 54 
38 38 -2.140260000 0.959486000 0.00000000000000000000 1.00000000000000000000 2 0 8 24 25 26 37 39 53 54 55 
39 39 -2.099750000 1.060760000 0.00000000000000000000 1.00000000000000000000 2 0 8 25 26 27 38 40 54 55 56 
40 40 -2.055210000 1.160370000 0.00000000000000000000 1.00000000000000000000 2 0 8 26 27 28 39 41 55 56 57 
41 41 -2.006710000 1.258160000 0.00000000000000000000 1.00000000000000000000 2 0 8 27 28 29 40 42 56 57 58 
42 42 -1.954340000 1.353970000 0.00000000000000000000 1.00000000000000000000 2 0 8 28 29 30 41 43 57 58 59 
43 43 -1.898180000 1.447670000 0.00000000000000000000 1.00000000000000000000 2 0 8 29 30 31 42 44 58 59 60 
44 44 -1.838310000 1.539110000 0.00000000000000000000 1.00000000000000000000 2 0 8 30 31 32 43 45 59 60 61 
45 45 -1.774840000 1.628130000 0.00000000000000000000 1.00000000000000000000 2 0 8 31 32 258 44 46 60 61 62 
46 46 -1.707850000 1.714610000 0.00000000000000000000 1.00000000000000000000 2 0 8 32 258 259 45 263 61 62 63 
47 47 -2.479150000 0.231407000 0.00000000000000000000 1.00000000000000000000 2 0 8 260 261 262 266 48 64 65 66 
48 48 -2.467580000 0.346630000 0.00000000000000000000 1.00000000000000000000 2 0 8 261 262 33 47 49 65 66 67 
49 49 -2.451400000 0.461308000 0.00000000000000000000 1.00000000000000000000 2 0 8 262 33 34 48 50 66 67 68 
50 50 -2.430660000 0.575264000 0.00000000000000000000 1.00000000000000000000 2 0 8 33 34 35 49 51 67 68 69 
51 51 -2.405370000 0.688319000 0.00000000000000000000 1.00000000000000000000 2 0 8 34 35 36 50 52 68 69 70 
52 52 -2.375570000 0.800295000 0.00000000000000000000 1.00000000000000000000 2 0 8 35 36 37 51 53 69 70 71 
53 53 -2.341320000 0.911018000 0.00000000000000000000 1.00000000000000000000 2 0 8 36 37 38 52 54 70 71 72 
54 54 -2.302670000 1.020310000 0.00000000000000000000 1.00000000000000000000 2 0 8 37 38 39 53 55 71 72 73 
55 55 -2.259680000 1.128010000 0.00000000000000000000 1.00000000000000000000 2 0 8 38 39 40 54 56 72 73 74 
56 56 -2.212420000 1.233940000 0.00000000000000000000 1.00000000000000000000 2 0 8 39 40 41 55 57 73 74 75 
57 57 -2.160970000 1.337940000 0.00000000000000000000 1.00000000000000000000 2 0 8 40 41 42 56 58 74 75 76 
58 58 -2.105390000 1.439850000 0.00000000000000000000 1.00000000000000000000 2 0 8 41 42 43 57 59 75 76 77 
59 59 -2.045800000 1.539510000 0.00000000000000000000 1.00000000000000000000 2 0 8 42 43 44 58 60 76 77 78 
60 60 -1.982270000 1.636750000 0.00000000000000000000 1.00000000000000000000 2 0 8 43 44 45 59 61 77 78 79 
61 61 -1.914900000 1.731440000 0.00000000000000000000 1.00000000000000000000 2 0 8 44 45 46 60 62 78 79 80 
62 62 -1.843820000 1.823430000 0.00000000000000000000 1.00000000000000000000 2 0 8 45 46 263 61 63 79 80 81 
63 63 -1.769120000 1.912560000 0.00000000000000000000 1.00000000000000000000 2 0 8 46 263 264 62 267 80 81 82 
64 64 -2.670090000 0.123151000 0.00000000000000000000 1.00000000000000000000 2 0 8 265 266 47 269 65 272 83 84 
65 65 -2.662720000 0.246051000 0.00000000000000000000 1.00000000000000000000 2 0 8 266 47 48 64 66 83 84 85 
66 66 -2.650440000 0.368566000 0.00000000000000000000 1.00000000000000000000 2 0 8 47 48 49 65 67 84 85 86 
67 67 -2.633280000 0.490504000 0.00000000000000000000 1.00000000000000000000 2 0 8 48 49 50 66 68 85 86 87 
68 68 -2.611260000 0.611674000 0.00000000000000000000 1.00000000000000000000 2 0 8 49 50 51 67 69 86 87 88 
69 69 -2.584420000 0.731887000 0.00000000000000000000 1.00000000000000000000 2 0 8 50 51 52 68 70 87 88 89 
70 70 -2.552800000 0.850954000 0.00000000000000000000 1.00000000000000000000 2 0 8 51 52 53 69 71 88 89 90 
71 71 -2.516460000 0.968690000 0.00000000000000000000 1.00000000000000000000 2 0 8 52 53 54 70 72 89 90 91 
72 72 -2.475440000 1.084910000 0.00000000000000000000 1.00000000000000000000 2 0 8 53 54 55 71 73 90 91 92 
73 73 -2.429820000 1.199430000 0.00000000000000000000 1.00000000000000000000 2 0 8 54 55 56 72 74 91 92 93 
74 74 -2.379660000 1.312080000 0.00000000000000000000 1.00000000000000000000 2 0 8 55 56 57 73 75 92 93 94 
75 75 -2.325050000 1.422680000 0.00000000000000000000 1.00000000000000000000 2 0 8 56 57 58 74 76 93 94 95 
76 76 -2.266070000 1.531050000 0.00000000000000000000 1.00000000000000000000 2 0 8 57 58 59 75 77 94 95 96 
77 77 -2.202820000 1.637030000 0.00000000000000000000 1.00000000000000000000 2 0 8 58 59 60 76 78 95 96 97 
78 78 -2.135400000 1.740450000 0.00000000000000000000 1.00000000000000000000 2 0 8 59 60 61 77 79 96 97 98 
79 79 -2.063900000 1.841160000 0.00000000000000000000 1.00000000000000000000 2 0 8 60 61 62 78 80 97 98 99 
80 80 -1.988450000 1.938990000 0.00000000000000000000 1.00000000000000000000 2 0 8 61 62 63 79 81 98 99 100 
81 81 -1.909170000 2.033790000 0.00000000000000000000 1.00000000000000000000 2 0 8 62 63 267 80 82 99 100 101 
82 82 -1.826170000 2.125420000 0.00000000000000000000 1.00000000000000000000 2 0 8 63 267 268 81 270 100 101 102 
83 83 -2.865800000 0.130934000 0.00000000000000000000 1.00000000000000000000 2 0 8 269 64 65 272 84 275 103 104 
84 84 -2.857970000 0.261603000 0.00000000000000000000 1.00000000000000000000 2 0 8 64 65 66 83 85 103 104 105 
85 85 -2.844940000 0.391864000 0.00000000000000000000 1.00000000000000000000 2 0 8 65 66 67 84 86 104 105 106 
86 86 -2.826720000 0.521511000 0.00000000000000000000 1.00000000000000000000 2 0 8 66 67 68 85 87 105 106 107 
87 87 -2.803350000 0.650343000 0.00000000000000000000 1.00000000000000000000 2 0 8 67 68 69 86 88 106 107 108 
88 88 -2.774870000 0.778159000 0.00000000000000000000 1.00000000000000000000 2 0 8 68 69 70 87 89 107 108 109 
89 89 -2.741310000 0.904758000 0.00000000000000000000 1.00000000000000000000 2 0 8 69 70 71 88 90 108 109 110 
90 90 -2.702730000 1.029940000 0.00000000000000000000 1.00000000000000000000 2 0 8 70 71 72 89 91 109 110 111 
91 91 -2.659200000 1.153520000 0.00000000000000000000 1.00000000000000000000 2 0 8 71 72 73 90 92 110 111 112 
92 92 -2.610780000 1.275290000 0.00000000000000000000 1.00000000000000000000 2 0 8 72 73 74 91 93 111 112 113 
93 93 -2.557540000 1.395070000 0.00000000000000000000 1.00000000000000000000 2 0 8 73 74 75 92 94 112 113 114 
94 94 -2.499580000 1.512670000 0.00000000000000000000 1.00000000000000000000 2 0 8 74 75 76 93 95 113 114 115 
95 95 -2.436980000 1.627910000 0.00000000000000000000 1.00000000000000000000 2 0 8 75 76 77 94 96 114 115 116 
96 96 -2.369840000 1.740610000 0.00000000000000000000 1.00000000000000000000 2 0 8 76 77 78 95 97 115 116 117 
97 97 -2.298270000 1.850590000 0.00000000000000000000 1.00000000000000000000 2 0 8 77 78 79 96 98 116 117 118 
98 98 -2.222380000 1.957680000 0.00000000000000000000 1.00000000000000000000 2 0 8 78 79 80 97 99 117 118 119 
99 99 -2.142300000 2.061720000 0.00000000000000000000 1.00000000000000000000 2 0 8 79 80 81 98 100 118 119 120 
100 100 -2.058140000 2.162550000 0.00000000000000000000 1.00000000000000000000 2 0 8 80 81 82 99 101 119 120 121 
101 101 -1.970040000 2.260000000 0.00000000000000000000 1.00000000000000000000 2 0 8 81 82 270 100 102 120 121 122 
102 102 -1.878140000 2.353940000 0.00000000000000000000 1.00000000000000000000 2 0 8 82 270 271 101 273 121 122 123 
103 103 -3.073930000 0.139200000 0.00000000000000000000 1.00000000000000000000 2 0 8 272 83 84 275 104 277 124 125 
104 104 -3.065620000 0.278122000 0.00000000000000000000 1.00000000000000000000 2 0 8 83 84 85 103 105 124 125 126 
105 105 -3.051790000 0.416610000 0.00000000000000000000 1.00000000000000000000 2 0 8 84 85 86 104 106 125 126 127 
106 106 -3.032460000 0.554446000 0.00000000000000000000 1.00000000000000000000 2 0 8 85 86 87 105 107 126 127 128 
107 107 -3.007650000 0.691417000 0.00000000000000000000 1.00000000000000000000 2 0 8 86 87 88 106 108 127 128 129 
108 108 -2.977420000 0.827308000 0.00000000000000000000 1.00000000000000000000 2 0 8 87 88 89 107 109 128 129 130 
109 109 -2.941800000 0.961906000 0.00000000000000000000 1.00000000000000000000 2 0 8 88 89 90 108 110 129 130 131 
110 110 -2.900850000 1.095000000 0.00000000000000000000 1.00000000000000000000 2 0 8 89 90 91 109 111 130 131 132 
111 111 -2.854640000 1.226390000 0.00000000000000000000 1.00000000000000000000 2 0 8 90 91 92 110 112 131 132 133 
112 112 -2.803240000 1.355860000 0.00000000000000000000 1.00000000000000000000 2 0 8 91 92 93 111 113 132 133 134 
113 113 -2.746730000 1.483220000 0.00000000000000000000 1.00000000000000000000 2 0 8 92 93 94 112 114 133 134 135 
114 114 -2.685200000 1.608260000 0.00000000000000000000 1.00000000000000000000 2 0 8 93 94 95 113 115 134 135 136 
115 115 -2.618750000 1.730790000 0.00000000000000000000 1.00000000000000000000 2 0 8 94 95 96 114 116 135 136 137 
116 116 -2.547480000 1.850630000 0.00000000000000000000 1.00000000000000000000 2 0 8 95 96 97 115 117 136 137 138 
117 117 -2.471500000 1.967580000 0.00000000000000000000 1.00000000000000000000 2 0 8 96 97 98 116 118 137 138 139 
118 118 -2.390940000 2.081460000 0.00000000000000000000 1.00000000000000000000 2 0 8 97 98 99 117 119 138 139 140 
119 119 -2.305920000 2.192090000 0.00000000000000000000 1.00000000000000000000 2 0 8 98 99 100 118 120 139 140 141 
120 120 -2.216570000 2.299310000 0.00000000000000000000 1.00000000000000000000 2 0 8 99 100 101 119 121 140 141 142 
121 121 -2.123040000 2.402950000 0.00000000000000000000 1.00000000000000000000 2 0 8 100 101 102 120 122 141 142 143 
122 122 -2.025480000 2.502850000 0.00000000000000000000 1.00000000000000000000 2 0 8 101 102 273 121 123 142 143 144 
123 123 -1.924020000 2.598860000 0.00000000000000000000 1.00000000000000000000 2 0 8 102 273 274 122 276 143 144 278 
124 124 -3.295280000 0.147981000 0.00000000000000000000 1.00000000000000000000 2 0 8 275 103 104 277 125 279 280 145 
125 125 -3.286460000 0.295669000 0.00000000000000000000 1.00000000000000000000 2 0 8 103 104 105 124 126 280 145 146 
126 126 -3.271770000 0.442896000 0.00000000000000000000 1.00000000000000000000 2 0 8 104 105 106 125 127 145 146 147 
127 127 -3.251250000 0.589431000 0.00000000000000000000 1.00000000000000000000 2 0 8 105 106 107 126 128 146 147 148 
128 128 -3.224920000 0.735047000 0.00000000000000000000 1.00000000000000000000 2 0 8 106 107 108 127 129 147 148 149 
129 129 -3.192820000 0.879516000 0.00000000000000000000 1.00000000000000000000 2 0 8 107 108 109 128 130 148 149 150 
130 130 -3.155000000 1.022610000 0.00000000000000000000 1.00000000000000000000 2 0 8 108 109 110 129 131 149 150 151 
131 131 -3.111530000 1.164110000 0.00000000000000000000 1.00000000000000000000 2 0 8 109 110 111 130 132 150 151 152 
132 132 -3.062480000 1.303800000 0.00000000000000000000 1.00000000000000000000 2 0 8 110 111 112 131 133 151 152 153 
133 133 -3.007910000 1.441450000 0.00000000000000000000 1.00000000000000000000 2 0 8 111 112 113 132 134 152 153 154 
134 134 -2.947920000 1.576860000 0.00000000000000000000 1.00000000000000000000 2 0 8 112 113 114 133 135 153 154 155 
135 135 -2.882600000 1.709800000 0.00000000000000000000 1.00000000000000000000 2 0 8 113 114 115 134 136 154 155 156 
136 136 -2.812050000 1.840080000 0.00000000000000000000 1.00000000000000000000 2 0 8 114 115 116 135 137 155 156 157 
137 137 -2.736380000 1.967500000 0.00000000000000000000 1.00000000000000000000 2 0 8 115 116 117 136 138 156 157 158 
138 138 -2.655720000 2.091850000 0.00000000000000000000 1.00000000000000000000 2 0 8 116 117 118 137 139 157 158 159 
139 139 -2.570190000 2.212940000 0.00000000000000000000 1.00000000000000000000 2 0 8 117 118 119 138 140 158 159 160 
140 140 -2.479930000 2.330580000 0.00000000000000000000 1.00000000000000000000 2 0 8 118 119 120 139 141 159 160 161 
141 141 -2.385070000 2.444600000 0.00000000000000000000 1.00000000000000000000 2 0 8 119 120 121 140 142 160 161 162 
142 142 -2.285760000 2.554810000 0.00000000000000000000 1.00000000000000000000 2 0 8 120 121 122 141 143 161 162 163 
143 143 -2.182170000 2.661040000 0.00000000000000000000 1.00000000000000000000 2 0 8 121 122 123 142 144 162 163 164 
144 144 -2.074450000 2.763140000 0.00000000000000000000 1.00000000000000000000 2 0 8 122 123 276 143 278 163 164 281 
145 145 -3.521280000 0.314309000 0.00000000000000000000 1.00000000000000000000 2 0 8 124 125 126 280 146 282 283 165 
146 146 -3.505690000 0.470820000 0.00000000000000000000 1.00000000000000000000 2 0 8 125 126 127 145 147 283 165 166 
147 147 -3.483900000 0.626596000 0.00000000000000000000 1.00000000000000000000 2 0 8 126 127 128 146 148 165 166 167 
148 148 -3.455950000 0.781396000 0.00000000000000000000 1.00000000000000000000 2 0 8 127 128 129 147 149 166 167 168 
149 149 -3.421870000 0.934978000 0.00000000000000000000 1.00000000000000000000 2 0 8 128 129 130 148 150 167 168 169 
150 150 -3.381720000 1.087100000 0.00000000000000000000 1.00000000000000000000 2 0 8 129 130 131 149 151 168 169 170 
151 151 -3.335570000 1.237530000 0.00000000000000000000 1.00000000000000000000 2 0 8 130 131 132 150 152 169 170 171 
152 152 -3.283490000 1.386030000 0.00000000000000000000 1.00000000000000000000 2 0 8 131 132 133 151 153 170 171 172 
153 153 -3.225550000 1.532380000 0.00000000000000000000 1.00000000000000000000 2 0 8 132 133 134 152 154 171 172 173 
154 154 -3.161860000 1.676330000 0.00000000000000000000 1.00000000000000000000 2 0 8 133 134 135 153 155 172 173 174 
155 155 -3.092510000 1.817670000 0.00000000000000000000 1.00000000000000000000 2 0 8 134 135 136 154 156 173 174 175 
156 156 -3.017600000 1.956190000 0.00000000000000000000 1.00000000000000000000 2 0 8 135 136 137 155 157 174 175 176 
157 157 -2.937270000 2.091650000 0.00000000000000000000 1.00000000000000000000 2 0 8 136 137 138 156 158 175 176 177 
158 158 -2.851620000 2.223860000 0.00000000000000000000 1.00000000000000000000 2 0 8 137 138 139 157 159 176 177 178 
159 159 -2.760810000 2.352610000 0.00000000000000000000 1.00000000000000000000 2 0 8 138 139 140 158 160 177 178 179 
160 160 -2.664970000 2.477700000 0.00000000000000000000 1.00000000000000000000 2 0 8 139 140 141 159 161 178 179 180 
161 161 -2.564250000 2.598940000 0.00000000000000000000 1.00000000000000000000 2 0 8 140 141 142 160 162 179 180 181 
162 162 -2.458800000 2.716130000 0.00000000000000000000 1.00000000000000000000 2 0 8 141 142 143 161 163 180 181 182 
163 163 -2.348800000 2.829100000 0.00000000000000000000 1.00000000000000000000 2 0 8 142 143 144 162 164 181 182 183 
164 164 -2.234420000 2.937670000 0.00000000000000000000 1.00000000000000000000 2 0 8 143 144 278 163 281 182 183 284 
165 165 -3.754430000 0.500486000 0.00000000000000000000 1.00000000000000000000 2 0 8 145 146 147 283 166 285 286 184 
166 166 -3.731290000 0.666080000 0.00000000000000000000 1.00000000000000000000 2 0 8 146 147 148 165 167 286 184 185 
167 167 -3.701610000 0.830637000 0.00000000000000000000 1.00000000000000000000 2 0 8 147 148 149 166 168 184 185 186 
168 168 -3.665430000 0.993900000 0.00000000000000000000 1.00000000000000000000 2 0 8 148 149 150 167 169 185 186 187 
169 169 -3.622800000 1.155620000 0.00000000000000000000 1.00000000000000000000 2 0 8 149 150 151 168 170 186 187 188 
170 170 -3.573800000 1.315530000 0.00000000000000000000 1.00000000000000000000 2 0 8 150 151 152 169 171 187 188 189 
171 171 -3.518490000 1.473400000 0.00000000000000000000 1.00000000000000000000 2 0 8 151 152 153 170 172 188 189 190 
172 172 -3.456980000 1.628970000 0.00000000000000000000 1.00000000000000000000 2 0 8 152 153 154 171 173 189 190 191 
173 173 -3.389350000 1.782010000 0.00000000000000000000 1.00000000000000000000 2 0 8 153 154 155 172 174 190 191 192 
174 174 -3.315710000 1.932280000 0.00000000000000000000 1.00000000000000000000 2 0 8 154 155 156 173 175 191 192 193 
175 175 -3.236180000 2.079530000 0.00000000000000000000 1.00000000000000000000 2 0 8 155 156 157 174 176 192 193 194 
176 176 -3.150870000 2.223560000 0.00000000000000000000 1.00000000000000000000 2 0 8 156 157 158 175 177 193 194 195 
177 177 -3.059930000 2.364120000 0.00000000000000000000 1.00000000000000000000 2 0 8 157 158 159 176 178 194 195 196 
178 178 -2.963500000 2.501010000 0.00000000000000000000 1.00000000000000000000 2 0 8 158 159 160 177 179 195 196 197 
179 179 -2.861730000 2.634000000 0.00000000000000000000 1.00000000000000000000 2 0 8 159 160 161 178 180 196 197 198 
180 180 -2.754770000 2.762910000 0.00000000000000000000 1.00000000000000000000 2 0 8 160 161 162 179 181 197 198 199 
181 181 -2.642800000 2.887520000 0.00000000000000000000 1.00000000000000000000 2 0 8 161 162 163 180 182 198 199 200 
182 182 -2.525990000 3.007640000 0.00000000000000000000 1.00000000000000000000 2 0 8 162 163 164 181 183 199 200 201 
183 183 -2.404520000 3.123100000 0.00000000000000000000 1.00000000000000000000 2 0 8 163 164 281 182 284 200 201 287 
184 184 -3.994320000 0.708030000 0.00000000000000000000 1.00000000000000000000 2 0 8 165 166 167 286 185 288 289 202 
185 185 -3.962800000 0.882953000 0.00000000000000000000 1.00000000000000000000 2 0 8 166 167 168 184 186 289 202 203 
186 186 -3.924380000 1.056500000 0.00000000000000000000 1.00000000000000000000 2 0 8 167 168 169 185 187 202 203 204 
187 187 -3.879120000 1.228410000 0.00000000000000000000 1.00000000000000000000 2 0 8 168 169 170 186 188 203 204 205 
188 188 -3.827090000 1.398400000 0.00000000000000000000 1.00000000000000000000 2 0 8 169 170 171 187 189 204 205 206 
189 189 -3.768370000 1.566220000 0.00000000000000000000 1.00000000000000000000 2 0 8 170 171 172 188 190 205 206 207 
190 190 -3.703050000 1.731600000 0.00000000000000000000 1.00000000000000000000 2 0 8 171 172 173 189 191 206 207 208 
191 191 -3.631230000 1.894290000 0.00000000000000000000 1.00000000000000000000 2 0 8 172 173 174 190 192 207 208 209 
192 192 -3.553030000 2.054040000 0.00000000000000000000 1.00000000000000000000 2 0 8 173 174 175 191 193 208 209 210 
193 193 -3.468570000 2.210590000 0.00000000000000000000 1.00000000000000000000 2 0 8 174 175 176 192 194 209 210 211 
194 194 -3.377990000 2.363700000 0.00000000000000000000 1.00000000000000000000 2 0 8 175 176 177 193 195 210 211 212 
195 195 -3.281420000 2.513140000 0.00000000000000000000 1.00000000000000000000 2 0 8 176 177 178 194 196 211 212 213 
196 196 -3.179020000 2.658670000 0.00000000000000000000 1.00000000000000000000 2 0 8 177 178 179 195 197 212 213 214 
197 197 -3.070940000 2.800070000 0.00000000000000000000 1.00000000000000000000 2 0 8 178 179 180 196 198 213 214 215 
198 198 -2.957350000 2.937130000 0.00000000000000000000 1.00000000000000000000 2 0 8 179 180 181 197 199 214 215 216 
199 199 -2.838440000 3.069620000 0.00000000000000000000 1.00000000000000000000 2 0 8 180 181 182 198 200 215 216 217 
200 200 -2.714390000 3.197340000 0.00000000000000000000 1.00000000000000000000 2 0 8 181 182 183 199 201 216 217 218 
201 201 -2.585390000 3.320110000 0.00000000000000000000 1.00000000000000000000 2 0 8 182 183 284 200 287 217 218 290 
202 202 -4.240510000 0.938539000 0.00000000000000000000 1.00000000000000000000 2 0 8 184 185 186 289 203 291 219 220 
203 203 -4.199710000 1.123020000 0.00000000000000000000 1.00000000000000000000 2 0 8 185 186 187 202 204 219 220 221 
204 204 -4.151640000 1.305750000 0.00000000000000000000 1.00000000000000000000 2 0 8 186 187 188 203 205 220 221 222 
205 205 -4.096390000 1.486450000 0.00000000000000000000 1.00000000000000000000 2 0 8 187 188 189 204 206 221 222 223 
206 206 -4.034030000 1.664850000 0.00000000000000000000 1.00000000000000000000 2 0 8 188 189 190 205 207 222 223 224 
207 207 -3.964660000 1.840650000 0.00000000000000000000 1.00000000000000000000 2 0 8 189 190 191 206 208 223 224 225 
208 208 -3.888400000 2.013590000 0.00000000000000000000 1.00000000000000000000 2 0 8 190 191 192 207 209 224 225 226 
209 209 -3.805360000 2.183410000 0.00000000000000000000 1.00000000000000000000 2 0 8 191 192 193 208 210 225 226 227 
210 210 -3.715660000 2.349830000 0.00000000000000000000 1.00000000000000000000 2 0 8 192 193 194 209 211 226 227 228 
211 211 -3.619460000 2.512600000 0.00000000000000000000 1.00000000000000000000 2 0 8 193 194 195 210 212 227 228 229 
212 212 -3.516910000 2.671470000 0.00000000000000000000 1.00000000000000000000 2 0 8 194 195 196 211 213 228 229 230 
213 213 -3.408150000 2.826190000 0.00000000000000000000 1.00000000000000000000 2 0 8 195 196 197 212 214 229 230 231 
214 214 -3.293370000 2.976530000 0.00000000000000000000 1.00000000000000000000 2 0 8 196 197 198 213 215 230 231 232 
215 215 -3.172740000 3.122240000 0.00000000000000000000 1.00000000000000000000 2 0 8 197 198 199 214 216 231 232 233 
216 216 -3.046450000 3.263100000 0.00000000000000000000 1.00000000000000000000 2 0 8 198 199 200 215 217 232 233 234 
217 217 -2.914700000 3.398910000 0.00000000000000000000 1.00000000000000000000 2 0 8 199 200 201 216 218 233 234 235 
218 218 -2.777700000 3.529440000 0.00000000000000000000 1.00000000000000000000 2 0 8 200 201 287 217 290 234 235 292 
219 219 -4.535750000 0.997602000 0.00000000000000000000 1.00000000000000000000 2 0 8 289 202 203 291 220 293 294 295 
220 220 -4.492420000 1.193690000 0.00000000000000000000 1.00000000000000000000 2 0 8 202 203 204 219 221 294 295 296 
221 221 -4.441370000 1.387930000 0.00000000000000000000 1.00000000000000000000 2 0 8 203 204 205 220 222 295 296 297 
222 222 -4.382690000 1.580010000 0.00000000000000000000 1.00000000000000000000 2 0 8 204 205 206 221 223 296 297 298 
223 223 -4.316470000 1.769640000 0.00000000000000000000 1.00000000000000000000 2 0 8 205 206 207 222 224 297 298 299 
224 224 -4.242800000 1.956520000 0.00000000000000000000 1.00000000000000000000 2 0 8 206 207 208 223 225 298 299 300 
225 225 -4.161810000 2.140360000 0.00000000000000000000 1.00000000000000000000 2 0 8 207 208 209 224 226 299 300 301 
226 226 -4.073610000 2.320880000 0.00000000000000000000 1.00000000000000000000 2 0 8 208 209 210 225 227 300 301 302 
227 227 -3.978360000 2.497790000 0.00000000000000000000 1.00000000000000000000 2 0 8 209 210 211 226 228 301 302 303 
228 228 -3.876190000 2.670820000 0.00000000000000000000 1.00000000000000000000 2 0 8 210 211 212 227 229 302 303 304 
229 229 -3.767270000 2.839720000 0.00000000000000000000 1.00000000000000000000 2 0 8 211 212 213 228 230 303 304 305 
230 230 -3.651770000 3.004200000 0.00000000000000000000 1.00000000000000000000 2 0 8 212 213 214 229 231 304 305 306 
231 231 -3.529860000 3.164020000 0.00000000000000000000 1.00000000000000000000 2 0 8 213 214 215 230 232 305 306 307 
232 232 -3.401740000 3.318940000 0.00000000000000000000 1.00000000000000000000 2 0 8 214 215 216 231 233 306 307 308 
233 233 -3.267610000 3.468700000 0.00000000000000000000 1.00000000000000000000 2 0 8 215 216 217 232 234 307 308 309 
234 234 -3.127670000 3.613090000 0.00000000000000000000 1.00000000000000000000 2 0 8 216 217 218 233 235 308 309 310 
235 235 -2.982150000 3.751870000 0.00000000000000000000 1.00000000000000000000 2 0 8 217 218 290 234 292 309 310 311 
236 1849 -1.40018 0.851833 2 0
237 1850 -1.36404 0.923582 2 0
238 626 -1.32502 0.993875 2 0
239 627 -1.28317 1.0626 2 0
240 1862 -1.65906 0.505693 2 0
241 1863 -1.63687 0.587945 2 0
242 1864 -1.61137 0.66927 2 0
243 1865 -1.58258 0.74954 2 0
244 1866 -1.55057 0.828629 2 0
245 1867 -1.51538 0.906412 2 0
246 644 -1.39133 1.13072 2 0
247 645 -1.34404 1.20209 2 0
248 1877 -1.81033 0.449633 2 0
249 1878 -1.79036 0.537989 2 0
250 660 -1.45633 1.27895 2 0
251 661 -1.40316 1.35288 2 0
252 1887 -1.96867 0.38354 2 0
253 1888 -1.95129 0.47828 2 0
254 674 -1.51944 1.4392 2 0
255 675 -1.45993 1.51561 2 0
256 1895 -2.13408 0.30652 2 0
257 1896 -2.11971 0.407926 2 0
258 686 -1.58004 1.61213 2 0
259 687 -1.51371 1.6909 2 0
260 1900 -2.31313 0.108922 2 0
261 1901 -2.30658 0.217618 2 0
262 1902 -2.29567 0.325973 2 0
263 696 -1.63746 1.79841 2 0
264 697 -1.56378 1.87939 2 0
265 1904 -2.48842 5.62934e-05 2 0
266 1905 -2.4861 0.115823 2 0
267 704 -1.69092 1.99871 2 0
268 705 -1.60936 2.08174 2 0
269 9373 -2.67256 5.79605e-05 2 0
270 710 -1.7396 2.21374 2 0
271 711 -1.64958 2.2986 2 0
272 9381 -2.86841 5.94379e-05 2 0
273 714 -1.78258 2.4442 2 0
274 715 -1.68351 2.53066 2 0
275 9390 -3.07671 6.06918e-05 2 0
276 825 -1.81885 2.69082 2 0
277 9400 -3.29822 6.16855e-05 2 0
278 845 -1.96278 2.86094 2 0
279 9411 -3.53377 6.23793e-05 2 0
280 9412 -3.53065 0.157308 2 0
281 865 -2.11584 3.04168 2 0
282 9425 -3.78092 0.167218 2 0
283 9426 -3.77098 0.334112 2 0
284 885 -2.27859 3.2337 2 0
285 9439 -4.03646 0.355151 2 0
286 9440 -4.01889 0.532004 2 0
287 904 -2.45165 3.43772 2 0
288 9453 -4.30006 0.565493 2 0
289 9454 -4.27398 0.752601 2 0
290 923 -2.63564 3.65449 2 0
291 9467 -4.57129 0.79996 2 0
292 951 -2.83127 3.88484 2 0
293 9480 -4.88736 0.850284 2 0
294 236 -4.84961 1.06036 2 0
295 237 -4.8036 1.26879 2 0
296 238 -4.74939 1.47526 2 0
297 239 -4.68706 1.67943 2 0
298 240 -4.61673 1.88099 2 0
299 241 -4.53849 2.07964 2 0
300 242 -4.45247 2.27506 2 0
301 243 -4.3588 2.46695 2 0
302 244 -4.25763 2.65501 2 0
303 245 -4.14912 2.83895 2 0
304 246 -4.03343 3.01849 2 0
305 247 -3.91076 3.19335 2 0
306 248 -3.78127 3.36326 2 0
307 249 -3.64519 3.52795 2 0
308 250 -3.50272 3.68717 2 0
309 251 -3.35409 3.84068 2 0
310 961 -3.19952 3.98824 2 0
311 962 -3.03925 4.12962 2 0
