325 243 82
1 473 -0.190411000 0.786543000 0.00000000000000000000 1.00000000000000000000 2 0 8 244 245 246 252 2 6 7 8 
2 474 -0.155126000 0.809815000 0.00000000000000000000 1.00000000000000000000 2 0 8 245 246 247 1 3 7 8 9 
3 475 -0.118853000 0.831797000 0.00000000000000000000 1.00000000000000000000 2 0 8 246 247 248 2 4 8 9 10 
4 476 -0.081650200 0.852456000 0.00000000000000000000 1.00000000000000000000 2 0 8 247 248 249 3 253 9 10 11 
5 477 -0.300142000 0.787075000 0.00000000000000000000 1.00000000000000000000 2 0 8 250 251 252 256 6 12 13 14 
6 478 -0.265171000 0.814625000 0.00000000000000000000 1.00000000000000000000 2 0 8 251 252 1 5 7 13 14 15 
7 479 -0.229035000 0.840877000 0.00000000000000000000 1.00000000000000000000 2 0 8 252 1 2 6 8 14 15 16 
8 480 -0.191795000 0.865791000 0.00000000000000000000 1.00000000000000000000 2 0 8 1 2 3 7 9 15 16 17 
9 481 -0.153509000 0.889329000 0.00000000000000000000 1.00000000000000000000 2 0 8 2 3 4 8 10 16 17 18 
10 482 -0.114239000 0.911457000 0.00000000000000000000 1.00000000000000000000 2 0 8 3 4 253 9 11 17 18 19 
11 483 -0.074049400 0.932141000 0.00000000000000000000 1.00000000000000000000 2 0 8 4 253 254 10 257 18 19 20 
12 484 -0.381080000 0.809969000 0.00000000000000000000 1.00000000000000000000 2 0 8 255 256 5 260 13 21 22 23 
13 485 -0.345438000 0.840767000 0.00000000000000000000 1.00000000000000000000 2 0 8 256 5 6 12 14 22 23 24 
14 486 -0.308505000 0.870226000 0.00000000000000000000 1.00000000000000000000 2 0 8 5 6 7 13 15 23 24 25 
15 487 -0.270341000 0.898302000 0.00000000000000000000 1.00000000000000000000 2 0 8 6 7 8 14 16 24 25 26 
16 488 -0.231009000 0.924952000 0.00000000000000000000 1.00000000000000000000 2 0 8 7 8 9 15 17 25 26 27 
17 489 -0.190571000 0.950135000 0.00000000000000000000 1.00000000000000000000 2 0 8 8 9 10 16 18 26 27 28 
18 490 -0.149092000 0.973814000 0.00000000000000000000 1.00000000000000000000 2 0 8 9 10 11 17 19 27 28 29 
19 491 -0.106640000 0.995953000 0.00000000000000000000 1.00000000000000000000 2 0 8 10 11 257 18 20 28 29 30 
20 492 -0.063281600 1.016520000 0.00000000000000000000 1.00000000000000000000 2 0 8 11 257 258 19 261 29 30 31 
21 493 -0.467741000 0.830366000 0.00000000000000000000 1.00000000000000000000 2 0 8 259 260 12 266 22 34 35 36 
22 494 -0.431504000 0.864645000 0.00000000000000000000 1.00000000000000000000 2 0 8 260 12 13 21 23 35 36 37 
23 495 -0.393841000 0.897550000 0.00000000000000000000 1.00000000000000000000 2 0 8 12 13 14 22 24 36 37 38 
24 496 -0.354813000 0.929028000 0.00000000000000000000 1.00000000000000000000 2 0 8 13 14 15 23 25 37 38 39 
25 497 -0.314483000 0.959033000 0.00000000000000000000 1.00000000000000000000 2 0 8 14 15 16 24 26 38 39 40 
26 498 -0.272915000 0.987518000 0.00000000000000000000 1.00000000000000000000 2 0 8 15 16 17 25 27 39 40 41 
27 499 -0.230178000 1.014440000 0.00000000000000000000 1.00000000000000000000 2 0 8 16 17 18 26 28 40 41 42 
28 500 -0.186339000 1.039760000 0.00000000000000000000 1.00000000000000000000 2 0 8 17 18 19 27 29 41 42 43 
29 501 -0.141469000 1.063440000 0.00000000000000000000 1.00000000000000000000 2 0 8 18 19 20 28 30 42 43 44 
30 502 -0.095640200 1.085440000 0.00000000000000000000 1.00000000000000000000 2 0 8 19 20 261 29 31 43 44 45 
31 503 -0.048925200 1.105730000 0.00000000000000000000 1.00000000000000000000 2 0 8 20 261 262 30 267 44 45 46 
32 504 -0.628936000 0.767908000 0.00000000000000000000 1.00000000000000000000 2 0 8 263 264 265 270 33 47 48 49 
33 505 -0.595514000 0.808547000 0.00000000000000000000 1.00000000000000000000 2 0 8 264 265 266 32 34 48 49 50 
34 506 -0.560405000 0.847900000 0.00000000000000000000 1.00000000000000000000 2 0 8 265 266 21 33 35 49 50 51 
35 507 -0.523665000 0.885904000 0.00000000000000000000 1.00000000000000000000 2 0 8 266 21 22 34 36 50 51 52 
36 508 -0.485353000 0.922501000 0.00000000000000000000 1.00000000000000000000 2 0 8 21 22 23 35 37 51 52 53 
37 509 -0.445532000 0.957634000 0.00000000000000000000 1.00000000000000000000 2 0 8 22 23 24 36 38 52 53 54 
38 510 -0.404267000 0.991249000 0.00000000000000000000 1.00000000000000000000 2 0 8 23 24 25 37 39 53 54 55 
39 511 -0.361623000 1.023290000 0.00000000000000000000 1.00000000000000000000 2 0 8 24 25 26 38 40 54 55 56 
40 512 -0.317670000 1.053720000 0.00000000000000000000 1.00000000000000000000 2 0 8 25 26 27 39 41 55 56 57 
41 513 -0.272477000 1.082480000 0.00000000000000000000 1.00000000000000000000 2 0 8 26 27 28 40 42 56 57 58 
42 514 -0.226119000 1.109540000 0.00000000000000000000 1.00000000000000000000 2 0 8 27 28 29 41 43 57 58 59 
43 515 -0.178668000 1.134840000 0.00000000000000000000 1.00000000000000000000 2 0 8 28 29 30 42 44 58 59 60 
44 516 -0.130200000 1.158360000 0.00000000000000000000 1.00000000000000000000 2 0 8 29 30 31 43 45 59 60 61 
45 517 -0.080793600 1.180060000 0.00000000000000000000 1.00000000000000000000 2 0 8 30 31 267 44 46 60 61 62 
46 518 -0.030526500 1.199910000 0.00000000000000000000 1.00000000000000000000 2 0 8 31 267 268 45 271 61 62 63 
47 519 -0.728207000 0.774162000 0.00000000000000000000 1.00000000000000000000 2 0 8 269 270 32 274 48 64 65 66 
48 520 -0.694701000 0.818817000 0.00000000000000000000 1.00000000000000000000 2 0 8 270 32 33 47 49 65 66 67 
49 521 -0.659351000 0.862169000 0.00000000000000000000 1.00000000000000000000 2 0 8 32 33 34 48 50 66 67 68 
50 522 -0.622215000 0.904152000 0.00000000000000000000 1.00000000000000000000 2 0 8 33 34 35 49 51 67 68 69 
51 523 -0.583353000 0.944701000 0.00000000000000000000 1.00000000000000000000 2 0 8 34 35 36 50 52 68 69 70 
52 524 -0.542828000 0.983751000 0.00000000000000000000 1.00000000000000000000 2 0 8 35 36 37 51 53 69 70 71 
53 525 -0.500704000 1.021240000 0.00000000000000000000 1.00000000000000000000 2 0 8 36 37 38 52 54 70 71 72 
54 526 -0.457051000 1.057120000 0.00000000000000000000 1.00000000000000000000 2 0 8 37 38 39 53 55 71 72 73 
55 527 -0.411939000 1.091330000 0.00000000000000000000 1.00000000000000000000 2 0 8 38 39 40 54 56 72 73 74 
56 528 -0.365439000 1.123810000 0.00000000000000000000 1.00000000000000000000 2 0 8 39 40 41 55 57 73 74 75 
57 529 -0.317627000 1.154520000 0.00000000000000000000 1.00000000000000000000 2 0 8 40 41 42 56 58 74 75 76 
58 530 -0.268579000 1.183410000 0.00000000000000000000 1.00000000000000000000 2 0 8 41 42 43 57 59 75 76 77 
59 531 -0.218373000 1.210440000 0.00000000000000000000 1.00000000000000000000 2 0 8 42 43 44 58 60 76 77 78 
60 532 -0.167090000 1.235560000 0.00000000000000000000 1.00000000000000000000 2 0 8 43 44 45 59 61 77 78 79 
61 533 -0.114811000 1.258750000 0.00000000000000000000 1.00000000000000000000 2 0 8 44 45 46 60 62 78 79 80 
62 534 -0.061619300 1.279960000 0.00000000000000000000 1.00000000000000000000 2 0 8 45 46 271 61 63 79 80 81 
63 535 -0.007598970 1.299170000 0.00000000000000000000 1.00000000000000000000 2 0 8 46 271 272 62 275 80 81 277 
64 536 -0.833756000 0.776205000 0.00000000000000000000 1.00000000000000000000 2 0 8 273 274 47 276 65 278 82 83 
65 537 -0.800311000 0.825126000 0.00000000000000000000 1.00000000000000000000 2 0 8 274 47 48 64 66 82 83 84 
66 538 -0.764857000 0.872736000 0.00000000000000000000 1.00000000000000000000 2 0 8 47 48 49 65 67 83 84 85 
67 539 -0.727450000 0.918962000 0.00000000000000000000 1.00000000000000000000 2 0 8 48 49 50 66 68 84 85 86 
68 540 -0.688153000 0.963731000 0.00000000000000000000 1.00000000000000000000 2 0 8 49 50 51 67 69 85 86 87 
69 541 -0.647028000 1.006970000 0.00000000000000000000 1.00000000000000000000 2 0 8 50 51 52 68 70 86 87 88 
70 542 -0.604141000 1.048620000 0.00000000000000000000 1.00000000000000000000 2 0 8 51 52 53 69 71 87 88 89 
71 543 -0.559562000 1.088610000 0.00000000000000000000 1.00000000000000000000 2 0 8 52 53 54 70 72 88 89 90 
72 544 -0.513363000 1.126880000 0.00000000000000000000 1.00000000000000000000 2 0 8 53 54 55 71 73 89 90 91 
73 545 -0.465617000 1.163380000 0.00000000000000000000 1.00000000000000000000 2 0 8 54 55 56 72 74 90 91 92 
74 546 -0.416401000 1.198040000 0.00000000000000000000 1.00000000000000000000 2 0 8 55 56 57 73 75 91 92 93 
75 547 -0.365795000 1.230810000 0.00000000000000000000 1.00000000000000000000 2 0 8 56 57 58 74 76 92 93 94 
76 548 -0.313878000 1.261640000 0.00000000000000000000 1.00000000000000000000 2 0 8 57 58 59 75 77 93 94 95 
77 549 -0.260734000 1.290500000 0.00000000000000000000 1.00000000000000000000 2 0 8 58 59 60 76 78 94 95 96 
78 550 -0.206447000 1.317320000 0.00000000000000000000 1.00000000000000000000 2 0 8 59 60 61 77 79 95 96 97 
79 551 -0.151104000 1.342090000 0.00000000000000000000 1.00000000000000000000 2 0 8 60 61 62 78 80 96 97 98 
80 552 -0.094792600 1.364750000 0.00000000000000000000 1.00000000000000000000 2 0 8 61 62 63 79 81 97 98 99 
81 553 -0.037601300 1.385270000 0.00000000000000000000 1.00000000000000000000 2 0 8 62 63 275 80 277 98 99 279 
82 554 -0.912600000 0.826988000 0.00000000000000000000 1.00000000000000000000 2 0 8 276 64 65 278 83 280 100 101 
83 555 -0.877196000 0.879123000 0.00000000000000000000 1.00000000000000000000 2 0 8 64 65 66 82 84 100 101 102 
84 556 -0.839665000 0.929866000 0.00000000000000000000 1.00000000000000000000 2 0 8 65 66 67 83 85 101 102 103 
85 557 -0.800066000 0.979136000 0.00000000000000000000 1.00000000000000000000 2 0 8 66 67 68 84 86 102 103 104 
86 558 -0.758465000 1.026860000 0.00000000000000000000 1.00000000000000000000 2 0 8 67 68 69 85 87 103 104 105 
87 559 -0.714927000 1.072950000 0.00000000000000000000 1.00000000000000000000 2 0 8 68 69 70 86 88 104 105 106 
88 560 -0.669523000 1.117360000 0.00000000000000000000 1.00000000000000000000 2 0 8 69 70 71 87 89 105 106 107 
89 561 -0.622325000 1.159990000 0.00000000000000000000 1.00000000000000000000 2 0 8 70 71 72 88 90 106 107 108 
90 562 -0.573411000 1.200800000 0.00000000000000000000 1.00000000000000000000 2 0 8 71 72 73 89 91 107 108 109 
91 563 -0.522858000 1.239720000 0.00000000000000000000 1.00000000000000000000 2 0 8 72 73 74 90 92 108 109 110 
92 564 -0.470746000 1.276680000 0.00000000000000000000 1.00000000000000000000 2 0 8 73 74 75 91 93 109 110 111 
93 565 -0.417160000 1.311640000 0.00000000000000000000 1.00000000000000000000 2 0 8 74 75 76 92 94 110 111 112 
94 566 -0.362185000 1.344540000 0.00000000000000000000 1.00000000000000000000 2 0 8 75 76 77 93 95 111 112 113 
95 567 -0.305908000 1.375320000 0.00000000000000000000 1.00000000000000000000 2 0 8 76 77 78 94 96 112 113 114 
96 568 -0.248419000 1.403950000 0.00000000000000000000 1.00000000000000000000 2 0 8 77 78 79 95 97 113 114 115 
97 569 -0.189808000 1.430380000 0.00000000000000000000 1.00000000000000000000 2 0 8 78 79 80 96 98 114 115 116 
98 570 -0.130170000 1.454580000 0.00000000000000000000 1.00000000000000000000 2 0 8 79 80 81 97 99 115 116 117 
99 571 -0.069597400 1.476500000 0.00000000000000000000 1.00000000000000000000 2 0 8 80 81 277 98 279 116 117 281 
100 572 -0.996640000 0.880813000 0.00000000000000000000 1.00000000000000000000 2 0 8 278 82 83 280 101 282 118 119 
101 573 -0.959149000 0.936356000 0.00000000000000000000 1.00000000000000000000 2 0 8 82 83 84 100 102 118 119 120 
102 574 -0.919404000 0.990418000 0.00000000000000000000 1.00000000000000000000 2 0 8 83 84 85 101 103 119 120 121 
103 575 -0.877469000 1.042910000 0.00000000000000000000 1.00000000000000000000 2 0 8 84 85 86 102 104 120 121 122 
104 576 -0.833411000 1.093760000 0.00000000000000000000 1.00000000000000000000 2 0 8 85 86 87 103 105 121 122 123 
105 577 -0.787302000 1.142890000 0.00000000000000000000 1.00000000000000000000 2 0 8 86 87 88 104 106 122 123 124 
106 578 -0.739215000 1.190210000 0.00000000000000000000 1.00000000000000000000 2 0 8 87 88 89 105 107 123 124 125 
107 579 -0.689227000 1.235650000 0.00000000000000000000 1.00000000000000000000 2 0 8 88 89 90 106 108 124 125 126 
108 580 -0.637419000 1.279150000 0.00000000000000000000 1.00000000000000000000 2 0 8 89 90 91 107 109 125 126 127 
109 581 -0.583874000 1.320630000 0.00000000000000000000 1.00000000000000000000 2 0 8 90 91 92 108 110 126 127 128 
110 582 -0.528676000 1.360040000 0.00000000000000000000 1.00000000000000000000 2 0 8 91 92 93 109 111 127 128 129 
111 583 -0.471914000 1.397310000 0.00000000000000000000 1.00000000000000000000 2 0 8 92 93 94 110 112 128 129 130 
112 584 -0.413679000 1.432390000 0.00000000000000000000 1.00000000000000000000 2 0 8 93 94 95 111 113 129 130 131 
113 585 -0.354063000 1.465230000 0.00000000000000000000 1.00000000000000000000 2 0 8 94 95 96 112 114 130 131 132 
114 586 -0.293160000 1.495770000 0.00000000000000000000 1.00000000000000000000 2 0 8 95 96 97 113 115 131 132 133 
115 587 -0.231067000 1.523970000 0.00000000000000000000 1.00000000000000000000 2 0 8 96 97 98 114 116 132 133 134 
116 588 -0.167883000 1.549790000 0.00000000000000000000 1.00000000000000000000 2 0 8 97 98 99 115 117 133 134 135 
117 589 -0.103706000 1.573190000 0.00000000000000000000 1.00000000000000000000 2 0 8 98 99 279 116 281 134 135 283 
118 590 -1.086190000 0.937880000 0.00000000000000000000 1.00000000000000000000 2 0 8 280 100 101 282 119 285 136 137 
119 591 -1.046470000 0.997036000 0.00000000000000000000 1.00000000000000000000 2 0 8 100 101 102 118 120 136 137 138 
120 592 -1.004370000 1.054620000 0.00000000000000000000 1.00000000000000000000 2 0 8 101 102 103 119 121 137 138 139 
121 593 -0.959947000 1.110540000 0.00000000000000000000 1.00000000000000000000 2 0 8 102 103 104 120 122 138 139 140 
122 594 -0.913273000 1.164700000 0.00000000000000000000 1.00000000000000000000 2 0 8 103 104 105 121 123 139 140 141 
123 595 -0.864424000 1.217030000 0.00000000000000000000 1.00000000000000000000 2 0 8 104 105 106 122 124 140 141 142 
124 596 -0.813478000 1.267440000 0.00000000000000000000 1.00000000000000000000 2 0 8 105 106 107 123 125 141 142 143 
125 597 -0.760517000 1.315860000 0.00000000000000000000 1.00000000000000000000 2 0 8 106 107 108 124 126 142 143 144 
126 598 -0.705626000 1.362210000 0.00000000000000000000 1.00000000000000000000 2 0 8 107 108 109 125 127 143 144 145 
127 599 -0.648892000 1.406420000 0.00000000000000000000 1.00000000000000000000 2 0 8 108 109 110 126 128 144 145 146 
128 600 -0.590406000 1.448420000 0.00000000000000000000 1.00000000000000000000 2 0 8 109 110 111 127 129 145 146 147 
129 601 -0.530261000 1.488150000 0.00000000000000000000 1.00000000000000000000 2 0 8 110 111 112 128 130 146 147 148 
130 602 -0.468553000 1.525540000 0.00000000000000000000 1.00000000000000000000 2 0 8 111 112 113 129 131 147 148 149 
131 603 -0.405378000 1.560550000 0.00000000000000000000 1.00000000000000000000 2 0 8 112 113 114 130 132 148 149 150 
132 604 -0.340838000 1.593120000 0.00000000000000000000 1.00000000000000000000 2 0 8 113 114 115 131 133 149 150 151 
133 605 -0.275035000 1.623190000 0.00000000000000000000 1.00000000000000000000 2 0 8 114 115 116 132 134 150 151 152 
134 606 -0.208072000 1.650730000 0.00000000000000000000 1.00000000000000000000 2 0 8 115 116 117 133 135 151 152 153 
135 607 -0.140055000 1.675700000 0.00000000000000000000 1.00000000000000000000 2 0 8 116 117 281 134 283 152 153 286 
136 608 -1.181580000 0.998401000 0.00000000000000000000 1.00000000000000000000 2 0 8 282 118 119 285 137 154 155 156 
137 609 -1.139500000 1.061390000 0.00000000000000000000 1.00000000000000000000 2 0 8 118 119 120 136 138 155 156 157 
138 610 -1.094880000 1.122700000 0.00000000000000000000 1.00000000000000000000 2 0 8 119 120 121 137 139 156 157 158 
139 611 -1.047810000 1.182250000 0.00000000000000000000 1.00000000000000000000 2 0 8 120 121 122 138 140 157 158 159 
140 612 -0.998345000 1.239930000 0.00000000000000000000 1.00000000000000000000 2 0 8 121 122 123 139 141 158 159 160 
141 613 -0.946578000 1.295660000 0.00000000000000000000 1.00000000000000000000 2 0 8 122 123 124 140 142 159 160 161 
142 614 -0.892588000 1.349360000 0.00000000000000000000 1.00000000000000000000 2 0 8 123 124 125 141 143 160 161 162 
143 615 -0.836460000 1.400930000 0.00000000000000000000 1.00000000000000000000 2 0 8 124 125 126 142 144 161 162 163 
144 616 -0.778285000 1.450300000 0.00000000000000000000 1.00000000000000000000 2 0 8 125 126 127 143 145 162 163 164 
145 617 -0.718156000 1.497400000 0.00000000000000000000 1.00000000000000000000 2 0 8 126 127 128 144 146 163 164 165 
146 618 -0.656167000 1.542150000 0.00000000000000000000 1.00000000000000000000 2 0 8 127 128 129 145 147 164 165 166 
147 619 -0.592418000 1.584480000 0.00000000000000000000 1.00000000000000000000 2 0 8 128 129 130 146 148 165 166 167 
148 620 -0.527009000 1.624330000 0.00000000000000000000 1.00000000000000000000 2 0 8 129 130 131 147 149 166 167 168 
149 621 -0.460045000 1.661640000 0.00000000000000000000 1.00000000000000000000 2 0 8 130 131 132 148 150 167 168 169 
150 622 -0.391631000 1.696350000 0.00000000000000000000 1.00000000000000000000 2 0 8 131 132 133 149 151 168 169 170 
151 623 -0.321875000 1.728420000 0.00000000000000000000 1.00000000000000000000 2 0 8 132 133 134 150 152 169 170 171 
152 624 -0.250887000 1.757780000 0.00000000000000000000 1.00000000000000000000 2 0 8 133 134 135 151 153 170 171 288 
153 625 -0.178779000 1.784410000 0.00000000000000000000 1.00000000000000000000 2 0 8 134 135 283 152 286 171 288 289 
154 626 -1.325020000 0.993875000 0.00000000000000000000 1.00000000000000000000 2 0 8 284 285 136 287 155 290 291 172 
155 627 -1.283170000 1.062600000 0.00000000000000000000 1.00000000000000000000 2 0 8 285 136 137 154 156 291 172 173 
156 628 -1.238560000 1.129650000 0.00000000000000000000 1.00000000000000000000 2 0 8 136 137 138 155 157 172 173 174 
157 629 -1.191270000 1.194930000 0.00000000000000000000 1.00000000000000000000 2 0 8 137 138 139 156 158 173 174 175 
158 630 -1.141370000 1.258320000 0.00000000000000000000 1.00000000000000000000 2 0 8 138 139 140 157 159 174 175 176 
159 631 -1.088950000 1.319740000 0.00000000000000000000 1.00000000000000000000 2 0 8 139 140 141 158 160 175 176 177 
160 632 -1.034070000 1.379080000 0.00000000000000000000 1.00000000000000000000 2 0 8 140 141 142 159 161 176 177 178 
161 633 -0.976839000 1.436250000 0.00000000000000000000 1.00000000000000000000 2 0 8 141 142 143 160 162 177 178 179 
162 634 -0.917339000 1.491170000 0.00000000000000000000 1.00000000000000000000 2 0 8 142 143 144 161 163 178 179 180 
163 635 -0.855667000 1.543750000 0.00000000000000000000 1.00000000000000000000 2 0 8 143 144 145 162 164 179 180 181 
164 636 -0.791922000 1.593910000 0.00000000000000000000 1.00000000000000000000 2 0 8 144 145 146 163 165 180 181 182 
165 637 -0.726203000 1.641570000 0.00000000000000000000 1.00000000000000000000 2 0 8 145 146 147 164 166 181 182 183 
166 638 -0.658616000 1.686670000 0.00000000000000000000 1.00000000000000000000 2 0 8 146 147 148 165 167 182 183 184 
167 639 -0.589267000 1.729120000 0.00000000000000000000 1.00000000000000000000 2 0 8 147 148 149 166 168 183 184 185 
168 640 -0.518266000 1.768880000 0.00000000000000000000 1.00000000000000000000 2 0 8 148 149 150 167 169 184 185 186 
169 641 -0.445726000 1.805870000 0.00000000000000000000 1.00000000000000000000 2 0 8 149 150 151 168 170 185 186 187 
170 642 -0.371761000 1.840040000 0.00000000000000000000 1.00000000000000000000 2 0 8 150 151 152 169 171 186 187 292 
171 643 -0.296487000 1.871350000 0.00000000000000000000 1.00000000000000000000 2 0 8 151 152 153 170 288 187 292 293 
172 644 -1.391330000 1.130720000 0.00000000000000000000 1.00000000000000000000 2 0 8 154 155 156 291 173 294 295 188 
173 645 -1.344040000 1.202090000 0.00000000000000000000 1.00000000000000000000 2 0 8 155 156 157 172 174 295 188 189 
174 646 -1.293910000 1.271560000 0.00000000000000000000 1.00000000000000000000 2 0 8 156 157 158 173 175 188 189 190 
175 647 -1.241000000 1.339040000 0.00000000000000000000 1.00000000000000000000 2 0 8 157 158 159 174 176 189 190 191 
176 648 -1.185410000 1.404410000 0.00000000000000000000 1.00000000000000000000 2 0 8 158 159 160 175 177 190 191 192 
177 649 -1.127230000 1.467580000 0.00000000000000000000 1.00000000000000000000 2 0 8 159 160 161 176 178 191 192 193 
178 650 -1.066540000 1.528450000 0.00000000000000000000 1.00000000000000000000 2 0 8 160 161 162 177 179 192 193 194 
179 651 -1.003450000 1.586920000 0.00000000000000000000 1.00000000000000000000 2 0 8 161 162 163 178 180 193 194 195 
180 652 -0.938060000 1.642900000 0.00000000000000000000 1.00000000000000000000 2 0 8 162 163 164 179 181 194 195 196 
181 653 -0.870464000 1.696310000 0.00000000000000000000 1.00000000000000000000 2 0 8 163 164 165 180 182 195 196 197 
182 654 -0.800774000 1.747070000 0.00000000000000000000 1.00000000000000000000 2 0 8 164 165 166 181 183 196 197 198 
183 655 -0.729101000 1.795090000 0.00000000000000000000 1.00000000000000000000 2 0 8 165 166 167 182 184 197 198 199 
184 656 -0.655557000 1.840310000 0.00000000000000000000 1.00000000000000000000 2 0 8 166 167 168 183 185 198 199 200 
185 657 -0.580260000 1.882660000 0.00000000000000000000 1.00000000000000000000 2 0 8 167 168 169 184 186 199 200 201 
186 658 -0.503327000 1.922070000 0.00000000000000000000 1.00000000000000000000 2 0 8 168 169 170 185 187 200 201 296 
187 659 -0.424880000 1.958480000 0.00000000000000000000 1.00000000000000000000 2 0 8 169 170 171 186 292 201 296 297 
188 660 -1.456330000 1.278950000 0.00000000000000000000 1.00000000000000000000 2 0 8 172 173 174 295 189 298 299 202 
189 661 -1.403160000 1.352880000 0.00000000000000000000 1.00000000000000000000 2 0 8 173 174 175 188 190 299 202 203 
190 662 -1.347050000 1.424700000 0.00000000000000000000 1.00000000000000000000 2 0 8 174 175 176 189 191 202 203 204 
191 663 -1.288100000 1.494270000 0.00000000000000000000 1.00000000000000000000 2 0 8 175 176 177 190 192 203 204 205 
192 664 -1.226400000 1.561500000 0.00000000000000000000 1.00000000000000000000 2 0 8 176 177 178 191 193 204 205 206 
193 665 -1.162040000 1.626290000 0.00000000000000000000 1.00000000000000000000 2 0 8 177 178 179 192 194 205 206 207 
194 666 -1.095130000 1.688530000 0.00000000000000000000 1.00000000000000000000 2 0 8 178 179 180 193 195 206 207 208 
195 667 -1.025770000 1.748120000 0.00000000000000000000 1.00000000000000000000 2 0 8 179 180 181 194 196 207 208 209 
196 668 -0.954076000 1.804980000 0.00000000000000000000 1.00000000000000000000 2 0 8 180 181 182 195 197 208 209 210 
197 669 -0.880159000 1.859020000 0.00000000000000000000 1.00000000000000000000 2 0 8 181 182 183 196 198 209 210 211 
198 670 -0.804136000 1.910160000 0.00000000000000000000 1.00000000000000000000 2 0 8 182 183 184 197 199 210 211 212 
199 671 -0.726127000 1.958310000 0.00000000000000000000 1.00000000000000000000 2 0 8 183 184 185 198 200 211 212 213 
200 672 -0.646255000 2.003410000 0.00000000000000000000 1.00000000000000000000 2 0 8 184 185 186 199 201 212 213 300 
201 673 -0.564646000 2.045380000 0.00000000000000000000 1.00000000000000000000 2 0 8 185 186 187 200 296 213 300 301 
202 674 -1.519440000 1.439200000 0.00000000000000000000 1.00000000000000000000 2 0 8 188 189 190 299 203 302 303 214 
203 675 -1.459930000 1.515610000 0.00000000000000000000 1.00000000000000000000 2 0 8 189 190 191 202 204 303 214 215 
204 676 -1.397400000 1.589650000 0.00000000000000000000 1.00000000000000000000 2 0 8 190 191 192 203 205 214 215 216 
205 677 -1.331950000 1.661190000 0.00000000000000000000 1.00000000000000000000 2 0 8 191 192 193 204 206 215 216 217 
206 678 -1.263680000 1.730140000 0.00000000000000000000 1.00000000000000000000 2 0 8 192 193 194 205 207 216 217 218 
207 679 -1.192700000 1.796380000 0.00000000000000000000 1.00000000000000000000 2 0 8 193 194 195 206 208 217 218 219 
208 680 -1.119120000 1.859810000 0.00000000000000000000 1.00000000000000000000 2 0 8 194 195 196 207 209 218 219 220 
209 681 -1.043070000 1.920330000 0.00000000000000000000 1.00000000000000000000 2 0 8 195 196 197 208 210 219 220 221 
210 682 -0.964653000 1.977850000 0.00000000000000000000 1.00000000000000000000 2 0 8 196 197 198 209 211 220 221 222 
211 683 -0.884000000 2.032290000 0.00000000000000000000 1.00000000000000000000 2 0 8 197 198 199 210 212 221 222 223 
212 684 -0.801239000 2.083550000 0.00000000000000000000 1.00000000000000000000 2 0 8 198 199 200 211 213 222 223 304 
213 685 -0.716499000 2.131570000 0.00000000000000000000 1.00000000000000000000 2 0 8 199 200 201 212 300 223 304 305 
214 686 -1.580040000 1.612130000 0.00000000000000000000 1.00000000000000000000 2 0 8 202 203 204 303 215 306 307 224 
215 687 -1.513710000 1.690900000 0.00000000000000000000 1.00000000000000000000 2 0 8 203 204 205 214 216 307 224 225 
216 688 -1.444270000 1.767030000 0.00000000000000000000 1.00000000000000000000 2 0 8 204 205 206 215 217 224 225 226 
217 689 -1.371840000 1.840390000 0.00000000000000000000 1.00000000000000000000 2 0 8 205 206 207 216 218 225 226 227 
218 690 -1.296530000 1.910870000 0.00000000000000000000 1.00000000000000000000 2 0 8 206 207 208 217 219 226 227 228 
219 691 -1.218470000 1.978370000 0.00000000000000000000 1.00000000000000000000 2 0 8 207 208 209 218 220 227 228 229 
220 692 -1.137770000 2.042780000 0.00000000000000000000 1.00000000000000000000 2 0 8 208 209 210 219 221 228 229 230 
221 693 -1.054570000 2.104000000 0.00000000000000000000 1.00000000000000000000 2 0 8 209 210 211 220 222 229 230 231 
222 694 -0.968991000 2.161940000 0.00000000000000000000 1.00000000000000000000 2 0 8 210 211 212 221 223 230 231 308 
223 695 -0.881172000 2.216520000 0.00000000000000000000 1.00000000000000000000 2 0 8 211 212 213 222 304 231 308 309 
224 696 -1.637460000 1.798410000 0.00000000000000000000 1.00000000000000000000 2 0 8 214 215 216 307 225 310 311 232 
225 697 -1.563780000 1.879390000 0.00000000000000000000 1.00000000000000000000 2 0 8 215 216 217 224 226 311 232 233 
226 698 -1.486920000 1.957440000 0.00000000000000000000 1.00000000000000000000 2 0 8 216 217 218 225 227 232 233 234 
227 699 -1.407010000 2.032430000 0.00000000000000000000 1.00000000000000000000 2 0 8 217 218 219 226 228 233 234 235 
228 700 -1.324170000 2.104250000 0.00000000000000000000 1.00000000000000000000 2 0 8 218 219 220 227 229 234 235 236 
229 701 -1.238540000 2.172790000 0.00000000000000000000 1.00000000000000000000 2 0 8 219 220 221 228 230 235 236 237 
230 702 -1.150240000 2.237940000 0.00000000000000000000 1.00000000000000000000 2 0 8 220 221 222 229 231 236 237 312 
231 703 -1.059420000 2.299600000 0.00000000000000000000 1.00000000000000000000 2 0 8 221 222 223 230 308 237 312 313 
232 704 -1.690920000 1.998710000 0.00000000000000000000 1.00000000000000000000 2 0 8 224 225 226 311 233 314 315 238 
233 705 -1.609360000 2.081740000 0.00000000000000000000 1.00000000000000000000 2 0 8 225 226 227 232 234 315 238 239 
234 706 -1.524550000 2.161520000 0.00000000000000000000 1.00000000000000000000 2 0 8 226 227 228 233 235 238 239 240 
235 707 -1.436630000 2.237930000 0.00000000000000000000 1.00000000000000000000 2 0 8 227 228 229 234 236 239 240 241 
236 708 -1.345740000 2.310850000 0.00000000000000000000 1.00000000000000000000 2 0 8 228 229 230 235 237 240 241 316 
237 709 -1.252030000 2.380170000 0.00000000000000000000 1.00000000000000000000 2 0 8 229 230 231 236 312 241 316 317 
238 710 -1.739600000 2.213740000 0.00000000000000000000 1.00000000000000000000 2 0 8 232 233 234 315 239 318 319 242 
239 711 -1.649580000 2.298600000 0.00000000000000000000 1.00000000000000000000 2 0 8 233 234 235 238 240 319 242 243 
240 712 -1.556260000 2.379890000 0.00000000000000000000 1.00000000000000000000 2 0 8 234 235 236 239 241 242 243 320 
241 713 -1.459790000 2.457460000 0.00000000000000000000 1.00000000000000000000 2 0 8 235 236 237 240 316 243 320 321 
242 714 -1.782580000 2.444200000 0.00000000000000000000 1.00000000000000000000 2 0 8 238 239 240 319 243 322 323 324 
243 715 -1.683510000 2.530660000 0.00000000000000000000 1.00000000000000000000 2 0 8 239 240 241 242 320 323 324 325 
244 1385 -0.186787 0.712211 2 0
245 1386 -0.154323 0.735102 2 0
246 1387 -0.120867 0.756817 2 0
247 1388 -0.0864759 0.777325 2 0
248 2804 -0.0512038 0.796594 2 0
249 2805 -0.0151081 0.814595 2 0
250 1400 -0.289765 0.709354 2 0
251 1401 -0.257785 0.736275 2 0
252 1402 -0.224648 0.762018 2 0
253 2820 -0.0435767 0.871763 2 0
254 2821 -0.00469413 0.889688 2 0
255 1412 -0.366366 0.728252 2 0
256 1413 -0.333892 0.758269 2 0
257 2834 -0.0330039 0.951351 2 0
258 2835 0.0088316 0.969058 2 0
259 1420 -0.448262 0.74455 2 0
260 1421 -0.415373 0.77788 2 0
261 2846 -0.0190871 1.03548 2 0
262 2847 0.0258732 1.05282 2 0
263 1424 -0.597285 0.680594 2 0
264 1425 -0.567318 0.71982 2 0
265 1426 -0.535703 0.757897 2 0
266 1427 -0.502493 0.794765 2 0
267 2853 -0.0013985 1.12429 2 0
268 2854 0.0468642 1.14108 2 0
269 1428 -0.690501 0.683024 2 0
270 1429 -0.660615 0.726045 2 0
271 2858 0.0205213 1.21787 2 0
272 2859 0.0722691 1.23393 2 0
273 1725 -0.789473 0.681231 2 0
274 1726 -0.759815 0.728277 2 0
275 2861 0.0471645 1.31635 2 0
276 1747 -0.865137 0.726052 2 0
277 4390 0.0203792 1.40363 2 0
278 1769 -0.945818 0.773541 2 0
279 4409 -0.00818644 1.49611 2 0
280 1791 -1.03182 0.823875 2 0
281 4428 -0.0386388 1.59413 2 0
282 1812 -1.12345 0.877241 2 0
283 4447 -0.0710912 1.69805 2 0
284 1831 -1.25788 0.867801 2 0
285 1832 -1.22106 0.933838 2 0
286 716 -0.105665 1.80826 2 0
287 1850 -1.36404 0.923582 2 0
288 718 -0.220022 1.89974 2 0
289 719 -0.142487 1.92517 2 0
290 1 -1.47707 0.982767 2 0
291 2 -1.4357 1.05758 2 0
292 722 -0.345042 1.99184 2 0
293 723 -0.263939 2.0221 2 0
294 9 -1.55352 1.12518 2 0
295 10 -1.50647 1.20301 2 0
296 728 -0.481428 2.08417 2 0
297 729 -0.396732 2.11971 2 0
298 19 -1.62902 1.27974 2 0
299 20 -1.57583 1.36054 2 0
300 736 -0.629913 2.17627 2 0
301 737 -0.541617 2.21758 2 0
302 31 -1.703 1.44715 2 0
303 32 -1.64318 1.53084 2 0
304 746 -0.791252 2.26763 2 0
305 747 -0.69937 2.31522 2 0
306 45 -1.77484 1.62813 2 0
307 46 -1.70785 1.71461 2 0
308 758 -0.966225 2.35769 2 0
309 759 -0.870792 2.4121 2 0
310 62 -1.84382 1.82343 2 0
311 63 -1.76912 1.91256 2 0
312 772 -1.15564 2.44578 2 0
313 773 -1.05671 2.50759 2 0
314 81 -1.90917 2.03379 2 0
315 82 -1.82617 2.12542 2 0
316 788 -1.36031 2.53121 2 0
317 789 -1.25798 2.60103 2 0
318 101 -1.97004 2.26 2 0
319 102 -1.87814 2.35394 2 0
320 806 -1.58109 2.61318 2 0
321 807 -1.47548 2.69164 2 0
322 122 -2.02548 2.50285 2 0
323 123 -1.92402 2.59886 2 0
324 825 -1.81885 2.69082 2 0
325 826 -1.71011 2.77859 2 0
