322 236 86
1 4543 1.318930000 1.714850000 0.00000000000000000000 1.00000000000000000000 2 0 8 237 238 239 241 242 2 3 4 
2 4544 1.294540000 1.858820000 0.00000000000000000000 1.00000000000000000000 2 0 8 240 241 1 245 3 5 6 7 
3 4545 1.368830000 1.826560000 0.00000000000000000000 1.00000000000000000000 2 0 8 241 1 242 2 4 6 7 8 
4 4546 1.441740000 1.791530000 0.00000000000000000000 1.00000000000000000000 2 0 8 1 242 243 3 246 7 8 9 
5 4547 1.262910000 2.010680000 0.00000000000000000000 1.00000000000000000000 2 0 8 244 245 2 249 6 10 11 12 
6 4548 1.343100000 1.979400000 0.00000000000000000000 1.00000000000000000000 2 0 8 245 2 3 5 7 11 12 13 
7 4549 1.421960000 1.945100000 0.00000000000000000000 1.00000000000000000000 2 0 8 2 3 4 6 8 12 13 14 
8 4550 1.499360000 1.907830000 0.00000000000000000000 1.00000000000000000000 2 0 8 3 4 246 7 9 13 14 15 
9 4551 1.575180000 1.867650000 0.00000000000000000000 1.00000000000000000000 2 0 8 4 246 247 8 250 14 15 16 
10 4552 1.223240000 2.170600000 0.00000000000000000000 1.00000000000000000000 2 0 8 248 249 5 253 11 17 18 19 
11 4553 1.309670000 2.140620000 0.00000000000000000000 1.00000000000000000000 2 0 8 249 5 6 10 12 18 19 20 
12 4554 1.394810000 2.107370000 0.00000000000000000000 1.00000000000000000000 2 0 8 5 6 7 11 13 19 20 21 
13 4555 1.478520000 2.070890000 0.00000000000000000000 1.00000000000000000000 2 0 8 6 7 8 12 14 20 21 22 
14 4556 1.560700000 2.031260000 0.00000000000000000000 1.00000000000000000000 2 0 8 7 8 9 13 15 21 22 23 
15 4557 1.641200000 1.988520000 0.00000000000000000000 1.00000000000000000000 2 0 8 8 9 250 14 16 22 23 24 
16 4558 1.719910000 1.942750000 0.00000000000000000000 1.00000000000000000000 2 0 8 9 250 251 15 254 23 24 25 
17 4559 1.174680000 2.338740000 0.00000000000000000000 1.00000000000000000000 2 0 8 252 253 10 258 18 27 28 29 
18 4560 1.267670000 2.310420000 0.00000000000000000000 1.00000000000000000000 2 0 8 253 10 11 17 19 28 29 30 
19 4561 1.359440000 2.278560000 0.00000000000000000000 1.00000000000000000000 2 0 8 10 11 12 18 20 29 30 31 
20 4562 1.449840000 2.243200000 0.00000000000000000000 1.00000000000000000000 2 0 8 11 12 13 19 21 30 31 32 
21 4563 1.538730000 2.204420000 0.00000000000000000000 1.00000000000000000000 2 0 8 12 13 14 20 22 31 32 33 
22 4564 1.625990000 2.162270000 0.00000000000000000000 1.00000000000000000000 2 0 8 13 14 15 21 23 32 33 34 
23 4565 1.711480000 2.116810000 0.00000000000000000000 1.00000000000000000000 2 0 8 14 15 16 22 24 33 34 35 
24 4566 1.795060000 2.068130000 0.00000000000000000000 1.00000000000000000000 2 0 8 15 16 254 23 25 34 35 36 
25 4567 1.876620000 2.016290000 0.00000000000000000000 1.00000000000000000000 2 0 8 16 254 255 24 259 35 36 37 
26 4568 1.015440000 2.537650000 0.00000000000000000000 1.00000000000000000000 2 0 8 256 257 258 262 27 38 39 40 
27 4569 1.116320000 2.515230000 0.00000000000000000000 1.00000000000000000000 2 0 8 257 258 17 26 28 39 40 41 
28 4570 1.216220000 2.488950000 0.00000000000000000000 1.00000000000000000000 2 0 8 258 17 18 27 29 40 41 42 
29 4571 1.314960000 2.458850000 0.00000000000000000000 1.00000000000000000000 2 0 8 17 18 19 28 30 41 42 43 
30 4572 1.412410000 2.424990000 0.00000000000000000000 1.00000000000000000000 2 0 8 18 19 20 29 31 42 43 44 
31 4573 1.508410000 2.387410000 0.00000000000000000000 1.00000000000000000000 2 0 8 19 20 21 30 32 43 44 45 
32 4574 1.602810000 2.346170000 0.00000000000000000000 1.00000000000000000000 2 0 8 20 21 22 31 33 44 45 46 
33 4575 1.695480000 2.301350000 0.00000000000000000000 1.00000000000000000000 2 0 8 21 22 23 32 34 45 46 47 
34 4576 1.786270000 2.253010000 0.00000000000000000000 1.00000000000000000000 2 0 8 22 23 24 33 35 46 47 48 
35 4577 1.875040000 2.201230000 0.00000000000000000000 1.00000000000000000000 2 0 8 23 24 25 34 36 47 48 49 
36 4578 1.961660000 2.146100000 0.00000000000000000000 1.00000000000000000000 2 0 8 24 25 259 35 37 48 49 50 
37 4579 2.046010000 2.087690000 0.00000000000000000000 1.00000000000000000000 2 0 8 25 259 260 36 263 49 50 51 
38 4580 0.939169000 2.719810000 0.00000000000000000000 1.00000000000000000000 2 0 8 261 262 26 266 39 52 53 54 
39 4581 1.047200000 2.700160000 0.00000000000000000000 1.00000000000000000000 2 0 8 262 26 27 38 40 53 54 55 
40 4582 1.154330000 2.676350000 0.00000000000000000000 1.00000000000000000000 2 0 8 26 27 28 39 41 54 55 56 
41 4583 1.260420000 2.648440000 0.00000000000000000000 1.00000000000000000000 2 0 8 27 28 29 40 42 55 56 57 
42 4584 1.365280000 2.616460000 0.00000000000000000000 1.00000000000000000000 2 0 8 28 29 30 41 43 56 57 58 
43 4585 1.468770000 2.580470000 0.00000000000000000000 1.00000000000000000000 2 0 8 29 30 31 42 44 57 58 59 
44 4586 1.570730000 2.540520000 0.00000000000000000000 1.00000000000000000000 2 0 8 30 31 32 43 45 58 59 60 
45 4587 1.670990000 2.496690000 0.00000000000000000000 1.00000000000000000000 2 0 8 31 32 33 44 46 59 60 61 
46 4588 1.769420000 2.449030000 0.00000000000000000000 1.00000000000000000000 2 0 8 32 33 34 45 47 60 61 62 
47 4589 1.865850000 2.397630000 0.00000000000000000000 1.00000000000000000000 2 0 8 33 34 35 46 48 61 62 63 
48 4590 1.960150000 2.342570000 0.00000000000000000000 1.00000000000000000000 2 0 8 34 35 36 47 49 62 63 64 
49 4591 2.052160000 2.283920000 0.00000000000000000000 1.00000000000000000000 2 0 8 35 36 37 48 50 63 64 65 
50 4592 2.141760000 2.221800000 0.00000000000000000000 1.00000000000000000000 2 0 8 36 37 263 49 51 64 65 66 
51 4593 2.228800000 2.156280000 0.00000000000000000000 1.00000000000000000000 2 0 8 37 263 264 50 267 65 66 67 
52 4594 0.850769000 2.910000000 0.00000000000000000000 1.00000000000000000000 2 0 8 265 266 38 270 53 68 69 70 
53 4595 0.966260000 2.893590000 0.00000000000000000000 1.00000000000000000000 2 0 8 266 38 39 52 54 69 70 71 
54 4596 1.080990000 2.872730000 0.00000000000000000000 1.00000000000000000000 2 0 8 38 39 40 53 55 70 71 72 
55 4597 1.194770000 2.847450000 0.00000000000000000000 1.00000000000000000000 2 0 8 39 40 41 54 56 71 72 73 
56 4598 1.307440000 2.817800000 0.00000000000000000000 1.00000000000000000000 2 0 8 40 41 42 55 57 72 73 74 
57 4599 1.418820000 2.783820000 0.00000000000000000000 1.00000000000000000000 2 0 8 41 42 43 56 58 73 74 75 
58 4600 1.528740000 2.745570000 0.00000000000000000000 1.00000000000000000000 2 0 8 42 43 44 57 59 74 75 76 
59 4601 1.637030000 2.703120000 0.00000000000000000000 1.00000000000000000000 2 0 8 43 44 45 58 60 75 76 77 
60 4602 1.743540000 2.656520000 0.00000000000000000000 1.00000000000000000000 2 0 8 44 45 46 59 61 76 77 78 
61 4603 1.848090000 2.605850000 0.00000000000000000000 1.00000000000000000000 2 0 8 45 46 47 60 62 77 78 79 
62 4604 1.950530000 2.551200000 0.00000000000000000000 1.00000000000000000000 2 0 8 46 47 48 61 63 78 79 80 
63 4605 2.050700000 2.492650000 0.00000000000000000000 1.00000000000000000000 2 0 8 47 48 49 62 64 79 80 81 
64 4606 2.148450000 2.430290000 0.00000000000000000000 1.00000000000000000000 2 0 8 48 49 50 63 65 80 81 82 
65 4607 2.243630000 2.364210000 0.00000000000000000000 1.00000000000000000000 2 0 8 49 50 51 64 66 81 82 83 
66 4608 2.336100000 2.294530000 0.00000000000000000000 1.00000000000000000000 2 0 8 50 51 267 65 67 82 83 84 
67 4609 2.425720000 2.221350000 0.00000000000000000000 1.00000000000000000000 2 0 8 51 267 268 66 271 83 84 85 
68 4610 0.749134000 3.108200000 0.00000000000000000000 1.00000000000000000000 2 0 8 269 270 52 273 69 275 86 87 
69 4611 0.872418000 3.095560000 0.00000000000000000000 1.00000000000000000000 2 0 8 270 52 53 68 70 86 87 88 
70 4612 0.995080000 3.078150000 0.00000000000000000000 1.00000000000000000000 2 0 8 52 53 54 69 71 87 88 89 
71 4613 1.116930000 3.056010000 0.00000000000000000000 1.00000000000000000000 2 0 8 53 54 55 70 72 88 89 90 
72 4614 1.237790000 3.029170000 0.00000000000000000000 1.00000000000000000000 2 0 8 54 55 56 71 73 89 90 91 
73 4615 1.357460000 2.997670000 0.00000000000000000000 1.00000000000000000000 2 0 8 55 56 57 72 74 90 91 92 
74 4616 1.475770000 2.961570000 0.00000000000000000000 1.00000000000000000000 2 0 8 56 57 58 73 75 91 92 93 
75 4617 1.592540000 2.920930000 0.00000000000000000000 1.00000000000000000000 2 0 8 57 58 59 74 76 92 93 94 
76 4618 1.707570000 2.875800000 0.00000000000000000000 1.00000000000000000000 2 0 8 58 59 60 75 77 93 94 95 
77 4619 1.820710000 2.826270000 0.00000000000000000000 1.00000000000000000000 2 0 8 59 60 61 76 78 94 95 96 
78 4620 1.931780000 2.772410000 0.00000000000000000000 1.00000000000000000000 2 0 8 60 61 62 77 79 95 96 97 
79 4621 2.040610000 2.714300000 0.00000000000000000000 1.00000000000000000000 2 0 8 61 62 63 78 80 96 97 98 
80 4622 2.147030000 2.652050000 0.00000000000000000000 1.00000000000000000000 2 0 8 62 63 64 79 81 97 98 99 
81 4623 2.250880000 2.585730000 0.00000000000000000000 1.00000000000000000000 2 0 8 63 64 65 80 82 98 99 100 
82 4624 2.352010000 2.515470000 0.00000000000000000000 1.00000000000000000000 2 0 8 64 65 66 81 83 99 100 101 
83 4625 2.450260000 2.441360000 0.00000000000000000000 1.00000000000000000000 2 0 8 65 66 67 82 84 100 101 102 
84 4626 2.545480000 2.363530000 0.00000000000000000000 1.00000000000000000000 2 0 8 66 67 271 83 85 101 102 103 
85 4627 2.637530000 2.282080000 0.00000000000000000000 1.00000000000000000000 2 0 8 67 271 272 84 274 102 103 276 
86 4628 0.764499000 3.306050000 0.00000000000000000000 1.00000000000000000000 2 0 8 273 68 69 275 87 277 104 105 
87 4629 0.895445000 3.292650000 0.00000000000000000000 1.00000000000000000000 2 0 8 68 69 70 86 88 104 105 106 
88 4630 1.025740000 3.274180000 0.00000000000000000000 1.00000000000000000000 2 0 8 69 70 71 87 89 105 106 107 
89 4631 1.155170000 3.250680000 0.00000000000000000000 1.00000000000000000000 2 0 8 70 71 72 88 90 106 107 108 
90 4632 1.283550000 3.222180000 0.00000000000000000000 1.00000000000000000000 2 0 8 71 72 73 89 91 107 108 109 
91 4633 1.410670000 3.188720000 0.00000000000000000000 1.00000000000000000000 2 0 8 72 73 74 90 92 108 109 110 
92 4634 1.536350000 3.150370000 0.00000000000000000000 1.00000000000000000000 2 0 8 73 74 75 91 93 109 110 111 
93 4635 1.660400000 3.107180000 0.00000000000000000000 1.00000000000000000000 2 0 8 74 75 76 92 94 110 111 112 
94 4636 1.782610000 3.059220000 0.00000000000000000000 1.00000000000000000000 2 0 8 75 76 77 93 95 111 112 113 
95 4637 1.902810000 3.006570000 0.00000000000000000000 1.00000000000000000000 2 0 8 76 77 78 94 96 112 113 114 
96 4638 2.020810000 2.949320000 0.00000000000000000000 1.00000000000000000000 2 0 8 77 78 79 95 97 113 114 115 
97 4639 2.136430000 2.887550000 0.00000000000000000000 1.00000000000000000000 2 0 8 78 79 80 96 98 114 115 116 
98 4640 2.249500000 2.821350000 0.00000000000000000000 1.00000000000000000000 2 0 8 79 80 81 97 99 115 116 117 
99 4641 2.359840000 2.750840000 0.00000000000000000000 1.00000000000000000000 2 0 8 80 81 82 98 100 116 117 118 
100 4642 2.467300000 2.676130000 0.00000000000000000000 1.00000000000000000000 2 0 8 81 82 83 99 101 117 118 119 
101 4643 2.571690000 2.597320000 0.00000000000000000000 1.00000000000000000000 2 0 8 82 83 84 100 102 118 119 120 
102 4644 2.672870000 2.514540000 0.00000000000000000000 1.00000000000000000000 2 0 8 83 84 85 101 103 119 120 121 
103 4645 2.770690000 2.427930000 0.00000000000000000000 1.00000000000000000000 2 0 8 84 85 274 102 276 120 121 278 
104 4646 0.780840000 3.516210000 0.00000000000000000000 1.00000000000000000000 2 0 8 275 86 87 277 105 279 122 123 
105 4647 0.919936000 3.502010000 0.00000000000000000000 1.00000000000000000000 2 0 8 86 87 88 104 106 122 123 124 
106 4648 1.058340000 3.482420000 0.00000000000000000000 1.00000000000000000000 2 0 8 87 88 89 105 107 123 124 125 
107 4649 1.195840000 3.457470000 0.00000000000000000000 1.00000000000000000000 2 0 8 88 89 90 106 108 124 125 126 
108 4650 1.332220000 3.427200000 0.00000000000000000000 1.00000000000000000000 2 0 8 89 90 91 107 109 125 126 127 
109 4651 1.467270000 3.391670000 0.00000000000000000000 1.00000000000000000000 2 0 8 90 91 92 108 110 126 127 128 
110 4652 1.600790000 3.350920000 0.00000000000000000000 1.00000000000000000000 2 0 8 91 92 93 109 111 127 128 129 
111 4653 1.732570000 3.305030000 0.00000000000000000000 1.00000000000000000000 2 0 8 92 93 94 110 112 128 129 130 
112 4654 1.862420000 3.254060000 0.00000000000000000000 1.00000000000000000000 2 0 8 93 94 95 111 113 129 130 131 
113 4655 1.990130000 3.198100000 0.00000000000000000000 1.00000000000000000000 2 0 8 94 95 96 112 114 130 131 132 
114 4656 2.115500000 3.137240000 0.00000000000000000000 1.00000000000000000000 2 0 8 95 96 97 113 115 131 132 133 
115 4657 2.238350000 3.071580000 0.00000000000000000000 1.00000000000000000000 2 0 8 96 97 98 114 116 132 133 134 
116 4658 2.358500000 3.001200000 0.00000000000000000000 1.00000000000000000000 2 0 8 97 98 99 115 117 133 134 135 
117 4659 2.475750000 2.926240000 0.00000000000000000000 1.00000000000000000000 2 0 8 98 99 100 116 118 134 135 136 
118 4660 2.589920000 2.846790000 0.00000000000000000000 1.00000000000000000000 2 0 8 99 100 101 117 119 135 136 137 
119 4661 2.700860000 2.762990000 0.00000000000000000000 1.00000000000000000000 2 0 8 100 101 102 118 120 136 137 280 
120 4662 2.808380000 2.674970000 0.00000000000000000000 1.00000000000000000000 2 0 8 101 102 103 119 121 137 280 281 
121 4663 2.912320000 2.582860000 0.00000000000000000000 1.00000000000000000000 2 0 8 102 103 276 120 278 280 281 282 
122 4664 0.798217000 3.739470000 0.00000000000000000000 1.00000000000000000000 2 0 8 277 104 105 279 123 284 138 139 
123 4665 0.945981000 3.724420000 0.00000000000000000000 1.00000000000000000000 2 0 8 104 105 106 122 124 138 139 140 
124 4666 1.093010000 3.703630000 0.00000000000000000000 1.00000000000000000000 2 0 8 105 106 107 123 125 139 140 141 
125 4667 1.239090000 3.677150000 0.00000000000000000000 1.00000000000000000000 2 0 8 106 107 108 124 126 140 141 142 
126 4668 1.383980000 3.645010000 0.00000000000000000000 1.00000000000000000000 2 0 8 107 108 109 125 127 141 142 143 
127 4669 1.527460000 3.607260000 0.00000000000000000000 1.00000000000000000000 2 0 8 108 109 110 126 128 142 143 144 
128 4670 1.669320000 3.563980000 0.00000000000000000000 1.00000000000000000000 2 0 8 109 110 111 127 129 143 144 145 
129 4671 1.809340000 3.515210000 0.00000000000000000000 1.00000000000000000000 2 0 8 110 111 112 128 130 144 145 146 
130 4672 1.947300000 3.461050000 0.00000000000000000000 1.00000000000000000000 2 0 8 111 112 113 129 131 145 146 147 
131 4673 2.083000000 3.401580000 0.00000000000000000000 1.00000000000000000000 2 0 8 112 113 114 130 132 146 147 148 
132 4674 2.216220000 3.336890000 0.00000000000000000000 1.00000000000000000000 2 0 8 113 114 115 131 133 147 148 149 
133 4675 2.346760000 3.267080000 0.00000000000000000000 1.00000000000000000000 2 0 8 114 115 116 132 134 148 149 150 
134 4676 2.474420000 3.192270000 0.00000000000000000000 1.00000000000000000000 2 0 8 115 116 117 133 135 149 150 151 
135 4677 2.599010000 3.112570000 0.00000000000000000000 1.00000000000000000000 2 0 8 116 117 118 134 136 150 151 152 
136 4678 2.720350000 3.028100000 0.00000000000000000000 1.00000000000000000000 2 0 8 117 118 119 135 137 151 152 285 
137 4679 2.838230000 2.939000000 0.00000000000000000000 1.00000000000000000000 2 0 8 118 119 120 136 280 152 285 286 
138 4680 0.816695000 3.976660000 0.00000000000000000000 1.00000000000000000000 2 0 8 279 122 123 284 139 153 154 155 
139 4681 0.973678000 3.960710000 0.00000000000000000000 1.00000000000000000000 2 0 8 122 123 124 138 140 154 155 156 
140 4682 1.129890000 3.938660000 0.00000000000000000000 1.00000000000000000000 2 0 8 123 124 125 139 141 155 156 157 
141 4683 1.285080000 3.910550000 0.00000000000000000000 1.00000000000000000000 2 0 8 124 125 126 140 142 156 157 158 
142 4684 1.439020000 3.876420000 0.00000000000000000000 1.00000000000000000000 2 0 8 125 126 127 141 143 157 158 159 
143 4685 1.591470000 3.836330000 0.00000000000000000000 1.00000000000000000000 2 0 8 126 127 128 142 144 158 159 160 
144 4686 1.742200000 3.790340000 0.00000000000000000000 1.00000000000000000000 2 0 8 127 128 129 143 145 159 160 161 
145 4687 1.890980000 3.738520000 0.00000000000000000000 1.00000000000000000000 2 0 8 128 129 130 144 146 160 161 162 
146 4688 2.037570000 3.680970000 0.00000000000000000000 1.00000000000000000000 2 0 8 129 130 131 145 147 161 162 163 
147 4689 2.181760000 3.617760000 0.00000000000000000000 1.00000000000000000000 2 0 8 130 131 132 146 148 162 163 164 
148 4690 2.323320000 3.549000000 0.00000000000000000000 1.00000000000000000000 2 0 8 131 132 133 147 149 163 164 165 
149 4691 2.462040000 3.474800000 0.00000000000000000000 1.00000000000000000000 2 0 8 132 133 134 148 150 164 165 166 
150 4692 2.597710000 3.395270000 0.00000000000000000000 1.00000000000000000000 2 0 8 133 134 135 149 151 165 166 167 
151 4693 2.730110000 3.310540000 0.00000000000000000000 1.00000000000000000000 2 0 8 134 135 136 150 152 166 167 288 
152 4694 2.859060000 3.220730000 0.00000000000000000000 1.00000000000000000000 2 0 8 135 136 137 151 285 167 288 289 
153 4695 0.668994000 4.239070000 0.00000000000000000000 1.00000000000000000000 2 0 8 283 284 138 287 154 290 168 169 
154 4696 0.836342000 4.228680000 0.00000000000000000000 1.00000000000000000000 2 0 8 284 138 139 153 155 168 169 170 
155 4697 1.003130000 4.211770000 0.00000000000000000000 1.00000000000000000000 2 0 8 138 139 140 154 156 169 170 171 
156 4698 1.169100000 4.188380000 0.00000000000000000000 1.00000000000000000000 2 0 8 139 140 141 155 157 170 171 172 
157 4699 1.333990000 4.158530000 0.00000000000000000000 1.00000000000000000000 2 0 8 140 141 142 156 158 171 172 173 
158 4700 1.497560000 4.122290000 0.00000000000000000000 1.00000000000000000000 2 0 8 141 142 143 157 159 172 173 174 
159 4701 1.659540000 4.079700000 0.00000000000000000000 1.00000000000000000000 2 0 8 142 143 144 158 160 173 174 175 
160 4702 1.819710000 4.030850000 0.00000000000000000000 1.00000000000000000000 2 0 8 143 144 145 159 161 174 175 176 
161 4703 1.977790000 3.975790000 0.00000000000000000000 1.00000000000000000000 2 0 8 144 145 146 160 162 175 176 177 
162 4704 2.133570000 3.914630000 0.00000000000000000000 1.00000000000000000000 2 0 8 145 146 147 161 163 176 177 178 
163 4705 2.286790000 3.847460000 0.00000000000000000000 1.00000000000000000000 2 0 8 146 147 148 162 164 177 178 179 
164 4706 2.437220000 3.774380000 0.00000000000000000000 1.00000000000000000000 2 0 8 147 148 149 163 165 178 179 180 
165 4707 2.584640000 3.695510000 0.00000000000000000000 1.00000000000000000000 2 0 8 148 149 150 164 166 179 180 181 
166 4708 2.728820000 3.610970000 0.00000000000000000000 1.00000000000000000000 2 0 8 149 150 151 165 167 180 181 291 
167 4709 2.869530000 3.520890000 0.00000000000000000000 1.00000000000000000000 2 0 8 150 151 152 166 288 181 291 292 
168 4710 0.679428000 4.507460000 0.00000000000000000000 1.00000000000000000000 2 0 8 287 153 154 290 169 293 182 183 
169 4711 0.857231000 4.496470000 0.00000000000000000000 1.00000000000000000000 2 0 8 153 154 155 168 170 182 183 184 
170 4712 1.034440000 4.478540000 0.00000000000000000000 1.00000000000000000000 2 0 8 154 155 156 169 171 183 184 185 
171 4713 1.210790000 4.453720000 0.00000000000000000000 1.00000000000000000000 2 0 8 155 156 157 170 172 184 185 186 
172 4714 1.386000000 4.422030000 0.00000000000000000000 1.00000000000000000000 2 0 8 156 157 158 171 173 185 186 187 
173 4715 1.559800000 4.383550000 0.00000000000000000000 1.00000000000000000000 2 0 8 157 158 159 172 174 186 187 188 
174 4716 1.731930000 4.338310000 0.00000000000000000000 1.00000000000000000000 2 0 8 158 159 160 173 175 187 188 189 
175 4717 1.902120000 4.286410000 0.00000000000000000000 1.00000000000000000000 2 0 8 159 160 161 174 176 188 189 190 
176 4718 2.070110000 4.227910000 0.00000000000000000000 1.00000000000000000000 2 0 8 160 161 162 175 177 189 190 191 
177 4719 2.235650000 4.162920000 0.00000000000000000000 1.00000000000000000000 2 0 8 161 162 163 176 178 190 191 192 
178 4720 2.398470000 4.091530000 0.00000000000000000000 1.00000000000000000000 2 0 8 162 163 164 177 179 191 192 193 
179 4721 2.558340000 4.013860000 0.00000000000000000000 1.00000000000000000000 2 0 8 163 164 165 178 180 192 193 194 
180 4722 2.715010000 3.930030000 0.00000000000000000000 1.00000000000000000000 2 0 8 164 165 166 179 181 193 194 294 
181 4723 2.868230000 3.840170000 0.00000000000000000000 1.00000000000000000000 2 0 8 165 166 167 180 291 194 294 295 
182 4724 0.690519000 4.792660000 0.00000000000000000000 1.00000000000000000000 2 0 8 290 168 169 293 183 296 195 196 
183 4725 0.879440000 4.781020000 0.00000000000000000000 1.00000000000000000000 2 0 8 168 169 170 182 184 195 196 197 
184 4726 1.067740000 4.762010000 0.00000000000000000000 1.00000000000000000000 2 0 8 169 170 171 183 185 196 197 198 
185 4727 1.255110000 4.735670000 0.00000000000000000000 1.00000000000000000000 2 0 8 170 171 172 184 186 197 198 199 
186 4728 1.441290000 4.702040000 0.00000000000000000000 1.00000000000000000000 2 0 8 171 172 173 185 187 198 199 200 
187 4729 1.625980000 4.661170000 0.00000000000000000000 1.00000000000000000000 2 0 8 172 173 174 186 188 199 200 201 
188 4730 1.808890000 4.613120000 0.00000000000000000000 1.00000000000000000000 2 0 8 173 174 175 187 189 200 201 202 
189 4731 1.989740000 4.557980000 0.00000000000000000000 1.00000000000000000000 2 0 8 174 175 176 188 190 201 202 203 
190 4732 2.168270000 4.495830000 0.00000000000000000000 1.00000000000000000000 2 0 8 175 176 177 189 191 202 203 204 
191 4733 2.344190000 4.426770000 0.00000000000000000000 1.00000000000000000000 2 0 8 176 177 178 190 192 203 204 205 
192 4734 2.517230000 4.350900000 0.00000000000000000000 1.00000000000000000000 2 0 8 177 178 179 191 193 204 205 206 
193 4735 2.687130000 4.268350000 0.00000000000000000000 1.00000000000000000000 2 0 8 178 179 180 192 194 205 206 297 
194 4736 2.853630000 4.179250000 0.00000000000000000000 1.00000000000000000000 2 0 8 179 180 181 193 294 206 297 298 
195 4737 0.702309000 5.095730000 0.00000000000000000000 1.00000000000000000000 2 0 8 293 182 183 296 196 299 300 207 
196 4738 0.903050000 5.083410000 0.00000000000000000000 1.00000000000000000000 2 0 8 182 183 184 195 197 300 207 208 
197 4739 1.103130000 5.063260000 0.00000000000000000000 1.00000000000000000000 2 0 8 183 184 185 196 198 207 208 209 
198 4740 1.302240000 5.035310000 0.00000000000000000000 1.00000000000000000000 2 0 8 184 185 186 197 199 208 209 210 
199 4741 1.500080000 4.999600000 0.00000000000000000000 1.00000000000000000000 2 0 8 185 186 187 198 200 209 210 211 
200 4742 1.696340000 4.956200000 0.00000000000000000000 1.00000000000000000000 2 0 8 186 187 188 199 201 210 211 212 
201 4743 1.890720000 4.905160000 0.00000000000000000000 1.00000000000000000000 2 0 8 187 188 189 200 202 211 212 213 
202 4744 2.082910000 4.846580000 0.00000000000000000000 1.00000000000000000000 2 0 8 188 189 190 201 203 212 213 214 
203 4745 2.272640000 4.780550000 0.00000000000000000000 1.00000000000000000000 2 0 8 189 190 191 202 204 213 214 215 
204 4746 2.459600000 4.707160000 0.00000000000000000000 1.00000000000000000000 2 0 8 190 191 192 203 205 214 215 216 
205 4747 2.643500000 4.626540000 0.00000000000000000000 1.00000000000000000000 2 0 8 191 192 193 204 206 215 216 301 
206 4748 2.824070000 4.538800000 0.00000000000000000000 1.00000000000000000000 2 0 8 192 193 194 205 297 216 301 302 
207 4749 0.928150000 5.404770000 0.00000000000000000000 1.00000000000000000000 2 0 8 195 196 197 300 208 303 304 217 
208 4750 1.140760000 5.383400000 0.00000000000000000000 1.00000000000000000000 2 0 8 196 197 198 207 209 304 217 218 
209 4751 1.352350000 5.353740000 0.00000000000000000000 1.00000000000000000000 2 0 8 197 198 199 208 210 217 218 219 
210 4752 1.562590000 5.315830000 0.00000000000000000000 1.00000000000000000000 2 0 8 198 199 200 209 211 218 219 220 
211 4753 1.771150000 5.269740000 0.00000000000000000000 1.00000000000000000000 2 0 8 199 200 201 210 212 219 220 221 
212 4754 1.977720000 5.215530000 0.00000000000000000000 1.00000000000000000000 2 0 8 200 201 202 211 213 220 221 222 
213 4755 2.181970000 5.153300000 0.00000000000000000000 1.00000000000000000000 2 0 8 201 202 203 212 214 221 222 223 
214 4756 2.383600000 5.083130000 0.00000000000000000000 1.00000000000000000000 2 0 8 202 203 204 213 215 222 223 224 
215 4757 2.582300000 5.005150000 0.00000000000000000000 1.00000000000000000000 2 0 8 203 204 205 214 216 223 224 305 
216 4758 2.777750000 4.919470000 0.00000000000000000000 1.00000000000000000000 2 0 8 204 205 206 215 301 224 305 306 
217 4759 1.180770000 5.723640000 0.00000000000000000000 1.00000000000000000000 2 0 8 207 208 209 304 218 307 308 225 
218 4760 1.405620000 5.692160000 0.00000000000000000000 1.00000000000000000000 2 0 8 208 209 210 217 219 308 225 226 
219 4761 1.629040000 5.651920000 0.00000000000000000000 1.00000000000000000000 2 0 8 209 210 211 218 220 225 226 227 
220 4762 1.850680000 5.602970000 0.00000000000000000000 1.00000000000000000000 2 0 8 210 211 212 219 221 226 227 228 
221 4763 2.070210000 5.545390000 0.00000000000000000000 1.00000000000000000000 2 0 8 211 212 213 220 222 227 228 229 
222 4764 2.287290000 5.479270000 0.00000000000000000000 1.00000000000000000000 2 0 8 212 213 214 221 223 228 229 230 
223 4765 2.501580000 5.404730000 0.00000000000000000000 1.00000000000000000000 2 0 8 213 214 215 222 224 229 230 309 
224 4766 2.712760000 5.321860000 0.00000000000000000000 1.00000000000000000000 2 0 8 214 215 216 223 305 230 309 310 
225 4767 1.462240000 6.051860000 0.00000000000000000000 1.00000000000000000000 2 0 8 217 218 219 308 226 311 312 231 
226 4768 1.699680000 6.009130000 0.00000000000000000000 1.00000000000000000000 2 0 8 218 219 220 225 227 312 231 232 
227 4769 1.935240000 5.957140000 0.00000000000000000000 1.00000000000000000000 2 0 8 219 220 221 226 228 231 232 233 
228 4770 2.168550000 5.895980000 0.00000000000000000000 1.00000000000000000000 2 0 8 220 221 222 227 229 232 233 234 
229 4771 2.399260000 5.825740000 0.00000000000000000000 1.00000000000000000000 2 0 8 221 222 223 228 230 233 234 313 
230 4772 2.627010000 5.746530000 0.00000000000000000000 1.00000000000000000000 2 0 8 222 223 224 229 309 234 313 314 
231 4773 1.774780000 6.388800000 0.00000000000000000000 1.00000000000000000000 2 0 8 225 226 227 312 232 315 316 235 
232 4774 2.025120000 6.333590000 0.00000000000000000000 1.00000000000000000000 2 0 8 226 227 228 231 233 316 235 236 
233 4775 2.273080000 6.268620000 0.00000000000000000000 1.00000000000000000000 2 0 8 227 228 229 232 234 235 236 317 
234 4776 2.518290000 6.194000000 0.00000000000000000000 1.00000000000000000000 2 0 8 228 229 230 233 313 236 317 318 
235 4777 2.120670000 6.733720000 0.00000000000000000000 1.00000000000000000000 2 0 8 231 232 233 316 236 319 320 321 
236 4778 2.384210000 6.664720000 0.00000000000000000000 1.00000000000000000000 2 0 8 232 233 234 235 317 320 321 322 
237 4465 1.20611 1.63803 2 0
238 4193 1.27209 1.60953 2 0
239 4194 1.33683 1.57858 2 0
240 4481 1.17773 1.77283 2 0
241 4482 1.24893 1.74517 2 0
242 4211 1.38763 1.68191 2 0
243 4212 1.45493 1.64642 2 0
244 4496 1.14228 1.91476 2 0
245 4497 1.21898 1.88823 2 0
246 4228 1.51317 1.75376 2 0
247 4229 1.58299 1.71332 2 0
248 4509 1.09898 2.06396 2 0
249 4510 1.18149 2.03888 2 0
250 4244 1.64931 1.82463 2 0
251 4245 1.72164 1.77882 2 0
252 4520 1.04704 2.22054 2 0
253 4521 1.13565 2.19726 2 0
254 4259 1.79671 1.89402 2 0
255 4260 1.87148 1.8424 2 0
256 4528 0.889772 2.40204 2 0
257 4529 0.985586 2.38459 2 0
258 4530 1.0806 2.36348 2 0
259 4273 1.95603 1.96138 2 0
260 4274 2.03317 1.90348 2 0
261 4535 0.811287 2.57076 2 0
262 4536 0.913704 2.55617 2 0
263 4285 2.12794 2.02609 2 0
264 4286 2.20735 1.96142 2 0
265 4539 0.721108 2.74655 2 0
266 4540 0.830417 2.73529 2 0
267 4293 2.31315 2.08748 2 0
268 4294 2.39469 2.0155 2 0
269 4541 0.618198 2.92937 2 0
270 4542 0.734688 2.92194 2 0
271 4299 2.51235 2.14478 2 0
272 4300 2.59587 2.06494 2 0
273 805 0.625419 3.11606 2 0
274 3597 2.72627 2.19716 2 0
275 824 0.633098 3.31435 2 0
276 3608 2.86498 2.33761 2 0
277 844 0.641264 3.52499 2 0
278 3620 3.01253 2.4868 2 0
279 864 0.649947 3.74875 2 0
280 3822 2.9525 2.8454 2 0
281 3823 3.06296 2.74745 2 0
282 3824 3.16946 2.6453 2 0
283 883 0.501373 3.99017 2 0
284 884 0.659179 3.98649 2 0
285 3825 2.98434 3.126 2 0
286 3826 3.10577 3.02647 2 0
287 903 0.501341 4.24293 2 0
288 3830 3.00656 3.42542 2 0
289 3831 3.13971 3.32469 2 0
290 922 0.501305 4.51151 2 0
291 3837 3.01778 3.74441 2 0
292 3838 3.16342 3.64291 2 0
293 941 0.501263 4.79691 2 0
294 3846 3.01648 4.08373 2 0
295 3847 3.17542 3.98194 2 0
296 950 0.501216 5.10019 2 0
297 3857 3.00103 4.4441 2 0
298 3858 3.17411 4.34256 2 0
299 980 0.501161 5.42249 2 0
300 981 0.71484 5.41781 2 0
301 3869 2.96967 4.82623 2 0
302 3870 3.15775 4.72557 2 0
303 1001 0.728159 5.7601 2 0
304 1002 0.954831 5.7463 2 0
305 3883 2.92049 5.23081 2 0
306 3884 3.12447 5.13172 2 0
307 1022 0.983192 6.10929 2 0
308 1023 1.22329 6.08526 2 0
309 3898 2.85145 5.65848 2 0
310 3899 3.07225 5.56173 2 0
311 1043 1.2685 6.46962 2 0
312 1044 1.52244 6.43417 2 0
313 3914 2.76035 6.10984 2 0
314 3915 2.9989 6.01628 2 0
315 1064 1.58643 6.84053 2 0
316 1065 1.85461 6.79236 2 0
317 3931 2.64482 6.58544 2 0
318 3932 2.9021 6.49603 2 0
319 1085 1.93947 7.22134 2 0
320 1086 2.22225 7.15906 2 0
321 3949 2.50235 7.08576 2 0
322 3950 2.77934 7.00154 2 0
