316 238 78
1 5020 1.175320000 -0.112550000 0.00000000000000000000 1.00000000000000000000 2 0 8 239 240 241 247 2 6 7 8 
2 5021 1.168630000 -0.130945000 0.00000000000000000000 1.00000000000000000000 2 0 8 240 241 242 1 3 7 8 9 
3 5022 1.160930000 -0.149174000 0.00000000000000000000 1.00000000000000000000 2 0 8 241 242 243 2 4 8 9 10 
4 5023 1.152230000 -0.167210000 0.00000000000000000000 1.00000000000000000000 2 0 8 242 243 244 3 5 9 10 11 
5 5024 1.142550000 -0.185031000 0.00000000000000000000 1.00000000000000000000 2 0 8 243 244 245 4 248 10 11 12 
6 5025 1.212070000 -0.102713000 0.00000000000000000000 1.00000000000000000000 2 0 8 246 247 1 251 7 13 14 15 
7 5026 1.206130000 -0.122960000 0.00000000000000000000 1.00000000000000000000 2 0 8 247 1 2 6 8 14 15 16 
8 5027 1.199130000 -0.143046000 0.00000000000000000000 1.00000000000000000000 2 0 8 1 2 3 7 9 15 16 17 
9 5028 1.191070000 -0.162945000 0.00000000000000000000 1.00000000000000000000 2 0 8 2 3 4 8 10 16 17 18 
10 5029 1.181960000 -0.182629000 0.00000000000000000000 1.00000000000000000000 2 0 8 3 4 5 9 11 17 18 19 
11 5030 1.171830000 -0.202072000 0.00000000000000000000 1.00000000000000000000 2 0 8 4 5 248 10 12 18 19 20 
12 5031 1.160670000 -0.221246000 0.00000000000000000000 1.00000000000000000000 2 0 8 5 248 249 11 252 19 20 21 
13 5032 1.250990000 -0.089620900 0.00000000000000000000 1.00000000000000000000 2 0 8 250 251 6 257 14 25 26 27 
14 5033 1.245880000 -0.111800000 0.00000000000000000000 1.00000000000000000000 2 0 8 251 6 7 13 15 26 27 28 
15 5034 1.239650000 -0.133831000 0.00000000000000000000 1.00000000000000000000 2 0 8 6 7 8 14 16 27 28 29 
16 5035 1.232310000 -0.155683000 0.00000000000000000000 1.00000000000000000000 2 0 8 7 8 9 15 17 28 29 30 
17 5036 1.223860000 -0.177327000 0.00000000000000000000 1.00000000000000000000 2 0 8 8 9 10 16 18 29 30 31 
18 5037 1.214310000 -0.198733000 0.00000000000000000000 1.00000000000000000000 2 0 8 9 10 11 17 19 30 31 32 
19 5038 1.203680000 -0.219871000 0.00000000000000000000 1.00000000000000000000 2 0 8 10 11 12 18 20 31 32 33 
20 5039 1.191990000 -0.240711000 0.00000000000000000000 1.00000000000000000000 2 0 8 11 12 252 19 21 32 33 34 
21 5040 1.179240000 -0.261224000 0.00000000000000000000 1.00000000000000000000 2 0 8 12 252 253 20 258 33 34 262 
22 5041 1.297490000 -0.000011940 0.00000000000000000000 1.00000000000000000000 2 0 8 261 254 255 36 23 52 37 38 
23 5042 1.296890000 -0.024402500 0.00000000000000000000 1.00000000000000000000 2 0 8 254 255 256 22 24 37 38 39 
24 5043 1.295090000 -0.048760100 0.00000000000000000000 1.00000000000000000000 2 0 8 255 256 257 23 25 38 39 40 
25 5044 1.292100000 -0.073052000 0.00000000000000000000 1.00000000000000000000 2 0 8 256 257 13 24 26 39 40 41 
26 5045 1.287920000 -0.097245200 0.00000000000000000000 1.00000000000000000000 2 0 8 257 13 14 25 27 40 41 42 
27 5046 1.282550000 -0.121307000 0.00000000000000000000 1.00000000000000000000 2 0 8 13 14 15 26 28 41 42 43 
28 5047 1.276010000 -0.145204000 0.00000000000000000000 1.00000000000000000000 2 0 8 14 15 16 27 29 42 43 44 
29 5048 1.268290000 -0.168905000 0.00000000000000000000 1.00000000000000000000 2 0 8 15 16 17 28 30 43 44 45 
30 5049 1.259420000 -0.192375000 0.00000000000000000000 1.00000000000000000000 2 0 8 16 17 18 29 31 44 45 46 
31 5050 1.249390000 -0.215583000 0.00000000000000000000 1.00000000000000000000 2 0 8 17 18 19 30 32 45 46 47 
32 5051 1.238230000 -0.238496000 0.00000000000000000000 1.00000000000000000000 2 0 8 18 19 20 31 33 46 47 48 
33 5052 1.225940000 -0.261081000 0.00000000000000000000 1.00000000000000000000 2 0 8 19 20 21 32 34 47 48 49 
34 5053 1.212560000 -0.283306000 0.00000000000000000000 1.00000000000000000000 2 0 8 20 21 258 33 262 48 49 265 
35 5054 1.295100000 0.048736400 0.00000000000000000000 1.00000000000000000000 2 0 8 259 260 261 264 36 50 51 52 
36 5055 1.296890000 0.024378700 0.00000000000000000000 1.00000000000000000000 2 0 8 260 261 254 35 22 51 52 37 
37 5056 1.337930000 -0.000013481 0.00000000000000000000 1.00000000000000000000 2 0 8 36 22 23 52 38 69 53 54 
38 5057 1.337300000 -0.026409200 0.00000000000000000000 1.00000000000000000000 2 0 8 22 23 24 37 39 53 54 55 
39 5058 1.335410000 -0.052768700 0.00000000000000000000 1.00000000000000000000 2 0 8 23 24 25 38 40 54 55 56 
40 5059 1.332260000 -0.079056000 0.00000000000000000000 1.00000000000000000000 2 0 8 24 25 26 39 41 55 56 57 
41 5060 1.327860000 -0.105235000 0.00000000000000000000 1.00000000000000000000 2 0 8 25 26 27 40 42 56 57 58 
42 5061 1.322210000 -0.131269000 0.00000000000000000000 1.00000000000000000000 2 0 8 26 27 28 41 43 57 58 59 
43 5062 1.315330000 -0.157123000 0.00000000000000000000 1.00000000000000000000 2 0 8 27 28 29 42 44 58 59 60 
44 5063 1.307210000 -0.182761000 0.00000000000000000000 1.00000000000000000000 2 0 8 28 29 30 43 45 59 60 61 
45 5064 1.297870000 -0.208146000 0.00000000000000000000 1.00000000000000000000 2 0 8 29 30 31 44 46 60 61 62 
46 5065 1.287330000 -0.233244000 0.00000000000000000000 1.00000000000000000000 2 0 8 30 31 32 45 47 61 62 63 
47 5066 1.275590000 -0.258018000 0.00000000000000000000 1.00000000000000000000 2 0 8 31 32 33 46 48 62 63 64 
48 5067 1.262670000 -0.282433000 0.00000000000000000000 1.00000000000000000000 2 0 8 32 33 34 47 49 63 64 65 
49 5068 1.248590000 -0.306454000 0.00000000000000000000 1.00000000000000000000 2 0 8 33 34 262 48 265 64 65 268 
50 5069 1.332260000 0.079029400 0.00000000000000000000 1.00000000000000000000 2 0 8 263 264 35 267 51 66 67 68 
51 5070 1.335410000 0.052742000 0.00000000000000000000 1.00000000000000000000 2 0 8 264 35 36 50 52 67 68 69 
52 5071 1.337300000 0.026382400 0.00000000000000000000 1.00000000000000000000 2 0 8 35 36 22 51 37 68 69 53 
53 5072 1.381560000 -0.000015118 0.00000000000000000000 1.00000000000000000000 2 0 8 52 37 38 69 54 86 70 71 
54 5073 1.380890000 -0.028515200 0.00000000000000000000 1.00000000000000000000 2 0 8 37 38 39 53 55 70 71 72 
55 5074 1.378900000 -0.056975800 0.00000000000000000000 1.00000000000000000000 2 0 8 38 39 40 54 56 71 72 73 
56 5075 1.375590000 -0.085357300 0.00000000000000000000 1.00000000000000000000 2 0 8 39 40 41 55 57 72 73 74 
57 5076 1.370950000 -0.113620000 0.00000000000000000000 1.00000000000000000000 2 0 8 40 41 42 56 58 73 74 75 
58 5077 1.365010000 -0.141725000 0.00000000000000000000 1.00000000000000000000 2 0 8 41 42 43 57 59 74 75 76 
59 5078 1.357750000 -0.169633000 0.00000000000000000000 1.00000000000000000000 2 0 8 42 43 44 58 60 75 76 77 
60 5079 1.349200000 -0.197304000 0.00000000000000000000 1.00000000000000000000 2 0 8 43 44 45 59 61 76 77 78 
61 5080 1.339370000 -0.224700000 0.00000000000000000000 1.00000000000000000000 2 0 8 44 45 46 60 62 77 78 79 
62 5081 1.328260000 -0.251782000 0.00000000000000000000 1.00000000000000000000 2 0 8 45 46 47 61 63 78 79 80 
63 5082 1.315900000 -0.278510000 0.00000000000000000000 1.00000000000000000000 2 0 8 46 47 48 62 64 79 80 81 
64 5083 1.302290000 -0.304847000 0.00000000000000000000 1.00000000000000000000 2 0 8 47 48 49 63 65 80 81 82 
65 5084 1.287460000 -0.330755000 0.00000000000000000000 1.00000000000000000000 2 0 8 48 49 265 64 268 81 82 270 
66 5085 1.370960000 0.113591000 0.00000000000000000000 1.00000000000000000000 2 0 8 266 267 50 269 67 271 83 84 
67 5086 1.375590000 0.085327500 0.00000000000000000000 1.00000000000000000000 2 0 8 267 50 51 66 68 83 84 85 
68 5087 1.378910000 0.056945900 0.00000000000000000000 1.00000000000000000000 2 0 8 50 51 52 67 69 84 85 86 
69 5088 1.380890000 0.028485200 0.00000000000000000000 1.00000000000000000000 2 0 8 51 52 37 68 53 85 86 70 
70 5089 1.428540000 -0.000016849 0.00000000000000000000 1.00000000000000000000 2 0 8 69 53 54 86 71 103 87 88 
71 5090 1.427840000 -0.030728700 0.00000000000000000000 1.00000000000000000000 2 0 8 53 54 55 70 72 87 88 89 
72 5091 1.425740000 -0.061397400 0.00000000000000000000 1.00000000000000000000 2 0 8 54 55 56 71 73 88 89 90 
73 5092 1.422250000 -0.091979900 0.00000000000000000000 1.00000000000000000000 2 0 8 55 56 57 72 74 89 90 91 
74 5093 1.417360000 -0.122433000 0.00000000000000000000 1.00000000000000000000 2 0 8 56 57 58 73 75 90 91 92 
75 5094 1.411090000 -0.152715000 0.00000000000000000000 1.00000000000000000000 2 0 8 57 58 59 74 76 91 92 93 
76 5095 1.403440000 -0.182781000 0.00000000000000000000 1.00000000000000000000 2 0 8 58 59 60 75 77 92 93 94 
77 5096 1.394420000 -0.212591000 0.00000000000000000000 1.00000000000000000000 2 0 8 59 60 61 76 78 93 94 95 
78 5097 1.384050000 -0.242100000 0.00000000000000000000 1.00000000000000000000 2 0 8 60 61 62 77 79 94 95 96 
79 5098 1.372340000 -0.271267000 0.00000000000000000000 1.00000000000000000000 2 0 8 61 62 63 78 80 95 96 97 
80 5099 1.359300000 -0.300051000 0.00000000000000000000 1.00000000000000000000 2 0 8 62 63 64 79 81 96 97 98 
81 5100 1.344960000 -0.328409000 0.00000000000000000000 1.00000000000000000000 2 0 8 63 64 65 80 82 97 98 99 
82 5101 1.329330000 -0.356300000 0.00000000000000000000 1.00000000000000000000 2 0 8 64 65 268 81 270 98 99 272 
83 5102 1.417370000 0.122400000 0.00000000000000000000 1.00000000000000000000 2 0 8 269 66 67 271 84 273 100 101 
84 5103 1.422250000 0.091946700 0.00000000000000000000 1.00000000000000000000 2 0 8 66 67 68 83 85 100 101 102 
85 5104 1.425750000 0.061364000 0.00000000000000000000 1.00000000000000000000 2 0 8 67 68 69 84 86 101 102 103 
86 5105 1.427840000 0.030695100 0.00000000000000000000 1.00000000000000000000 2 0 8 68 69 53 85 70 102 103 87 
87 5106 1.479060000 -0.000018675 0.00000000000000000000 1.00000000000000000000 2 0 8 86 70 71 103 88 120 104 105 
88 5107 1.478320000 -0.033057800 0.00000000000000000000 1.00000000000000000000 2 0 8 70 71 72 87 89 104 105 106 
89 5108 1.476100000 -0.066050100 0.00000000000000000000 1.00000000000000000000 2 0 8 71 72 73 88 90 105 106 107 
90 5109 1.472410000 -0.098948800 0.00000000000000000000 1.00000000000000000000 2 0 8 72 73 74 89 91 106 107 108 
91 5110 1.467250000 -0.131707000 0.00000000000000000000 1.00000000000000000000 2 0 8 73 74 75 90 92 107 108 109 
92 5111 1.460630000 -0.164279000 0.00000000000000000000 1.00000000000000000000 2 0 8 74 75 76 91 93 108 109 110 
93 5112 1.452550000 -0.196618000 0.00000000000000000000 1.00000000000000000000 2 0 8 75 76 77 92 94 109 110 111 
94 5113 1.443040000 -0.228677000 0.00000000000000000000 1.00000000000000000000 2 0 8 76 77 78 93 95 110 111 112 
95 5114 1.432090000 -0.260411000 0.00000000000000000000 1.00000000000000000000 2 0 8 77 78 79 94 96 111 112 113 
96 5115 1.419730000 -0.291774000 0.00000000000000000000 1.00000000000000000000 2 0 8 78 79 80 95 97 112 113 114 
97 5116 1.405970000 -0.322721000 0.00000000000000000000 1.00000000000000000000 2 0 8 79 80 81 96 98 113 114 115 
98 5117 1.390830000 -0.353207000 0.00000000000000000000 1.00000000000000000000 2 0 8 80 81 82 97 99 114 115 116 
99 5118 1.374330000 -0.383186000 0.00000000000000000000 1.00000000000000000000 2 0 8 81 82 270 98 272 115 116 274 
100 5119 1.467250000 0.131671000 0.00000000000000000000 1.00000000000000000000 2 0 8 271 83 84 273 101 275 117 118 
101 5120 1.472410000 0.098912000 0.00000000000000000000 1.00000000000000000000 2 0 8 83 84 85 100 102 117 118 119 
102 5121 1.476100000 0.066013100 0.00000000000000000000 1.00000000000000000000 2 0 8 84 85 86 101 103 118 119 120 
103 5122 1.478320000 0.033020600 0.00000000000000000000 1.00000000000000000000 2 0 8 85 86 70 102 87 119 120 104 
104 5123 1.533280000 -0.000020592 0.00000000000000000000 1.00000000000000000000 2 0 8 103 87 88 120 105 137 121 122 
105 5124 1.532500000 -0.035511400 0.00000000000000000000 1.00000000000000000000 2 0 8 87 88 89 104 106 121 122 123 
106 5125 1.530150000 -0.070951600 0.00000000000000000000 1.00000000000000000000 2 0 8 88 89 90 105 107 122 123 124 
107 5126 1.526250000 -0.106290000 0.00000000000000000000 1.00000000000000000000 2 0 8 89 90 91 106 108 123 124 125 
108 5127 1.520800000 -0.141477000 0.00000000000000000000 1.00000000000000000000 2 0 8 90 91 92 107 109 124 125 126 
109 5128 1.513810000 -0.176462000 0.00000000000000000000 1.00000000000000000000 2 0 8 91 92 93 108 110 125 126 127 
110 5129 1.505280000 -0.211195000 0.00000000000000000000 1.00000000000000000000 2 0 8 92 93 94 109 111 126 127 128 
111 5130 1.495220000 -0.245625000 0.00000000000000000000 1.00000000000000000000 2 0 8 93 94 95 110 112 127 128 129 
112 5131 1.483660000 -0.279703000 0.00000000000000000000 1.00000000000000000000 2 0 8 94 95 96 111 113 128 129 130 
113 5132 1.470600000 -0.313380000 0.00000000000000000000 1.00000000000000000000 2 0 8 95 96 97 112 114 129 130 131 
114 5133 1.456060000 -0.346606000 0.00000000000000000000 1.00000000000000000000 2 0 8 96 97 98 113 115 130 131 132 
115 5134 1.440070000 -0.379334000 0.00000000000000000000 1.00000000000000000000 2 0 8 97 98 99 114 116 131 132 133 
116 5135 1.422640000 -0.411514000 0.00000000000000000000 1.00000000000000000000 2 0 8 98 99 272 115 274 132 133 276 
117 5136 1.520810000 0.141437000 0.00000000000000000000 1.00000000000000000000 2 0 8 273 100 101 275 118 277 134 135 
118 5137 1.526260000 0.106250000 0.00000000000000000000 1.00000000000000000000 2 0 8 100 101 102 117 119 134 135 136 
119 5138 1.530160000 0.070910800 0.00000000000000000000 1.00000000000000000000 2 0 8 101 102 103 118 120 135 136 137 
120 5139 1.532500000 0.035470500 0.00000000000000000000 1.00000000000000000000 2 0 8 102 103 87 119 104 136 137 121 
121 5140 1.591410000 -0.000022599 0.00000000000000000000 1.00000000000000000000 2 0 8 120 104 105 137 122 153 138 139 
122 5141 1.590590000 -0.038098800 0.00000000000000000000 1.00000000000000000000 2 0 8 104 105 106 121 123 138 139 140 
123 5142 1.588110000 -0.076120300 0.00000000000000000000 1.00000000000000000000 2 0 8 105 106 107 122 124 139 140 141 
124 5143 1.583990000 -0.114032000 0.00000000000000000000 1.00000000000000000000 2 0 8 106 107 108 123 125 140 141 142 
125 5144 1.578220000 -0.151780000 0.00000000000000000000 1.00000000000000000000 2 0 8 107 108 109 124 126 141 142 143 
126 5145 1.570820000 -0.189310000 0.00000000000000000000 1.00000000000000000000 2 0 8 108 109 110 125 127 142 143 144 
127 5146 1.561800000 -0.226567000 0.00000000000000000000 1.00000000000000000000 2 0 8 109 110 111 126 128 143 144 145 
128 5147 1.551170000 -0.263497000 0.00000000000000000000 1.00000000000000000000 2 0 8 110 111 112 127 129 144 145 146 
129 5148 1.538940000 -0.300047000 0.00000000000000000000 1.00000000000000000000 2 0 8 111 112 113 128 130 145 146 147 
130 5149 1.525130000 -0.336164000 0.00000000000000000000 1.00000000000000000000 2 0 8 112 113 114 129 131 146 147 148 
131 5150 1.509770000 -0.371795000 0.00000000000000000000 1.00000000000000000000 2 0 8 113 114 115 130 132 147 148 149 
132 5151 1.492860000 -0.406888000 0.00000000000000000000 1.00000000000000000000 2 0 8 114 115 116 131 133 148 149 278 
133 5152 1.474440000 -0.441391000 0.00000000000000000000 1.00000000000000000000 2 0 8 115 116 274 132 276 149 278 279 
134 5153 1.578230000 0.151736000 0.00000000000000000000 1.00000000000000000000 2 0 8 275 117 118 277 135 280 150 151 
135 5154 1.583990000 0.113988000 0.00000000000000000000 1.00000000000000000000 2 0 8 117 118 119 134 136 150 151 152 
136 5155 1.588110000 0.076075500 0.00000000000000000000 1.00000000000000000000 2 0 8 118 119 120 135 137 151 152 153 
137 5156 1.590590000 0.038053800 0.00000000000000000000 1.00000000000000000000 2 0 8 119 120 104 136 121 152 153 138 
138 5157 1.653670000 -0.000024693 0.00000000000000000000 1.00000000000000000000 2 0 8 137 121 122 153 139 168 154 155 
139 5158 1.652800000 -0.040829600 0.00000000000000000000 1.00000000000000000000 2 0 8 121 122 123 138 140 154 155 156 
140 5159 1.650180000 -0.081575500 0.00000000000000000000 1.00000000000000000000 2 0 8 122 123 124 139 141 155 156 157 
141 5160 1.645810000 -0.122203000 0.00000000000000000000 1.00000000000000000000 2 0 8 123 124 125 140 142 156 157 158 
142 5161 1.639710000 -0.162654000 0.00000000000000000000 1.00000000000000000000 2 0 8 124 125 126 141 143 157 158 159 
143 5162 1.631890000 -0.202870000 0.00000000000000000000 1.00000000000000000000 2 0 8 125 126 127 142 144 158 159 160 
144 5163 1.622340000 -0.242792000 0.00000000000000000000 1.00000000000000000000 2 0 8 126 127 128 143 145 159 160 161 
145 5164 1.611090000 -0.282361000 0.00000000000000000000 1.00000000000000000000 2 0 8 127 128 129 144 146 160 161 162 
146 5165 1.598150000 -0.321521000 0.00000000000000000000 1.00000000000000000000 2 0 8 128 129 130 145 147 161 162 163 
147 5166 1.583540000 -0.360214000 0.00000000000000000000 1.00000000000000000000 2 0 8 129 130 131 146 148 162 163 164 
148 5167 1.567280000 -0.398384000 0.00000000000000000000 1.00000000000000000000 2 0 8 130 131 132 147 149 163 164 165 
149 5168 1.549400000 -0.435973000 0.00000000000000000000 1.00000000000000000000 2 0 8 131 132 133 148 278 164 165 281 
150 5169 1.639720000 0.162606000 0.00000000000000000000 1.00000000000000000000 2 0 8 277 134 135 280 151 282 283 166 
151 5170 1.645820000 0.122155000 0.00000000000000000000 1.00000000000000000000 2 0 8 134 135 136 150 152 283 166 167 
152 5171 1.650180000 0.081526600 0.00000000000000000000 1.00000000000000000000 2 0 8 135 136 137 151 153 166 167 168 
153 5172 1.652800000 0.040780500 0.00000000000000000000 1.00000000000000000000 2 0 8 136 137 121 152 138 167 168 154 
154 5173 1.720290000 -0.000026870 0.00000000000000000000 1.00000000000000000000 2 0 8 153 138 139 168 155 182 169 170 
155 5174 1.719370000 -0.043714200 0.00000000000000000000 1.00000000000000000000 2 0 8 138 139 140 154 156 169 170 171 
156 5175 1.716590000 -0.087337900 0.00000000000000000000 1.00000000000000000000 2 0 8 139 140 141 155 157 170 171 172 
157 5176 1.711970000 -0.130835000 0.00000000000000000000 1.00000000000000000000 2 0 8 140 141 142 156 158 171 172 173 
158 5177 1.705510000 -0.174141000 0.00000000000000000000 1.00000000000000000000 2 0 8 141 142 143 157 159 172 173 174 
159 5178 1.697220000 -0.217194000 0.00000000000000000000 1.00000000000000000000 2 0 8 142 143 144 158 160 173 174 175 
160 5179 1.687110000 -0.259930000 0.00000000000000000000 1.00000000000000000000 2 0 8 143 144 145 159 161 174 175 176 
161 5180 1.675200000 -0.302288000 0.00000000000000000000 1.00000000000000000000 2 0 8 144 145 146 160 162 175 176 177 
162 5181 1.661510000 -0.344205000 0.00000000000000000000 1.00000000000000000000 2 0 8 145 146 147 161 163 176 177 178 
163 5182 1.646040000 -0.385620000 0.00000000000000000000 1.00000000000000000000 2 0 8 146 147 148 162 164 177 178 179 
164 5183 1.628830000 -0.426471000 0.00000000000000000000 1.00000000000000000000 2 0 8 147 148 149 163 165 178 179 180 
165 5184 1.609890000 -0.466698000 0.00000000000000000000 1.00000000000000000000 2 0 8 148 149 278 164 281 179 180 284 
166 5185 1.711970000 0.130782000 0.00000000000000000000 1.00000000000000000000 2 0 8 150 151 152 283 167 285 286 181 
167 5186 1.716590000 0.087284700 0.00000000000000000000 1.00000000000000000000 2 0 8 151 152 153 166 168 286 181 182 
168 5187 1.719370000 0.043660700 0.00000000000000000000 1.00000000000000000000 2 0 8 152 153 138 167 154 181 182 169 
169 5188 1.791510000 -0.000029126 0.00000000000000000000 1.00000000000000000000 2 0 8 168 154 155 182 170 195 183 184 
170 5189 1.790530000 -0.046763200 0.00000000000000000000 1.00000000000000000000 2 0 8 154 155 156 169 171 183 184 185 
171 5190 1.787590000 -0.093429000 0.00000000000000000000 1.00000000000000000000 2 0 8 155 156 157 170 172 184 185 186 
172 5191 1.782700000 -0.139958000 0.00000000000000000000 1.00000000000000000000 2 0 8 156 157 158 171 173 185 186 187 
173 5192 1.775850000 -0.186283000 0.00000000000000000000 1.00000000000000000000 2 0 8 157 158 159 172 174 186 187 188 
174 5193 1.767070000 -0.232335000 0.00000000000000000000 1.00000000000000000000 2 0 8 158 159 160 173 175 187 188 189 
175 5194 1.756360000 -0.278047000 0.00000000000000000000 1.00000000000000000000 2 0 8 159 160 161 174 176 188 189 190 
176 5195 1.743750000 -0.323352000 0.00000000000000000000 1.00000000000000000000 2 0 8 160 161 162 175 177 189 190 191 
177 5196 1.729240000 -0.368183000 0.00000000000000000000 1.00000000000000000000 2 0 8 161 162 163 176 178 190 191 192 
178 5197 1.712850000 -0.412475000 0.00000000000000000000 1.00000000000000000000 2 0 8 162 163 164 177 179 191 192 193 
179 5198 1.694620000 -0.456161000 0.00000000000000000000 1.00000000000000000000 2 0 8 163 164 165 178 180 192 193 194 
180 5199 1.674560000 -0.499178000 0.00000000000000000000 1.00000000000000000000 2 0 8 164 165 281 179 284 193 194 287 
181 5200 1.787590000 0.093371200 0.00000000000000000000 1.00000000000000000000 2 0 8 166 167 168 286 182 288 289 195 
182 5201 1.790530000 0.046705300 0.00000000000000000000 1.00000000000000000000 2 0 8 167 168 154 181 169 289 195 183 
183 5202 1.867600000 -0.000031454 0.00000000000000000000 1.00000000000000000000 2 0 8 182 169 170 195 184 292 196 197 
184 5203 1.866560000 -0.049988100 0.00000000000000000000 1.00000000000000000000 2 0 8 169 170 171 183 185 196 197 198 
185 5204 1.863440000 -0.099871500 0.00000000000000000000 1.00000000000000000000 2 0 8 170 171 172 184 186 197 198 199 
186 5205 1.858260000 -0.149608000 0.00000000000000000000 1.00000000000000000000 2 0 8 171 172 173 185 187 198 199 200 
187 5206 1.851000000 -0.199125000 0.00000000000000000000 1.00000000000000000000 2 0 8 172 173 174 186 188 199 200 201 
188 5207 1.841700000 -0.248350000 0.00000000000000000000 1.00000000000000000000 2 0 8 173 174 175 187 189 200 201 202 
189 5208 1.830350000 -0.297209000 0.00000000000000000000 1.00000000000000000000 2 0 8 174 175 176 188 190 201 202 203 
190 5209 1.816980000 -0.345632000 0.00000000000000000000 1.00000000000000000000 2 0 8 175 176 177 189 191 202 203 204 
191 5210 1.801600000 -0.393546000 0.00000000000000000000 1.00000000000000000000 2 0 8 176 177 178 190 192 203 204 205 
192 5211 1.784230000 -0.440881000 0.00000000000000000000 1.00000000000000000000 2 0 8 177 178 179 191 193 204 205 206 
193 5212 1.764910000 -0.487567000 0.00000000000000000000 1.00000000000000000000 2 0 8 178 179 180 192 194 205 206 207 
194 5213 1.743650000 -0.533533000 0.00000000000000000000 1.00000000000000000000 2 0 8 179 180 284 193 287 206 207 290 
195 5214 1.866560000 0.049925600 0.00000000000000000000 1.00000000000000000000 2 0 8 181 182 169 289 183 291 292 196 
196 5215 1.948840000 -0.000033848 0.00000000000000000000 1.00000000000000000000 2 0 8 195 183 184 292 197 295 293 208 
197 5216 1.947740000 -0.053401000 0.00000000000000000000 1.00000000000000000000 2 0 8 183 184 185 196 198 293 208 209 
198 5217 1.944430000 -0.106690000 0.00000000000000000000 1.00000000000000000000 2 0 8 184 185 186 197 199 208 209 210 
199 5218 1.938930000 -0.159821000 0.00000000000000000000 1.00000000000000000000 2 0 8 185 186 187 198 200 209 210 211 
200 5219 1.931240000 -0.212716000 0.00000000000000000000 1.00000000000000000000 2 0 8 186 187 188 199 201 210 211 212 
201 5220 1.921370000 -0.265298000 0.00000000000000000000 1.00000000000000000000 2 0 8 187 188 189 200 202 211 212 213 
202 5221 1.909340000 -0.317489000 0.00000000000000000000 1.00000000000000000000 2 0 8 188 189 190 201 203 212 213 214 
203 5222 1.895160000 -0.369211000 0.00000000000000000000 1.00000000000000000000 2 0 8 189 190 191 202 204 213 214 215 
204 5223 1.878850000 -0.420389000 0.00000000000000000000 1.00000000000000000000 2 0 8 190 191 192 203 205 214 215 216 
205 5224 1.860440000 -0.470945000 0.00000000000000000000 1.00000000000000000000 2 0 8 191 192 193 204 206 215 216 217 
206 5225 1.839960000 -0.520804000 0.00000000000000000000 1.00000000000000000000 2 0 8 192 193 194 205 207 216 217 218 
207 5226 1.817420000 -0.569894000 0.00000000000000000000 1.00000000000000000000 2 0 8 193 194 287 206 290 217 218 294 
208 5227 2.034360000 -0.057014700 0.00000000000000000000 1.00000000000000000000 2 0 8 196 197 198 293 209 296 297 219 
209 5228 2.030850000 -0.113909000 0.00000000000000000000 1.00000000000000000000 2 0 8 197 198 199 208 210 297 219 220 
210 5229 2.025020000 -0.170634000 0.00000000000000000000 1.00000000000000000000 2 0 8 198 199 200 209 211 219 220 221 
211 5230 2.016860000 -0.227107000 0.00000000000000000000 1.00000000000000000000 2 0 8 199 200 201 210 212 220 221 222 
212 5231 2.006390000 -0.283244000 0.00000000000000000000 1.00000000000000000000 2 0 8 200 201 202 211 213 221 222 223 
213 5232 1.993630000 -0.338962000 0.00000000000000000000 1.00000000000000000000 2 0 8 201 202 203 212 214 222 223 224 
214 5233 1.978590000 -0.394178000 0.00000000000000000000 1.00000000000000000000 2 0 8 202 203 204 213 215 223 224 225 
215 5234 1.961300000 -0.448811000 0.00000000000000000000 1.00000000000000000000 2 0 8 203 204 205 214 216 224 225 226 
216 5235 1.941770000 -0.502777000 0.00000000000000000000 1.00000000000000000000 2 0 8 204 205 206 215 217 225 226 298 
217 5236 1.920040000 -0.555999000 0.00000000000000000000 1.00000000000000000000 2 0 8 205 206 207 216 218 226 298 299 
218 5237 1.896140000 -0.608395000 0.00000000000000000000 1.00000000000000000000 2 0 8 206 207 290 217 294 298 299 300 
219 5238 2.123030000 -0.121556000 0.00000000000000000000 1.00000000000000000000 2 0 8 208 209 210 297 220 301 302 227 
220 5239 2.116840000 -0.182089000 0.00000000000000000000 1.00000000000000000000 2 0 8 209 210 211 219 221 302 227 228 
221 5240 2.108180000 -0.242352000 0.00000000000000000000 1.00000000000000000000 2 0 8 210 211 212 220 222 227 228 229 
222 5241 2.097080000 -0.302255000 0.00000000000000000000 1.00000000000000000000 2 0 8 211 212 213 221 223 228 229 230 
223 5242 2.083540000 -0.361709000 0.00000000000000000000 1.00000000000000000000 2 0 8 212 213 214 222 224 229 230 231 
224 5243 2.067580000 -0.420626000 0.00000000000000000000 1.00000000000000000000 2 0 8 213 214 215 223 225 230 231 232 
225 5244 2.049230000 -0.478919000 0.00000000000000000000 1.00000000000000000000 2 0 8 214 215 216 224 226 231 232 303 
226 5245 2.028510000 -0.536499000 0.00000000000000000000 1.00000000000000000000 2 0 8 215 216 217 225 298 232 303 304 
227 5246 2.214740000 -0.194228000 0.00000000000000000000 1.00000000000000000000 2 0 8 219 220 221 302 228 305 306 233 
228 5247 2.205550000 -0.258507000 0.00000000000000000000 1.00000000000000000000 2 0 8 220 221 222 227 229 306 233 234 
229 5248 2.193760000 -0.322401000 0.00000000000000000000 1.00000000000000000000 2 0 8 221 222 223 228 230 233 234 235 
230 5249 2.179390000 -0.385815000 0.00000000000000000000 1.00000000000000000000 2 0 8 222 223 224 229 231 234 235 236 
231 5250 2.162450000 -0.448654000 0.00000000000000000000 1.00000000000000000000 2 0 8 223 224 225 230 232 235 236 307 
232 5251 2.142980000 -0.510825000 0.00000000000000000000 1.00000000000000000000 2 0 8 224 225 226 231 303 236 307 308 
233 5252 2.309320000 -0.275632000 0.00000000000000000000 1.00000000000000000000 2 0 8 227 228 229 306 234 309 310 237 
234 5253 2.296810000 -0.343757000 0.00000000000000000000 1.00000000000000000000 2 0 8 228 229 230 233 235 310 237 238 
235 5254 2.281550000 -0.411369000 0.00000000000000000000 1.00000000000000000000 2 0 8 229 230 231 234 236 237 238 311 
236 5255 2.263570000 -0.478366000 0.00000000000000000000 1.00000000000000000000 2 0 8 230 231 232 235 307 238 311 312 
237 5256 2.406600000 -0.366404000 0.00000000000000000000 1.00000000000000000000 2 0 8 233 234 235 310 238 313 314 315 
238 5257 2.390400000 -0.438467000 0.00000000000000000000 1.00000000000000000000 2 0 8 234 235 236 237 311 314 315 316 
239 4973 1.15254 -0.0856585 2 0
240 4974 1.14711 -0.102559 2 0
241 4975 1.1407 -0.119333 2 0
242 4976 1.13333 -0.13596 2 0
243 4977 1.12501 -0.152417 2 0
244 5480 1.11574 -0.168682 2 0
245 5481 1.10553 -0.184734 2 0
246 4989 1.18564 -0.0753526 2 0
247 4990 1.18099 -0.0940106 2 0
248 5491 1.13189 -0.20261 2 0
249 5492 1.12027 -0.219925 2 0
250 5001 1.22074 -0.0618453 2 0
251 5002 1.21694 -0.0823328 2 0
252 5500 1.14851 -0.240124 2 0
253 5501 1.13536 -0.258679 2 0
254 5009 1.2601 -1.04952e-05 2 0
255 5010 1.25953 -0.0224875 2 0
256 5011 1.25782 -0.0449347 2 0
257 5012 1.25497 -0.0673224 2 0
258 5503 1.16545 -0.28138 2 0
259 5015 1.25498 0.0673017 2 0
260 5016 1.25782 0.0449139 2 0
261 5017 1.25953 0.0224666 2 0
262 5516 1.19808 -0.305139 2 0
263 5018 1.28793 0.0972218 2 0
264 5019 1.29211 0.0730284 2 0
265 5525 1.23336 -0.330046 2 0
266 3429 1.32222 0.131243 2 0
267 3430 1.32786 0.105208 2 0
268 5535 1.27143 -0.356195 2 0
269 3451 1.36501 0.141696 2 0
270 5546 1.31243 -0.383683 2 0
271 3471 1.41109 0.152682 2 0
272 5558 1.3565 -0.412616 2 0
273 3490 1.46063 0.164243 2 0
274 5571 1.4038 -0.443101 2 0
275 3508 1.51381 0.176422 2 0
276 5585 1.45452 -0.475252 2 0
277 3525 1.57083 0.189266 2 0
278 5600 1.52991 -0.472927 2 0
279 5601 1.50884 -0.509191 2 0
280 3540 1.6319 0.202822 2 0
281 5617 1.58926 -0.506242 2 0
282 5987 1.69723 0.217142 2 0
283 5988 1.70552 0.174088 2 0
284 5635 1.65271 -0.54146 2 0
285 5991 1.77586 0.186226 2 0
286 5992 1.7827 0.139901 2 0
287 5654 1.7205 -0.578713 2 0
288 5997 1.85826 0.149546 2 0
289 5998 1.86345 0.0998091 2 0
290 5673 1.79287 -0.618139 2 0
291 6005 1.94444 0.106622 2 0
292 6006 1.94774 0.0533337 2 0
293 6007 2.03553 -3.63001e-05 2 0
294 5692 1.8701 -0.659887 2 0
295 6016 2.03436 0.0569424 2 0
296 6017 2.12799 -3.88007e-05 2 0
297 6018 2.12675 -0.0608425 2 0
298 6957 2.00546 -0.593281 2 0
299 6958 1.9801 -0.64918 2 0
300 6959 1.95248 -0.704112 2 0
301 6030 2.22526 -0.0648988 2 0
302 6031 2.22131 -0.12966 2 0
303 6960 2.12099 -0.572235 2 0
304 6961 2.09653 -0.632791 2 0
305 6045 2.32605 -0.13825 2 0
306 6046 2.31907 -0.207096 2 0
307 6965 2.2429 -0.544649 2 0
308 6966 2.21956 -0.610118 2 0
309 6061 2.43024 -0.220741 2 0
310 6062 2.41988 -0.293792 2 0
311 6972 2.37131 -0.509874 2 0
312 6973 2.34936 -0.580518 2 0
313 6078 2.53765 -0.313055 2 0
314 6079 2.52354 -0.390426 2 0
315 6981 2.50633 -0.467211 2 0
316 6982 2.48606 -0.543295 2 0
