293 237 56
1 3822 2.952500000 2.845400000 0.00000000000000000000 1.00000000000000000000 2 0 8 238 239 240 244 2 4 5 6 
2 3823 3.062960000 2.747450000 0.00000000000000000000 1.00000000000000000000 2 0 8 239 240 241 1 3 5 6 7 
3 3824 3.169460000 2.645300000 0.00000000000000000000 1.00000000000000000000 2 0 8 240 241 242 2 245 6 7 8 
4 3825 2.984340000 3.126000000 0.00000000000000000000 1.00000000000000000000 2 0 8 243 244 1 248 5 9 10 11 
5 3826 3.105770000 3.026470000 0.00000000000000000000 1.00000000000000000000 2 0 8 244 1 2 4 6 10 11 12 
6 3827 3.223170000 2.922320000 0.00000000000000000000 1.00000000000000000000 2 0 8 1 2 3 5 7 11 12 13 
7 3828 3.336360000 2.813700000 0.00000000000000000000 1.00000000000000000000 2 0 8 2 3 245 6 8 12 13 14 
8 3829 3.445170000 2.700770000 0.00000000000000000000 1.00000000000000000000 2 0 8 3 245 246 7 249 13 14 15 
9 3830 3.006560000 3.425420000 0.00000000000000000000 1.00000000000000000000 2 0 8 247 248 4 252 10 16 17 18 
10 3831 3.139710000 3.324690000 0.00000000000000000000 1.00000000000000000000 2 0 8 248 4 5 9 11 17 18 19 
11 3832 3.268780000 3.218880000 0.00000000000000000000 1.00000000000000000000 2 0 8 4 5 6 10 12 18 19 20 
12 3833 3.393550000 3.108130000 0.00000000000000000000 1.00000000000000000000 2 0 8 5 6 7 11 13 19 20 21 
13 3834 3.513860000 2.992630000 0.00000000000000000000 1.00000000000000000000 2 0 8 6 7 8 12 14 20 21 22 
14 3835 3.629500000 2.872550000 0.00000000000000000000 1.00000000000000000000 2 0 8 7 8 249 13 15 21 22 23 
15 3836 3.740320000 2.748070000 0.00000000000000000000 1.00000000000000000000 2 0 8 8 249 250 14 253 22 23 24 
16 3837 3.017780000 3.744410000 0.00000000000000000000 1.00000000000000000000 2 0 8 251 252 9 256 17 25 26 27 
17 3838 3.163420000 3.642910000 0.00000000000000000000 1.00000000000000000000 2 0 8 252 9 10 16 18 26 27 28 
18 3839 3.304940000 3.535830000 0.00000000000000000000 1.00000000000000000000 2 0 8 9 10 11 17 19 27 28 29 
19 3840 3.442110000 3.423320000 0.00000000000000000000 1.00000000000000000000 2 0 8 10 11 12 18 20 28 29 30 
20 3841 3.574730000 3.305570000 0.00000000000000000000 1.00000000000000000000 2 0 8 11 12 13 19 21 29 30 31 
21 3842 3.702600000 3.182760000 0.00000000000000000000 1.00000000000000000000 2 0 8 12 13 14 20 22 30 31 32 
22 3843 3.825520000 3.055080000 0.00000000000000000000 1.00000000000000000000 2 0 8 13 14 15 21 23 31 32 33 
23 3844 3.943310000 2.922720000 0.00000000000000000000 1.00000000000000000000 2 0 8 14 15 253 22 24 32 33 34 
24 3845 4.055780000 2.785880000 0.00000000000000000000 1.00000000000000000000 2 0 8 15 253 254 23 257 33 34 35 
25 3846 3.016480000 4.083730000 0.00000000000000000000 1.00000000000000000000 2 0 8 255 256 16 260 26 36 37 38 
26 3847 3.175420000 3.981940000 0.00000000000000000000 1.00000000000000000000 2 0 8 256 16 17 25 27 37 38 39 
27 3848 3.330220000 3.874040000 0.00000000000000000000 1.00000000000000000000 2 0 8 16 17 18 26 28 38 39 40 
28 3849 3.480630000 3.760190000 0.00000000000000000000 1.00000000000000000000 2 0 8 17 18 19 27 29 39 40 41 
29 3850 3.626430000 3.640590000 0.00000000000000000000 1.00000000000000000000 2 0 8 18 19 20 28 30 40 41 42 
30 3851 3.767390000 3.515400000 0.00000000000000000000 1.00000000000000000000 2 0 8 19 20 21 29 31 41 42 43 
31 3852 3.903310000 3.384820000 0.00000000000000000000 1.00000000000000000000 2 0 8 20 21 22 30 32 42 43 44 
32 3853 4.033960000 3.249050000 0.00000000000000000000 1.00000000000000000000 2 0 8 21 22 23 31 33 43 44 45 
33 3854 4.159170000 3.108310000 0.00000000000000000000 1.00000000000000000000 2 0 8 22 23 24 32 34 44 45 46 
34 3855 4.278720000 2.962810000 0.00000000000000000000 1.00000000000000000000 2 0 8 23 24 257 33 35 45 46 47 
35 3856 4.392450000 2.812770000 0.00000000000000000000 1.00000000000000000000 2 0 8 24 257 258 34 261 46 47 264 
36 3857 3.001030000 4.444100000 0.00000000000000000000 1.00000000000000000000 2 0 8 259 260 25 263 37 48 49 50 
37 3858 3.174110000 4.342560000 0.00000000000000000000 1.00000000000000000000 2 0 8 260 25 26 36 38 49 50 51 
38 3859 3.343040000 4.234360000 0.00000000000000000000 1.00000000000000000000 2 0 8 25 26 27 37 39 50 51 52 
39 3860 3.507570000 4.119660000 0.00000000000000000000 1.00000000000000000000 2 0 8 26 27 28 38 40 51 52 53 
40 3861 3.667440000 3.998640000 0.00000000000000000000 1.00000000000000000000 2 0 8 27 28 29 39 41 52 53 54 
41 3862 3.822410000 3.871480000 0.00000000000000000000 1.00000000000000000000 2 0 8 28 29 30 40 42 53 54 55 
42 3863 3.972250000 3.738380000 0.00000000000000000000 1.00000000000000000000 2 0 8 29 30 31 41 43 54 55 56 
43 3864 4.116720000 3.599550000 0.00000000000000000000 1.00000000000000000000 2 0 8 30 31 32 42 44 55 56 57 
44 3865 4.255600000 3.455200000 0.00000000000000000000 1.00000000000000000000 2 0 8 31 32 33 43 45 56 57 58 
45 3866 4.388690000 3.305550000 0.00000000000000000000 1.00000000000000000000 2 0 8 32 33 34 44 46 57 58 59 
46 3867 4.515780000 3.150840000 0.00000000000000000000 1.00000000000000000000 2 0 8 33 34 35 45 47 58 59 60 
47 3868 4.636670000 2.991300000 0.00000000000000000000 1.00000000000000000000 2 0 8 34 35 261 46 264 59 60 61 
48 3869 2.969670000 4.826230000 0.00000000000000000000 1.00000000000000000000 2 0 8 262 263 36 267 49 62 63 64 
49 3870 3.157750000 4.725570000 0.00000000000000000000 1.00000000000000000000 2 0 8 263 36 37 48 50 63 64 65 
50 3871 3.341710000 4.617650000 0.00000000000000000000 1.00000000000000000000 2 0 8 36 37 38 49 51 64 65 66 
51 3872 3.521270000 4.502640000 0.00000000000000000000 1.00000000000000000000 2 0 8 37 38 39 50 52 65 66 67 
52 3873 3.696140000 4.380710000 0.00000000000000000000 1.00000000000000000000 2 0 8 38 39 40 51 53 66 67 68 
53 3874 3.866070000 4.252050000 0.00000000000000000000 1.00000000000000000000 2 0 8 39 40 41 52 54 67 68 69 
54 3875 4.030800000 4.116870000 0.00000000000000000000 1.00000000000000000000 2 0 8 40 41 42 53 55 68 69 70 
55 3876 4.190070000 3.975370000 0.00000000000000000000 1.00000000000000000000 2 0 8 41 42 43 54 56 69 70 71 
56 3877 4.343640000 3.827770000 0.00000000000000000000 1.00000000000000000000 2 0 8 42 43 44 55 57 70 71 72 
57 3878 4.491270000 3.674300000 0.00000000000000000000 1.00000000000000000000 2 0 8 43 44 45 56 58 71 72 73 
58 3879 4.632740000 3.515190000 0.00000000000000000000 1.00000000000000000000 2 0 8 44 45 46 57 59 72 73 74 
59 3880 4.767840000 3.350690000 0.00000000000000000000 1.00000000000000000000 2 0 8 45 46 47 58 60 73 74 75 
60 3881 4.896350000 3.181050000 0.00000000000000000000 1.00000000000000000000 2 0 8 46 47 264 59 61 74 75 76 
61 3882 5.018090000 3.006540000 0.00000000000000000000 1.00000000000000000000 2 0 8 47 264 265 60 268 75 76 271 
62 3883 2.920490000 5.230810000 0.00000000000000000000 1.00000000000000000000 2 0 8 266 267 48 270 63 77 78 79 
63 3884 3.124470000 5.131720000 0.00000000000000000000 1.00000000000000000000 2 0 8 267 48 49 62 64 78 79 80 
64 3885 3.324380000 5.024740000 0.00000000000000000000 1.00000000000000000000 2 0 8 48 49 50 63 65 79 80 81 
65 3886 3.519900000 4.910030000 0.00000000000000000000 1.00000000000000000000 2 0 8 49 50 51 64 66 80 81 82 
66 3887 3.710760000 4.787770000 0.00000000000000000000 1.00000000000000000000 2 0 8 50 51 52 65 67 81 82 83 
67 3888 3.896640000 4.658160000 0.00000000000000000000 1.00000000000000000000 2 0 8 51 52 53 66 68 82 83 84 
68 3889 4.077260000 4.521400000 0.00000000000000000000 1.00000000000000000000 2 0 8 52 53 54 67 69 83 84 85 
69 3890 4.252360000 4.377690000 0.00000000000000000000 1.00000000000000000000 2 0 8 53 54 55 68 70 84 85 86 
70 3891 4.421660000 4.227260000 0.00000000000000000000 1.00000000000000000000 2 0 8 54 55 56 69 71 85 86 87 
71 3892 4.584900000 4.070330000 0.00000000000000000000 1.00000000000000000000 2 0 8 55 56 57 70 72 86 87 88 
72 3893 4.741840000 3.907160000 0.00000000000000000000 1.00000000000000000000 2 0 8 56 57 58 71 73 87 88 89 
73 3894 4.892230000 3.738000000 0.00000000000000000000 1.00000000000000000000 2 0 8 57 58 59 72 74 88 89 90 
74 3895 5.035840000 3.563090000 0.00000000000000000000 1.00000000000000000000 2 0 8 58 59 60 73 75 89 90 91 
75 3896 5.172460000 3.382730000 0.00000000000000000000 1.00000000000000000000 2 0 8 59 60 61 74 76 90 91 92 
76 3897 5.301870000 3.197170000 0.00000000000000000000 1.00000000000000000000 2 0 8 60 61 268 75 271 91 92 274 
77 3898 2.851450000 5.658480000 0.00000000000000000000 1.00000000000000000000 2 0 8 269 270 62 273 78 93 94 95 
78 3899 3.072250000 5.561730000 0.00000000000000000000 1.00000000000000000000 2 0 8 270 62 63 77 79 94 95 96 
79 3900 3.289050000 5.456410000 0.00000000000000000000 1.00000000000000000000 2 0 8 62 63 64 78 80 95 96 97 
80 3901 3.501530000 5.342710000 0.00000000000000000000 1.00000000000000000000 2 0 8 63 64 65 79 81 96 97 98 
81 3902 3.709360000 5.220790000 0.00000000000000000000 1.00000000000000000000 2 0 8 64 65 66 80 82 97 98 99 
82 3903 3.912220000 5.090840000 0.00000000000000000000 1.00000000000000000000 2 0 8 65 66 67 81 83 98 99 100 
83 3904 4.109800000 4.953070000 0.00000000000000000000 1.00000000000000000000 2 0 8 66 67 68 82 84 99 100 101 
84 3905 4.301800000 4.807680000 0.00000000000000000000 1.00000000000000000000 2 0 8 67 68 69 83 85 100 101 102 
85 3906 4.487930000 4.654910000 0.00000000000000000000 1.00000000000000000000 2 0 8 68 69 70 84 86 101 102 103 
86 3907 4.667890000 4.494990000 0.00000000000000000000 1.00000000000000000000 2 0 8 69 70 71 85 87 102 103 104 
87 3908 4.841420000 4.328160000 0.00000000000000000000 1.00000000000000000000 2 0 8 70 71 72 86 88 103 104 105 
88 3909 5.008250000 4.154680000 0.00000000000000000000 1.00000000000000000000 2 0 8 71 72 73 87 89 104 105 106 
89 3910 5.168120000 3.974820000 0.00000000000000000000 1.00000000000000000000 2 0 8 72 73 74 88 90 105 106 107 
90 3911 5.320790000 3.788870000 0.00000000000000000000 1.00000000000000000000 2 0 8 73 74 75 89 91 106 107 108 
91 3912 5.466020000 3.597090000 0.00000000000000000000 1.00000000000000000000 2 0 8 74 75 76 90 92 107 108 109 
92 3913 5.603600000 3.399800000 0.00000000000000000000 1.00000000000000000000 2 0 8 75 76 271 91 274 108 109 277 
93 3914 2.760350000 6.109840000 0.00000000000000000000 1.00000000000000000000 2 0 8 272 273 77 276 94 110 111 112 
94 3915 2.998900000 6.016280000 0.00000000000000000000 1.00000000000000000000 2 0 8 273 77 78 93 95 111 112 113 
95 3916 3.233580000 5.913460000 0.00000000000000000000 1.00000000000000000000 2 0 8 77 78 79 94 96 112 113 114 
96 3917 3.464020000 5.801540000 0.00000000000000000000 1.00000000000000000000 2 0 8 78 79 80 95 97 113 114 115 
97 3918 3.689860000 5.680690000 0.00000000000000000000 1.00000000000000000000 2 0 8 79 80 81 96 98 114 115 116 
98 3919 3.910770000 5.551110000 0.00000000000000000000 1.00000000000000000000 2 0 8 80 81 82 97 99 115 116 117 
99 3920 4.126410000 5.412980000 0.00000000000000000000 1.00000000000000000000 2 0 8 81 82 83 98 100 116 117 118 
100 3921 4.336430000 5.266530000 0.00000000000000000000 1.00000000000000000000 2 0 8 82 83 84 99 101 117 118 119 
101 3922 4.540520000 5.111990000 0.00000000000000000000 1.00000000000000000000 2 0 8 83 84 85 100 102 118 119 120 
102 3923 4.738380000 4.949580000 0.00000000000000000000 1.00000000000000000000 2 0 8 84 85 86 101 103 119 120 121 
103 3924 4.929680000 4.779570000 0.00000000000000000000 1.00000000000000000000 2 0 8 85 86 87 102 104 120 121 122 
104 3925 5.114150000 4.602210000 0.00000000000000000000 1.00000000000000000000 2 0 8 86 87 88 103 105 121 122 123 
105 3926 5.291490000 4.417780000 0.00000000000000000000 1.00000000000000000000 2 0 8 87 88 89 104 106 122 123 124 
106 3927 5.461450000 4.226570000 0.00000000000000000000 1.00000000000000000000 2 0 8 88 89 90 105 107 123 124 125 
107 3928 5.623740000 4.028860000 0.00000000000000000000 1.00000000000000000000 2 0 8 89 90 91 106 108 124 125 126 
108 3929 5.778140000 3.824960000 0.00000000000000000000 1.00000000000000000000 2 0 8 90 91 92 107 109 125 126 127 
109 3930 5.924400000 3.615180000 0.00000000000000000000 1.00000000000000000000 2 0 8 91 92 274 108 277 126 127 280 
110 3931 2.644820000 6.585440000 0.00000000000000000000 1.00000000000000000000 2 0 8 275 276 93 279 111 128 129 130 
111 3932 2.902100000 6.496030000 0.00000000000000000000 1.00000000000000000000 2 0 8 276 93 94 110 112 129 130 131 
112 3933 3.155660000 6.396610000 0.00000000000000000000 1.00000000000000000000 2 0 8 93 94 95 111 113 130 131 132 
113 3934 3.405090000 6.287340000 0.00000000000000000000 1.00000000000000000000 2 0 8 94 95 96 112 114 131 132 133 
114 3935 3.650030000 6.168400000 0.00000000000000000000 1.00000000000000000000 2 0 8 95 96 97 113 115 132 133 134 
115 3936 3.890090000 6.039960000 0.00000000000000000000 1.00000000000000000000 2 0 8 96 97 98 114 116 133 134 135 
116 3937 4.124910000 5.902230000 0.00000000000000000000 1.00000000000000000000 2 0 8 97 98 99 115 117 134 135 136 
117 3938 4.354110000 5.755410000 0.00000000000000000000 1.00000000000000000000 2 0 8 98 99 100 116 118 135 136 137 
118 3939 4.577370000 5.599740000 0.00000000000000000000 1.00000000000000000000 2 0 8 99 100 101 117 119 136 137 138 
119 3940 4.794320000 5.435460000 0.00000000000000000000 1.00000000000000000000 2 0 8 100 101 102 118 120 137 138 139 
120 3941 5.004640000 5.262820000 0.00000000000000000000 1.00000000000000000000 2 0 8 101 102 103 119 121 138 139 140 
121 3942 5.208000000 5.082090000 0.00000000000000000000 1.00000000000000000000 2 0 8 102 103 104 120 122 139 140 141 
122 3943 5.404100000 4.893540000 0.00000000000000000000 1.00000000000000000000 2 0 8 103 104 105 121 123 140 141 142 
123 3944 5.592630000 4.697460000 0.00000000000000000000 1.00000000000000000000 2 0 8 104 105 106 122 124 141 142 143 
124 3945 5.773300000 4.494170000 0.00000000000000000000 1.00000000000000000000 2 0 8 105 106 107 123 125 142 143 144 
125 3946 5.945840000 4.283970000 0.00000000000000000000 1.00000000000000000000 2 0 8 106 107 108 124 126 143 144 145 
126 3947 6.109980000 4.067180000 0.00000000000000000000 1.00000000000000000000 2 0 8 107 108 109 125 127 144 145 146 
127 3948 6.265470000 3.844150000 0.00000000000000000000 1.00000000000000000000 2 0 8 108 109 277 126 280 145 146 282 
128 3949 2.502350000 7.085760000 0.00000000000000000000 1.00000000000000000000 2 0 8 278 279 110 281 129 283 147 148 
129 3950 2.779340000 7.001540000 0.00000000000000000000 1.00000000000000000000 2 0 8 279 110 111 128 130 147 148 149 
130 3951 3.052800000 6.906540000 0.00000000000000000000 1.00000000000000000000 2 0 8 110 111 112 129 131 148 149 150 
131 3952 3.322300000 6.800890000 0.00000000000000000000 1.00000000000000000000 2 0 8 111 112 113 130 132 149 150 151 
132 3953 3.587420000 6.684780000 0.00000000000000000000 1.00000000000000000000 2 0 8 112 113 114 131 133 150 151 152 
133 3954 3.847770000 6.558370000 0.00000000000000000000 1.00000000000000000000 2 0 8 113 114 115 132 134 151 152 153 
134 3955 4.102950000 6.421870000 0.00000000000000000000 1.00000000000000000000 2 0 8 114 115 116 133 135 152 153 154 
135 3956 4.352550000 6.275480000 0.00000000000000000000 1.00000000000000000000 2 0 8 115 116 117 134 136 153 154 155 
136 3957 4.596190000 6.119430000 0.00000000000000000000 1.00000000000000000000 2 0 8 116 117 118 135 137 154 155 156 
137 3958 4.833510000 5.953960000 0.00000000000000000000 1.00000000000000000000 2 0 8 117 118 119 136 138 155 156 157 
138 3959 5.064130000 5.779330000 0.00000000000000000000 1.00000000000000000000 2 0 8 118 119 120 137 139 156 157 158 
139 3960 5.287710000 5.595810000 0.00000000000000000000 1.00000000000000000000 2 0 8 119 120 121 138 140 157 158 159 
140 3961 5.503900000 5.403680000 0.00000000000000000000 1.00000000000000000000 2 0 8 120 121 122 139 141 158 159 160 
141 3962 5.712360000 5.203230000 0.00000000000000000000 1.00000000000000000000 2 0 8 121 122 123 140 142 159 160 161 
142 3963 5.912780000 4.994780000 0.00000000000000000000 1.00000000000000000000 2 0 8 122 123 124 141 143 160 161 162 
143 3964 6.104850000 4.778650000 0.00000000000000000000 1.00000000000000000000 2 0 8 123 124 125 142 144 161 162 163 
144 3965 6.288280000 4.555170000 0.00000000000000000000 1.00000000000000000000 2 0 8 124 125 126 143 145 162 163 164 
145 3966 6.462780000 4.324690000 0.00000000000000000000 1.00000000000000000000 2 0 8 125 126 127 144 146 163 164 165 
146 3967 6.628080000 4.087560000 0.00000000000000000000 1.00000000000000000000 2 0 8 126 127 280 145 282 164 165 284 
147 3968 2.627920000 7.533340000 0.00000000000000000000 1.00000000000000000000 2 0 8 281 128 129 283 148 285 286 166 
148 3969 2.922330000 7.443870000 0.00000000000000000000 1.00000000000000000000 2 0 8 128 129 130 147 149 286 166 167 
149 3970 3.212990000 7.342920000 0.00000000000000000000 1.00000000000000000000 2 0 8 129 130 131 148 150 166 167 168 
150 3971 3.499440000 7.230670000 0.00000000000000000000 1.00000000000000000000 2 0 8 130 131 132 149 151 167 168 169 
151 3972 3.781250000 7.107280000 0.00000000000000000000 1.00000000000000000000 2 0 8 131 132 133 150 152 168 169 170 
152 3973 4.057990000 6.972940000 0.00000000000000000000 1.00000000000000000000 2 0 8 132 133 134 151 153 169 170 171 
153 3974 4.329230000 6.827860000 0.00000000000000000000 1.00000000000000000000 2 0 8 133 134 135 152 154 170 171 172 
154 3975 4.594550000 6.672270000 0.00000000000000000000 1.00000000000000000000 2 0 8 134 135 136 153 155 171 172 173 
155 3976 4.853540000 6.506400000 0.00000000000000000000 1.00000000000000000000 2 0 8 135 136 137 154 156 172 173 174 
156 3977 5.105810000 6.330520000 0.00000000000000000000 1.00000000000000000000 2 0 8 136 137 138 155 157 173 174 175 
157 3978 5.350970000 6.144890000 0.00000000000000000000 1.00000000000000000000 2 0 8 137 138 139 156 158 174 175 176 
158 3979 5.588640000 5.949800000 0.00000000000000000000 1.00000000000000000000 2 0 8 138 139 140 157 159 175 176 177 
159 3980 5.818460000 5.745560000 0.00000000000000000000 1.00000000000000000000 2 0 8 139 140 141 158 160 176 177 178 
160 3981 6.040070000 5.532470000 0.00000000000000000000 1.00000000000000000000 2 0 8 140 141 142 159 161 177 178 179 
161 3982 6.253140000 5.310860000 0.00000000000000000000 1.00000000000000000000 2 0 8 141 142 143 160 162 178 179 180 
162 3983 6.457330000 5.081090000 0.00000000000000000000 1.00000000000000000000 2 0 8 142 143 144 161 163 179 180 181 
163 3984 6.652330000 4.843490000 0.00000000000000000000 1.00000000000000000000 2 0 8 143 144 145 162 164 180 181 182 
164 3985 6.837850000 4.598450000 0.00000000000000000000 1.00000000000000000000 2 0 8 144 145 146 163 165 181 182 183 
165 3986 7.013590000 4.346330000 0.00000000000000000000 1.00000000000000000000 2 0 8 145 146 282 164 284 182 183 287 
166 3987 3.074330000 7.914090000 0.00000000000000000000 1.00000000000000000000 2 0 8 147 148 149 286 167 288 184 185 
167 3988 3.383270000 7.806840000 0.00000000000000000000 1.00000000000000000000 2 0 8 148 149 150 166 168 184 185 186 
168 3989 3.687740000 7.687560000 0.00000000000000000000 1.00000000000000000000 2 0 8 149 150 151 167 169 185 186 187 
169 3990 3.987290000 7.556430000 0.00000000000000000000 1.00000000000000000000 2 0 8 150 151 152 168 170 186 187 188 
170 3991 4.281450000 7.413670000 0.00000000000000000000 1.00000000000000000000 2 0 8 151 152 153 169 171 187 188 189 
171 3992 4.569770000 7.259480000 0.00000000000000000000 1.00000000000000000000 2 0 8 152 153 154 170 172 188 189 190 
172 3993 4.851810000 7.094100000 0.00000000000000000000 1.00000000000000000000 2 0 8 153 154 155 171 173 189 190 191 
173 3994 5.127120000 6.917800000 0.00000000000000000000 1.00000000000000000000 2 0 8 154 155 156 172 174 190 191 192 
174 3995 5.395290000 6.730850000 0.00000000000000000000 1.00000000000000000000 2 0 8 155 156 157 173 175 191 192 193 
175 3996 5.655900000 6.533530000 0.00000000000000000000 1.00000000000000000000 2 0 8 156 157 158 174 176 192 193 194 
176 3997 5.908560000 6.326150000 0.00000000000000000000 1.00000000000000000000 2 0 8 157 158 159 175 177 193 194 195 
177 3998 6.152870000 6.109030000 0.00000000000000000000 1.00000000000000000000 2 0 8 158 159 160 176 178 194 195 196 
178 3999 6.388460000 5.882500000 0.00000000000000000000 1.00000000000000000000 2 0 8 159 160 161 177 179 195 196 197 
179 4000 6.614970000 5.646910000 0.00000000000000000000 1.00000000000000000000 2 0 8 160 161 162 178 180 196 197 198 
180 4001 6.832050000 5.402630000 0.00000000000000000000 1.00000000000000000000 2 0 8 161 162 163 179 181 197 198 199 
181 4002 7.039360000 5.150030000 0.00000000000000000000 1.00000000000000000000 2 0 8 162 163 164 180 182 198 199 200 
182 4003 7.236590000 4.889500000 0.00000000000000000000 1.00000000000000000000 2 0 8 163 164 165 181 183 199 200 201 
183 4004 7.423430000 4.621450000 0.00000000000000000000 1.00000000000000000000 2 0 8 164 165 284 182 287 200 201 289 
184 4005 3.235900000 8.414000000 0.00000000000000000000 1.00000000000000000000 2 0 8 286 166 167 288 185 290 202 203 
185 4006 3.564270000 8.300050000 0.00000000000000000000 1.00000000000000000000 2 0 8 166 167 168 184 186 202 203 204 
186 4007 3.887910000 8.173300000 0.00000000000000000000 1.00000000000000000000 2 0 8 167 168 169 185 187 203 204 205 
187 4008 4.206320000 8.033950000 0.00000000000000000000 1.00000000000000000000 2 0 8 168 169 170 186 188 204 205 206 
188 4009 4.519000000 7.882220000 0.00000000000000000000 1.00000000000000000000 2 0 8 169 170 171 187 189 205 206 207 
189 4010 4.825480000 7.718350000 0.00000000000000000000 1.00000000000000000000 2 0 8 170 171 172 188 190 206 207 208 
190 4011 5.125280000 7.542580000 0.00000000000000000000 1.00000000000000000000 2 0 8 171 172 173 189 191 207 208 209 
191 4012 5.417940000 7.355190000 0.00000000000000000000 1.00000000000000000000 2 0 8 172 173 174 190 192 208 209 210 
192 4013 5.703010000 7.156470000 0.00000000000000000000 1.00000000000000000000 2 0 8 173 174 175 191 193 209 210 211 
193 4014 5.980060000 6.946730000 0.00000000000000000000 1.00000000000000000000 2 0 8 174 175 176 192 194 210 211 212 
194 4015 6.248650000 6.726280000 0.00000000000000000000 1.00000000000000000000 2 0 8 175 176 177 193 195 211 212 213 
195 4016 6.508370000 6.495460000 0.00000000000000000000 1.00000000000000000000 2 0 8 176 177 178 194 196 212 213 214 
196 4017 6.758830000 6.254650000 0.00000000000000000000 1.00000000000000000000 2 0 8 177 178 179 195 197 213 214 215 
197 4018 6.999630000 6.004190000 0.00000000000000000000 1.00000000000000000000 2 0 8 178 179 180 196 198 214 215 216 
198 4019 7.230410000 5.744490000 0.00000000000000000000 1.00000000000000000000 2 0 8 179 180 181 197 199 215 216 217 
199 4020 7.450800000 5.475940000 0.00000000000000000000 1.00000000000000000000 2 0 8 180 181 182 198 200 216 217 218 
200 4021 7.660490000 5.198950000 0.00000000000000000000 1.00000000000000000000 2 0 8 181 182 183 199 201 217 218 219 
201 4022 7.859130000 4.913960000 0.00000000000000000000 1.00000000000000000000 2 0 8 182 183 287 200 289 218 219 291 
202 4023 3.407630000 8.945490000 0.00000000000000000000 1.00000000000000000000 2 0 8 288 184 185 290 203 292 220 221 
203 4024 3.756670000 8.824400000 0.00000000000000000000 1.00000000000000000000 2 0 8 184 185 186 202 204 220 221 222 
204 4025 4.100680000 8.689720000 0.00000000000000000000 1.00000000000000000000 2 0 8 185 186 187 203 205 221 222 223 
205 4026 4.439130000 8.541640000 0.00000000000000000000 1.00000000000000000000 2 0 8 186 187 188 204 206 222 223 224 
206 4027 4.771500000 8.380390000 0.00000000000000000000 1.00000000000000000000 2 0 8 187 188 189 205 207 223 224 225 
207 4028 5.097290000 8.206230000 0.00000000000000000000 1.00000000000000000000 2 0 8 188 189 190 206 208 224 225 226 
208 4029 5.415980000 8.019410000 0.00000000000000000000 1.00000000000000000000 2 0 8 189 190 191 207 209 225 226 227 
209 4030 5.727090000 7.820230000 0.00000000000000000000 1.00000000000000000000 2 0 8 190 191 192 208 210 226 227 228 
210 4031 6.030130000 7.609010000 0.00000000000000000000 1.00000000000000000000 2 0 8 191 192 193 209 211 227 228 229 
211 4032 6.324640000 7.386050000 0.00000000000000000000 1.00000000000000000000 2 0 8 192 193 194 210 212 228 229 230 
212 4033 6.610180000 7.151710000 0.00000000000000000000 1.00000000000000000000 2 0 8 193 194 195 211 213 229 230 231 
213 4034 6.886280000 6.906340000 0.00000000000000000000 1.00000000000000000000 2 0 8 194 195 196 212 214 230 231 232 
214 4035 7.152540000 6.650330000 0.00000000000000000000 1.00000000000000000000 2 0 8 195 196 197 213 215 231 232 233 
215 4036 7.408540000 6.384070000 0.00000000000000000000 1.00000000000000000000 2 0 8 196 197 198 214 216 232 233 234 
216 4037 7.653880000 6.107980000 0.00000000000000000000 1.00000000000000000000 2 0 8 197 198 199 215 217 233 234 235 
217 4038 7.888200000 5.822470000 0.00000000000000000000 1.00000000000000000000 2 0 8 198 199 200 216 218 234 235 236 
218 4039 8.111120000 5.527980000 0.00000000000000000000 1.00000000000000000000 2 0 8 199 200 201 217 219 235 236 237 
219 4040 8.322310000 5.224980000 0.00000000000000000000 1.00000000000000000000 2 0 8 200 201 289 218 291 236 237 293 
220 4041 3.590170000 9.510570000 0.30901667003776622789 0.95105662167863069811 3 0 8 290 202 203 292 221 288 184 185 
221 4042 3.961170000 9.381910000 0.34611905021161554208 0.93819060061408054985 3 0 8 202 203 204 220 222 184 185 186 
222 4043 4.326830000 9.238800000 0.38268023147519464322 0.92388085835679678581 3 0 8 203 204 205 221 223 185 186 187 
223 4044 4.686600000 9.081430000 0.41865513425978917450 0.90814529595099369175 3 0 8 204 205 206 222 224 186 187 188 
224 4045 5.039910000 8.910070000 0.45399140999548787123 0.89100606038921459362 3 0 8 205 206 207 223 225 187 188 189 
225 4046 5.386210000 8.724960000 0.48862780066781752453 0.87249233372822920796 3 0 8 206 207 208 224 226 188 189 190 
226 4047 5.724990000 8.526400000 0.52249486151581092663 0.85264243366699354887 3 0 8 207 208 209 225 227 189 190 191 
227 4048 6.055700000 8.314700000 0.55557278151294220425 0.83146790944808723900 3 0 8 208 209 210 226 228 190 191 192 
228 4049 6.377850000 8.090170000 0.58778618963392137431 0.80901631335569235137 3 0 8 209 210 211 227 229 191 192 193 
229 4050 6.690940000 7.853170000 0.61909246039025589425 0.78531810464800799743 3 0 8 210 211 212 228 230 192 193 194 
230 4051 6.994480000 7.604060000 0.64944366315684309843 0.76040971087001563156 3 0 8 211 212 213 229 231 193 194 195 
231 4052 7.288010000 7.343230000 0.67879778319755001981 0.73432524777927377091 3 0 8 212 213 214 230 232 194 195 196 
232 4053 7.571070000 7.071070000 0.70710678118654757274 0.70710678118654757274 3 0 8 213 214 215 231 233 195 196 197 
233 4054 7.843230000 6.788010000 0.73432524777927332682 0.67879778319755068594 3 0 8 214 215 216 232 234 196 197 198 
234 4055 8.104060000 6.494480000 0.76040971087001563156 0.64944366315684309843 3 0 8 215 216 217 233 235 197 198 199 
235 4056 8.353170000 6.190940000 0.78531810464800855254 0.61909246039025511710 3 0 8 216 217 218 234 236 198 199 200 
236 4057 8.590170000 5.877850000 0.80901631335569235137 0.58778618963392137431 3 0 8 217 218 219 235 237 199 200 201 
237 4058 8.814700000 5.555700000 0.83146790944808723900 0.55557278151294220425 3 0 8 218 219 291 236 293 200 201 289 
238 4661 2.70086 2.76299 2 0
239 4662 2.80838 2.67497 2 0
240 4663 2.91232 2.58286 2 0
241 3620 3.01253 2.4868 2 0
242 3621 3.10886 2.38695 2 0
243 4678 2.72035 3.0281 2 0
244 4679 2.83823 2.939 2 0
245 3633 3.27184 2.5391 2 0
246 3634 3.36993 2.42903 2 0
247 4693 2.73011 3.31054 2 0
248 4694 2.85906 3.22073 2 0
249 3646 3.54943 2.58371 2 0
250 3647 3.64898 2.46271 2 0
251 4708 2.72882 3.61097 2 0
252 4709 2.86953 3.52089 2 0
253 3659 3.84613 2.61939 2 0
254 3660 3.94678 2.4867 2 0
255 4722 2.71501 3.93003 2 0
256 4723 2.86823 3.84017 2 0
257 3672 4.16277 2.64478 2 0
258 3673 4.26411 2.49964 2 0
259 4735 2.68713 4.26835 2 0
260 4736 2.85363 4.17925 2 0
261 3684 4.50017 2.65843 2 0
262 4747 2.6435 4.62654 2 0
263 4748 2.82407 4.5388 2 0
264 3695 4.75119 2.82718 2 0
265 3696 4.85915 2.65873 2 0
266 4757 2.5823 5.00515 2 0
267 4758 2.77775 4.91947 2 0
268 3706 5.13286 2.82742 2 0
269 4765 2.50158 5.40473 2 0
270 4766 2.71276 5.32186 2 0
271 3716 5.42388 3.00671 2 0
272 4771 2.39926 5.82574 2 0
273 4772 2.62701 5.74653 2 0
274 3727 5.73331 3.19728 2 0
275 4775 2.27308 6.26862 2 0
276 4776 2.51829 6.194 2 0
277 3738 6.0623 3.39986 2 0
278 4777 2.12067 6.73372 2 0
279 4778 2.38421 6.66472 2 0
280 3749 6.41207 3.61521 2 0
281 1086 2.22225 7.15906 2 0
282 3760 6.78394 3.84414 2 0
283 1106 2.33022 7.61121 2 0
284 3771 7.17929 4.08752 2 0
285 1126 2.44499 8.09187 2 0
286 1127 2.76141 8.00915 2 0
287 3782 7.59959 4.34628 2 0
288 1147 2.9033 8.51499 2 0
289 3793 8.04642 4.6214 2 0
290 1167 3.05411 9.05278 2 0
291 3803 8.52143 4.91393 2 0
292 1187 3.2144 9.62455 3 0
293 3813 9.0264 5.22499 3 0
