326 238 88
1 5749 0.730463000 -0.209292000 0.00000000000000000000 1.00000000000000000000 2 0 8 239 240 241 243 244 2 3 4 
2 5750 0.756655000 -0.235058000 0.00000000000000000000 1.00000000000000000000 2 0 8 242 243 1 247 3 5 6 7 
3 5751 0.736910000 -0.240444000 0.00000000000000000000 1.00000000000000000000 2 0 8 243 1 244 2 4 6 7 8 
4 5752 0.716775000 -0.245493000 0.00000000000000000000 1.00000000000000000000 2 0 8 1 244 245 3 248 7 8 9 
5 5753 0.784495000 -0.260193000 0.00000000000000000000 1.00000000000000000000 2 0 8 246 247 2 251 6 10 11 12 
6 5754 0.764587000 -0.266529000 0.00000000000000000000 1.00000000000000000000 2 0 8 247 2 3 5 7 11 12 13 
7 5755 0.744245000 -0.272492000 0.00000000000000000000 1.00000000000000000000 2 0 8 2 3 4 6 8 12 13 14 
8 5756 0.723499000 -0.278070000 0.00000000000000000000 1.00000000000000000000 2 0 8 3 4 248 7 9 13 14 15 
9 5757 0.702380000 -0.283250000 0.00000000000000000000 1.00000000000000000000 2 0 8 4 248 249 8 252 14 15 16 
10 5758 0.814175000 -0.284613000 0.00000000000000000000 1.00000000000000000000 2 0 8 250 251 5 257 11 19 20 21 
11 5759 0.794085000 -0.292009000 0.00000000000000000000 1.00000000000000000000 2 0 8 251 5 6 10 12 20 21 22 
12 5760 0.773516000 -0.298995000 0.00000000000000000000 1.00000000000000000000 2 0 8 5 6 7 11 13 21 22 23 
13 5761 0.752496000 -0.305557000 0.00000000000000000000 1.00000000000000000000 2 0 8 6 7 8 12 14 22 23 24 
14 5762 0.731059000 -0.311683000 0.00000000000000000000 1.00000000000000000000 2 0 8 7 8 9 13 15 23 24 25 
15 5763 0.709235000 -0.317359000 0.00000000000000000000 1.00000000000000000000 2 0 8 8 9 252 14 16 24 25 26 
16 5764 0.687057000 -0.322574000 0.00000000000000000000 1.00000000000000000000 2 0 8 9 252 253 15 258 25 26 27 
17 5765 0.884751000 -0.289816000 0.00000000000000000000 1.00000000000000000000 2 0 8 254 255 256 261 18 28 29 30 
18 5766 0.865611000 -0.299228000 0.00000000000000000000 1.00000000000000000000 2 0 8 255 256 257 17 19 29 30 31 
19 5767 0.845884000 -0.308226000 0.00000000000000000000 1.00000000000000000000 2 0 8 256 257 10 18 20 30 31 32 
20 5768 0.825598000 -0.316795000 0.00000000000000000000 1.00000000000000000000 2 0 8 257 10 11 19 21 31 32 33 
21 5769 0.804784000 -0.324917000 0.00000000000000000000 1.00000000000000000000 2 0 8 10 11 12 20 22 32 33 34 
22 5770 0.783472000 -0.332578000 0.00000000000000000000 1.00000000000000000000 2 0 8 11 12 13 21 23 33 34 35 
23 5771 0.761693000 -0.339764000 0.00000000000000000000 1.00000000000000000000 2 0 8 12 13 14 22 24 34 35 36 
24 5772 0.739481000 -0.346460000 0.00000000000000000000 1.00000000000000000000 2 0 8 13 14 15 23 25 35 36 37 
25 5773 0.716867000 -0.352652000 0.00000000000000000000 1.00000000000000000000 2 0 8 14 15 16 24 26 36 37 38 
26 5774 0.693886000 -0.358328000 0.00000000000000000000 1.00000000000000000000 2 0 8 15 16 258 25 27 37 38 39 
27 5775 0.670572000 -0.363476000 0.00000000000000000000 1.00000000000000000000 2 0 8 16 258 259 26 262 38 39 40 
28 5776 0.918941000 -0.309842000 0.00000000000000000000 1.00000000000000000000 2 0 8 260 261 17 265 29 41 42 43 
29 5777 0.899697000 -0.320608000 0.00000000000000000000 1.00000000000000000000 2 0 8 261 17 18 28 30 42 43 44 
30 5778 0.879814000 -0.330929000 0.00000000000000000000 1.00000000000000000000 2 0 8 17 18 19 29 31 43 44 45 
31 5779 0.859323000 -0.340786000 0.00000000000000000000 1.00000000000000000000 2 0 8 18 19 20 30 32 44 45 46 
32 5780 0.838251000 -0.350162000 0.00000000000000000000 1.00000000000000000000 2 0 8 19 20 21 31 33 45 46 47 
33 5781 0.816631000 -0.359041000 0.00000000000000000000 1.00000000000000000000 2 0 8 20 21 22 32 34 46 47 48 
34 5782 0.794493000 -0.367406000 0.00000000000000000000 1.00000000000000000000 2 0 8 21 22 23 33 35 47 48 49 
35 5783 0.771870000 -0.375241000 0.00000000000000000000 1.00000000000000000000 2 0 8 22 23 24 34 36 48 49 50 
36 5784 0.748796000 -0.382531000 0.00000000000000000000 1.00000000000000000000 2 0 8 23 24 25 35 37 49 50 51 
37 5785 0.725306000 -0.389261000 0.00000000000000000000 1.00000000000000000000 2 0 8 24 25 26 36 38 50 51 52 
38 5786 0.701433000 -0.395419000 0.00000000000000000000 1.00000000000000000000 2 0 8 25 26 27 37 39 51 52 53 
39 5787 0.677215000 -0.400992000 0.00000000000000000000 1.00000000000000000000 2 0 8 26 27 262 38 40 52 53 54 
40 5788 0.652687000 -0.405966000 0.00000000000000000000 1.00000000000000000000 2 0 8 27 262 263 39 266 53 54 269 
41 5789 0.955546000 -0.328601000 0.00000000000000000000 1.00000000000000000000 2 0 8 264 265 28 268 42 55 56 57 
42 5790 0.936199000 -0.340840000 0.00000000000000000000 1.00000000000000000000 2 0 8 265 28 29 41 43 56 57 58 
43 5791 0.916160000 -0.352602000 0.00000000000000000000 1.00000000000000000000 2 0 8 28 29 30 42 44 57 58 59 
44 5792 0.895457000 -0.363870000 0.00000000000000000000 1.00000000000000000000 2 0 8 29 30 31 43 45 58 59 60 
45 5793 0.874120000 -0.374623000 0.00000000000000000000 1.00000000000000000000 2 0 8 30 31 32 44 46 59 60 61 
46 5794 0.852180000 -0.384842000 0.00000000000000000000 1.00000000000000000000 2 0 8 31 32 33 45 47 60 61 62 
47 5795 0.829669000 -0.394509000 0.00000000000000000000 1.00000000000000000000 2 0 8 32 33 34 46 48 61 62 63 
48 5796 0.806619000 -0.403608000 0.00000000000000000000 1.00000000000000000000 2 0 8 33 34 35 47 49 62 63 64 
49 5797 0.783064000 -0.412120000 0.00000000000000000000 1.00000000000000000000 2 0 8 34 35 36 48 50 63 64 65 
50 5798 0.759040000 -0.420031000 0.00000000000000000000 1.00000000000000000000 2 0 8 35 36 37 49 51 64 65 66 
51 5799 0.734583000 -0.427324000 0.00000000000000000000 1.00000000000000000000 2 0 8 36 37 38 50 52 65 66 67 
52 5800 0.709727000 -0.433985000 0.00000000000000000000 1.00000000000000000000 2 0 8 37 38 39 51 53 66 67 68 
53 5801 0.684512000 -0.440002000 0.00000000000000000000 1.00000000000000000000 2 0 8 38 39 40 52 54 67 68 69 
54 5802 0.658974000 -0.445360000 0.00000000000000000000 1.00000000000000000000 2 0 8 39 40 266 53 269 68 69 70 
55 5803 0.994746000 -0.345954000 0.00000000000000000000 1.00000000000000000000 2 0 8 267 268 41 271 56 274 71 72 
56 5804 0.975305000 -0.359787000 0.00000000000000000000 1.00000000000000000000 2 0 8 268 41 42 55 57 71 72 73 
57 5805 0.955114000 -0.373116000 0.00000000000000000000 1.00000000000000000000 2 0 8 41 42 43 56 58 72 73 74 
58 5806 0.934201000 -0.385920000 0.00000000000000000000 1.00000000000000000000 2 0 8 42 43 44 57 59 73 74 75 
59 5807 0.912596000 -0.398176000 0.00000000000000000000 1.00000000000000000000 2 0 8 43 44 45 58 60 74 75 76 
60 5808 0.890330000 -0.409863000 0.00000000000000000000 1.00000000000000000000 2 0 8 44 45 46 59 61 75 76 77 
61 5809 0.867435000 -0.420963000 0.00000000000000000000 1.00000000000000000000 2 0 8 45 46 47 60 62 76 77 78 
62 5810 0.843945000 -0.431455000 0.00000000000000000000 1.00000000000000000000 2 0 8 46 47 48 61 63 77 78 79 
63 5811 0.819894000 -0.441320000 0.00000000000000000000 1.00000000000000000000 2 0 8 47 48 49 62 64 78 79 80 
64 5812 0.795317000 -0.450541000 0.00000000000000000000 1.00000000000000000000 2 0 8 48 49 50 63 65 79 80 81 
65 5813 0.770251000 -0.459101000 0.00000000000000000000 1.00000000000000000000 2 0 8 49 50 51 64 66 80 81 82 
66 5814 0.744732000 -0.466982000 0.00000000000000000000 1.00000000000000000000 2 0 8 50 51 52 65 67 81 82 83 
67 5815 0.718799000 -0.474171000 0.00000000000000000000 1.00000000000000000000 2 0 8 51 52 53 66 68 82 83 84 
68 5816 0.692491000 -0.480653000 0.00000000000000000000 1.00000000000000000000 2 0 8 52 53 54 67 69 83 84 85 
69 5817 0.665847000 -0.486414000 0.00000000000000000000 1.00000000000000000000 2 0 8 53 54 269 68 70 84 85 86 
70 5818 0.638907000 -0.491442000 0.00000000000000000000 1.00000000000000000000 2 0 8 54 269 270 69 272 85 86 87 
71 5819 1.017200000 -0.377298000 0.00000000000000000000 1.00000000000000000000 2 0 8 271 55 56 274 72 277 278 88 
72 5820 0.996869000 -0.392323000 0.00000000000000000000 1.00000000000000000000 2 0 8 55 56 57 71 73 278 88 89 
73 5821 0.975753000 -0.406793000 0.00000000000000000000 1.00000000000000000000 2 0 8 56 57 58 72 74 88 89 90 
74 5822 0.953884000 -0.420685000 0.00000000000000000000 1.00000000000000000000 2 0 8 57 58 59 73 75 89 90 91 
75 5823 0.931293000 -0.433975000 0.00000000000000000000 1.00000000000000000000 2 0 8 58 59 60 74 76 90 91 92 
76 5824 0.908011000 -0.446641000 0.00000000000000000000 1.00000000000000000000 2 0 8 59 60 61 75 77 91 92 93 
77 5825 0.884073000 -0.458662000 0.00000000000000000000 1.00000000000000000000 2 0 8 60 61 62 76 78 92 93 94 
78 5826 0.859514000 -0.470016000 0.00000000000000000000 1.00000000000000000000 2 0 8 61 62 63 77 79 93 94 95 
79 5827 0.834368000 -0.480684000 0.00000000000000000000 1.00000000000000000000 2 0 8 62 63 64 78 80 94 95 96 
80 5828 0.808674000 -0.490647000 0.00000000000000000000 1.00000000000000000000 2 0 8 63 64 65 79 81 95 96 97 
81 5829 0.782469000 -0.499886000 0.00000000000000000000 1.00000000000000000000 2 0 8 64 65 66 80 82 96 97 98 
82 5830 0.755791000 -0.508385000 0.00000000000000000000 1.00000000000000000000 2 0 8 65 66 67 81 83 97 98 99 
83 5831 0.728682000 -0.516126000 0.00000000000000000000 1.00000000000000000000 2 0 8 66 67 68 82 84 98 99 100 
84 5832 0.701181000 -0.523096000 0.00000000000000000000 1.00000000000000000000 2 0 8 67 68 69 83 85 99 100 101 
85 5833 0.673329000 -0.529279000 0.00000000000000000000 1.00000000000000000000 2 0 8 68 69 70 84 86 100 101 102 
86 5834 0.645170000 -0.534664000 0.00000000000000000000 1.00000000000000000000 2 0 8 69 70 272 85 87 101 102 103 
87 5835 0.616745000 -0.539238000 0.00000000000000000000 1.00000000000000000000 2 0 8 70 272 273 86 275 102 103 104 
88 5836 1.020320000 -0.426333000 0.00000000000000000000 1.00000000000000000000 2 0 8 71 72 73 278 89 281 282 105 
89 5837 0.998193000 -0.441998000 0.00000000000000000000 1.00000000000000000000 2 0 8 72 73 74 88 90 282 105 106 
90 5838 0.975283000 -0.457029000 0.00000000000000000000 1.00000000000000000000 2 0 8 73 74 75 89 91 105 106 107 
91 5839 0.951617000 -0.471402000 0.00000000000000000000 1.00000000000000000000 2 0 8 74 75 76 90 92 106 107 108 
92 5840 0.927229000 -0.485093000 0.00000000000000000000 1.00000000000000000000 2 0 8 75 76 77 91 93 107 108 109 
93 5841 0.902155000 -0.498079000 0.00000000000000000000 1.00000000000000000000 2 0 8 76 77 78 92 94 108 109 110 
94 5842 0.876431000 -0.510338000 0.00000000000000000000 1.00000000000000000000 2 0 8 77 78 79 93 95 109 110 111 
95 5843 0.850094000 -0.521847000 0.00000000000000000000 1.00000000000000000000 2 0 8 78 79 80 94 96 110 111 112 
96 5844 0.823184000 -0.532588000 0.00000000000000000000 1.00000000000000000000 2 0 8 79 80 81 95 97 111 112 113 
97 5845 0.795740000 -0.542540000 0.00000000000000000000 1.00000000000000000000 2 0 8 80 81 82 96 98 112 113 114 
98 5846 0.767802000 -0.551686000 0.00000000000000000000 1.00000000000000000000 2 0 8 81 82 83 97 99 113 114 115 
99 5847 0.739413000 -0.560008000 0.00000000000000000000 1.00000000000000000000 2 0 8 82 83 84 98 100 114 115 116 
100 5848 0.710615000 -0.567490000 0.00000000000000000000 1.00000000000000000000 2 0 8 83 84 85 99 101 115 116 117 
101 5849 0.681451000 -0.574117000 0.00000000000000000000 1.00000000000000000000 2 0 8 84 85 86 100 102 116 117 118 
102 5850 0.651965000 -0.579877000 0.00000000000000000000 1.00000000000000000000 2 0 8 85 86 87 101 103 117 118 119 
103 5851 0.622202000 -0.584756000 0.00000000000000000000 1.00000000000000000000 2 0 8 86 87 275 102 104 118 119 120 
104 5852 0.592208000 -0.588744000 0.00000000000000000000 1.00000000000000000000 2 0 8 87 275 276 103 279 119 120 121 
105 5853 1.022520000 -0.478862000 0.00000000000000000000 1.00000000000000000000 2 0 8 88 89 90 282 106 285 286 122 
106 5854 0.998474000 -0.495089000 0.00000000000000000000 1.00000000000000000000 2 0 8 89 90 91 105 107 286 122 123 
107 5855 0.973641000 -0.510598000 0.00000000000000000000 1.00000000000000000000 2 0 8 90 91 92 106 108 122 123 124 
108 5856 0.948053000 -0.525364000 0.00000000000000000000 1.00000000000000000000 2 0 8 91 92 93 107 109 123 124 125 
109 5857 0.921746000 -0.539363000 0.00000000000000000000 1.00000000000000000000 2 0 8 92 93 94 108 110 124 125 126 
110 5858 0.894759000 -0.552570000 0.00000000000000000000 1.00000000000000000000 2 0 8 93 94 95 109 111 125 126 127 
111 5859 0.867130000 -0.564964000 0.00000000000000000000 1.00000000000000000000 2 0 8 94 95 96 110 112 126 127 128 
112 5860 0.838901000 -0.576521000 0.00000000000000000000 1.00000000000000000000 2 0 8 95 96 97 111 113 127 128 129 
113 5861 0.810113000 -0.587222000 0.00000000000000000000 1.00000000000000000000 2 0 8 96 97 98 112 114 128 129 130 
114 5862 0.780809000 -0.597047000 0.00000000000000000000 1.00000000000000000000 2 0 8 97 98 99 113 115 129 130 131 
115 5863 0.751032000 -0.605979000 0.00000000000000000000 1.00000000000000000000 2 0 8 98 99 100 114 116 130 131 132 
116 5864 0.720828000 -0.614000000 0.00000000000000000000 1.00000000000000000000 2 0 8 99 100 101 115 117 131 132 133 
117 5865 0.690241000 -0.621095000 0.00000000000000000000 1.00000000000000000000 2 0 8 100 101 102 116 118 132 133 134 
118 5866 0.659318000 -0.627249000 0.00000000000000000000 1.00000000000000000000 2 0 8 101 102 103 117 119 133 134 135 
119 5867 0.628106000 -0.632450000 0.00000000000000000000 1.00000000000000000000 2 0 8 102 103 104 118 120 134 135 136 
120 5868 0.596652000 -0.636686000 0.00000000000000000000 1.00000000000000000000 2 0 8 103 104 279 119 121 135 136 137 
121 5869 0.565005000 -0.639947000 0.00000000000000000000 1.00000000000000000000 2 0 8 104 279 280 120 283 136 137 138 
122 5870 1.023540000 -0.535006000 0.00000000000000000000 1.00000000000000000000 2 0 8 105 106 107 286 123 289 290 139 
123 5871 0.997448000 -0.551709000 0.00000000000000000000 1.00000000000000000000 2 0 8 106 107 108 122 124 290 139 140 
124 5872 0.970561000 -0.567605000 0.00000000000000000000 1.00000000000000000000 2 0 8 107 108 109 123 125 139 140 141 
125 5873 0.942920000 -0.582668000 0.00000000000000000000 1.00000000000000000000 2 0 8 108 109 110 124 126 140 141 142 
126 5874 0.914565000 -0.596872000 0.00000000000000000000 1.00000000000000000000 2 0 8 109 110 111 125 127 141 142 143 
127 5875 0.885539000 -0.610194000 0.00000000000000000000 1.00000000000000000000 2 0 8 110 111 112 126 128 142 143 144 
128 5876 0.855883000 -0.622610000 0.00000000000000000000 1.00000000000000000000 2 0 8 111 112 113 127 129 143 144 145 
129 5877 0.825642000 -0.634098000 0.00000000000000000000 1.00000000000000000000 2 0 8 112 113 114 128 130 144 145 146 
130 5878 0.794860000 -0.644639000 0.00000000000000000000 1.00000000000000000000 2 0 8 113 114 115 129 131 145 146 147 
131 5879 0.763583000 -0.654212000 0.00000000000000000000 1.00000000000000000000 2 0 8 114 115 116 130 132 146 147 148 
132 5880 0.731858000 -0.662800000 0.00000000000000000000 1.00000000000000000000 2 0 8 115 116 117 131 133 147 148 149 
133 5881 0.699734000 -0.670386000 0.00000000000000000000 1.00000000000000000000 2 0 8 116 117 118 132 134 148 149 150 
134 5882 0.667257000 -0.676956000 0.00000000000000000000 1.00000000000000000000 2 0 8 117 118 119 133 135 149 150 151 
135 5883 0.634479000 -0.682497000 0.00000000000000000000 1.00000000000000000000 2 0 8 118 119 120 134 136 150 151 152 
136 5884 0.601448000 -0.686995000 0.00000000000000000000 1.00000000000000000000 2 0 8 119 120 121 135 137 151 152 153 
137 5885 0.568215000 -0.690441000 0.00000000000000000000 1.00000000000000000000 2 0 8 120 121 283 136 138 152 153 154 
138 5886 0.534831000 -0.692826000 0.00000000000000000000 1.00000000000000000000 2 0 8 121 283 284 137 287 153 154 155 
139 5887 1.023130000 -0.594889000 0.00000000000000000000 1.00000000000000000000 2 0 8 122 123 124 290 140 293 294 156 
140 5888 0.994835000 -0.611973000 0.00000000000000000000 1.00000000000000000000 2 0 8 123 124 125 139 141 294 156 157 
141 5889 0.965754000 -0.628155000 0.00000000000000000000 1.00000000000000000000 2 0 8 124 125 126 140 142 156 157 158 
142 5890 0.935924000 -0.643409000 0.00000000000000000000 1.00000000000000000000 2 0 8 125 126 127 141 143 157 158 159 
143 5891 0.905389000 -0.657707000 0.00000000000000000000 1.00000000000000000000 2 0 8 126 127 128 142 144 158 159 160 
144 5892 0.874193000 -0.671027000 0.00000000000000000000 1.00000000000000000000 2 0 8 127 128 129 143 145 159 160 161 
145 5893 0.842383000 -0.683344000 0.00000000000000000000 1.00000000000000000000 2 0 8 128 129 130 144 146 160 161 162 
146 5894 0.810007000 -0.694637000 0.00000000000000000000 1.00000000000000000000 2 0 8 129 130 131 145 147 161 162 163 
147 5895 0.777112000 -0.704886000 0.00000000000000000000 1.00000000000000000000 2 0 8 130 131 132 146 148 162 163 164 
148 5896 0.743747000 -0.714071000 0.00000000000000000000 1.00000000000000000000 2 0 8 131 132 133 147 149 163 164 165 
149 5897 0.709964000 -0.722176000 0.00000000000000000000 1.00000000000000000000 2 0 8 132 133 134 148 150 164 165 166 
150 5898 0.675812000 -0.729185000 0.00000000000000000000 1.00000000000000000000 2 0 8 133 134 135 149 151 165 166 167 
151 5899 0.641344000 -0.735083000 0.00000000000000000000 1.00000000000000000000 2 0 8 134 135 136 150 152 166 167 168 
152 5900 0.606612000 -0.739858000 0.00000000000000000000 1.00000000000000000000 2 0 8 135 136 137 151 153 167 168 169 
153 5901 0.571670000 -0.743500000 0.00000000000000000000 1.00000000000000000000 2 0 8 136 137 138 152 154 168 169 170 
154 5902 0.536571000 -0.745999000 0.00000000000000000000 1.00000000000000000000 2 0 8 137 138 287 153 155 169 170 171 
155 5903 0.501369000 -0.747348000 0.00000000000000000000 1.00000000000000000000 2 0 8 138 287 288 154 291 170 171 172 
156 5904 1.020970000 -0.658635000 0.00000000000000000000 1.00000000000000000000 2 0 8 139 140 141 294 157 296 297 173 
157 5905 0.990333000 -0.675996000 0.00000000000000000000 1.00000000000000000000 2 0 8 140 141 142 156 158 297 173 174 
158 5906 0.958913000 -0.692354000 0.00000000000000000000 1.00000000000000000000 2 0 8 141 142 143 157 159 173 174 175 
159 5907 0.926753000 -0.707681000 0.00000000000000000000 1.00000000000000000000 2 0 8 142 143 144 158 160 174 175 176 
160 5908 0.893899000 -0.721952000 0.00000000000000000000 1.00000000000000000000 2 0 8 143 144 145 159 161 175 176 177 
161 5909 0.860401000 -0.735143000 0.00000000000000000000 1.00000000000000000000 2 0 8 144 145 146 160 162 176 177 178 
162 5910 0.826307000 -0.747229000 0.00000000000000000000 1.00000000000000000000 2 0 8 145 146 147 161 163 177 178 179 
163 5911 0.791669000 -0.758190000 0.00000000000000000000 1.00000000000000000000 2 0 8 146 147 148 162 164 178 179 180 
164 5912 0.756539000 -0.768005000 0.00000000000000000000 1.00000000000000000000 2 0 8 147 148 149 163 165 179 180 181 
165 5913 0.720969000 -0.776656000 0.00000000000000000000 1.00000000000000000000 2 0 8 148 149 150 164 166 180 181 182 
166 5914 0.685014000 -0.784128000 0.00000000000000000000 1.00000000000000000000 2 0 8 149 150 151 165 167 181 182 183 
167 5915 0.648727000 -0.790404000 0.00000000000000000000 1.00000000000000000000 2 0 8 150 151 152 166 168 182 183 184 
168 5916 0.612165000 -0.795472000 0.00000000000000000000 1.00000000000000000000 2 0 8 151 152 153 167 169 183 184 185 
169 5917 0.575383000 -0.799321000 0.00000000000000000000 1.00000000000000000000 2 0 8 152 153 154 168 170 184 185 186 
170 5918 0.538438000 -0.801941000 0.00000000000000000000 1.00000000000000000000 2 0 8 153 154 155 169 171 185 186 187 
171 5919 0.501386000 -0.803326000 0.00000000000000000000 1.00000000000000000000 2 0 8 154 155 291 170 172 186 187 188 
172 5920 0.464285000 -0.803468000 0.00000000000000000000 1.00000000000000000000 2 0 8 155 291 292 171 295 187 188 298 
173 5921 1.016750000 -0.726368000 0.00000000000000000000 1.00000000000000000000 2 0 8 156 157 158 297 174 299 300 189 
174 5922 0.983619000 -0.743890000 0.00000000000000000000 1.00000000000000000000 2 0 8 157 158 159 173 175 300 189 190 
175 5923 0.949711000 -0.760302000 0.00000000000000000000 1.00000000000000000000 2 0 8 158 159 160 174 176 189 190 191 
176 5924 0.915074000 -0.775577000 0.00000000000000000000 1.00000000000000000000 2 0 8 159 160 161 175 177 190 191 192 
177 5925 0.879760000 -0.789688000 0.00000000000000000000 1.00000000000000000000 2 0 8 160 161 162 176 178 191 192 193 
178 5926 0.843820000 -0.802611000 0.00000000000000000000 1.00000000000000000000 2 0 8 161 162 163 177 179 192 193 194 
179 5927 0.807308000 -0.814322000 0.00000000000000000000 1.00000000000000000000 2 0 8 162 163 164 178 180 193 194 195 
180 5928 0.770280000 -0.824802000 0.00000000000000000000 1.00000000000000000000 2 0 8 163 164 165 179 181 194 195 196 
181 5929 0.732791000 -0.834030000 0.00000000000000000000 1.00000000000000000000 2 0 8 164 165 166 180 182 195 196 197 
182 5930 0.694897000 -0.841990000 0.00000000000000000000 1.00000000000000000000 2 0 8 165 166 167 181 183 196 197 198 
183 5931 0.656657000 -0.848666000 0.00000000000000000000 1.00000000000000000000 2 0 8 166 167 168 182 184 197 198 199 
184 5932 0.618128000 -0.854043000 0.00000000000000000000 1.00000000000000000000 2 0 8 167 168 169 183 185 198 199 200 
185 5933 0.579369000 -0.858112000 0.00000000000000000000 1.00000000000000000000 2 0 8 168 169 170 184 186 199 200 201 
186 5934 0.540440000 -0.860861000 0.00000000000000000000 1.00000000000000000000 2 0 8 169 170 171 185 187 200 201 202 
187 5935 0.501401000 -0.862283000 0.00000000000000000000 1.00000000000000000000 2 0 8 170 171 172 186 188 201 202 301 
188 5936 0.462313000 -0.862374000 0.00000000000000000000 1.00000000000000000000 2 0 8 171 172 295 187 298 202 301 302 
189 5937 1.010130000 -0.798210000 0.00000000000000000000 1.00000000000000000000 2 0 8 173 174 175 300 190 303 304 203 
190 5938 0.974348000 -0.815767000 0.00000000000000000000 1.00000000000000000000 2 0 8 174 175 176 189 191 304 203 204 
191 5939 0.937797000 -0.832100000 0.00000000000000000000 1.00000000000000000000 2 0 8 175 176 177 190 192 203 204 205 
192 5940 0.900533000 -0.847183000 0.00000000000000000000 1.00000000000000000000 2 0 8 176 177 178 191 193 204 205 206 
193 5941 0.862611000 -0.860988000 0.00000000000000000000 1.00000000000000000000 2 0 8 177 178 179 192 194 205 206 207 
194 5942 0.824089000 -0.873493000 0.00000000000000000000 1.00000000000000000000 2 0 8 178 179 180 193 195 206 207 208 
195 5943 0.785023000 -0.884674000 0.00000000000000000000 1.00000000000000000000 2 0 8 179 180 181 194 196 207 208 209 
196 5944 0.745473000 -0.894512000 0.00000000000000000000 1.00000000000000000000 2 0 8 180 181 182 195 197 208 209 210 
197 5945 0.705499000 -0.902988000 0.00000000000000000000 1.00000000000000000000 2 0 8 181 182 183 196 198 209 210 211 
198 5946 0.665162000 -0.910085000 0.00000000000000000000 1.00000000000000000000 2 0 8 182 183 184 197 199 210 211 212 
199 5947 0.624522000 -0.915790000 0.00000000000000000000 1.00000000000000000000 2 0 8 183 184 185 198 200 211 212 213 
200 5948 0.583642000 -0.920091000 0.00000000000000000000 1.00000000000000000000 2 0 8 184 185 186 199 201 212 213 214 
201 5949 0.542585000 -0.922977000 0.00000000000000000000 1.00000000000000000000 2 0 8 185 186 187 200 202 213 214 215 
202 5950 0.501414000 -0.924441000 0.00000000000000000000 1.00000000000000000000 2 0 8 186 187 188 201 301 214 215 305 
203 5951 1.000760000 -0.874281000 0.00000000000000000000 1.00000000000000000000 2 0 8 189 190 191 304 204 306 307 216 
204 5952 0.962151000 -0.891733000 0.00000000000000000000 1.00000000000000000000 2 0 8 190 191 192 203 205 307 216 217 
205 5953 0.922797000 -0.907842000 0.00000000000000000000 1.00000000000000000000 2 0 8 191 192 193 204 206 216 217 218 
206 5954 0.882751000 -0.922580000 0.00000000000000000000 1.00000000000000000000 2 0 8 192 193 194 205 207 217 218 219 
207 5955 0.842072000 -0.935922000 0.00000000000000000000 1.00000000000000000000 2 0 8 193 194 195 206 208 218 219 220 
208 5956 0.800822000 -0.947844000 0.00000000000000000000 1.00000000000000000000 2 0 8 194 195 196 207 209 219 220 221 
209 5957 0.759064000 -0.958326000 0.00000000000000000000 1.00000000000000000000 2 0 8 195 196 197 208 210 220 221 222 
210 5958 0.716860000 -0.967347000 0.00000000000000000000 1.00000000000000000000 2 0 8 196 197 198 209 211 221 222 223 
211 5959 0.674274000 -0.974891000 0.00000000000000000000 1.00000000000000000000 2 0 8 197 198 199 210 212 222 223 224 
212 5960 0.631372000 -0.980943000 0.00000000000000000000 1.00000000000000000000 2 0 8 198 199 200 211 213 223 224 225 
213 5961 0.588219000 -0.985489000 0.00000000000000000000 1.00000000000000000000 2 0 8 199 200 201 212 214 224 225 226 
214 5962 0.544881000 -0.988521000 0.00000000000000000000 1.00000000000000000000 2 0 8 200 201 202 213 215 225 226 308 
215 5963 0.501425000 -0.990029000 0.00000000000000000000 1.00000000000000000000 2 0 8 201 202 301 214 305 226 308 309 
216 5964 0.988228000 -0.954698000 0.00000000000000000000 1.00000000000000000000 2 0 8 203 204 205 307 217 310 311 227 
217 5965 0.946635000 -0.971891000 0.00000000000000000000 1.00000000000000000000 2 0 8 204 205 206 216 218 311 227 228 
218 5966 0.904313000 -0.987615000 0.00000000000000000000 1.00000000000000000000 2 0 8 205 206 207 217 219 227 228 229 
219 5967 0.861326000 -1.001840000 0.00000000000000000000 1.00000000000000000000 2 0 8 206 207 208 218 220 228 229 230 
220 5968 0.817737000 -1.014550000 0.00000000000000000000 1.00000000000000000000 2 0 8 207 208 209 219 221 229 230 231 
221 5969 0.773613000 -1.025710000 0.00000000000000000000 1.00000000000000000000 2 0 8 208 209 210 220 222 230 231 232 
222 5970 0.729021000 -1.035310000 0.00000000000000000000 1.00000000000000000000 2 0 8 209 210 211 221 223 231 232 233 
223 5971 0.684028000 -1.043320000 0.00000000000000000000 1.00000000000000000000 2 0 8 210 211 212 222 224 232 233 312 
224 5972 0.638703000 -1.049740000 0.00000000000000000000 1.00000000000000000000 2 0 8 211 212 213 223 225 233 312 313 
225 5973 0.593116000 -1.054550000 0.00000000000000000000 1.00000000000000000000 2 0 8 212 213 214 224 226 312 313 314 
226 5974 0.547335000 -1.057740000 0.00000000000000000000 1.00000000000000000000 2 0 8 213 214 215 225 308 313 314 315 
227 5975 0.972136000 -1.039570000 0.00000000000000000000 1.00000000000000000000 2 0 8 216 217 218 311 228 316 317 234 
228 5976 0.927379000 -1.056330000 0.00000000000000000000 1.00000000000000000000 2 0 8 217 218 219 227 229 317 234 235 
229 5977 0.881921000 -1.071500000 0.00000000000000000000 1.00000000000000000000 2 0 8 218 219 220 228 230 234 235 236 
230 5978 0.835829000 -1.085030000 0.00000000000000000000 1.00000000000000000000 2 0 8 219 220 221 229 231 235 236 237 
231 5979 0.789175000 -1.096920000 0.00000000000000000000 1.00000000000000000000 2 0 8 220 221 222 230 232 236 237 238 
232 5980 0.742028000 -1.107120000 0.00000000000000000000 1.00000000000000000000 2 0 8 221 222 223 231 233 237 238 318 
233 5981 0.694459000 -1.115640000 0.00000000000000000000 1.00000000000000000000 2 0 8 222 223 224 232 312 238 318 319 
234 5982 0.952034000 -1.129000000 0.00000000000000000000 1.00000000000000000000 2 0 8 227 228 229 317 235 320 321 322 
235 5983 0.903934000 -1.145150000 0.00000000000000000000 1.00000000000000000000 2 0 8 228 229 230 234 236 321 322 323 
236 5984 0.855167000 -1.159560000 0.00000000000000000000 1.00000000000000000000 2 0 8 229 230 231 235 237 322 323 324 
237 5985 0.805807000 -1.172210000 0.00000000000000000000 1.00000000000000000000 2 0 8 230 231 232 236 238 323 324 325 
238 5986 0.755929000 -1.183060000 0.00000000000000000000 1.00000000000000000000 2 0 8 231 232 233 237 318 324 325 326 
239 5383 0.743662 -0.174632 2 0
240 5384 0.724881 -0.178919 2 0
241 7503 0.705732 -0.182966 2 0
242 5402 0.768506 -0.199361 2 0
243 5403 0.749688 -0.204465 2 0
244 7518 0.710859 -0.213832 2 0
245 7519 0.690907 -0.218075 2 0
246 5420 0.794855 -0.223327 2 0
247 5421 0.775979 -0.229349 2 0
248 7534 0.696279 -0.250197 2 0
249 7535 0.675454 -0.254543 2 0
250 5437 0.82289 -0.246453 2 0
251 5438 0.803939 -0.253496 2 0
252 7550 0.680921 -0.288022 2 0
253 7551 0.659152 -0.292374 2 0
254 5451 0.889151 -0.251221 2 0
255 5452 0.87127 -0.26011 2 0
256 5453 0.852795 -0.268649 2 0
257 5454 0.833754 -0.276821 2 0
258 7566 0.664559 -0.327315 2 0
259 7567 0.641774 -0.331574 2 0
260 5466 0.921161 -0.269818 2 0
261 5467 0.903277 -0.280007 2 0
262 7582 0.646961 -0.368085 2 0
263 7583 0.623088 -0.372143 2 0
264 5478 0.955406 -0.287049 2 0
265 5479 0.937519 -0.298649 2 0
266 7598 0.627887 -0.410332 2 0
267 5489 0.992053 -0.302781 2 0
268 5490 0.974172 -0.315908 2 0
269 7613 0.633153 -0.450049 2 0
270 7614 0.607088 -0.454058 2 0
271 5499 1.01341 -0.331639 2 0
272 7629 0.611713 -0.495726 2 0
273 7630 0.584306 -0.499256 2 0
274 5508 1.03672 -0.361742 2 0
275 7643 0.588098 -0.542991 2 0
276 7644 0.559272 -0.545913 2 0
277 5514 1.06207 -0.393205 2 0
278 5515 1.04162 -0.41006 2 0
279 7655 0.562028 -0.591831 2 0
280 7656 0.531708 -0.594009 2 0
281 5523 1.06809 -0.444363 2 0
282 5524 1.04573 -0.461944 2 0
283 7665 0.533212 -0.642226 2 0
284 7666 0.501324 -0.643514 2 0
285 5533 1.07321 -0.49929 2 0
286 5534 1.04881 -0.517524 2 0
287 7673 0.501348 -0.694143 2 0
288 7674 0.467817 -0.694387 2 0
289 5544 1.07717 -0.558128 2 0
290 5545 1.05058 -0.576931 2 0
291 7679 0.466118 -0.747542 2 0
292 7680 0.430874 -0.746577 2 0
293 5556 1.07969 -0.62102 2 0
294 5557 1.05077 -0.6403 2 0
295 7970 0.427193 -0.802366 2 0
296 5569 1.08047 -0.688111 2 0
297 5570 1.04905 -0.707764 2 0
298 7984 0.423235 -0.861128 2 0
299 5583 1.07919 -0.759545 2 0
300 5584 1.0451 -0.779459 2 0
301 7998 0.460193 -0.924477 2 0
302 7999 0.418985 -0.923081 2 0
303 5598 1.07548 -0.835468 2 0
304 5599 1.03855 -0.855516 2 0
305 8013 0.457918 -0.990008 2 0
306 5615 1.06898 -0.916022 2 0
307 5616 1.02903 -0.936065 2 0
308 8028 0.501433 -1.05929 2 0
309 8029 0.455479 -1.05921 2 0
310 5633 1.05928 -1.00135 2 0
311 5634 1.01612 -1.02123 2 0
312 8162 0.646543 -1.12245 2 0
313 8163 0.598351 -1.12753 2 0
314 8164 0.549959 -1.13088 2 0
315 8165 0.50144 -1.13249 2 0
316 5652 1.04594 -1.09158 2 0
317 5653 0.999394 -1.11113 2 0
318 8166 0.705608 -1.19211 2 0
319 8167 0.654921 -1.19932 2 0
320 5672 1.02851 -1.18684 2 0
321 8172 0.978369 -1.20587 2 0
322 8173 0.927447 -1.22307 2 0
323 8174 0.875822 -1.23841 2 0
324 8175 0.823572 -1.25187 2 0
325 8176 0.770776 -1.2634 2 0
326 8177 0.717514 -1.27301 2 0
