                     1  0.000000000000000E+000
                     2  0.000000000000000E+000
                     3 -3.108429516600727E-003
                     4 -6.324148184307508E-003
                     5 -9.659722440894431E-003
                     6 -1.316981483441881E-002
                     7 -1.682928587443773E-002
                     8 -2.061277504825576E-002
                     9 -2.449353493127822E-002
                    10 -2.845540774528686E-002
                    11 -3.247846552531512E-002
                    12 -3.655157710241086E-002
                    13 -4.065973433347445E-002
                    14 -4.478766440224913E-002
                    15 -4.892904460385014E-002
                    16 -5.307762802846293E-002
                    17 -5.722695744241305E-002
                    18 -6.137024383889539E-002
                    19 -6.550294316819472E-002
                    20 -6.962111270293027E-002
                    21 -7.372181091988585E-002
                    22 -7.780967681439709E-002
                    23 -8.190835602121489E-002
                    24 -8.612446988203193E-002
                    25 -9.041248416446901E-002
                    26 -9.467335739371423E-002
                    27 -9.896984539192581E-002
                    28 -0.103241677820499     
                    29 -0.107468587692148     
                    30 -0.111665905240565     
                    31 -0.115801060195381     
                    32 -0.119889297479657     
                    33 -0.123932040612885     
                    34 -0.127930831512874     
                    35 -0.131887809668105     
                    36 -0.135799310125711     
                    37 -0.139668703257151     
                    38 -0.143496919384958     
                    39 -0.147283803219580     
                    40 -0.151029196085441     
                    41 -0.154730914475109     
                    42 -0.158383759605616     
                    43 -0.161979265652851     
                    44 -0.165528502978562     
                    45 -0.169033526852554     
                    46 -0.172501709110038     
                    47 -0.175938030931623     
                    48 -0.179340563235618     
                    49 -0.182701169596706     
                    50 -0.186012961912002     
                    51 -0.189281093787245     
                    52 -0.192505945719050     
                    53 -0.195687358156012     
                    54 -0.198825464992648     
                    55 -0.201920142476558     
                    56 -0.204971395794642     
                    57 -0.207978846855433     
                    58 -0.210943018176731     
                    59 -0.213863892346947     
                    60 -0.216741361745216     
                    61 -0.219575255048847     
                    62 -0.222365827690527     
                    63 -0.225112908069432     
                    64 -0.227816097665157     
                    65 -0.230475212840398     
                    66 -0.233090013996533     
                    67 -0.235660076482073     
                    68 -0.238185449326357     
                    69 -0.240666311099868     
                    70 -0.243102975665567     
                    71 -0.245494423323936     
                    72 -0.247840450156341     
                    73 -0.250141059688227     
                    74 -0.252395650945102     
                    75 -0.254603608047039     
                    76 -0.256765658352588     
                    77 -0.258881210675223     
                    78 -0.260950224257815     
                    79 -0.262972542574704     
                    80 -0.264948239235897     
                    81 -0.266877491752634     
                    82 -0.268761012109730     
                    83 -0.270599891303363     
                    84 -0.272394683361150     
                    85 -0.274145050604536     
                    86 -0.275850698075873     
                    87 -0.277511283552286     
                    88 -0.279127357302459     
                    89 -0.280699681255447     
                    90 -0.282228228874456     
                    91 -0.283712581312296     
                    92 -0.285154946681812     
                    93 -0.286556709575484     
                    94 -0.287919699346111     
                    95 -0.289238898315576     
                    96 -0.290514807490486     
                    97 -0.291751117612762     
                    98 -0.292952261883345     
                    99 -0.294119918465959     
                   100 -0.295252218938852     
                   101 -0.296349218318716     
                   102 -0.297411257134614     
                   103 -0.298439627012421     
                   104 -0.299432267258694     
                   105 -0.300388478239644     
                   106 -0.301310328132926     
                   107 -0.302200187063590     
                   108 -0.303057278267922     
                   109 -0.303878638734115     
                   110 -0.304663342030517     
                   111 -0.305413462036217     
                   112 -0.306126007538615     
                   113 -0.306799853849737     
                   114 -0.307435603278562     
                   115 -0.308034640109219     
                   116 -0.308599851117222     
                   117 -0.309128116948817     
                   118 -0.309623411854301     
                   119 -0.310089048632559     
                   120 -0.310530696031504     
                   121 -0.310958247161946     
                   122 -0.311377760055741     
                   123 -0.311786774913518     
                   124 -0.312161269276773     
                   125 -0.312494135382145     
                   126 -0.312785748389299     
                   127 -0.313047436158847     
                   128 -0.313275864767540     
                   129 -0.313471270309562     
                   130 -0.313646079790599     
                   131 -0.313802416817412     
                   132 -0.313933703231941     
                   133 -0.314044929072900     
                   134 -0.314126310156214     
                   135 -0.314182371904415     
                   136 -0.314220261324536     
                   137 -0.314240581276004     
                   138 -0.314242654220211     
                   139 -0.314225638154050     
                   140 -0.314189590301174     
                   141 -0.314135131753187     
                   142 -0.314063299533914     
                   143 -0.313974931224884     
                   144 -0.313870561453086     
                   145 -0.313750773688791     
                   146 -0.313615787113422     
                   147 -0.313466378258376     
                   148 -0.313302812257179     
                   149 -0.313126092603376     
                   150 -0.312936960793237     
                   151 -0.312735857362251     
                   152 -0.312523197641980     
                   153 -0.312299663942426     
                   154 -0.312065931132517     
                   155 -0.311822346540397     
                   156 -0.311569508975635     
                   157 -0.311307829335730     
                   158 -0.311038607014402     
                   159 -0.310762159990586     
                   160 -0.310478836524941     
                   161 -0.310188783606119     
                   162 -0.309892940839797     
                   163 -0.309591514871249     
                   164 -0.309284815367425     
                   165 -0.308973099646693     
                   166 -0.308656507718539     
                   167 -0.308336666514296     
                   168 -0.308012837534990     
                   169 -0.307685460556677     
                   170 -0.307355979828327     
                   171 -0.307026031950039     
                   172 -0.306697659074816     
                   173 -0.306368838817487     
                   174 -0.306032717279262     
                   175 -0.305690878966562     
                   176 -0.305344932581869     
                   177 -0.305001324134635     
                   178 -0.304663692630584     
                   179 -0.304328262088860     
                   180 -0.303998540407786     
                   181 -0.303670264606413     
                   182 -0.303340728202448     
                   183 -0.303001377137678     
                   184 -0.302637463285588     
                   185 -0.302259301570241     
                   186 -0.301887362264435     
                   187 -0.301534445103837     
                   188 -0.301196023100133     
                   189 -0.300878477035016     
                   190 -0.300574136406607     
                   191 -0.300265404324653     
                   192 -0.299944162851861     
                   193 -0.299610056684659     
                   194 -0.299268007371205     
                   195 -0.298914494294498     
                   196 -0.298552819242649     
                   197 -0.298199781321856     
                   198 -0.297852920427628     
                   199 -0.297509815493967     
                   200 -0.297169177927097     
                   201 -0.296830848538125     
                   202 -0.296494836952101     
                   203 -0.296161511958395     
                   204 -0.295830966309600     
                   205 -0.295503165369668     
                   206 -0.295178156933954     
                   207 -0.294855950323041     
                   208 -0.294536074480778     
                   209 -0.294218629639711     
                   210 -0.293904031619047     
                   211 -0.293592762638824     
                   212 -0.293284633232811     
                   213 -0.292979929066258     
                   214 -0.292678704270303     
                   215 -0.292380820910927     
                   216 -0.292086394550474     
                   217 -0.291795876344040     
                   218 -0.291509196101295     
                   219 -0.291226316403809     
                   220 -0.290947177551110     
                   221 -0.290671936888906     
                   222 -0.290401117800643     
                   223 -0.290134394852070     
                   224 -0.289871641485155     
                   225 -0.289611809031047     
                   226 -0.289354917762607     
                   227 -0.289102803588114     
                   228 -0.288856313747916     
                   229 -0.288613680661660     
                   230 -0.288375567241586     
                   231 -0.288142237908948     
                   232 -0.287915024126246     
                   233 -0.287693935730363     
                   234 -0.287476394445296     
                   235 -0.287261277769291     
                   236 -0.287052384185094     
                   237 -0.286848177438816     
                   238 -0.286649233658319     
                   239 -0.286448315351410     
                   240 -0.286247768028592     
                   241 -0.286054125219599     
                   242 -0.285874111283797     
                   243 -0.285708965222419     
                   244 -0.285547659272262     
                   245 -0.285392366711123     
                   246 -0.285237899982602     
                   247 -0.285086177007050     
                   248 -0.284934688375765     
                   249 -0.284763072841769     
                   250 -0.284574109153427     
                   251 -0.284381481717559     
                   252 -0.284193762661261     
                   253 -0.284022393905562     
                   254 -0.283887754765921     
                   255 -0.283769383751764     
                   256 -0.283650589804216     
                   257 -0.283521403638416     
                   258 -0.283378655435915     
                   259 -0.283227017766963     
                   260 -0.283068234409305     
                   261 -0.282899292572497     
                   262 -0.282726376752704     
                   263 -0.282553257761066     
                   264 -0.282380192830566     
                   265 -0.282207323012554     
                   266 -0.282034519945440     
                   267 -0.281861977725647     
                   268 -0.281689718523993     
                   269 -0.281517619829703     
                   270 -0.281346811125536     
                   271 -0.281176619089460     
                   272 -0.281006882023257     
                   273 -0.280837867587824     
                   274 -0.280669187595020     
                   275 -0.280501406876824     
                   276 -0.280334137540736     
                   277 -0.280167066341379     
                   278 -0.280000412937997     
                   279 -0.279834270983885     
                   280 -0.279668920854412     
                   281 -0.279502986736232     
                   282 -0.279336817524973     
                   283 -0.279170730517726     
                   284 -0.279005040850815     
                   285 -0.278839568917299     
                   286 -0.278675092565047     
                   287 -0.278511397681971     
                   288 -0.278347711012245     
                   289 -0.278184666666531     
                   290 -0.278022293306468     
                   291 -0.277860338849573     
                   292 -0.277698634546426     
                   293 -0.277538417141612     
                   294 -0.277380157788420     
                   295 -0.277223857911981     
                   296 -0.277069425809169     
                   297 -0.276916555778977     
                   298 -0.276765285277065     
                   299 -0.276618122654539     
                   300 -0.276476182518265     
                   301 -0.276330591972749     
                   302 -0.276178518738139     
                   303 -0.276028068910317     
                   304 -0.275884331690668     
                   305 -0.275744534596666     
                   306 -0.275615150256702     
                   307 -0.275493177032988     
                   308 -0.275370847846691     
                   309 -0.275242990182101     
                   310 -0.275118026008822     
                   311 -0.274997924389100     
                   312 -0.274878162924866     
                   313 -0.274743475886398     
                   314 -0.274584479909996     
                   315 -0.274421395901040     
                   316 -0.274271294703466     
                   317 -0.274145880461531     
                   318 -0.274051052850749     
                   319 -0.273974104088717     
                   320 -0.273895408116407     
                   321 -0.273803389921942     
                   322 -0.273699787528977     
                   323 -0.273590490983086     
                   324 -0.273470634817793     
                   325 -0.273346290488410     
                   326 -0.273223367707554     
                   327 -0.273101370201270     
                   328 -0.272980938768158     
                   329 -0.272880742040723     
                   330 -0.272785960717385     
                   331 -0.272694106219156     
                   332 -0.272604386168897     
                   333 -0.272515474837163     
                   334 -0.272427288136386     
                   335 -0.272339817909762     
                   336 -0.272250763637926     
                   337 -0.272161381021733     
                   338 -0.272071025853339     
                   339 -0.271978779649196     
                   340 -0.271884921718572     
                   341 -0.271789945963959     
                   342 -0.271692932255854     
                   343 -0.271594261932170     
                   344 -0.271494932675717     
                   345 -0.271392803557234     
                   346 -0.271287248189085     
                   347 -0.271178866344456     
                   348 -0.271067990718351     
                   349 -0.270953243304918     
                   350 -0.270835235439017     
                   351 -0.270715294449069     
                   352 -0.270594807501565     
                   353 -0.270472476263904     
                   354 -0.270347952561157     
                   355 -0.270220493295077     
                   356 -0.270091870299301     
                   357 -0.269963965881642     
                   358 -0.269836620040943     
                   359 -0.269708170223455     
                   360 -0.269577592131127     
                   361 -0.269446534612092     
                   362 -0.269317299476356     
                   363 -0.269180839910941     
                   364 -0.269040458896656     
                   365 -0.268904761810004     
                   366 -0.268775982405127     
                   367 -0.268657784482250     
                   368 -0.268550597722757     
                   369 -0.268441421878968     
                   370 -0.268334788296019     
                   371 -0.268236775138235     
                   372 -0.268146217799103     
                   373 -0.268078325217834     
                   374 -0.268036380694654     
                   375 -0.267998598401506     
                   376 -0.267953398423339     
                   377 -0.267906084902896     
                   378 -0.267871369520072     
                   379 -0.267861809141193     
                   380 -0.267877729527734     
                   381 -0.267914371522997     
                   382 -0.267954298426554     
                   383 -0.267980690217129     
                   384 -0.267994502919976     
                   385 -0.268000054683093     
                   386 -0.267993234706993     
                   387 -0.267980655687275     
                   388 -0.267968777427986     
                   389 -0.267961162741531     
                   390 -0.267950248875943     
                   391 -0.267935105991450     
                   392 -0.267913831054512     
                   393 -0.267882103241225     
                   394 -0.267840770622638     
                   395 -0.267791136353591     
                   396 -0.267733348662080     
                   397 -0.267667910777544     
                   398 -0.267595216291259     
                   399 -0.267516310682019     
                   400 -0.267431384846139     
                   401 -0.267341054259944     
                   402 -0.267246294135746     
                   403 -0.267146631146645     
                   404 -0.267043229350305     
                   405 -0.266935604572663     
                   406 -0.266823802925503     
                   407 -0.266708557891208     
                   408 -0.266591281972836     
                   409 -0.266473290296429     
                   410 -0.266354320827965     
                   411 -0.266233180824025     
                   412 -0.266110500839624     
                   413 -0.265984988922277     
                   414 -0.265857002638395     
                   415 -0.265727000847714     
                   416 -0.265597240397238     
                   417 -0.265467048692856     
                   418 -0.265336753652131     
                   419 -0.265206994254350     
                   420 -0.265078119766415     
                   421 -0.264953183910346     
                   422 -0.264835655562123     
                   423 -0.264732440038457     
                   424 -0.264636867758912     
                   425 -0.264544433298548     
                   426 -0.264463922635250     
                   427 -0.264419861254547     
                   428 -0.264410705549186     
                   429 -0.264428589901162     
                   430 -0.264465001790504     
                   431 -0.264515083581067     
                   432 -0.264573825952171     
                   433 -0.264634671594913     
                   434 -0.264696687240613     
                   435 -0.264764690392865     
                   436 -0.264830871133054     
                   437 -0.264882162543462     
                   438 -0.264923834418277     
                   439 -0.264973828953272     
                   440 -0.265043916243532     
                   441 -0.265127759030204     
                   442 -0.265234193299629     
                   443 -0.265350924486150     
                   444 -0.265454962821319     
                   445 -0.265536347740194     
                   446 -0.265594783508955     
                   447 -0.265628020703606     
                   448 -0.265643068638963     
                   449 -0.265646629645026     
                   450 -0.265638996832337     
                   451 -0.265621060007846     
                   452 -0.265593512580149     
                   453 -0.265556367128770     
                   454 -0.265510613885010     
                   455 -0.265457378738839     
                   456 -0.265396996474065     
                   457 -0.265330654456070     
                   458 -0.265258443975379     
                   459 -0.265180048941135     
                   460 -0.265096778943386     
                   461 -0.265008397763331     
                   462 -0.264916014173487     
                   463 -0.264818983076892     
                   464 -0.264717719015221     
                   465 -0.264613721762372     
                   466 -0.264506963342103     
                   467 -0.264398972584317     
                   468 -0.264288949988692     
                   469 -0.264175536254887     
                   470 -0.264060088552192     
                   471 -0.263943408493797     
                   472 -0.263825492048548     
                   473 -0.263706957835975     
                   474 -0.263588941661918     
                   475 -0.263471123868118     
                   476 -0.263354972686902     
                   477 -0.263243055902575     
                   478 -0.263139151057478     
                   479 -0.263048684212077     
                   480 -0.262972948448656     
                   481 -0.262909424491380     
                   482 -0.262859970707876     
                   483 -0.262847012873639     
                   484 -0.262876249560264     
                   485 -0.262931060253407     
                   486 -0.263002826920566     
                   487 -0.263090577326789     
                   488 -0.263192159881001     
                   489 -0.263308134053257     
                   490 -0.263440005251097     
                   491 -0.263579782868610     
                   492 -0.263719557306268     
                   493 -0.263854480828605     
                   494 -0.263983552450650     
                   495 -0.264113325003415     
                   496 -0.264244210312927     
                   497 -0.264361186866902     
                   498 -0.264467803262434     
                   499 -0.264587331355114     
                   500 -0.264718848524778     
