                     1  0.000000000000000E+000
                     2  0.000000000000000E+000
                     3 -2.762496327094494E-003
                     4 -5.643509754551420E-003
                     5 -8.754360362270886E-003
                     6 -1.207656109670154E-002
                     7 -1.557212492317725E-002
                     8 -1.921310926619034E-002
                     9 -2.296244718032457E-002
                    10 -2.679321928189718E-002
                    11 -3.070320987451905E-002
                    12 -3.467028310794017E-002
                    13 -3.867496087111330E-002
                    14 -4.270280909185178E-002
                    15 -4.674653142764539E-002
                    16 -5.079907697611407E-002
                    17 -5.485313026401231E-002
                    18 -5.890114198140605E-002
                    19 -6.294127035120763E-002
                    20 -6.697315999449532E-002
                    21 -7.099874220585041E-002
                    22 -7.502217283214752E-002
                    23 -7.904970481951722E-002
                    24 -8.313720721554012E-002
                    25 -8.733625456254938E-002
                    26 -9.153253901368055E-002
                    27 -9.576215161572647E-002
                    28 -9.998035151876995E-002
                    29 -0.104155862579566     
                    30 -0.108287922065983     
                    31 -0.112374861428513     
                    32 -0.116417842609082     
                    33 -0.120416571413292     
                    34 -0.124372094836768     
                    35 -0.128284913698103     
                    36 -0.132155304615419     
                    37 -0.135983019461705     
                    38 -0.139768179323305     
                    39 -0.143512887133311     
                    40 -0.147217856593613     
                    41 -0.150883282678241     
                    42 -0.154507082294270     
                    43 -0.158089195695442     
                    44 -0.161618160855472     
                    45 -0.165096166821279     
                    46 -0.168533355637563     
                    47 -0.171944145601189     
                    48 -0.175308770214233     
                    49 -0.178628302530717     
                    50 -0.181902948117482     
                    51 -0.185132791061710     
                    52 -0.188317961467475     
                    53 -0.191458493759091     
                    54 -0.194554352351767     
                    55 -0.197605339266756     
                    56 -0.200611397721772     
                    57 -0.203572402087075     
                    58 -0.206488222712720     
                    59 -0.209358761602025     
                    60 -0.212183920470019     
                    61 -0.214962904739781     
                    62 -0.217695242433877     
                    63 -0.220382283350449     
                    64 -0.223022929386186     
                    65 -0.225617122027416     
                    66 -0.228164775506829     
                    67 -0.230665531421315     
                    68 -0.233119405854886     
                    69 -0.235526406980718     
                    70 -0.237886334844129     
                    71 -0.240199249180000     
                    72 -0.242465155863321     
                    73 -0.244684075536550     
                    74 -0.246855983454716     
                    75 -0.248980675274058     
                    76 -0.251058403872502     
                    77 -0.253088124113683     
                    78 -0.255070374136987     
                    79 -0.257007074467286     
                    80 -0.258897493771460     
                    81 -0.260741595758991     
                    82 -0.262539511131195     
                    83 -0.264291598844023     
                    84 -0.265997531493431     
                    85 -0.267657727923363     
                    86 -0.269272347722694     
                    87 -0.270841532632018     
                    88 -0.272365866978567     
                    89 -0.273846308905316     
                    90 -0.275282882622171     
                    91 -0.276674410382215     
                    92 -0.278020791420577     
                    93 -0.279324578975689     
                    94 -0.280590502930148     
                    95 -0.281822177155787     
                    96 -0.283007140258948     
                    97 -0.284154605353294     
                    98 -0.285274724921344     
                    99 -0.286360999039939     
                   100 -0.287414034927784     
                   101 -0.288431608262978     
                   102 -0.289411516109208     
                   103 -0.290356007473918     
                   104 -0.291263343220289     
                   105 -0.292133096534320     
                   106 -0.292966417695682     
                   107 -0.293759525043664     
                   108 -0.294514322456212     
                   109 -0.295231597417368     
                   110 -0.295912863649892     
                   111 -0.296558885588993     
                   112 -0.297167299420652     
                   113 -0.297739965573455     
                   114 -0.298279673333215     
                   115 -0.298782624885521     
                   116 -0.299247854735884     
                   117 -0.299674360690532     
                   118 -0.300065005499775     
                   119 -0.300430878564819     
                   120 -0.300781258214598     
                   121 -0.301115827067002     
                   122 -0.301433556290446     
                   123 -0.301728441446229     
                   124 -0.301981863505894     
                   125 -0.302190134800612     
                   126 -0.302367786036934     
                   127 -0.302531515464568     
                   128 -0.302682885778602     
                   129 -0.302808085131748     
                   130 -0.302906565344091     
                   131 -0.302977969493410     
                   132 -0.303024558313696     
                   133 -0.303048149998488     
                   134 -0.303049260579552     
                   135 -0.303028649116558     
                   136 -0.302986685995264     
                   137 -0.302923620547924     
                   138 -0.302840368672234     
                   139 -0.302737333208905     
                   140 -0.302615215641172     
                   141 -0.302474449564114     
                   142 -0.302315663266762     
                   143 -0.302140170464047     
                   144 -0.301947791386839     
                   145 -0.301739128056726     
                   146 -0.301514557883746     
                   147 -0.301274402209051     
                   148 -0.301019776307194     
                   149 -0.300751544774312     
                   150 -0.300470239603624     
                   151 -0.300176466847535     
                   152 -0.299870791369643     
                   153 -0.299553659306791     
                   154 -0.299225790468584     
                   155 -0.298887856140366     
                   156 -0.298540348114801     
                   157 -0.298184022472785     
                   158 -0.297819515403566     
                   159 -0.297447318984814     
                   160 -0.297068177955575     
                   161 -0.296682319021907     
                   162 -0.296289497540891     
                   163 -0.295889940566544     
                   164 -0.295484365099360     
                   165 -0.295073321582731     
                   166 -0.294657124977892     
                   167 -0.294235807571833     
                   168 -0.293810151685502     
                   169 -0.293379663495543     
                   170 -0.292945925576582     
                   171 -0.292509527431290     
                   172 -0.292071826493356     
                   173 -0.291625467122134     
                   174 -0.291175629948287     
                   175 -0.290732966440384     
                   176 -0.290299622426818     
                   177 -0.289867215831417     
                   178 -0.289432278968616     
                   179 -0.288994151776058     
                   180 -0.288553581281083     
                   181 -0.288111845160034     
                   182 -0.287663448700394     
                   183 -0.287194038507087     
                   184 -0.286727256920521     
                   185 -0.286289811693162     
                   186 -0.285888233090139     
                   187 -0.285488983876474     
                   188 -0.285072489603107     
                   189 -0.284636136408968     
                   190 -0.284188952523189     
                   191 -0.283743693233232     
                   192 -0.283300801704164     
                   193 -0.282859699045913     
                   194 -0.282419905684759     
                   195 -0.281981483184957     
                   196 -0.281544527386400     
                   197 -0.281109456922673     
                   198 -0.280676575211537     
                   199 -0.280245849389228     
                   200 -0.279817496256482     
                   201 -0.279391534705967     
                   202 -0.278968189736043     
                   203 -0.278547740276676     
                   204 -0.278130374909191     
                   205 -0.277715911255273     
                   206 -0.277304303820669     
                   207 -0.276895596367952     
                   208 -0.276489998115986     
                   209 -0.276087762393063     
                   210 -0.275688975063788     
                   211 -0.275293408339715     
                   212 -0.274901064403521     
                   213 -0.274511751279739     
                   214 -0.274125598254546     
                   215 -0.273742687815154     
                   216 -0.273362813080349     
                   217 -0.272986506601820     
                   218 -0.272614036652063     
                   219 -0.272245341910419     
                   220 -0.271880475822478     
                   221 -0.271519191796847     
                   222 -0.271161735637449     
                   223 -0.270808474495086     
                   224 -0.270458960855547     
                   225 -0.270113459945422     
                   226 -0.269771419319040     
                   227 -0.269432739762938     
                   228 -0.269097994205595     
                   229 -0.268767302045773     
                   230 -0.268440376614768     
                   231 -0.268119065282241     
                   232 -0.267802992991620     
                   233 -0.267491105594985     
                   234 -0.267183423802663     
                   235 -0.266882941576276     
                   236 -0.266586972795862     
                   237 -0.266291402754420     
                   238 -0.266006255267467     
                   239 -0.265736006649678     
                   240 -0.265475062477843     
                   241 -0.265219415126685     
                   242 -0.264967008942245     
                   243 -0.264720499546443     
                   244 -0.264477400089516     
                   245 -0.264238849184745     
                   246 -0.263998740701855     
                   247 -0.263742610479805     
                   248 -0.263487294893246     
                   249 -0.263255865416051     
                   250 -0.263050994098031     
                   251 -0.262860839346460     
                   252 -0.262669344599856     
                   253 -0.262462175639670     
                   254 -0.262236830209171     
                   255 -0.261999716877587     
                   256 -0.261761074484849     
                   257 -0.261522184980394     
                   258 -0.261282632059078     
                   259 -0.261042594634845     
                   260 -0.260802069551678     
                   261 -0.260561299374541     
                   262 -0.260320496920154     
                   263 -0.260079483671453     
                   264 -0.259838192639643     
                   265 -0.259596799864651     
                   266 -0.259355289981861     
                   267 -0.259113590832350     
                   268 -0.258871566782062     
                   269 -0.258629406886456     
                   270 -0.258387100846503     
                   271 -0.258144763997714     
                   272 -0.257902562697111     
                   273 -0.257660426411947     
                   274 -0.257418400379443     
                   275 -0.257176726667283     
                   276 -0.256935370108766     
                   277 -0.256694355962919     
                   278 -0.256453546403688     
                   279 -0.256213105112442     
                   280 -0.255973147494798     
                   281 -0.255734177352815     
                   282 -0.255495832512779     
                   283 -0.255257557707880     
                   284 -0.255019120181595     
                   285 -0.254781212865517     
                   286 -0.254545001990746     
                   287 -0.254310107709499     
                   288 -0.254076031806741     
                   289 -0.253844707181887     
                   290 -0.253615072256200     
                   291 -0.253386461272971     
                   292 -0.253159587859173     
                   293 -0.252934141093817     
                   294 -0.252710888332737     
                   295 -0.252490283838955     
                   296 -0.252269843381349     
                   297 -0.252047940471405     
                   298 -0.251829552530826     
                   299 -0.251621969424668     
                   300 -0.251421211951786     
                   301 -0.251219978174622     
                   302 -0.251016994150873     
                   303 -0.250815590206154     
                   304 -0.250615710027403     
                   305 -0.250413717292991     
                   306 -0.250211559592923     
                   307 -0.250010735524830     
                   308 -0.249806390184181     
                   309 -0.249595330272642     
                   310 -0.249373440359412     
                   311 -0.249158176991983     
                   312 -0.248978865982930     
                   313 -0.248819072972516     
                   314 -0.248657847968489     
                   315 -0.248483356763289     
                   316 -0.248289871609970     
                   317 -0.248085714871846     
                   318 -0.247880085950493     
                   319 -0.247674339158518     
                   320 -0.247468745843938     
                   321 -0.247266375193110     
                   322 -0.247073878136864     
                   323 -0.246886722836628     
                   324 -0.246702577562930     
                   325 -0.246520654410358     
                   326 -0.246340450890448     
                   327 -0.246161862299916     
                   328 -0.245984304191037     
                   329 -0.245807879315487     
                   330 -0.245631894726816     
                   331 -0.245456422581925     
                   332 -0.245281567278774     
                   333 -0.245107094271476     
                   334 -0.244932933353079     
                   335 -0.244758259537181     
                   336 -0.244582879038959     
                   337 -0.244406893543823     
                   338 -0.244230612209461     
                   339 -0.244052773669571     
                   340 -0.243873171849797     
                   341 -0.243691549596991     
                   342 -0.243508352673456     
                   343 -0.243324636670332     
                   344 -0.243139915688920     
                   345 -0.242953590285274     
                   346 -0.242765125872612     
                   347 -0.242574182742771     
                   348 -0.242381224452800     
                   349 -0.242186239715286     
                   350 -0.241989337444801     
                   351 -0.241790647961004     
                   352 -0.241590615018145     
                   353 -0.241388469594769     
                   354 -0.241185642352611     
                   355 -0.240980620917763     
                   356 -0.240775563516120     
                   357 -0.240571199086685     
                   358 -0.240369350632018     
                   359 -0.240177554822346     
                   360 -0.239993767135175     
                   361 -0.239814405769943     
                   362 -0.239637370337845     
                   363 -0.239470066288547     
                   364 -0.239318539552590     
                   365 -0.239178071020151     
                   366 -0.239045852950444     
                   367 -0.238921328804520     
                   368 -0.238794909081472     
                   369 -0.238669808003945     
                   370 -0.238542180241583     
                   371 -0.238418709719245     
                   372 -0.238307794254506     
                   373 -0.238219273186083     
                   374 -0.238141899358139     
                   375 -0.238058107916891     
                   376 -0.237960030780739     
                   377 -0.237849666014648     
                   378 -0.237735712071200     
                   379 -0.237622498904872     
                   380 -0.237509931638675     
                   381 -0.237397379315118     
                   382 -0.237284250777845     
                   383 -0.237170115813171     
                   384 -0.237055141554628     
                   385 -0.236939107551342     
                   386 -0.236822276505347     
                   387 -0.236705318397840     
                   388 -0.236583109293214     
                   389 -0.236455429537777     
                   390 -0.236322905458616     
                   391 -0.236182658564632     
                   392 -0.236035172892190     
                   393 -0.235881619026042     
                   394 -0.235721869723334     
                   395 -0.235556171355701     
                   396 -0.235385488046898     
                   397 -0.235210324571248     
                   398 -0.235031703615168     
                   399 -0.234850044991317     
                   400 -0.234665721675409     
                   401 -0.234479085005426     
                   402 -0.234290834782312     
                   403 -0.234100339879470     
                   404 -0.233908265237644     
                   405 -0.233714706558518     
                   406 -0.233522109715973     
                   407 -0.233330785293586     
                   408 -0.233139630557658     
                   409 -0.232954434382408     
                   410 -0.232781354369616     
                   411 -0.232616594089703     
                   412 -0.232457323913052     
                   413 -0.232302918413219     
                   414 -0.232154597954427     
                   415 -0.232025530474594     
                   416 -0.231916942874364     
                   417 -0.231825037426683     
                   418 -0.231750161650206     
                   419 -0.231688165127606     
                   420 -0.231628474052672     
                   421 -0.231569672418518     
                   422 -0.231510578802453     
                   423 -0.231450585876844     
                   424 -0.231389437458912     
                   425 -0.231333368776312     
                   426 -0.231276375656498     
                   427 -0.231214734991234     
                   428 -0.231160029697213     
                   429 -0.231117552994520     
                   430 -0.231075833940948     
                   431 -0.231029823118681     
                   432 -0.230999456092102     
                   433 -0.230982571043887     
                   434 -0.230961007489019     
                   435 -0.230926477198301     
                   436 -0.230874645923474     
                   437 -0.230817604474463     
                   438 -0.230753578035682     
                   439 -0.230681772721969     
                   440 -0.230604119795733     
                   441 -0.230516649952792     
                   442 -0.230420896274082     
                   443 -0.230317276342862     
                   444 -0.230206011982817     
                   445 -0.230087574362293     
                   446 -0.229962820931686     
                   447 -0.229832523636233     
                   448 -0.229696429007090     
                   449 -0.229553689286952     
                   450 -0.229407368648577     
                   451 -0.229257783986966     
                   452 -0.229106350477544     
                   453 -0.228955269436300     
                   454 -0.228804817346452     
                   455 -0.228654715176018     
                   456 -0.228504522089273     
                   457 -0.228354498897372     
                   458 -0.228204502682269     
                   459 -0.228054241451269     
                   460 -0.227903980327319     
                   461 -0.227754002299453     
                   462 -0.227607286288145     
                   463 -0.227473478531020     
                   464 -0.227350344556625     
                   465 -0.227233984919506     
                   466 -0.227122693710634     
                   467 -0.227016093622447     
                   468 -0.226914758779927     
                   469 -0.226825676903393     
                   470 -0.226754932285465     
                   471 -0.226698631054177     
                   472 -0.226654665416439     
                   473 -0.226623246574458     
                   474 -0.226596458993073     
                   475 -0.226569133331903     
                   476 -0.226541829688983     
                   477 -0.226523099803625     
                   478 -0.226513346306597     
                   479 -0.226506773941626     
                   480 -0.226501471507756     
                   481 -0.226496680455631     
                   482 -0.226493080536486     
                   483 -0.226492419538258     
                   484 -0.226484947216397     
                   485 -0.226476925193562     
                   486 -0.226476437786818     
                   487 -0.226487947682702     
                   488 -0.226488424278752     
                   489 -0.226476314698362     
                   490 -0.226465957621088     
                   491 -0.226475560280976     
                   492 -0.226486286576532     
                   493 -0.226484814586095     
                   494 -0.226458535435329     
                   495 -0.226409972964941     
                   496 -0.226350259721124     
                   497 -0.226281173358185     
                   498 -0.226203257919348     
                   499 -0.226115739875547     
                   500 -0.226016639755043     
