                     1  0.000000000000000E+000
                     2  0.000000000000000E+000
                     3 -2.763779480237258E-003
                     4 -5.646162384769172E-003
                     5 -8.758172370548385E-003
                     6 -1.208133968225051E-002
                     7 -1.557770609029550E-002
                     8 -1.921947224884113E-002
                     9 -2.296985744625831E-002
                    10 -2.680047885820764E-002
                    11 -3.071111383697870E-002
                    12 -3.467924847556782E-002
                    13 -3.868474086138595E-002
                    14 -4.271333181124102E-002
                    15 -4.675776253758047E-002
                    16 -5.081108587617240E-002
                    17 -5.486617286041053E-002
                    18 -5.891546221152463E-002
                    19 -6.295688690294630E-002
                    20 -6.698989670072432E-002
                    21 -7.101755039787391E-002
                    22 -7.504225884911757E-002
                    23 -7.906900903520919E-002
                    24 -8.315657212525109E-002
                    25 -8.735553024016368E-002
                    26 -9.155196744462915E-002
                    27 -9.578230820568338E-002
                    28 -0.100001257011999     
                    29 -0.104178268168293     
                    30 -0.108311337415522     
                    31 -0.112399204937142     
                    32 -0.116443011330575     
                    33 -0.120442598647810     
                    34 -0.124398854493712     
                    35 -0.128312374252373     
                    36 -0.132183495731057     
                    37 -0.136011913323746     
                    38 -0.139797650932467     
                    39 -0.143542931687543     
                    40 -0.147248394119000     
                    41 -0.150914275947840     
                    42 -0.154538518348519     
                    43 -0.158121037277592     
                    44 -0.161650370433804     
                    45 -0.165128728820912     
                    46 -0.168566254306620     
                    47 -0.171977372189945     
                    48 -0.175342299832486     
                    49 -0.178662073773133     
                    50 -0.181936939072176     
                    51 -0.185167008050201     
                    52 -0.188352372201717     
                    53 -0.191493103170827     
                    54 -0.194589174436887     
                    55 -0.197640261718564     
                    56 -0.200646411299213     
                    57 -0.203607457076186     
                    58 -0.206523272326779     
                    59 -0.209393802707337     
                    60 -0.212218937232162     
                    61 -0.214997890572407     
                    62 -0.217730093989354     
                    63 -0.220417002972545     
                    64 -0.223057623230585     
                    65 -0.225651783066519     
                    66 -0.228199433812461     
                    67 -0.230700216509953     
                    68 -0.233154095218792     
                    69 -0.235561118083585     
                    70 -0.237921021444528     
                    71 -0.240233822943054     
                    72 -0.242499584807600     
                    73 -0.244718403196669     
                    74 -0.246890204600055     
                    75 -0.249014827918176     
                    76 -0.251092385696200     
                    77 -0.253121869879397     
                    78 -0.255103939336682     
                    79 -0.257040521074696     
                    80 -0.258930969957254     
                    81 -0.260775100422430     
                    82 -0.262572691029835     
                    83 -0.264324321591580     
                    84 -0.266029818928737     
                    85 -0.267689615863269     
                    86 -0.269304018601352     
                    87 -0.270873036884296     
                    88 -0.272397089804188     
                    89 -0.273877092101878     
                    90 -0.275313240400479     
                    91 -0.276704502965668     
                    92 -0.278050827113005     
                    93 -0.279354634733611     
                    94 -0.280620552634868     
                    95 -0.281851945816463     
                    96 -0.283036475615807     
                    97 -0.284183310887668     
                    98 -0.285302634229115     
                    99 -0.286388250169916     
                   100 -0.287440770562080     
                   101 -0.288457868021996     
                   102 -0.289437243606922     
                   103 -0.290381209706844     
                   104 -0.291288173445028     
                   105 -0.292157702591162     
                   106 -0.292990819628986     
                   107 -0.293783646356927     
                   108 -0.294538343899143     
                   109 -0.295255295061105     
                   110 -0.295936371885230     
                   111 -0.296582243902808     
                   112 -0.297190474959256     
                   113 -0.297763214944933     
                   114 -0.298302375973464     
                   115 -0.298804974281978     
                   116 -0.299269709919831     
                   117 -0.299696115900754     
                   118 -0.300086811829621     
                   119 -0.300452969206335     
                   120 -0.300803240749138     
                   121 -0.301137497219062     
                   122 -0.301455270370912     
                   123 -0.301750296038763     
                   124 -0.302004018260410     
                   125 -0.302212368909171     
                   126 -0.302389743303154     
                   127 -0.302553353483646     
                   128 -0.302704896578148     
                   129 -0.302830288702584     
                   130 -0.302928795997418     
                   131 -0.303000299740831     
                   132 -0.303046967847215     
                   133 -0.303070642406834     
                   134 -0.303071819889611     
                   135 -0.303051227072228     
                   136 -0.303009303258025     
                   137 -0.302946295267471     
                   138 -0.302863081077432     
                   139 -0.302760184165182     
                   140 -0.302638362060743     
                   141 -0.302497877634017     
                   142 -0.302339336301497     
                   143 -0.302164091232009     
                   144 -0.301971889355007     
                   145 -0.301763503313508     
                   146 -0.301539219804469     
                   147 -0.301299226262288     
                   148 -0.301044711565750     
                   149 -0.300776566942131     
                   150 -0.300495352113268     
                   151 -0.300201656659691     
                   152 -0.299896042396137     
                   153 -0.299578953827974     
                   154 -0.299251064180771     
                   155 -0.298913053356920     
                   156 -0.298565522749663     
                   157 -0.298209368022041     
                   158 -0.297845084765208     
                   159 -0.297472948210762     
                   160 -0.297093720218050     
                   161 -0.296707975098452     
                   162 -0.296315144033857     
                   163 -0.295915380090552     
                   164 -0.295509493126629     
                   165 -0.295098805446793     
                   166 -0.294683058156766     
                   167 -0.294262028536773     
                   168 -0.293836554419789     
                   169 -0.293406388309255     
                   170 -0.292973226209040     
                   171 -0.292537021910446     
                   172 -0.292099825934284     
                   173 -0.291654029749961     
                   174 -0.291204896977517     
                   175 -0.290762670131272     
                   176 -0.290329738133595     
                   177 -0.289897466440554     
                   178 -0.289463001760485     
                   179 -0.289025257782705     
                   180 -0.288585135841195     
                   181 -0.288143822983696     
                   182 -0.287695552237605     
                   183 -0.287226492802526     
                   184 -0.286760016105323     
                   185 -0.286322821255298     
                   186 -0.285921467293346     
                   187 -0.285522410401089     
                   188 -0.285106089706400     
                   189 -0.284669907720807     
                   190 -0.284222880387856     
                   191 -0.283777764174709     
                   192 -0.283334970854418     
                   193 -0.282893928775714     
                   194 -0.282454261772969     
                   195 -0.282015886299848     
                   196 -0.281578981975171     
                   197 -0.281143970401915     
                   198 -0.280711128935101     
                   199 -0.280280462470654     
                   200 -0.279852182766490     
                   201 -0.279426341657471     
                   202 -0.279003132426219     
                   203 -0.278582766177597     
                   204 -0.278165450687078     
                   205 -0.277750995449490     
                   206 -0.277339353467490     
                   207 -0.276930632615848     
                   208 -0.276524989370807     
                   209 -0.276122622040518     
                   210 -0.275723622251830     
                   211 -0.275327788713898     
                   212 -0.274935318896879     
                   213 -0.274546053435524     
                   214 -0.274160005039714     
                   215 -0.273777149898149     
                   216 -0.273397406542876     
                   217 -0.273021154750699     
                   218 -0.272648868475723     
                   219 -0.272280417783912     
                   220 -0.271915497524637     
                   221 -0.271554082657004     
                   222 -0.271196782063813     
                   223 -0.270843611577346     
                   224 -0.270494123201109     
                   225 -0.270148758041530     
                   226 -0.269806968109379     
                   227 -0.269468170655041     
                   228 -0.269133645324213     
                   229 -0.268803021164552     
                   230 -0.268475908355281     
                   231 -0.268154255164019     
                   232 -0.267837995630389     
                   233 -0.267525609645665     
                   234 -0.267218348740410     
                   235 -0.266917983653074     
                   236 -0.266621904431614     
                   237 -0.266326223676659     
                   238 -0.266041279377761     
                   239 -0.265771242698732     
                   240 -0.265510174731924     
                   241 -0.265254604441668     
                   242 -0.265002201581367     
                   243 -0.264755643790362     
                   244 -0.264512538419700     
                   245 -0.264273993872404     
                   246 -0.264033894052654     
                   247 -0.263777829094257     
                   248 -0.263522567032476     
                   249 -0.263291213352193     
                   250 -0.263086442352618     
                   251 -0.262896435265161     
                   252 -0.262705071399558     
                   253 -0.262498057651257     
                   254 -0.262272864254524     
                   255 -0.262035879146735     
                   256 -0.261797276903375     
                   257 -0.261558403751350     
                   258 -0.261318869885153     
                   259 -0.261078867403571     
                   260 -0.260838370328324     
                   261 -0.260597615394123     
                   262 -0.260356797847294     
                   263 -0.260115744183295     
                   264 -0.259874449553358     
                   265 -0.259633057085161     
                   266 -0.259391529988601     
                   267 -0.259149741973725     
                   268 -0.258907655306130     
                   269 -0.258665552868047     
                   270 -0.258423382971486     
                   271 -0.258181266676925     
                   272 -0.257939239627600     
                   273 -0.257697133720280     
                   274 -0.257455163003577     
                   275 -0.257213635661930     
                   276 -0.256972264007286     
                   277 -0.256731069716537     
                   278 -0.256490479180380     
                   279 -0.256250663027812     
                   280 -0.256010945004946     
                   281 -0.255771845142004     
                   282 -0.255533349069639     
                   283 -0.255295221014935     
                   284 -0.255056934079219     
                   285 -0.254819319806418     
                   286 -0.254583404808194     
                   287 -0.254348168291847     
                   288 -0.254113835617782     
                   289 -0.253882403110403     
                   290 -0.253652561100558     
                   291 -0.253423535705365     
                   292 -0.253196159193550     
                   293 -0.252971531032776     
                   294 -0.252748668748603     
                   295 -0.252527983667857     
                   296 -0.252307465856225     
                   297 -0.252085224953496     
                   298 -0.251867005232549     
                   299 -0.251659509830122     
                   300 -0.251458903682701     
                   301 -0.251257779498210     
                   302 -0.251054896948284     
                   303 -0.250853586159970     
                   304 -0.250653795524994     
                   305 -0.250451899421827     
                   306 -0.250249867062102     
                   307 -0.250049197371441     
                   308 -0.249845008614104     
                   309 -0.249634056640876     
                   310 -0.249412230998906     
                   311 -0.249196998390195     
                   312 -0.249017755816205     
                   313 -0.248858033499459     
                   314 -0.248696907866745     
                   315 -0.248522469479312     
                   316 -0.248328979511465     
                   317 -0.248124809624066     
                   318 -0.247919218494910     
                   319 -0.247713583600094     
                   320 -0.247508079840427     
                   321 -0.247305720904269     
                   322 -0.247113139993146     
                   323 -0.246925870245269     
                   324 -0.246741730965804     
                   325 -0.246560091330486     
                   326 -0.246380116183598     
                   327 -0.246201679254165     
                   328 -0.246023840895056     
                   329 -0.245847260397199     
                   330 -0.245671492236622     
                   331 -0.245496086638280     
                   332 -0.245321044151269     
                   333 -0.245146762654821     
                   334 -0.244973023491505     
                   335 -0.244798746768358     
                   336 -0.244623470589273     
                   337 -0.244447624847298     
                   338 -0.244271600672405     
                   339 -0.244093915334356     
                   340 -0.243914450237240     
                   341 -0.243733132017269     
                   342 -0.243550461073770     
                   343 -0.243366970541376     
                   344 -0.243181905650669     
                   345 -0.242995222572787     
                   346 -0.242806638814605     
                   347 -0.242615742926224     
                   348 -0.242422876884335     
                   349 -0.242227432507078     
                   350 -0.242029985529240     
                   351 -0.241832802513324     
                   352 -0.241632977666434     
                   353 -0.241430648063662     
                   354 -0.241227483449761     
                   355 -0.241022127745545     
                   356 -0.240817641224796     
                   357 -0.240613413493235     
                   358 -0.240411577942079     
                   359 -0.240219790954956     
                   360 -0.240036022645466     
                   361 -0.239856692408411     
                   362 -0.239679719210682     
                   363 -0.239512462698109     
                   364 -0.239360955680015     
                   365 -0.239220478237168     
                   366 -0.239088253888409     
                   367 -0.238963762853084     
                   368 -0.238837346114041     
                   369 -0.238712090581802     
                   370 -0.238584394047602     
                   371 -0.238460948137225     
                   372 -0.238350110290284     
                   373 -0.238261692050807     
                   374 -0.238184552737213     
                   375 -0.238101062524729     
                   376 -0.238003270243645     
                   377 -0.237893147750998     
                   378 -0.237779129182755     
                   379 -0.237665784882609     
                   380 -0.237553232453484     
                   381 -0.237440778342031     
                   382 -0.237327534364725     
                   383 -0.237213393609381     
                   384 -0.237098664164080     
                   385 -0.236982816530491     
                   386 -0.236865920590167     
                   387 -0.236748805378556     
                   388 -0.236626519166130     
                   389 -0.236499048547015     
                   390 -0.236366732289420     
                   391 -0.236226733104081     
                   392 -0.236079675402817     
                   393 -0.235925993187413     
                   394 -0.235765889004329     
                   395 -0.235600213309817     
                   396 -0.235429501292994     
                   397 -0.235254253886587     
                   398 -0.235075793938367     
                   399 -0.234894347604101     
                   400 -0.234709862864433     
                   401 -0.234523152472665     
                   402 -0.234334698871679     
                   403 -0.234144019907635     
                   404 -0.233952031870315     
                   405 -0.233759020616332     
                   406 -0.233565845662015     
                   407 -0.233374019871418     
                   408 -0.233183934758904     
                   409 -0.232999294395224     
                   410 -0.232826097778229     
                   411 -0.232661110775505     
                   412 -0.232501449111631     
                   413 -0.232347139140498     
                   414 -0.232199225487459     
                   415 -0.232070241596904     
                   416 -0.231961729959405     
                   417 -0.231869922836137     
                   418 -0.231795145499941     
                   419 -0.231733129606058     
                   420 -0.231673275143634     
                   421 -0.231614707284148     
                   422 -0.231556138320918     
                   423 -0.231496569334107     
                   424 -0.231435715102465     
                   425 -0.231379377384630     
                   426 -0.231322344607247     
                   427 -0.231260812886818     
                   428 -0.231206228599253     
                   429 -0.231163970145759     
                   430 -0.231122370321452     
                   431 -0.231076388547341     
                   432 -0.231046040303934     
                   433 -0.231029226053369     
                   434 -0.231007790037723     
                   435 -0.230973498089450     
                   436 -0.230921828093310     
                   437 -0.230864944716973     
                   438 -0.230800990618790     
                   439 -0.230729221758083     
                   440 -0.230651463643696     
                   441 -0.230563671564035     
                   442 -0.230467341299250     
                   443 -0.230363457057780     
                   444 -0.230252184645231     
                   445 -0.230133819892266     
                   446 -0.230008969047373     
                   447 -0.229878430770201     
                   448 -0.229742500985629     
                   449 -0.229599935688074     
                   450 -0.229453705480609     
                   451 -0.229304159634066     
                   452 -0.229152807137149     
                   453 -0.229001848694297     
                   454 -0.228851589185167     
                   455 -0.228701530577089     
                   456 -0.228551272770711     
                   457 -0.228401280815186     
                   458 -0.228251236426774     
                   459 -0.228100812622420     
                   460 -0.227950595235996     
                   461 -0.227800999800022     
                   462 -0.227654461011886     
                   463 -0.227520175144511     
                   464 -0.227397748937430     
                   465 -0.227282213569782     
                   466 -0.227171336538978     
                   467 -0.227064705939832     
                   468 -0.226963305184438     
                   469 -0.226874080030028     
                   470 -0.226803305439281     
                   471 -0.226747302407957     
                   472 -0.226703591064628     
                   473 -0.226671859584261     
                   474 -0.226645665752480     
                   475 -0.226619091761015     
                   476 -0.226592310686632     
                   477 -0.226573801976784     
                   478 -0.226564261816580     
                   479 -0.226557777030477     
                   480 -0.226552540576059     
                   481 -0.226547806812978     
                   482 -0.226544253312674     
                   483 -0.226543643135737     
                   484 -0.226536261176547     
                   485 -0.226528277197944     
                   486 -0.226527789262528     
                   487 -0.226539432673758     
                   488 -0.226540127979378     
                   489 -0.226528154162295     
                   490 -0.226517942327865     
                   491 -0.226527499063094     
                   492 -0.226538281891613     
                   493 -0.226536791908529     
                   494 -0.226510292238572     
                   495 -0.226461424769368     
                   496 -0.226401455414476     
                   497 -0.226331972090931     
                   498 -0.226253565833174     
                   499 -0.226165985556306     
                   500 -0.226066827135778     
